Voltage = 3.8, Current = 20.0, Pinhole = 10um 
0, 10.48, -3.82, 5.48, 10.4796, -3.8202000000000003, 5.4799500000000005, -0.009444
1, 10.49, -3.82, 5.48, 10.489900000000002, -3.81975, 5.48, -0.009449
1, 10.49, -3.8299999999999996, 5.48, 10.49, -3.83, 5.48, -0.009496
2, 10.48, -3.8299999999999996, 5.48, 10.4792, -3.8299000000000003, 5.48, -0.00947
2, 10.47, -3.8299999999999996, 5.48, 10.470400000000001, -3.82995, 5.48, -0.009428
2, 10.47, -3.82, 5.48, 10.4699, -3.82025, 5.48, -0.00947
2, 10.47, -3.81, 5.48, 10.4699, -3.81015, 5.48, -0.009444
3, 10.48, -3.81, 5.48, 10.480450000000001, -3.8098, 5.48005, -0.009449
3, 10.49, -3.81, 5.48, 10.490350000000001, -3.8102000000000005, 5.4801, -0.00948
3, 10.5, -3.81, 5.48, 10.5, -3.8102000000000005, 5.48005, -0.009433
3, 10.5, -3.82, 5.48, 10.500200000000001, -3.8204000000000002, 5.48005, -0.009496
3, 10.5, -3.8299999999999996, 5.48, 10.5001, -3.8302000000000005, 5.48, -0.009439
3, 10.5, -3.8399999999999994, 5.48, 10.500150000000001, -3.83985, 5.48, -0.00948
4, 10.49, -3.8399999999999994, 5.48, 10.48975, -3.8404000000000003, 5.48, -0.009439
4, 10.48, -3.8399999999999994, 5.48, 10.480300000000002, -3.8397, 5.479900000000001, -0.009454
4, 10.47, -3.8399999999999994, 5.48, 10.469700000000001, -3.8397, 5.4799500000000005, -0.009475
4, 10.46, -3.8399999999999994, 5.48, 10.46035, -3.8404000000000003, 5.4799500000000005, -0.009465
4, 10.46, -3.8299999999999996, 5.48, 10.459800000000001, -3.8300500000000004, 5.4799500000000005, -0.009486
4, 10.46, -3.82, 5.48, 10.46, -3.82025, 5.48, -0.009486
4, 10.46, -3.81, 5.48, 10.45975, -3.8103000000000002, 5.48, -0.00948
4, 10.46, -3.8000000000000003, 5.48, 10.46035, -3.8003, 5.48, -0.009501
5, 10.47, -3.8000000000000003, 5.48, 10.46995, -3.7999500000000004, 5.48, -0.009439
5, 10.48, -3.8000000000000003, 5.48, 10.4802, -3.7999500000000004, 5.48, -0.009475
5, 10.49, -3.8000000000000003, 5.48, 10.490150000000002, -3.7999, 5.48005, -0.009449
5, 10.5, -3.8000000000000003, 5.48, 10.500150000000001, -3.8, 5.48005, -0.009496
5, 10.51, -3.8000000000000003, 5.48, 10.51, -3.8, 5.48005, -0.009428
5, 10.51, -3.81, 5.48, 10.5095, -3.8096000000000005, 5.48, -0.009444
5, 10.51, -3.82, 5.48, 10.5101, -3.8202000000000003, 5.4799500000000005, -0.009439
5, 10.51, -3.8299999999999996, 5.48, 10.510150000000001, -3.8301000000000003, 5.4799500000000005, -0.009444
5, 10.51, -3.8399999999999994, 5.48, 10.51045, -3.8396500000000002, 5.4799500000000005, -0.009465
5, 10.51, -3.849999999999999, 5.48, 10.50985, -3.84965, 5.48, -0.009449
6, 10.5, -3.849999999999999, 5.48, 10.500050000000002, -3.84995, 5.4799500000000005, -0.009501
6, 10.49, -3.849999999999999, 5.48, 10.489300000000002, -3.85035, 5.48005, -0.009439
6, 10.48, -3.849999999999999, 5.48, 10.480450000000001, -3.8498, 5.4801, -0.009439
6, 10.47, -3.849999999999999, 5.48, 10.469850000000001, -3.8498, 5.4801, -0.00946
6, 10.46, -3.849999999999999, 5.48, 10.460150000000002, -3.8501000000000003, 5.48005, -0.00948
6, 10.450000000000001, -3.849999999999999, 5.48, 10.44945, -3.85025, 5.48005, -0.009449
6, 10.450000000000001, -3.8399999999999994, 5.48, 10.45015, -3.8399500000000004, 5.48, -0.009501
6, 10.450000000000001, -3.8299999999999996, 5.48, 10.4497, -3.83015, 5.48005, -0.009449
6, 10.450000000000001, -3.82, 5.48, 10.4501, -3.8197, 5.48005, -0.009433
6, 10.450000000000001, -3.81, 5.48, 10.449950000000001, -3.8105, 5.480150000000001, -0.009454
6, 10.450000000000001, -3.8000000000000003, 5.48, 10.4496, -3.7995, 5.480150000000001, -0.009475
6, 10.450000000000001, -3.7900000000000005, 5.48, 10.449800000000002, -3.78975, 5.48, -0.00946
7, 10.46, -3.7900000000000005, 5.48, 10.459700000000002, -3.7903000000000002, 5.479900000000001, -0.009486
7, 10.47, -3.7900000000000005, 5.48, 10.470650000000001, -3.79, 5.4799500000000005, -0.009449
7, 10.48, -3.7900000000000005, 5.48, 10.47995, -3.7899000000000003, 5.48, -0.009491
7, 10.49, -3.7900000000000005, 5.48, 10.4901, -3.7898500000000004, 5.48, -0.009439
7, 10.5, -3.7900000000000005, 5.48, 10.49965, -3.7898500000000004, 5.48, -0.00947
7, 10.51, -3.7900000000000005, 5.48, 10.510050000000001, -3.79015, 5.48, -0.009465
7, 10.52, -3.7900000000000005, 5.48, 10.52035, -3.78995, 5.48, -0.009475
7, 10.52, -3.8000000000000003, 5.48, 10.5205, -3.8008500000000005, 5.48, -0.009449
7, 10.52, -3.81, 5.48, 10.520050000000001, -3.8097000000000003, 5.48, -0.009491
7, 10.52, -3.82, 5.48, 10.519950000000001, -3.8196000000000003, 5.48, -0.009439
7, 10.52, -3.8299999999999996, 5.48, 10.5206, -3.8301000000000003, 5.48, -0.00948
7, 10.52, -3.8399999999999994, 5.48, 10.520050000000001, -3.8403, 5.48, -0.009454
7, 10.52, -3.849999999999999, 5.48, 10.520400000000002, -3.85005, 5.48, -0.009506
7, 10.52, -3.859999999999999, 5.48, 10.520850000000001, -3.8598500000000002, 5.48, -0.009428
8, 10.51, -3.859999999999999, 5.48, 10.51055, -3.85975, 5.48, -0.00947
8, 10.5, -3.859999999999999, 5.48, 10.5, -3.8598000000000003, 5.48005, -0.009496
8, 10.49, -3.859999999999999, 5.48, 10.4905, -3.8599, 5.48, -0.009454
8, 10.48, -3.859999999999999, 5.48, 10.4807, -3.86, 5.48005, -0.009428
8, 10.47, -3.859999999999999, 5.48, 10.4693, -3.86, 5.48005, -0.009465
8, 10.46, -3.859999999999999, 5.48, 10.460150000000002, -3.86, 5.48005, -0.00948
8, 10.450000000000001, -3.859999999999999, 5.48, 10.4497, -3.86, 5.48, -0.00948
8, 10.440000000000001, -3.859999999999999, 5.48, 10.4396, -3.8601000000000005, 5.48005, -0.009449
8, 10.440000000000001, -3.849999999999999, 5.48, 10.44, -3.8494500000000005, 5.48, -0.009475
8, 10.440000000000001, -3.8399999999999994, 5.48, 10.440100000000001, -3.8398000000000003, 5.48, -0.009491
8, 10.440000000000001, -3.8299999999999996, 5.48, 10.439900000000002, -3.8298, 5.4799500000000005, -0.009439
8, 10.440000000000001, -3.82, 5.48, 10.440400000000002, -3.8201000000000005, 5.48, -0.009428
8, 10.440000000000001, -3.81, 5.48, 10.43985, -3.8096000000000005, 5.4801, -0.009501
8, 10.440000000000001, -3.8000000000000003, 5.48, 10.43955, -3.7993500000000004, 5.4801, -0.009439
8, 10.440000000000001, -3.7900000000000005, 5.48, 10.440100000000001, -3.79, 5.4801, -0.009486
8, 10.440000000000001, -3.7800000000000007, 5.48, 10.439650000000002, -3.7797, 5.48, -0.009444
9, 10.450000000000001, -3.7800000000000007, 5.48, 10.450400000000002, -3.77985, 5.48, -0.009465
9, 10.46, -3.7800000000000007, 5.48, 10.4608, -3.7799500000000004, 5.48, -0.009433
9, 10.47, -3.7800000000000007, 5.48, 10.46995, -3.78015, 5.48, -0.009491
9, 10.48, -3.7800000000000007, 5.48, 10.479700000000001, -3.7803500000000003, 5.4799500000000005, -0.009454
9, 10.49, -3.7800000000000007, 5.48, 10.490150000000002, -3.78015, 5.4799500000000005, -0.009439
9, 10.5, -3.7800000000000007, 5.48, 10.499900000000002, -3.78005, 5.4799500000000005, -0.009486
9, 10.51, -3.7800000000000007, 5.48, 10.50965, -3.7799, 5.4799500000000005, -0.00947
9, 10.52, -3.7800000000000007, 5.48, 10.5202, -3.77985, 5.48, -0.009439
9, 10.53, -3.7800000000000007, 5.48, 10.5303, -3.77985, 5.4799500000000005, -0.009491
9, 10.53, -3.7900000000000005, 5.48, 10.529800000000002, -3.78995, 5.48, -0.009444
9, 10.53, -3.8000000000000003, 5.48, 10.5295, -3.79945, 5.48, -0.009475
9, 10.53, -3.81, 5.48, 10.5297, -3.8094500000000004, 5.48, -0.009433
9, 10.53, -3.82, 5.48, 10.5302, -3.8204000000000002, 5.48, -0.009486
9, 10.53, -3.8299999999999996, 5.48, 10.5305, -3.83035, 5.48, -0.009428
9, 10.53, -3.8399999999999994, 5.48, 10.530050000000001, -3.8399500000000004, 5.48, -0.009486
9, 10.53, -3.849999999999999, 5.48, 10.530100000000001, -3.8496000000000006, 5.48, -0.00947
9, 10.53, -3.859999999999999, 5.48, 10.53015, -3.86005, 5.48, -0.009449
9, 10.53, -3.8699999999999988, 5.48, 10.53035, -3.8698500000000005, 5.48, -0.009475
10, 10.52, -3.8699999999999988, 5.48, 10.520650000000002, -3.8698500000000005, 5.48, -0.009486
10, 10.51, -3.8699999999999988, 5.48, 10.51025, -3.87, 5.48, -0.00947
10, 10.5, -3.8699999999999988, 5.48, 10.500050000000002, -3.8699, 5.48, -0.009433
10, 10.49, -3.8699999999999988, 5.48, 10.489550000000001, -3.87005, 5.48, -0.009496
10, 10.48, -3.8699999999999988, 5.48, 10.48065, -3.87, 5.48, -0.009439
10, 10.47, -3.8699999999999988, 5.48, 10.469700000000001, -3.8699, 5.48, -0.00947
10, 10.46, -3.8699999999999988, 5.48, 10.46005, -3.8699, 5.48, -0.009439
10, 10.450000000000001, -3.8699999999999988, 5.48, 10.449300000000001, -3.8699, 5.48, -0.009465
10, 10.440000000000001, -3.8699999999999988, 5.48, 10.43955, -3.87, 5.48, -0.009465
10, 10.430000000000001, -3.8699999999999988, 5.48, 10.429400000000001, -3.8701000000000003, 5.48, -0.009496
10, 10.430000000000001, -3.859999999999999, 5.48, 10.43035, -3.86065, 5.48, -0.009428
10, 10.430000000000001, -3.849999999999999, 5.48, 10.43085, -3.85035, 5.48, -0.009475
10, 10.430000000000001, -3.8399999999999994, 5.48, 10.429450000000001, -3.84, 5.48, -0.00948
10, 10.430000000000001, -3.8299999999999996, 5.48, 10.42925, -3.82975, 5.4801, -0.00947
10, 10.430000000000001, -3.82, 5.48, 10.43, -3.8202000000000003, 5.4801, -0.009439
10, 10.430000000000001, -3.81, 5.48, 10.429950000000002, -3.8098500000000004, 5.48005, -0.009491
10, 10.430000000000001, -3.8000000000000003, 5.48, 10.4297, -3.8003500000000003, 5.48, -0.009454
10, 10.430000000000001, -3.7900000000000005, 5.48, 10.429950000000002, -3.7901000000000002, 5.48, -0.009491
10, 10.430000000000001, -3.7800000000000007, 5.48, 10.4297, -3.7801000000000005, 5.48, -0.009423
10, 10.430000000000001, -3.770000000000001, 5.48, 10.4295, -3.7699000000000003, 5.48, -0.009475
11, 10.440000000000001, -3.770000000000001, 5.48, 10.44025, -3.76965, 5.48, -0.009449
11, 10.450000000000001, -3.770000000000001, 5.48, 10.45, -3.7706000000000004, 5.48, -0.00948
11, 10.46, -3.770000000000001, 5.48, 10.460300000000002, -3.77055, 5.4799500000000005, -0.009486
11, 10.47, -3.770000000000001, 5.48, 10.469850000000001, -3.76965, 5.4798, -0.009475
11, 10.48, -3.770000000000001, 5.48, 10.480300000000002, -3.76965, 5.4798, -0.009433
11, 10.49, -3.770000000000001, 5.48, 10.490150000000002, -3.77055, 5.479850000000001, -0.009475
11, 10.5, -3.770000000000001, 5.48, 10.50025, -3.7697000000000003, 5.4799500000000005, -0.009444
11, 10.51, -3.770000000000001, 5.48, 10.510050000000001, -3.7696000000000005, 5.4799500000000005, -0.00948
11, 10.52, -3.770000000000001, 5.48, 10.520100000000001, -3.76975, 5.4801, -0.00947
11, 10.53, -3.770000000000001, 5.48, 10.529950000000001, -3.76965, 5.4801, -0.009475
11, 10.54, -3.770000000000001, 5.48, 10.54045, -3.76975, 5.48, -0.00946
11, 10.54, -3.7800000000000007, 5.48, 10.541150000000002, -3.78075, 5.48, -0.009433
11, 10.54, -3.7900000000000005, 5.48, 10.539950000000001, -3.7903500000000006, 5.48, -0.009418
11, 10.54, -3.8000000000000003, 5.48, 10.539950000000001, -3.79965, 5.4799500000000005, -0.009491
11, 10.54, -3.81, 5.48, 10.540650000000001, -3.81015, 5.479850000000001, -0.009423
11, 10.54, -3.82, 5.48, 10.54025, -3.8197, 5.479900000000001, -0.00947
11, 10.54, -3.8299999999999996, 5.48, 10.540550000000001, -3.8295500000000002, 5.48, -0.009444
11, 10.54, -3.8399999999999994, 5.48, 10.54025, -3.8404000000000003, 5.48, -0.009428
11, 10.54, -3.849999999999999, 5.48, 10.5401, -3.8499, 5.48005, -0.00948
11, 10.54, -3.859999999999999, 5.48, 10.539800000000001, -3.8593500000000005, 5.4801, -0.009486
11, 10.54, -3.8699999999999988, 5.48, 10.5408, -3.8705, 5.4801, -0.009433
11, 10.54, -3.8799999999999986, 5.48, 10.540400000000002, -3.8796500000000003, 5.4801, -0.009496
12, 10.53, -3.8799999999999986, 5.48, 10.52985, -3.8802000000000003, 5.4801, -0.009418
12, 10.52, -3.8799999999999986, 5.48, 10.51955, -3.8799500000000005, 5.48005, -0.009449
12, 10.51, -3.8799999999999986, 5.48, 10.50955, -3.8798000000000004, 5.479850000000001, -0.009491
12, 10.5, -3.8799999999999986, 5.48, 10.5004, -3.8798500000000002, 5.479850000000001, -0.009506
12, 10.49, -3.8799999999999986, 5.48, 10.4895, -3.88, 5.48005, -0.00948
12, 10.48, -3.8799999999999986, 5.48, 10.48, -3.8799, 5.48, -0.009496
12, 10.47, -3.8799999999999986, 5.48, 10.47, -3.88005, 5.48, -0.009496
12, 10.46, -3.8799999999999986, 5.48, 10.46035, -3.8801000000000005, 5.4801, -0.009496
12, 10.450000000000001, -3.8799999999999986, 5.48, 10.4497, -3.88005, 5.480150000000001, -0.009439
12, 10.440000000000001, -3.8799999999999986, 5.48, 10.43945, -3.88, 5.480150000000001, -0.009444
12, 10.430000000000001, -3.8799999999999986, 5.48, 10.430050000000001, -3.8798500000000002, 5.48, -0.009475
12, 10.420000000000002, -3.8799999999999986, 5.48, 10.41965, -3.8798500000000002, 5.4799500000000005, -0.009475
12, 10.420000000000002, -3.8699999999999988, 5.48, 10.418800000000001, -3.8693500000000003, 5.479850000000001, -0.009444
12, 10.420000000000002, -3.859999999999999, 5.48, 10.4206, -3.8601000000000005, 5.479850000000001, -0.009491
12, 10.420000000000002, -3.849999999999999, 5.48, 10.4192, -3.85015, 5.4799500000000005, -0.009433
12, 10.420000000000002, -3.8399999999999994, 5.48, 10.419450000000001, -3.8395, 5.48, -0.009501
12, 10.420000000000002, -3.8299999999999996, 5.48, 10.419900000000002, -3.83015, 5.48, -0.009433
12, 10.420000000000002, -3.82, 5.48, 10.41995, -3.82015, 5.48, -0.009428
12, 10.420000000000002, -3.81, 5.48, 10.41935, -3.81015, 5.48005, -0.009465
12, 10.420000000000002, -3.8000000000000003, 5.48, 10.41965, -3.79945, 5.48005, -0.009444
12, 10.420000000000002, -3.7900000000000005, 5.48, 10.41985, -3.79, 5.48005, -0.00948
12, 10.420000000000002, -3.7800000000000007, 5.48, 10.419450000000001, -3.7796000000000003, 5.48, -0.009433
12, 10.420000000000002, -3.770000000000001, 5.48, 10.42, -3.7695, 5.48005, -0.00947
12, 10.420000000000002, -3.760000000000001, 5.48, 10.4197, -3.7603500000000003, 5.48, -0.009433
13, 10.430000000000001, -3.760000000000001, 5.48, 10.430050000000001, -3.7603, 5.48, -0.009501
13, 10.440000000000001, -3.760000000000001, 5.48, 10.43985, -3.76015, 5.48, -0.009444
13, 10.450000000000001, -3.760000000000001, 5.48, 10.45105, -3.7598500000000006, 5.48, -0.009444
13, 10.46, -3.760000000000001, 5.48, 10.459900000000001, -3.76, 5.48, -0.009439
13, 10.47, -3.760000000000001, 5.48, 10.46995, -3.7601000000000004, 5.48, -0.009433
13, 10.48, -3.760000000000001, 5.48, 10.4807, -3.76025, 5.48, -0.009439
13, 10.49, -3.760000000000001, 5.48, 10.490300000000001, -3.76015, 5.48, -0.009418
13, 10.5, -3.760000000000001, 5.48, 10.5001, -3.75965, 5.48, -0.009439
13, 10.51, -3.760000000000001, 5.48, 10.50975, -3.76025, 5.48, -0.009444
13, 10.52, -3.760000000000001, 5.48, 10.520100000000001, -3.76015, 5.48, -0.009496
13, 10.53, -3.760000000000001, 5.48, 10.5303, -3.7602, 5.48, -0.009433
13, 10.54, -3.760000000000001, 5.48, 10.54035, -3.7595500000000004, 5.48, -0.00946
13, 10.549999999999999, -3.760000000000001, 5.48, 10.550550000000001, -3.7601000000000004, 5.48, -0.009439
13, 10.549999999999999, -3.770000000000001, 5.48, 10.55, -3.7699000000000003, 5.48, -0.00947
13, 10.549999999999999, -3.7800000000000007, 5.48, 10.549700000000001, -3.7802000000000002, 5.48, -0.009418
13, 10.549999999999999, -3.7900000000000005, 5.48, 10.549900000000001, -3.78995, 5.48, -0.009428
13, 10.549999999999999, -3.8000000000000003, 5.48, 10.55025, -3.80005, 5.48, -0.00947
13, 10.549999999999999, -3.81, 5.48, 10.55025, -3.8101000000000003, 5.48, -0.009486
13, 10.549999999999999, -3.82, 5.48, 10.54995, -3.82, 5.48, -0.009433
13, 10.549999999999999, -3.8299999999999996, 5.48, 10.54935, -3.8296000000000006, 5.48, -0.009454
13, 10.549999999999999, -3.8399999999999994, 5.48, 10.55025, -3.84015, 5.48, -0.009465
13, 10.549999999999999, -3.849999999999999, 5.48, 10.5502, -3.8501000000000003, 5.48, -0.00947
13, 10.549999999999999, -3.859999999999999, 5.48, 10.550450000000001, -3.86005, 5.48, -0.009433
13, 10.549999999999999, -3.8699999999999988, 5.48, 10.550450000000001, -3.8699500000000002, 5.48, -0.009423
13, 10.549999999999999, -3.8799999999999986, 5.48, 10.549800000000001, -3.8803500000000004, 5.48, -0.009486
13, 10.549999999999999, -3.8899999999999983, 5.48, 10.5505, -3.89015, 5.48, -0.009444
14, 10.54, -3.8899999999999983, 5.48, 10.54, -3.8901000000000003, 5.48, -0.009475
14, 10.53, -3.8899999999999983, 5.48, 10.5303, -3.8901000000000003, 5.48, -0.009444
14, 10.52, -3.8899999999999983, 5.48, 10.519950000000001, -3.89005, 5.48, -0.009413
14, 10.51, -3.8899999999999983, 5.48, 10.51025, -3.8895500000000003, 5.48, -0.009486
14, 10.5, -3.8899999999999983, 5.48, 10.4998, -3.8898500000000005, 5.4801, -0.009439
14, 10.49, -3.8899999999999983, 5.48, 10.4901, -3.89, 5.48005, -0.009433
14, 10.48, -3.8899999999999983, 5.48, 10.4806, -3.89025, 5.48005, -0.009444
14, 10.47, -3.8899999999999983, 5.48, 10.469850000000001, -3.8902, 5.48005, -0.00948
14, 10.46, -3.8899999999999983, 5.48, 10.4601, -3.89005, 5.48005, -0.009418
14, 10.450000000000001, -3.8899999999999983, 5.48, 10.44975, -3.8899, 5.48, -0.009475
14, 10.440000000000001, -3.8899999999999983, 5.48, 10.43925, -3.8898500000000005, 5.48, -0.00948
14, 10.430000000000001, -3.8899999999999983, 5.48, 10.429400000000001, -3.8898, 5.48, -0.00948
14, 10.420000000000002, -3.8899999999999983, 5.48, 10.4198, -3.8898500000000005, 5.48, -0.009428
14, 10.410000000000002, -3.8899999999999983, 5.48, 10.40975, -3.8899, 5.48, -0.00948
14, 10.410000000000002, -3.8799999999999986, 5.48, 10.408800000000001, -3.8793, 5.48, -0.009449
14, 10.410000000000002, -3.8699999999999988, 5.48, 10.410200000000001, -3.8699, 5.48, -0.009491
14, 10.410000000000002, -3.859999999999999, 5.48, 10.409450000000001, -3.8596500000000002, 5.4799500000000005, -0.009444
14, 10.410000000000002, -3.849999999999999, 5.48, 10.4095, -3.85005, 5.479850000000001, -0.00948
14, 10.410000000000002, -3.8399999999999994, 5.48, 10.41, -3.83985, 5.479900000000001, -0.00948
14, 10.410000000000002, -3.8299999999999996, 5.48, 10.410050000000002, -3.8302000000000005, 5.48, -0.00948
14, 10.410000000000002, -3.82, 5.48, 10.410350000000001, -3.81975, 5.48, -0.009433
14, 10.410000000000002, -3.81, 5.48, 10.409900000000002, -3.8101000000000003, 5.48, -0.009439
14, 10.410000000000002, -3.8000000000000003, 5.48, 10.409600000000001, -3.7996000000000003, 5.48, -0.009491
14, 10.410000000000002, -3.7900000000000005, 5.48, 10.409900000000002, -3.79, 5.48, -0.009439
14, 10.410000000000002, -3.7800000000000007, 5.48, 10.410150000000002, -3.78015, 5.48, -0.009439
14, 10.410000000000002, -3.770000000000001, 5.48, 10.40985, -3.76955, 5.48005, -0.009444
14, 10.410000000000002, -3.760000000000001, 5.48, 10.41025, -3.7602, 5.480150000000001, -0.009428
14, 10.410000000000002, -3.7500000000000013, 5.48, 10.40925, -3.7498, 5.4801, -0.009486
15, 10.420000000000002, -3.7500000000000013, 5.48, 10.41995, -3.7498, 5.48005, -0.009433
15, 10.430000000000001, -3.7500000000000013, 5.48, 10.4312, -3.74995, 5.48, -0.009454
15, 10.440000000000001, -3.7500000000000013, 5.48, 10.440050000000001, -3.74995, 5.48, -0.009444
15, 10.450000000000001, -3.7500000000000013, 5.48, 10.4506, -3.7500500000000003, 5.479850000000001, -0.00947
15, 10.46, -3.7500000000000013, 5.48, 10.4602, -3.75, 5.4796000000000005, -0.009418
15, 10.47, -3.7500000000000013, 5.48, 10.47, -3.7500500000000003, 5.479700000000001, -0.009465
15, 10.48, -3.7500000000000013, 5.48, 10.4806, -3.7501, 5.48, -0.00948
15, 10.49, -3.7500000000000013, 5.48, 10.490200000000002, -3.75, 5.48, -0.009486
15, 10.5, -3.7500000000000013, 5.48, 10.5004, -3.74995, 5.48, -0.009444
15, 10.51, -3.7500000000000013, 5.48, 10.510200000000001, -3.74995, 5.48, -0.00947
15, 10.52, -3.7500000000000013, 5.48, 10.5202, -3.7501, 5.48, -0.009433
15, 10.53, -3.7500000000000013, 5.48, 10.529950000000001, -3.7501, 5.4799500000000005, -0.00947
15, 10.54, -3.7500000000000013, 5.48, 10.5405, -3.7500500000000003, 5.48005, -0.009423
15, 10.549999999999999, -3.7500000000000013, 5.48, 10.5495, -3.74995, 5.4801, -0.009444
15, 10.559999999999999, -3.7500000000000013, 5.48, 10.559550000000002, -3.74995, 5.4801, -0.009444
15, 10.559999999999999, -3.760000000000001, 5.48, 10.56095, -3.76045, 5.48, -0.009486
15, 10.559999999999999, -3.770000000000001, 5.48, 10.56065, -3.76995, 5.48, -0.00948
15, 10.559999999999999, -3.7800000000000007, 5.48, 10.56075, -3.7803, 5.48, -0.009454
15, 10.559999999999999, -3.7900000000000005, 5.48, 10.56005, -3.7903500000000006, 5.4798, -0.00947
15, 10.559999999999999, -3.8000000000000003, 5.48, 10.56005, -3.79975, 5.479900000000001, -0.009475
15, 10.559999999999999, -3.81, 5.48, 10.5605, -3.8104, 5.48, -0.009428
15, 10.559999999999999, -3.82, 5.48, 10.5595, -3.81955, 5.4801, -0.009475
15, 10.559999999999999, -3.8299999999999996, 5.48, 10.560300000000002, -3.83015, 5.480150000000001, -0.009423
15, 10.559999999999999, -3.8399999999999994, 5.48, 10.559800000000001, -3.8403500000000004, 5.48, -0.00948
15, 10.559999999999999, -3.849999999999999, 5.48, 10.56035, -3.8503000000000003, 5.48, -0.009475
15, 10.559999999999999, -3.859999999999999, 5.48, 10.56, -3.8602000000000003, 5.479850000000001, -0.009439
15, 10.559999999999999, -3.8699999999999988, 5.48, 10.56, -3.8705, 5.479900000000001, -0.009491
15, 10.559999999999999, -3.8799999999999986, 5.48, 10.560550000000001, -3.8805500000000004, 5.48, -0.009428
15, 10.559999999999999, -3.8899999999999983, 5.48, 10.56005, -3.8901000000000003, 5.48, -0.009486
15, 10.559999999999999, -3.899999999999998, 5.48, 10.5599, -3.8999, 5.48, -0.009475
16, 10.549999999999999, -3.899999999999998, 5.48, 10.550550000000001, -3.8998500000000003, 5.48005, -0.009475
16, 10.54, -3.899999999999998, 5.48, 10.54, -3.8998500000000003, 5.4801, -0.009454
16, 10.53, -3.899999999999998, 5.48, 10.529900000000001, -3.8997, 5.4801, -0.009475
16, 10.52, -3.899999999999998, 5.48, 10.51945, -3.8996500000000003, 5.4801, -0.009428
16, 10.51, -3.899999999999998, 5.48, 10.50975, -3.89975, 5.48, -0.009428
16, 10.5, -3.899999999999998, 5.48, 10.49985, -3.89955, 5.479900000000001, -0.00948
16, 10.49, -3.899999999999998, 5.48, 10.48975, -3.8996500000000003, 5.4799500000000005, -0.009444
16, 10.48, -3.899999999999998, 5.48, 10.48025, -3.9003, 5.48, -0.009444
16, 10.47, -3.899999999999998, 5.48, 10.4699, -3.8996500000000003, 5.48, -0.009486
16, 10.46, -3.899999999999998, 5.48, 10.46075, -3.8996000000000004, 5.48005, -0.009454
16, 10.450000000000001, -3.899999999999998, 5.48, 10.4494, -3.8995, 5.4801, -0.009439
16, 10.440000000000001, -3.899999999999998, 5.48, 10.439800000000002, -3.90025, 5.4801, -0.009423
16, 10.430000000000001, -3.899999999999998, 5.48, 10.42955, -3.8995, 5.48005, -0.009439
16, 10.420000000000002, -3.899999999999998, 5.48, 10.41985, -3.90025, 5.48005, -0.00946
16, 10.410000000000002, -3.899999999999998, 5.48, 10.409900000000002, -3.9002000000000003, 5.48, -0.009423
16, 10.400000000000002, -3.899999999999998, 5.48, 10.3995, -3.89955, 5.479850000000001, -0.009486
16, 10.400000000000002, -3.8899999999999983, 5.48, 10.40025, -3.8902, 5.48005, -0.00948
16, 10.400000000000002, -3.8799999999999986, 5.48, 10.39925, -3.8796500000000003, 5.4801, -0.009428
16, 10.400000000000002, -3.8699999999999988, 5.48, 10.400300000000001, -3.8704, 5.4801, -0.009475
16, 10.400000000000002, -3.859999999999999, 5.48, 10.399700000000001, -3.86005, 5.48, -0.009433
16, 10.400000000000002, -3.849999999999999, 5.48, 10.4002, -3.8503000000000003, 5.48, -0.009501
16, 10.400000000000002, -3.8399999999999994, 5.48, 10.40025, -3.8408, 5.48, -0.009496
16, 10.400000000000002, -3.8299999999999996, 5.48, 10.399650000000001, -3.8299000000000003, 5.479850000000001, -0.009439
16, 10.400000000000002, -3.82, 5.48, 10.40055, -3.82005, 5.479900000000001, -0.00948
16, 10.400000000000002, -3.81, 5.48, 10.39975, -3.8102000000000005, 5.4799500000000005, -0.009439
16, 10.400000000000002, -3.8000000000000003, 5.48, 10.39975, -3.7998000000000003, 5.48, -0.009475
16, 10.400000000000002, -3.7900000000000005, 5.48, 10.39995, -3.7903000000000002, 5.48, -0.009433
16, 10.400000000000002, -3.7800000000000007, 5.48, 10.40025, -3.7799500000000004, 5.48, -0.009465
16, 10.400000000000002, -3.770000000000001, 5.48, 10.399700000000001, -3.76975, 5.48, -0.009486
16, 10.400000000000002, -3.760000000000001, 5.48, 10.4, -3.7599500000000003, 5.48, -0.009486
16, 10.400000000000002, -3.7500000000000013, 5.48, 10.39905, -3.7501, 5.48, -0.009475
16, 10.400000000000002, -3.7400000000000015, 5.48, 10.3998, -3.7398000000000002, 5.48, -0.009433
17, 10.410000000000002, -3.7400000000000015, 5.48, 10.4105, -3.7401500000000003, 5.48, -0.009491
17, 10.420000000000002, -3.7400000000000015, 5.48, 10.419900000000002, -3.7399500000000003, 5.48, -0.009433
17, 10.430000000000001, -3.7400000000000015, 5.48, 10.43045, -3.7399, 5.48, -0.00947
17, 10.440000000000001, -3.7400000000000015, 5.48, 10.440100000000001, -3.7398500000000006, 5.48, -0.009444
17, 10.450000000000001, -3.7400000000000015, 5.48, 10.451, -3.7398500000000006, 5.48, -0.009486
17, 10.46, -3.7400000000000015, 5.48, 10.460450000000002, -3.7399500000000003, 5.48005, -0.00947
17, 10.47, -3.7400000000000015, 5.48, 10.46995, -3.74, 5.4801, -0.00948
17, 10.48, -3.7400000000000015, 5.48, 10.48035, -3.7401500000000003, 5.48005, -0.009444
17, 10.49, -3.7400000000000015, 5.48, 10.490150000000002, -3.7399500000000003, 5.48005, -0.009491
17, 10.5, -3.7400000000000015, 5.48, 10.500050000000002, -3.7398500000000006, 5.48, -0.009439
17, 10.51, -3.7400000000000015, 5.48, 10.51, -3.7401500000000003, 5.479850000000001, -0.009433
17, 10.52, -3.7400000000000015, 5.48, 10.52035, -3.74005, 5.479900000000001, -0.00946
17, 10.53, -3.7400000000000015, 5.48, 10.5302, -3.7399500000000003, 5.48005, -0.00947
17, 10.54, -3.7400000000000015, 5.48, 10.539550000000002, -3.7398500000000006, 5.4801, -0.009454
17, 10.549999999999999, -3.7400000000000015, 5.48, 10.550150000000002, -3.7401500000000003, 5.4801, -0.009465
17, 10.559999999999999, -3.7400000000000015, 5.48, 10.55985, -3.74005, 5.4799500000000005, -0.009465
17, 10.569999999999999, -3.7400000000000015, 5.48, 10.570200000000002, -3.7399500000000003, 5.479850000000001, -0.00947
17, 10.569999999999999, -3.7500000000000013, 5.48, 10.57075, -3.7502000000000004, 5.479900000000001, -0.00948
17, 10.569999999999999, -3.760000000000001, 5.48, 10.570450000000001, -3.76075, 5.4799500000000005, -0.009449
17, 10.569999999999999, -3.770000000000001, 5.48, 10.570300000000001, -3.76955, 5.4799500000000005, -0.009444
17, 10.569999999999999, -3.7800000000000007, 5.48, 10.57055, -3.7803, 5.48005, -0.00948
17, 10.569999999999999, -3.7900000000000005, 5.48, 10.568950000000001, -3.78925, 5.4801, -0.009439
17, 10.569999999999999, -3.8000000000000003, 5.48, 10.570450000000001, -3.80005, 5.480150000000001, -0.00948
17, 10.569999999999999, -3.81, 5.48, 10.56985, -3.8102000000000005, 5.479900000000001, -0.009428
17, 10.569999999999999, -3.82, 5.48, 10.5706, -3.8202000000000003, 5.479700000000001, -0.009486
17, 10.569999999999999, -3.8299999999999996, 5.48, 10.5695, -3.83025, 5.48, -0.00947
17, 10.569999999999999, -3.8399999999999994, 5.48, 10.569600000000001, -3.8401000000000005, 5.48, -0.009501
17, 10.569999999999999, -3.849999999999999, 5.48, 10.569700000000001, -3.8501000000000003, 5.48, -0.009413
17, 10.569999999999999, -3.859999999999999, 5.48, 10.56975, -3.8597, 5.48, -0.009423
17, 10.569999999999999, -3.8699999999999988, 5.48, 10.57055, -3.8694, 5.48, -0.009444
17, 10.569999999999999, -3.8799999999999986, 5.48, 10.569700000000001, -3.8798500000000002, 5.48, -0.00948
17, 10.569999999999999, -3.8899999999999983, 5.48, 10.571, -3.89005, 5.48, -0.009433
17, 10.569999999999999, -3.899999999999998, 5.48, 10.569300000000002, -3.8999, 5.48, -0.009475
17, 10.569999999999999, -3.909999999999998, 5.48, 10.57075, -3.91065, 5.48005, -0.009491
18, 10.559999999999999, -3.909999999999998, 5.48, 10.559400000000002, -3.9101000000000004, 5.480200000000001, -0.009454
18, 10.549999999999999, -3.909999999999998, 5.48, 10.5501, -3.9099, 5.479900000000001, -0.009491
18, 10.54, -3.909999999999998, 5.48, 10.539800000000001, -3.9103000000000003, 5.47975, -0.009428
18, 10.53, -3.909999999999998, 5.48, 10.53015, -3.9103000000000003, 5.479850000000001, -0.009486
18, 10.52, -3.909999999999998, 5.48, 10.5197, -3.9102, 5.48005, -0.009486
18, 10.51, -3.909999999999998, 5.48, 10.510050000000001, -3.91, 5.480200000000001, -0.009418
18, 10.5, -3.909999999999998, 5.48, 10.4998, -3.9099, 5.480150000000001, -0.00947
18, 10.49, -3.909999999999998, 5.48, 10.4895, -3.90975, 5.4801, -0.00948
18, 10.48, -3.909999999999998, 5.48, 10.48005, -3.9097000000000004, 5.479900000000001, -0.009439
18, 10.47, -3.909999999999998, 5.48, 10.469700000000001, -3.90975, 5.4799500000000005, -0.00948
18, 10.46, -3.909999999999998, 5.48, 10.458900000000002, -3.91, 5.479900000000001, -0.00948
18, 10.450000000000001, -3.909999999999998, 5.48, 10.4505, -3.9103000000000003, 5.4799500000000005, -0.009454
18, 10.440000000000001, -3.909999999999998, 5.48, 10.4402, -3.90975, 5.48, -0.009444
18, 10.430000000000001, -3.909999999999998, 5.48, 10.429650000000002, -3.90975, 5.48, -0.009491
18, 10.420000000000002, -3.909999999999998, 5.48, 10.41975, -3.9098, 5.48, -0.00946
18, 10.410000000000002, -3.909999999999998, 5.48, 10.409600000000001, -3.9102, 5.480150000000001, -0.00946
18, 10.400000000000002, -3.909999999999998, 5.48, 10.3996, -3.9099500000000003, 5.4801, -0.00948
18, 10.390000000000002, -3.909999999999998, 5.48, 10.38945, -3.9098500000000005, 5.48, -0.009449
18, 10.390000000000002, -3.899999999999998, 5.48, 10.3901, -3.89925, 5.479900000000001, -0.00948
18, 10.390000000000002, -3.8899999999999983, 5.48, 10.3902, -3.8898, 5.4798, -0.009486
18, 10.390000000000002, -3.8799999999999986, 5.48, 10.3901, -3.88005, 5.48005, -0.009433
18, 10.390000000000002, -3.8699999999999988, 5.48, 10.389400000000002, -3.8699, 5.480150000000001, -0.009475
18, 10.390000000000002, -3.859999999999999, 5.48, 10.39035, -3.86, 5.48005, -0.009444
18, 10.390000000000002, -3.849999999999999, 5.48, 10.389050000000001, -3.84975, 5.479900000000001, -0.009475
18, 10.390000000000002, -3.8399999999999994, 5.48, 10.38995, -3.8401000000000005, 5.479900000000001, -0.009428
18, 10.390000000000002, -3.8299999999999996, 5.48, 10.39025, -3.8307, 5.479900000000001, -0.009428
18, 10.390000000000002, -3.82, 5.48, 10.38995, -3.82045, 5.48, -0.00947
18, 10.390000000000002, -3.81, 5.48, 10.389650000000001, -3.80995, 5.48, -0.009439
18, 10.390000000000002, -3.8000000000000003, 5.48, 10.3899, -3.8005, 5.48, -0.009428
18, 10.390000000000002, -3.7900000000000005, 5.48, 10.38995, -3.7893000000000003, 5.48005, -0.009491
18, 10.390000000000002, -3.7800000000000007, 5.48, 10.3896, -3.7804, 5.48005, -0.00948
18, 10.390000000000002, -3.770000000000001, 5.48, 10.389050000000001, -3.7697000000000003, 5.48005, -0.00948
18, 10.390000000000002, -3.760000000000001, 5.48, 10.38975, -3.7594000000000003, 5.4801, -0.009475
18, 10.390000000000002, -3.7500000000000013, 5.48, 10.38975, -3.75015, 5.48005, -0.009449
18, 10.390000000000002, -3.7400000000000015, 5.48, 10.3893, -3.7396000000000003, 5.48, -0.00947
18, 10.390000000000002, -3.7300000000000018, 5.48, 10.39035, -3.73, 5.48, -0.009475
19, 10.400000000000002, -3.7300000000000018, 5.48, 10.400300000000001, -3.7304, 5.48, -0.009486
19, 10.410000000000002, -3.7300000000000018, 5.48, 10.4092, -3.7300500000000003, 5.4799500000000005, -0.00946
19, 10.420000000000002, -3.7300000000000018, 5.48, 10.4207, -3.72965, 5.479900000000001, -0.00946
19, 10.430000000000001, -3.7300000000000018, 5.48, 10.4301, -3.7299, 5.479900000000001, -0.009444
19, 10.440000000000001, -3.7300000000000018, 5.48, 10.44025, -3.7302000000000004, 5.4799500000000005, -0.009496
19, 10.450000000000001, -3.7300000000000018, 5.48, 10.450050000000001, -3.72965, 5.48, -0.009433
19, 10.46, -3.7300000000000018, 5.48, 10.460900000000002, -3.7302000000000004, 5.48, -0.009491
19, 10.47, -3.7300000000000018, 5.48, 10.47005, -3.7303, 5.48, -0.009454
19, 10.48, -3.7300000000000018, 5.48, 10.4796, -3.72975, 5.48, -0.009428
19, 10.49, -3.7300000000000018, 5.48, 10.489300000000002, -3.7302000000000004, 5.48, -0.009433
19, 10.5, -3.7300000000000018, 5.48, 10.50025, -3.7303, 5.48, -0.009454
19, 10.51, -3.7300000000000018, 5.48, 10.50995, -3.7300500000000003, 5.48, -0.009454
19, 10.52, -3.7300000000000018, 5.48, 10.5202, -3.7298, 5.48, -0.009439
19, 10.53, -3.7300000000000018, 5.48, 10.530700000000001, -3.7299, 5.48, -0.009475
19, 10.54, -3.7300000000000018, 5.48, 10.539550000000002, -3.7301, 5.48, -0.009486
19, 10.549999999999999, -3.7300000000000018, 5.48, 10.55005, -3.7300500000000003, 5.48005, -0.00947
19, 10.559999999999999, -3.7300000000000018, 5.48, 10.5599, -3.7298, 5.480150000000001, -0.009423
19, 10.569999999999999, -3.7300000000000018, 5.48, 10.5701, -3.72975, 5.480150000000001, -0.00948
19, 10.579999999999998, -3.7300000000000018, 5.48, 10.5807, -3.73015, 5.4799500000000005, -0.009433
19, 10.579999999999998, -3.7400000000000015, 5.48, 10.579400000000001, -3.7398500000000006, 5.4798, -0.009475
19, 10.579999999999998, -3.7500000000000013, 5.48, 10.580950000000001, -3.7503500000000005, 5.48005, -0.009449
19, 10.579999999999998, -3.760000000000001, 5.48, 10.581050000000001, -3.76005, 5.480150000000001, -0.009475
19, 10.579999999999998, -3.770000000000001, 5.48, 10.57985, -3.7698500000000004, 5.480150000000001, -0.009454
19, 10.579999999999998, -3.7800000000000007, 5.48, 10.58085, -3.7807000000000004, 5.480150000000001, -0.009418
19, 10.579999999999998, -3.7900000000000005, 5.48, 10.58, -3.7904500000000003, 5.48, -0.009439
19, 10.579999999999998, -3.8000000000000003, 5.48, 10.580300000000001, -3.8003, 5.48, -0.009501
19, 10.579999999999998, -3.81, 5.48, 10.58055, -3.8097000000000003, 5.48, -0.009439
19, 10.579999999999998, -3.82, 5.48, 10.580150000000001, -3.8195, 5.48, -0.009486
19, 10.579999999999998, -3.8299999999999996, 5.48, 10.5805, -3.83065, 5.48, -0.009439
19, 10.579999999999998, -3.8399999999999994, 5.48, 10.58, -3.83975, 5.48005, -0.009491
19, 10.579999999999998, -3.849999999999999, 5.48, 10.57985, -3.8493000000000004, 5.48005, -0.009444
19, 10.579999999999998, -3.859999999999999, 5.48, 10.5798, -3.859, 5.479900000000001, -0.00948
19, 10.579999999999998, -3.8699999999999988, 5.48, 10.580200000000001, -3.8706000000000005, 5.4798, -0.009439
19, 10.579999999999998, -3.8799999999999986, 5.48, 10.580150000000001, -3.88025, 5.48, -0.009439
19, 10.579999999999998, -3.8899999999999983, 5.48, 10.5801, -3.8904500000000004, 5.48, -0.009423
19, 10.579999999999998, -3.899999999999998, 5.48, 10.578700000000001, -3.89975, 5.48, -0.00947
19, 10.579999999999998, -3.909999999999998, 5.48, 10.57995, -3.9101000000000004, 5.48005, -0.009423
19, 10.579999999999998, -3.9199999999999977, 5.48, 10.57935, -3.9199, 5.4801, -0.009475
20, 10.569999999999999, -3.9199999999999977, 5.48, 10.570050000000002, -3.92055, 5.4801, -0.009428
20, 10.559999999999999, -3.9199999999999977, 5.48, 10.56, -3.92025, 5.48005, -0.009475
20, 10.549999999999999, -3.9199999999999977, 5.48, 10.549700000000001, -3.9196500000000003, 5.479900000000001, -0.00948
20, 10.54, -3.9199999999999977, 5.48, 10.53975, -3.9197, 5.479900000000001, -0.009444
20, 10.53, -3.9199999999999977, 5.48, 10.530100000000001, -3.9199, 5.4799500000000005, -0.00948
20, 10.52, -3.9199999999999977, 5.48, 10.51945, -3.92, 5.4799500000000005, -0.009428
20, 10.51, -3.9199999999999977, 5.48, 10.510150000000001, -3.9202000000000004, 5.4801, -0.009439
20, 10.5, -3.9199999999999977, 5.48, 10.500050000000002, -3.92015, 5.4801, -0.009423
20, 10.49, -3.9199999999999977, 5.48, 10.4898, -3.9199500000000005, 5.4801, -0.009444
20, 10.48, -3.9199999999999977, 5.48, 10.47945, -3.9198500000000003, 5.48, -0.009433
20, 10.47, -3.9199999999999977, 5.48, 10.47035, -3.9198500000000003, 5.48, -0.009449
20, 10.46, -3.9199999999999977, 5.48, 10.460300000000002, -3.9199, 5.479900000000001, -0.009465
20, 10.450000000000001, -3.9199999999999977, 5.48, 10.44975, -3.9199, 5.479900000000001, -0.009418
20, 10.440000000000001, -3.9199999999999977, 5.48, 10.439300000000001, -3.9200500000000003, 5.4799500000000005, -0.00946
20, 10.430000000000001, -3.9199999999999977, 5.48, 10.4297, -3.9201000000000006, 5.4799500000000005, -0.009439
20, 10.420000000000002, -3.9199999999999977, 5.48, 10.4198, -3.9199500000000005, 5.4801, -0.009475
20, 10.410000000000002, -3.9199999999999977, 5.48, 10.409650000000001, -3.92, 5.4801, -0.009433
20, 10.400000000000002, -3.9199999999999977, 5.48, 10.400300000000001, -3.9201000000000006, 5.4801, -0.009423
20, 10.390000000000002, -3.9199999999999977, 5.48, 10.389400000000002, -3.92, 5.4801, -0.00948
20, 10.380000000000003, -3.9199999999999977, 5.48, 10.3802, -3.9199500000000005, 5.48005, -0.009439
20, 10.380000000000003, -3.909999999999998, 5.48, 10.37925, -3.9094, 5.48, -0.009465
20, 10.380000000000003, -3.899999999999998, 5.48, 10.38005, -3.9, 5.4799500000000005, -0.009428
20, 10.380000000000003, -3.8899999999999983, 5.48, 10.379650000000002, -3.8897000000000004, 5.479900000000001, -0.009465
20, 10.380000000000003, -3.8799999999999986, 5.48, 10.379650000000002, -3.8795, 5.4799500000000005, -0.009407
20, 10.380000000000003, -3.8699999999999988, 5.48, 10.37925, -3.87005, 5.4799500000000005, -0.00948
20, 10.380000000000003, -3.859999999999999, 5.48, 10.379900000000001, -3.8601000000000005, 5.48, -0.009433
20, 10.380000000000003, -3.849999999999999, 5.48, 10.379700000000001, -3.84975, 5.48, -0.00946
20, 10.380000000000003, -3.8399999999999994, 5.48, 10.379800000000001, -3.83955, 5.48, -0.009418
20, 10.380000000000003, -3.8299999999999996, 5.48, 10.380300000000002, -3.83015, 5.48, -0.009418
20, 10.380000000000003, -3.82, 5.48, 10.3796, -3.82015, 5.48, -0.009475
20, 10.380000000000003, -3.81, 5.48, 10.379650000000002, -3.8098, 5.48, -0.009439
20, 10.380000000000003, -3.8000000000000003, 5.48, 10.3802, -3.79955, 5.48, -0.009428
20, 10.380000000000003, -3.7900000000000005, 5.48, 10.379400000000002, -3.78965, 5.48, -0.009423
20, 10.380000000000003, -3.7800000000000007, 5.48, 10.379650000000002, -3.7803500000000003, 5.4801, -0.009475
20, 10.380000000000003, -3.770000000000001, 5.48, 10.380150000000002, -3.7701000000000002, 5.48005, -0.009454
20, 10.380000000000003, -3.760000000000001, 5.48, 10.380300000000002, -3.76045, 5.48, -0.009454
20, 10.380000000000003, -3.7500000000000013, 5.48, 10.3792, -3.75, 5.48, -0.009433
20, 10.380000000000003, -3.7400000000000015, 5.48, 10.379, -3.7395, 5.48, -0.009439
20, 10.380000000000003, -3.7300000000000018, 5.48, 10.380300000000002, -3.72935, 5.48, -0.00947
20, 10.380000000000003, -3.720000000000002, 5.48, 10.379550000000002, -3.71975, 5.48, -0.009428
21, 10.390000000000002, -3.720000000000002, 5.48, 10.3905, -3.71975, 5.48, -0.009439
21, 10.400000000000002, -3.720000000000002, 5.48, 10.40095, -3.7198500000000005, 5.48, -0.009439
21, 10.410000000000002, -3.720000000000002, 5.48, 10.410150000000002, -3.72, 5.48, -0.009423
21, 10.420000000000002, -3.720000000000002, 5.48, 10.4201, -3.7198500000000005, 5.48, -0.009475
21, 10.430000000000001, -3.720000000000002, 5.48, 10.43035, -3.7198, 5.48, -0.009433
21, 10.440000000000001, -3.720000000000002, 5.48, 10.44035, -3.7199500000000003, 5.48, -0.00946
21, 10.450000000000001, -3.720000000000002, 5.48, 10.45, -3.7201000000000004, 5.48, -0.009418
21, 10.46, -3.720000000000002, 5.48, 10.46085, -3.7204, 5.48, -0.009465
21, 10.47, -3.720000000000002, 5.48, 10.470150000000002, -3.72025, 5.48, -0.009413
21, 10.48, -3.720000000000002, 5.48, 10.48, -3.7199, 5.48, -0.00947
21, 10.49, -3.720000000000002, 5.48, 10.490350000000001, -3.7198, 5.479900000000001, -0.009428
21, 10.5, -3.720000000000002, 5.48, 10.50045, -3.7198500000000005, 5.4798, -0.00947
21, 10.51, -3.720000000000002, 5.48, 10.51025, -3.7201000000000004, 5.4798, -0.009439
21, 10.52, -3.720000000000002, 5.48, 10.52025, -3.7203500000000003, 5.479850000000001, -0.009428
21, 10.53, -3.720000000000002, 5.48, 10.53, -3.7198500000000005, 5.48005, -0.00947
21, 10.54, -3.720000000000002, 5.48, 10.54005, -3.7198500000000005, 5.480200000000001, -0.009418
21, 10.549999999999999, -3.720000000000002, 5.48, 10.5502, -3.7199500000000003, 5.4801, -0.00948
21, 10.559999999999999, -3.720000000000002, 5.48, 10.5602, -3.72025, 5.48, -0.009439
21, 10.569999999999999, -3.720000000000002, 5.48, 10.569900000000002, -3.7202, 5.48, -0.00947
21, 10.579999999999998, -3.720000000000002, 5.48, 10.580150000000001, -3.7201000000000004, 5.48005, -0.00947
21, 10.589999999999998, -3.720000000000002, 5.48, 10.5901, -3.7199500000000003, 5.4799500000000005, -0.00948
21, 10.589999999999998, -3.7300000000000018, 5.48, 10.59045, -3.7305, 5.4798, -0.00947
21, 10.589999999999998, -3.7400000000000015, 5.48, 10.58965, -3.7395, 5.4798, -0.009439
21, 10.589999999999998, -3.7500000000000013, 5.48, 10.59055, -3.7504, 5.479900000000001, -0.009491
21, 10.589999999999998, -3.760000000000001, 5.48, 10.590200000000001, -3.7605500000000003, 5.480200000000001, -0.009428
21, 10.589999999999998, -3.770000000000001, 5.48, 10.590150000000001, -3.76975, 5.48025, -0.00948
21, 10.589999999999998, -3.7800000000000007, 5.48, 10.59025, -3.7808, 5.4799500000000005, -0.009423
21, 10.589999999999998, -3.7900000000000005, 5.48, 10.590200000000001, -3.78955, 5.479850000000001, -0.009444
21, 10.589999999999998, -3.8000000000000003, 5.48, 10.58985, -3.80005, 5.480150000000001, -0.00947
21, 10.589999999999998, -3.81, 5.48, 10.59045, -3.8105, 5.48, -0.009475
21, 10.589999999999998, -3.82, 5.48, 10.590150000000001, -3.8204000000000002, 5.4799500000000005, -0.009418
21, 10.589999999999998, -3.8299999999999996, 5.48, 10.59035, -3.82995, 5.479850000000001, -0.00948
21, 10.589999999999998, -3.8399999999999994, 5.48, 10.5905, -3.8405500000000004, 5.48005, -0.009428
21, 10.589999999999998, -3.849999999999999, 5.48, 10.59025, -3.8499, 5.480150000000001, -0.009475
21, 10.589999999999998, -3.859999999999999, 5.48, 10.5904, -3.86015, 5.48005, -0.009428
21, 10.589999999999998, -3.8699999999999988, 5.48, 10.58985, -3.86965, 5.479900000000001, -0.009439
21, 10.589999999999998, -3.8799999999999986, 5.48, 10.59045, -3.88005, 5.4801, -0.00946
21, 10.589999999999998, -3.8899999999999983, 5.48, 10.590900000000001, -3.8904, 5.4801, -0.009475
21, 10.589999999999998, -3.899999999999998, 5.48, 10.590050000000002, -3.8998000000000004, 5.480150000000001, -0.009439
21, 10.589999999999998, -3.909999999999998, 5.48, 10.589550000000001, -3.90975, 5.480150000000001, -0.009475
21, 10.589999999999998, -3.9199999999999977, 5.48, 10.58985, -3.9203500000000004, 5.4798, -0.00947
21, 10.589999999999998, -3.9299999999999975, 5.48, 10.58925, -3.9295500000000003, 5.4798, -0.009465
22, 10.579999999999998, -3.9299999999999975, 5.48, 10.580200000000001, -3.9301000000000004, 5.48, -0.009423
22, 10.569999999999999, -3.9299999999999975, 5.48, 10.57, -3.9301500000000003, 5.48, -0.00947
22, 10.559999999999999, -3.9299999999999975, 5.48, 10.559800000000001, -3.9301000000000004, 5.4801, -0.009486
22, 10.549999999999999, -3.9299999999999975, 5.48, 10.54945, -3.9301000000000004, 5.4801, -0.009428
22, 10.54, -3.9299999999999975, 5.48, 10.540400000000002, -3.9299, 5.4801, -0.009433
22, 10.53, -3.9299999999999975, 5.48, 10.529800000000002, -3.9299, 5.48, -0.009475
22, 10.52, -3.9299999999999975, 5.48, 10.51985, -3.93, 5.48, -0.009428
22, 10.51, -3.9299999999999975, 5.48, 10.5103, -3.9301500000000003, 5.4799500000000005, -0.00947
22, 10.5, -3.9299999999999975, 5.48, 10.500300000000001, -3.93005, 5.479900000000001, -0.009418
22, 10.49, -3.9299999999999975, 5.48, 10.489600000000001, -3.9299500000000003, 5.479900000000001, -0.009428
22, 10.48, -3.9299999999999975, 5.48, 10.479550000000001, -3.9299, 5.48, -0.00948
22, 10.47, -3.9299999999999975, 5.48, 10.4702, -3.93, 5.48, -0.009428
22, 10.46, -3.9299999999999975, 5.48, 10.459400000000002, -3.9302, 5.48, -0.00947
22, 10.450000000000001, -3.9299999999999975, 5.48, 10.4497, -3.9302, 5.48, -0.009449
22, 10.440000000000001, -3.9299999999999975, 5.48, 10.439300000000001, -3.93025, 5.48, -0.009491
22, 10.430000000000001, -3.9299999999999975, 5.48, 10.42975, -3.93005, 5.48, -0.00947
22, 10.420000000000002, -3.9299999999999975, 5.48, 10.419450000000001, -3.9298, 5.48005, -0.009428
22, 10.410000000000002, -3.9299999999999975, 5.48, 10.410200000000001, -3.9298, 5.4801, -0.00947
22, 10.400000000000002, -3.9299999999999975, 5.48, 10.39995, -3.93005, 5.4801, -0.009433
22, 10.390000000000002, -3.9299999999999975, 5.48, 10.389850000000001, -3.9303500000000002, 5.48, -0.009465
22, 10.380000000000003, -3.9299999999999975, 5.48, 10.379650000000002, -3.9299500000000003, 5.4799500000000005, -0.009444
22, 10.370000000000003, -3.9299999999999975, 5.48, 10.3695, -3.9298500000000005, 5.479850000000001, -0.009475
22, 10.370000000000003, -3.9199999999999977, 5.48, 10.370550000000001, -3.9198500000000003, 5.48005, -0.009433
22, 10.370000000000003, -3.909999999999998, 5.48, 10.37085, -3.9103000000000003, 5.4801, -0.009454
22, 10.370000000000003, -3.899999999999998, 5.48, 10.37075, -3.90015, 5.4801, -0.009433
22, 10.370000000000003, -3.8899999999999983, 5.48, 10.36895, -3.88975, 5.48, -0.009465
22, 10.370000000000003, -3.8799999999999986, 5.48, 10.3701, -3.8795, 5.48, -0.009433
22, 10.370000000000003, -3.8699999999999988, 5.48, 10.36955, -3.8694, 5.479850000000001, -0.009475
22, 10.370000000000003, -3.859999999999999, 5.48, 10.369950000000001, -3.86025, 5.479900000000001, -0.009465
22, 10.370000000000003, -3.849999999999999, 5.48, 10.370700000000001, -3.85035, 5.48, -0.009433
22, 10.370000000000003, -3.8399999999999994, 5.48, 10.3697, -3.8402000000000003, 5.48, -0.00946
22, 10.370000000000003, -3.8299999999999996, 5.48, 10.37025, -3.8300500000000004, 5.48, -0.009454
22, 10.370000000000003, -3.82, 5.48, 10.369950000000001, -3.8198000000000003, 5.48, -0.00947
22, 10.370000000000003, -3.81, 5.48, 10.36925, -3.81015, 5.48, -0.009428
22, 10.370000000000003, -3.8000000000000003, 5.48, 10.36975, -3.80005, 5.48, -0.009486
22, 10.370000000000003, -3.7900000000000005, 5.48, 10.370400000000002, -3.7917, 5.48, -0.009486
22, 10.370000000000003, -3.7800000000000007, 5.48, 10.37005, -3.7795, 5.48, -0.009423
22, 10.370000000000003, -3.770000000000001, 5.48, 10.37035, -3.7701000000000002, 5.48, -0.00948
22, 10.370000000000003, -3.760000000000001, 5.48, 10.370700000000001, -3.7603, 5.48, -0.009428
22, 10.370000000000003, -3.7500000000000013, 5.48, 10.370400000000002, -3.7503500000000005, 5.48, -0.00947
22, 10.370000000000003, -3.7400000000000015, 5.48, 10.369650000000002, -3.7395500000000004, 5.48, -0.009475
22, 10.370000000000003, -3.7300000000000018, 5.48, 10.369900000000001, -3.72955, 5.48, -0.009475
22, 10.370000000000003, -3.720000000000002, 5.48, 10.370700000000001, -3.72, 5.48, -0.009491
22, 10.370000000000003, -3.710000000000002, 5.48, 10.37015, -3.7101, 5.48, -0.009428
23, 10.380000000000003, -3.710000000000002, 5.48, 10.3808, -3.7098500000000003, 5.48, -0.009454
23, 10.390000000000002, -3.710000000000002, 5.48, 10.3901, -3.7098, 5.48, -0.009428
23, 10.400000000000002, -3.710000000000002, 5.48, 10.3995, -3.71, 5.48, -0.009475
23, 10.410000000000002, -3.710000000000002, 5.48, 10.410050000000002, -3.7100500000000003, 5.48005, -0.00948
23, 10.420000000000002, -3.710000000000002, 5.48, 10.420350000000001, -3.71015, 5.4801, -0.009428
23, 10.430000000000001, -3.710000000000002, 5.48, 10.4301, -3.71015, 5.4801, -0.009475
23, 10.440000000000001, -3.710000000000002, 5.48, 10.44, -3.71, 5.4801, -0.009439
23, 10.450000000000001, -3.710000000000002, 5.48, 10.45015, -3.70995, 5.48, -0.009428
23, 10.46, -3.710000000000002, 5.48, 10.46, -3.7101, 5.48, -0.009491
23, 10.47, -3.710000000000002, 5.48, 10.4701, -3.7101, 5.48, -0.009423
23, 10.48, -3.710000000000002, 5.48, 10.479700000000001, -3.7100500000000003, 5.479900000000001, -0.009423
23, 10.49, -3.710000000000002, 5.48, 10.489650000000001, -3.71, 5.4799500000000005, -0.009486
23, 10.5, -3.710000000000002, 5.48, 10.5005, -3.7099, 5.4799500000000005, -0.009439
23, 10.51, -3.710000000000002, 5.48, 10.50985, -3.7099, 5.4799500000000005, -0.009423
23, 10.52, -3.710000000000002, 5.48, 10.520050000000001, -3.7099, 5.4799500000000005, -0.009439
23, 10.53, -3.710000000000002, 5.48, 10.53035, -3.70995, 5.48005, -0.00946
23, 10.54, -3.710000000000002, 5.48, 10.54035, -3.71015, 5.480150000000001, -0.009454
23, 10.549999999999999, -3.710000000000002, 5.48, 10.55005, -3.70995, 5.48, -0.009475
23, 10.559999999999999, -3.710000000000002, 5.48, 10.56005, -3.7098500000000003, 5.4799500000000005, -0.009491
23, 10.569999999999999, -3.710000000000002, 5.48, 10.570050000000002, -3.7098500000000003, 5.4798, -0.009444
23, 10.579999999999998, -3.710000000000002, 5.48, 10.57965, -3.7101, 5.48, -0.009465
23, 10.589999999999998, -3.710000000000002, 5.48, 10.59045, -3.7101, 5.4801, -0.009423
23, 10.599999999999998, -3.710000000000002, 5.48, 10.600550000000002, -3.7100500000000003, 5.4801, -0.009475
23, 10.599999999999998, -3.720000000000002, 5.48, 10.59985, -3.7195500000000004, 5.480150000000001, -0.009439
23, 10.599999999999998, -3.7300000000000018, 5.48, 10.600850000000001, -3.7307, 5.48005, -0.00946
23, 10.599999999999998, -3.7400000000000015, 5.48, 10.59985, -3.7403500000000003, 5.479850000000001, -0.009501
23, 10.599999999999998, -3.7500000000000013, 5.48, 10.600200000000001, -3.7498500000000003, 5.479900000000001, -0.009423
23, 10.599999999999998, -3.760000000000001, 5.48, 10.599650000000002, -3.75945, 5.4801, -0.00947
23, 10.599999999999998, -3.770000000000001, 5.48, 10.601, -3.77015, 5.48, -0.009428
23, 10.599999999999998, -3.7800000000000007, 5.48, 10.600200000000001, -3.7799, 5.48, -0.009486
23, 10.599999999999998, -3.7900000000000005, 5.48, 10.6006, -3.7899000000000003, 5.48, -0.009428
23, 10.599999999999998, -3.8000000000000003, 5.48, 10.599900000000002, -3.8003, 5.48, -0.009475
23, 10.599999999999998, -3.81, 5.48, 10.6003, -3.8102000000000005, 5.48, -0.009433
23, 10.599999999999998, -3.82, 5.48, 10.60025, -3.8199, 5.48, -0.009444
23, 10.599999999999998, -3.8299999999999996, 5.48, 10.600100000000001, -3.8305, 5.48, -0.009428
23, 10.599999999999998, -3.8399999999999994, 5.48, 10.599900000000002, -3.83985, 5.48005, -0.00948
23, 10.599999999999998, -3.849999999999999, 5.48, 10.6003, -3.85005, 5.479850000000001, -0.009428
23, 10.599999999999998, -3.859999999999999, 5.48, 10.600100000000001, -3.8598500000000002, 5.4799500000000005, -0.009475
23, 10.599999999999998, -3.8699999999999988, 5.48, 10.600550000000002, -3.8698, 5.48005, -0.009491
23, 10.599999999999998, -3.8799999999999986, 5.48, 10.600050000000001, -3.88, 5.480150000000001, -0.009428
23, 10.599999999999998, -3.8899999999999983, 5.48, 10.600150000000001, -3.89005, 5.4801, -0.00948
23, 10.599999999999998, -3.899999999999998, 5.48, 10.600150000000001, -3.8999500000000005, 5.479850000000001, -0.009433
23, 10.599999999999998, -3.909999999999998, 5.48, 10.60045, -3.91065, 5.479850000000001, -0.009454
23, 10.599999999999998, -3.9199999999999977, 5.48, 10.600100000000001, -3.9197, 5.4799500000000005, -0.009428
23, 10.599999999999998, -3.9299999999999975, 5.48, 10.59985, -3.93, 5.480150000000001, -0.009439
23, 10.599999999999998, -3.9399999999999973, 5.48, 10.59975, -3.9392000000000005, 5.480150000000001, -0.009454
24, 10.589999999999998, -3.9399999999999973, 5.48, 10.5898, -3.93965, 5.48005, -0.009475
24, 10.579999999999998, -3.9399999999999973, 5.48, 10.57985, -3.9399, 5.479850000000001, -0.009465
24, 10.569999999999999, -3.9399999999999973, 5.48, 10.569650000000001, -3.9399, 5.48005, -0.009449
24, 10.559999999999999, -3.9399999999999973, 5.48, 10.55945, -3.9398500000000003, 5.480150000000001, -0.009418
24, 10.549999999999999, -3.9399999999999973, 5.48, 10.54945, -3.93995, 5.48005, -0.009423
24, 10.54, -3.9399999999999973, 5.48, 10.5396, -3.9399, 5.4799500000000005, -0.00948
24, 10.53, -3.9399999999999973, 5.48, 10.53025, -3.9399, 5.479850000000001, -0.009454
24, 10.52, -3.9399999999999973, 5.48, 10.5197, -3.93995, 5.479850000000001, -0.00948
24, 10.51, -3.9399999999999973, 5.48, 10.5098, -3.9401, 5.48025, -0.009439
24, 10.5, -3.9399999999999973, 5.48, 10.500050000000002, -3.9399, 5.48, -0.009475
24, 10.49, -3.9399999999999973, 5.48, 10.489700000000001, -3.9399, 5.48005, -0.009433
24, 10.48, -3.9399999999999973, 5.48, 10.48035, -3.9398, 5.48, -0.00948
24, 10.47, -3.9399999999999973, 5.48, 10.470150000000002, -3.93995, 5.48, -0.009428
24, 10.46, -3.9399999999999973, 5.48, 10.4605, -3.93995, 5.48025, -0.009444
24, 10.450000000000001, -3.9399999999999973, 5.48, 10.4497, -3.93995, 5.480300000000001, -0.009491
24, 10.440000000000001, -3.9399999999999973, 5.48, 10.4397, -3.93995, 5.479900000000001, -0.00948
24, 10.430000000000001, -3.9399999999999973, 5.48, 10.429950000000002, -3.9399, 5.47965, -0.009439
24, 10.420000000000002, -3.9399999999999973, 5.48, 10.4189, -3.9398500000000003, 5.479700000000001, -0.00948
24, 10.410000000000002, -3.9399999999999973, 5.48, 10.40995, -3.93995, 5.479900000000001, -0.009439
24, 10.400000000000002, -3.9399999999999973, 5.48, 10.40035, -3.9401, 5.480150000000001, -0.009465
24, 10.390000000000002, -3.9399999999999973, 5.48, 10.38945, -3.9400500000000003, 5.480150000000001, -0.009475
24, 10.380000000000003, -3.9399999999999973, 5.48, 10.380300000000002, -3.93995, 5.48005, -0.009486
24, 10.370000000000003, -3.9399999999999973, 5.48, 10.369650000000002, -3.93995, 5.479900000000001, -0.009433
24, 10.360000000000003, -3.9399999999999973, 5.48, 10.360050000000001, -3.94, 5.4798, -0.00946
24, 10.360000000000003, -3.9299999999999975, 5.48, 10.35985, -3.92965, 5.479900000000001, -0.009428
24, 10.360000000000003, -3.9199999999999977, 5.48, 10.35955, -3.9195, 5.48005, -0.009433
24, 10.360000000000003, -3.909999999999998, 5.48, 10.3602, -3.9095, 5.4801, -0.009433
24, 10.360000000000003, -3.899999999999998, 5.48, 10.36015, -3.8998000000000004, 5.48, -0.009475
24, 10.360000000000003, -3.8899999999999983, 5.48, 10.35955, -3.89005, 5.48, -0.009439
24, 10.360000000000003, -3.8799999999999986, 5.48, 10.36025, -3.8794, 5.48, -0.00947
24, 10.360000000000003, -3.8699999999999988, 5.48, 10.3596, -3.8702, 5.48, -0.009439
24, 10.360000000000003, -3.859999999999999, 5.48, 10.3603, -3.8597, 5.48, -0.00947
24, 10.360000000000003, -3.849999999999999, 5.48, 10.359950000000001, -3.8498500000000004, 5.479900000000001, -0.009465
24, 10.360000000000003, -3.8399999999999994, 5.48, 10.35985, -3.8401000000000005, 5.4799500000000005, -0.009439
24, 10.360000000000003, -3.8299999999999996, 5.48, 10.359650000000002, -3.83, 5.48005, -0.009439
24, 10.360000000000003, -3.82, 5.48, 10.36, -3.8203, 5.480150000000001, -0.009465
24, 10.360000000000003, -3.81, 5.48, 10.36015, -3.8104500000000003, 5.4798, -0.009402
24, 10.360000000000003, -3.8000000000000003, 5.48, 10.3605, -3.8004000000000002, 5.479850000000001, -0.00947
24, 10.360000000000003, -3.7900000000000005, 5.48, 10.359350000000001, -3.7900500000000004, 5.48005, -0.009433
24, 10.360000000000003, -3.7800000000000007, 5.48, 10.35875, -3.78, 5.480150000000001, -0.009449
24, 10.360000000000003, -3.770000000000001, 5.48, 10.360100000000001, -3.7703, 5.479900000000001, -0.009433
24, 10.360000000000003, -3.760000000000001, 5.48, 10.360800000000001, -3.7612, 5.4798, -0.009486
24, 10.360000000000003, -3.7500000000000013, 5.48, 10.359900000000001, -3.7496000000000005, 5.4798, -0.00948
24, 10.360000000000003, -3.7400000000000015, 5.48, 10.3595, -3.7396000000000003, 5.48, -0.009449
24, 10.360000000000003, -3.7300000000000018, 5.48, 10.359350000000001, -3.7303, 5.48005, -0.009475
24, 10.360000000000003, -3.720000000000002, 5.48, 10.359650000000002, -3.7195, 5.480150000000001, -0.009423
24, 10.360000000000003, -3.710000000000002, 5.48, 10.359350000000001, -3.70975, 5.480150000000001, -0.009418
24, 10.360000000000003, -3.7000000000000024, 5.48, 10.360100000000001, -3.6995500000000003, 5.479900000000001, -0.009454
25, 10.370000000000003, -3.7000000000000024, 5.48, 10.369800000000001, -3.7003000000000004, 5.479850000000001, -0.009418
25, 10.380000000000003, -3.7000000000000024, 5.48, 10.380300000000002, -3.7001500000000003, 5.479850000000001, -0.009475
25, 10.390000000000002, -3.7000000000000024, 5.48, 10.390450000000001, -3.6999500000000003, 5.4799500000000005, -0.009433
25, 10.400000000000002, -3.7000000000000024, 5.48, 10.39995, -3.6996, 5.48005, -0.009454
25, 10.410000000000002, -3.7000000000000024, 5.48, 10.411, -3.6997000000000004, 5.480150000000001, -0.00948
25, 10.420000000000002, -3.7000000000000024, 5.48, 10.420300000000001, -3.7, 5.480150000000001, -0.009428
25, 10.430000000000001, -3.7000000000000024, 5.48, 10.430050000000001, -3.7001500000000003, 5.480200000000001, -0.009496
25, 10.440000000000001, -3.7000000000000024, 5.48, 10.439800000000002, -3.7, 5.4798, -0.00946
25, 10.450000000000001, -3.7000000000000024, 5.48, 10.45045, -3.6998, 5.479850000000001, -0.009418
25, 10.46, -3.7000000000000024, 5.48, 10.460600000000001, -3.6996, 5.479850000000001, -0.009428
25, 10.47, -3.7000000000000024, 5.48, 10.47005, -3.69975, 5.4799500000000005, -0.009454
25, 10.48, -3.7000000000000024, 5.48, 10.4807, -3.7001000000000004, 5.48005, -0.009465
25, 10.49, -3.7000000000000024, 5.48, 10.489900000000002, -3.7002, 5.480200000000001, -0.009433
25, 10.5, -3.7000000000000024, 5.48, 10.50025, -3.7001500000000003, 5.480200000000001, -0.009428
25, 10.51, -3.7000000000000024, 5.48, 10.50975, -3.6999500000000003, 5.48005, -0.009475
25, 10.52, -3.7000000000000024, 5.48, 10.520050000000001, -3.69975, 5.4799500000000005, -0.009433
25, 10.53, -3.7000000000000024, 5.48, 10.530550000000002, -3.6999500000000003, 5.479850000000001, -0.009486
25, 10.54, -3.7000000000000024, 5.48, 10.54, -3.7001500000000003, 5.479900000000001, -0.00947
25, 10.549999999999999, -3.7000000000000024, 5.48, 10.550650000000001, -3.7001500000000003, 5.480150000000001, -0.009439
25, 10.559999999999999, -3.7000000000000024, 5.48, 10.5596, -3.7, 5.480150000000001, -0.009444
25, 10.569999999999999, -3.7000000000000024, 5.48, 10.56985, -3.6998500000000005, 5.480150000000001, -0.009439
25, 10.579999999999998, -3.7000000000000024, 5.48, 10.5806, -3.69975, 5.479900000000001, -0.009465
25, 10.589999999999998, -3.7000000000000024, 5.48, 10.58975, -3.7, 5.4798, -0.009439
25, 10.599999999999998, -3.7000000000000024, 5.48, 10.60035, -3.7001000000000004, 5.479850000000001, -0.00948
25, 10.609999999999998, -3.7000000000000024, 5.48, 10.610400000000002, -3.7001000000000004, 5.48005, -0.009428
25, 10.609999999999998, -3.710000000000002, 5.48, 10.61025, -3.7098, 5.480200000000001, -0.009491
25, 10.609999999999998, -3.720000000000002, 5.48, 10.60955, -3.71945, 5.4799500000000005, -0.00946
25, 10.609999999999998, -3.7300000000000018, 5.48, 10.6105, -3.7303500000000005, 5.479850000000001, -0.009423
25, 10.609999999999998, -3.7400000000000015, 5.48, 10.61, -3.7403500000000003, 5.48, -0.009433
25, 10.609999999999998, -3.7500000000000013, 5.48, 10.61025, -3.7499000000000002, 5.48, -0.009418
25, 10.609999999999998, -3.760000000000001, 5.48, 10.610550000000002, -3.7608, 5.48, -0.009475
25, 10.609999999999998, -3.770000000000001, 5.48, 10.6102, -3.76995, 5.48, -0.00948
25, 10.609999999999998, -3.7800000000000007, 5.48, 10.6102, -3.7803, 5.48, -0.009428
25, 10.609999999999998, -3.7900000000000005, 5.48, 10.610700000000001, -3.7902000000000005, 5.48, -0.009465
25, 10.609999999999998, -3.8000000000000003, 5.48, 10.61015, -3.8001000000000005, 5.48, -0.009444
25, 10.609999999999998, -3.81, 5.48, 10.609900000000001, -3.81015, 5.4799500000000005, -0.00947
25, 10.609999999999998, -3.82, 5.48, 10.610650000000001, -3.82005, 5.480150000000001, -0.009413
25, 10.609999999999998, -3.8299999999999996, 5.48, 10.60975, -3.8301000000000003, 5.48, -0.00947
25, 10.609999999999998, -3.8399999999999994, 5.48, 10.610100000000001, -3.83985, 5.48, -0.009433
25, 10.609999999999998, -3.849999999999999, 5.48, 10.609950000000001, -3.8497000000000003, 5.4799500000000005, -0.009491
25, 10.609999999999998, -3.859999999999999, 5.48, 10.61035, -3.85975, 5.479900000000001, -0.009433
25, 10.609999999999998, -3.8699999999999988, 5.48, 10.609800000000002, -3.8697000000000004, 5.479900000000001, -0.009449
25, 10.609999999999998, -3.8799999999999986, 5.48, 10.60985, -3.8802000000000003, 5.48, -0.009418
25, 10.609999999999998, -3.8899999999999983, 5.48, 10.609200000000001, -3.8899, 5.48, -0.00948
25, 10.609999999999998, -3.899999999999998, 5.48, 10.610700000000001, -3.8997, 5.48, -0.009433
25, 10.609999999999998, -3.909999999999998, 5.48, 10.61095, -3.9103000000000003, 5.48, -0.009418
25, 10.609999999999998, -3.9199999999999977, 5.48, 10.6103, -3.92025, 5.48, -0.009418
25, 10.609999999999998, -3.9299999999999975, 5.48, 10.609650000000002, -3.9301000000000004, 5.48, -0.009491
25, 10.609999999999998, -3.9399999999999973, 5.48, 10.609650000000002, -3.9402000000000004, 5.48, -0.009491
25, 10.609999999999998, -3.949999999999997, 5.48, 10.61025, -3.9501500000000003, 5.48, -0.009423
26, 10.599999999999998, -3.949999999999997, 5.48, 10.6, -3.94975, 5.48005, -0.00947
26, 10.589999999999998, -3.949999999999997, 5.48, 10.589550000000001, -3.94975, 5.480150000000001, -0.009439
26, 10.579999999999998, -3.949999999999997, 5.48, 10.57985, -3.9501500000000003, 5.480150000000001, -0.00947
26, 10.569999999999999, -3.949999999999997, 5.48, 10.570200000000002, -3.9501000000000004, 5.4799500000000005, -0.009423
26, 10.559999999999999, -3.949999999999997, 5.48, 10.5605, -3.9501500000000003, 5.479850000000001, -0.009433
26, 10.549999999999999, -3.949999999999997, 5.48, 10.5496, -3.9499500000000003, 5.479850000000001, -0.009491
26, 10.54, -3.949999999999997, 5.48, 10.539550000000002, -3.9498500000000005, 5.4801, -0.009439
26, 10.53, -3.949999999999997, 5.48, 10.530400000000002, -3.9499500000000003, 5.480200000000001, -0.009418
26, 10.52, -3.949999999999997, 5.48, 10.519950000000001, -3.95, 5.480150000000001, -0.009465
26, 10.51, -3.949999999999997, 5.48, 10.50985, -3.9501000000000004, 5.479850000000001, -0.009423
26, 10.5, -3.949999999999997, 5.48, 10.500300000000001, -3.9501000000000004, 5.479850000000001, -0.009475
26, 10.49, -3.949999999999997, 5.48, 10.49025, -3.9501000000000004, 5.479850000000001, -0.009475
26, 10.48, -3.949999999999997, 5.48, 10.48025, -3.95, 5.48, -0.009418
26, 10.47, -3.949999999999997, 5.48, 10.470150000000002, -3.9499500000000003, 5.48005, -0.009486
26, 10.46, -3.949999999999997, 5.48, 10.45925, -3.9498500000000005, 5.480150000000001, -0.009433
26, 10.450000000000001, -3.949999999999997, 5.48, 10.449800000000002, -3.9499, 5.480200000000001, -0.009449
26, 10.440000000000001, -3.949999999999997, 5.48, 10.439400000000001, -3.9499, 5.480200000000001, -0.009433
26, 10.430000000000001, -3.949999999999997, 5.48, 10.42975, -3.9499, 5.4801, -0.00948
26, 10.420000000000002, -3.949999999999997, 5.48, 10.420300000000001, -3.9501000000000004, 5.479850000000001, -0.009454
26, 10.410000000000002, -3.949999999999997, 5.48, 10.40995, -3.9501000000000004, 5.479850000000001, -0.00947
26, 10.400000000000002, -3.949999999999997, 5.48, 10.3999, -3.95005, 5.4799500000000005, -0.009465
26, 10.390000000000002, -3.949999999999997, 5.48, 10.3895, -3.9499500000000003, 5.48005, -0.009433
26, 10.380000000000003, -3.949999999999997, 5.48, 10.380400000000002, -3.9499500000000003, 5.480150000000001, -0.009449
26, 10.370000000000003, -3.949999999999997, 5.48, 10.3697, -3.9499, 5.480150000000001, -0.009423
26, 10.360000000000003, -3.949999999999997, 5.48, 10.3595, -3.9499500000000003, 5.480150000000001, -0.00948
26, 10.350000000000003, -3.949999999999997, 5.48, 10.34975, -3.95005, 5.4798, -0.009439
26, 10.350000000000003, -3.9399999999999973, 5.48, 10.349950000000002, -3.9406000000000003, 5.480200000000001, -0.009433
26, 10.350000000000003, -3.9299999999999975, 5.48, 10.3491, -3.9293500000000003, 5.480200000000001, -0.009449
26, 10.350000000000003, -3.9199999999999977, 5.48, 10.350100000000001, -3.9199500000000005, 5.479850000000001, -0.009433
26, 10.350000000000003, -3.909999999999998, 5.48, 10.349900000000002, -3.9102, 5.4801, -0.009439
26, 10.350000000000003, -3.899999999999998, 5.48, 10.349800000000002, -3.8995, 5.48025, -0.00946
26, 10.350000000000003, -3.8899999999999983, 5.48, 10.349350000000001, -3.8893500000000003, 5.480200000000001, -0.00948
26, 10.350000000000003, -3.8799999999999986, 5.48, 10.349950000000002, -3.8798500000000002, 5.48, -0.009439
26, 10.350000000000003, -3.8699999999999988, 5.48, 10.350550000000002, -3.87065, 5.48, -0.009465
26, 10.350000000000003, -3.859999999999999, 5.48, 10.35035, -3.86, 5.479850000000001, -0.009475
26, 10.350000000000003, -3.849999999999999, 5.48, 10.350550000000002, -3.8506000000000005, 5.479850000000001, -0.009444
26, 10.350000000000003, -3.8399999999999994, 5.48, 10.349900000000002, -3.84, 5.480150000000001, -0.009475
26, 10.350000000000003, -3.8299999999999996, 5.48, 10.349900000000002, -3.8303000000000003, 5.4801, -0.009439
26, 10.350000000000003, -3.82, 5.48, 10.3496, -3.81975, 5.479850000000001, -0.00948
26, 10.350000000000003, -3.81, 5.48, 10.349800000000002, -3.8100500000000004, 5.48005, -0.009433
26, 10.350000000000003, -3.8000000000000003, 5.48, 10.350050000000001, -3.80025, 5.48005, -0.00946
26, 10.350000000000003, -3.7900000000000005, 5.48, 10.349400000000001, -3.78995, 5.479850000000001, -0.009449
26, 10.350000000000003, -3.7800000000000007, 5.48, 10.349150000000002, -3.7798000000000003, 5.479850000000001, -0.009486
26, 10.350000000000003, -3.770000000000001, 5.48, 10.34975, -3.76995, 5.479850000000001, -0.009423
26, 10.350000000000003, -3.760000000000001, 5.48, 10.35035, -3.76, 5.48, -0.009433
26, 10.350000000000003, -3.7500000000000013, 5.48, 10.3503, -3.7500500000000003, 5.480150000000001, -0.009439
26, 10.350000000000003, -3.7400000000000015, 5.48, 10.3503, -3.74, 5.4799500000000005, -0.009486
26, 10.350000000000003, -3.7300000000000018, 5.48, 10.34955, -3.72995, 5.479850000000001, -0.009423
26, 10.350000000000003, -3.720000000000002, 5.48, 10.349050000000002, -3.7194000000000003, 5.479850000000001, -0.00947
26, 10.350000000000003, -3.710000000000002, 5.48, 10.350050000000001, -3.7098500000000003, 5.4799500000000005, -0.009418
26, 10.350000000000003, -3.7000000000000024, 5.48, 10.3496, -3.6994000000000002, 5.480150000000001, -0.00948
26, 10.350000000000003, -3.6900000000000026, 5.48, 10.34955, -3.6903500000000005, 5.480200000000001, -0.009454
27, 10.360000000000003, -3.6900000000000026, 5.48, 10.360400000000002, -3.6896000000000004, 5.4801, -0.009439
27, 10.370000000000003, -3.6900000000000026, 5.48, 10.370550000000001, -3.6901, 5.4799500000000005, -0.009418
27, 10.380000000000003, -3.6900000000000026, 5.48, 10.379950000000001, -3.6904, 5.479850000000001, -0.009444
27, 10.390000000000002, -3.6900000000000026, 5.48, 10.390300000000002, -3.68975, 5.479900000000001, -0.00947
27, 10.400000000000002, -3.6900000000000026, 5.48, 10.40025, -3.6897, 5.479900000000001, -0.009423
27, 10.410000000000002, -3.6900000000000026, 5.48, 10.410800000000002, -3.6897, 5.48, -0.009423
27, 10.420000000000002, -3.6900000000000026, 5.48, 10.4204, -3.68995, 5.48, -0.009433
27, 10.430000000000001, -3.6900000000000026, 5.48, 10.4311, -3.6903, 5.48, -0.009428
27, 10.440000000000001, -3.6900000000000026, 5.48, 10.43945, -3.6898, 5.48, -0.009449
27, 10.450000000000001, -3.6900000000000026, 5.48, 10.45045, -3.68955, 5.48, -0.00948
27, 10.46, -3.6900000000000026, 5.48, 10.460400000000002, -3.6901, 5.48, -0.009428
27, 10.47, -3.6900000000000026, 5.48, 10.469700000000001, -3.6903500000000005, 5.48, -0.009433
27, 10.48, -3.6900000000000026, 5.48, 10.4806, -3.6903500000000005, 5.48, -0.00948
27, 10.49, -3.6900000000000026, 5.48, 10.48995, -3.68965, 5.48, -0.009449
27, 10.5, -3.6900000000000026, 5.48, 10.50025, -3.6897, 5.48, -0.009418
27, 10.51, -3.6900000000000026, 5.48, 10.50985, -3.6900500000000003, 5.48, -0.009486
27, 10.52, -3.6900000000000026, 5.48, 10.52, -3.6904, 5.48, -0.00947
27, 10.53, -3.6900000000000026, 5.48, 10.5306, -3.6898, 5.48, -0.009413
27, 10.54, -3.6900000000000026, 5.48, 10.5402, -3.68965, 5.48, -0.009433
27, 10.549999999999999, -3.6900000000000026, 5.48, 10.550450000000001, -3.6904500000000002, 5.48, -0.00946
27, 10.559999999999999, -3.6900000000000026, 5.48, 10.55935, -3.69025, 5.48, -0.00947
27, 10.569999999999999, -3.6900000000000026, 5.48, 10.570050000000002, -3.6898500000000003, 5.48, -0.009428
27, 10.579999999999998, -3.6900000000000026, 5.48, 10.57985, -3.6896000000000004, 5.48, -0.009433
27, 10.589999999999998, -3.6900000000000026, 5.48, 10.5898, -3.68965, 5.4801, -0.009475
27, 10.599999999999998, -3.6900000000000026, 5.48, 10.600550000000002, -3.6902000000000004, 5.480200000000001, -0.009423
27, 10.609999999999998, -3.6900000000000026, 5.48, 10.61, -3.69025, 5.480150000000001, -0.009465
27, 10.619999999999997, -3.6900000000000026, 5.48, 10.6201, -3.6898500000000003, 5.4801, -0.009423
27, 10.619999999999997, -3.7000000000000024, 5.48, 10.619950000000001, -3.7001500000000003, 5.479850000000001, -0.009418
27, 10.619999999999997, -3.710000000000002, 5.48, 10.62, -3.7098, 5.480150000000001, -0.009439
27, 10.619999999999997, -3.720000000000002, 5.48, 10.6203, -3.7206000000000006, 5.480200000000001, -0.00947
27, 10.619999999999997, -3.7300000000000018, 5.48, 10.6203, -3.73025, 5.4799500000000005, -0.009475
27, 10.619999999999997, -3.7400000000000015, 5.48, 10.6205, -3.7405500000000003, 5.479850000000001, -0.00947
27, 10.619999999999997, -3.7500000000000013, 5.48, 10.62, -3.74995, 5.48, -0.009433
27, 10.619999999999997, -3.760000000000001, 5.48, 10.62015, -3.7598000000000003, 5.48, -0.009433
27, 10.619999999999997, -3.770000000000001, 5.48, 10.619200000000001, -3.7698500000000004, 5.48, -0.009428
27, 10.619999999999997, -3.7800000000000007, 5.48, 10.619900000000001, -3.7802000000000002, 5.48, -0.009465
27, 10.619999999999997, -3.7900000000000005, 5.48, 10.6203, -3.7903500000000006, 5.48, -0.009475
27, 10.619999999999997, -3.8000000000000003, 5.48, 10.6203, -3.80045, 5.48, -0.009444
27, 10.619999999999997, -3.81, 5.48, 10.6197, -3.81015, 5.48, -0.009475
27, 10.619999999999997, -3.82, 5.48, 10.6201, -3.8204000000000002, 5.48, -0.009428
27, 10.619999999999997, -3.8299999999999996, 5.48, 10.6203, -3.82995, 5.48, -0.009496
27, 10.619999999999997, -3.8399999999999994, 5.48, 10.6202, -3.84005, 5.48, -0.009439
27, 10.619999999999997, -3.849999999999999, 5.48, 10.619800000000001, -3.84965, 5.48, -0.00947
27, 10.619999999999997, -3.859999999999999, 5.48, 10.62015, -3.86025, 5.480200000000001, -0.009444
27, 10.619999999999997, -3.8699999999999988, 5.48, 10.6202, -3.87, 5.4801, -0.009475
27, 10.619999999999997, -3.8799999999999986, 5.48, 10.6205, -3.8801000000000005, 5.48, -0.009433
27, 10.619999999999997, -3.8899999999999983, 5.48, 10.62015, -3.8904500000000004, 5.479850000000001, -0.00948
27, 10.619999999999997, -3.899999999999998, 5.48, 10.620400000000002, -3.9000500000000002, 5.479850000000001, -0.009418
27, 10.619999999999997, -3.909999999999998, 5.48, 10.6206, -3.91025, 5.4799500000000005, -0.009465
27, 10.619999999999997, -3.9199999999999977, 5.48, 10.6206, -3.92, 5.4801, -0.00946
27, 10.619999999999997, -3.9299999999999975, 5.48, 10.619800000000001, -3.93025, 5.480150000000001, -0.009439
27, 10.619999999999997, -3.9399999999999973, 5.48, 10.62025, -3.9399, 5.48, -0.009454
27, 10.619999999999997, -3.949999999999997, 5.48, 10.619950000000001, -3.95005, 5.479900000000001, -0.009423
27, 10.619999999999997, -3.959999999999997, 5.48, 10.6196, -3.95955, 5.479900000000001, -0.009428
28, 10.609999999999998, -3.959999999999997, 5.48, 10.6102, -3.9603500000000005, 5.48005, -0.009428
28, 10.599999999999998, -3.959999999999997, 5.48, 10.6, -3.9602000000000004, 5.480150000000001, -0.00947
28, 10.589999999999998, -3.959999999999997, 5.48, 10.5896, -3.9601, 5.4801, -0.009433
28, 10.579999999999998, -3.959999999999997, 5.48, 10.57975, -3.9599, 5.48005, -0.009413
28, 10.569999999999999, -3.959999999999997, 5.48, 10.56995, -3.9598500000000003, 5.48005, -0.009428
28, 10.559999999999999, -3.959999999999997, 5.48, 10.5595, -3.9599, 5.4799500000000005, -0.009423
28, 10.549999999999999, -3.959999999999997, 5.48, 10.549550000000002, -3.9601, 5.479900000000001, -0.009454
28, 10.54, -3.959999999999997, 5.48, 10.539550000000002, -3.96015, 5.48, -0.009428
28, 10.53, -3.959999999999997, 5.48, 10.53025, -3.9600500000000003, 5.48005, -0.009465
28, 10.52, -3.959999999999997, 5.48, 10.519800000000002, -3.9599, 5.480200000000001, -0.009454
28, 10.51, -3.959999999999997, 5.48, 10.510050000000001, -3.96, 5.4799500000000005, -0.00948
28, 10.5, -3.959999999999997, 5.48, 10.500350000000001, -3.9601, 5.479900000000001, -0.00947
28, 10.49, -3.959999999999997, 5.48, 10.49, -3.9602000000000004, 5.479900000000001, -0.009428
28, 10.48, -3.959999999999997, 5.48, 10.47975, -3.9599, 5.48, -0.009475
28, 10.47, -3.959999999999997, 5.48, 10.47025, -3.9598, 5.48, -0.009433
28, 10.46, -3.959999999999997, 5.48, 10.46025, -3.9602000000000004, 5.48, -0.00948
28, 10.450000000000001, -3.959999999999997, 5.48, 10.4497, -3.9602000000000004, 5.48, -0.009433
28, 10.440000000000001, -3.959999999999997, 5.48, 10.4397, -3.9600500000000003, 5.4801, -0.009486
28, 10.430000000000001, -3.959999999999997, 5.48, 10.429950000000002, -3.9599, 5.4801, -0.009449
28, 10.420000000000002, -3.959999999999997, 5.48, 10.4196, -3.9598, 5.48005, -0.009413
28, 10.410000000000002, -3.959999999999997, 5.48, 10.409900000000002, -3.9598, 5.4801, -0.00948
28, 10.400000000000002, -3.959999999999997, 5.48, 10.4, -3.96015, 5.48005, -0.009418
28, 10.390000000000002, -3.959999999999997, 5.48, 10.38975, -3.96025, 5.48, -0.009475
28, 10.380000000000003, -3.959999999999997, 5.48, 10.3802, -3.96015, 5.48, -0.009428
28, 10.370000000000003, -3.959999999999997, 5.48, 10.369900000000001, -3.95995, 5.48, -0.00946
28, 10.360000000000003, -3.959999999999997, 5.48, 10.360050000000001, -3.9598500000000003, 5.48005, -0.009491
28, 10.350000000000003, -3.959999999999997, 5.48, 10.34985, -3.9598, 5.4799500000000005, -0.009465
28, 10.340000000000003, -3.959999999999997, 5.48, 10.3397, -3.96, 5.479850000000001, -0.009418
28, 10.340000000000003, -3.949999999999997, 5.48, 10.33925, -3.94975, 5.479850000000001, -0.00947
28, 10.340000000000003, -3.9399999999999973, 5.48, 10.340200000000001, -3.93995, 5.480200000000001, -0.009465
28, 10.340000000000003, -3.9299999999999975, 5.48, 10.339150000000002, -3.92925, 5.48, -0.009433
28, 10.340000000000003, -3.9199999999999977, 5.48, 10.340200000000001, -3.9198500000000003, 5.48, -0.00948
28, 10.340000000000003, -3.909999999999998, 5.48, 10.3401, -3.91035, 5.48005, -0.00947
28, 10.340000000000003, -3.899999999999998, 5.48, 10.34045, -3.9007, 5.479850000000001, -0.009428
28, 10.340000000000003, -3.8899999999999983, 5.48, 10.33975, -3.89, 5.4798, -0.00948
28, 10.340000000000003, -3.8799999999999986, 5.48, 10.340300000000001, -3.8806000000000003, 5.480150000000001, -0.009439
28, 10.340000000000003, -3.8699999999999988, 5.48, 10.339450000000001, -3.8698500000000005, 5.480200000000001, -0.00948
28, 10.340000000000003, -3.859999999999999, 5.48, 10.339550000000001, -3.8598500000000002, 5.4799500000000005, -0.009418
28, 10.340000000000003, -3.849999999999999, 5.48, 10.33965, -3.8496000000000006, 5.479850000000001, -0.00947
28, 10.340000000000003, -3.8399999999999994, 5.48, 10.33995, -3.84025, 5.48005, -0.00947
28, 10.340000000000003, -3.8299999999999996, 5.48, 10.340300000000001, -3.83015, 5.480200000000001, -0.009475
28, 10.340000000000003, -3.82, 5.48, 10.3398, -3.81965, 5.479850000000001, -0.009449
28, 10.340000000000003, -3.81, 5.48, 10.3398, -3.8098, 5.479850000000001, -0.009439
28, 10.340000000000003, -3.8000000000000003, 5.48, 10.339300000000001, -3.80015, 5.4799500000000005, -0.009486
28, 10.340000000000003, -3.7900000000000005, 5.48, 10.3401, -3.7900500000000004, 5.48005, -0.009428
28, 10.340000000000003, -3.7800000000000007, 5.48, 10.340200000000001, -3.7802000000000002, 5.480150000000001, -0.009428
28, 10.340000000000003, -3.770000000000001, 5.48, 10.33975, -3.7698500000000004, 5.480150000000001, -0.009439
28, 10.340000000000003, -3.760000000000001, 5.48, 10.33995, -3.7599, 5.480150000000001, -0.009433
28, 10.340000000000003, -3.7500000000000013, 5.48, 10.340200000000001, -3.7503, 5.479850000000001, -0.00948
28, 10.340000000000003, -3.7400000000000015, 5.48, 10.339400000000001, -3.7399500000000003, 5.48, -0.009433
28, 10.340000000000003, -3.7300000000000018, 5.48, 10.339450000000001, -3.7301, 5.48, -0.009428
28, 10.340000000000003, -3.720000000000002, 5.48, 10.339400000000001, -3.7195, 5.48, -0.009491
28, 10.340000000000003, -3.710000000000002, 5.48, 10.33965, -3.7097, 5.48, -0.009418
28, 10.340000000000003, -3.7000000000000024, 5.48, 10.340650000000002, -3.7001000000000004, 5.4799500000000005, -0.009418
28, 10.340000000000003, -3.6900000000000026, 5.48, 10.33925, -3.68925, 5.48, -0.00947
28, 10.340000000000003, -3.680000000000003, 5.48, 10.3397, -3.6801000000000004, 5.4799500000000005, -0.009444
29, 10.350000000000003, -3.680000000000003, 5.48, 10.3503, -3.68, 5.48005, -0.00948
29, 10.360000000000003, -3.680000000000003, 5.48, 10.360400000000002, -3.6798500000000005, 5.480200000000001, -0.009423
29, 10.370000000000003, -3.680000000000003, 5.48, 10.37025, -3.6798500000000005, 5.4801, -0.009465
29, 10.380000000000003, -3.680000000000003, 5.48, 10.379700000000001, -3.6799500000000003, 5.4799500000000005, -0.009433
29, 10.390000000000002, -3.680000000000003, 5.48, 10.389850000000001, -3.68005, 5.479850000000001, -0.009454
29, 10.400000000000002, -3.680000000000003, 5.48, 10.40005, -3.6801500000000003, 5.4799500000000005, -0.009433
29, 10.410000000000002, -3.680000000000003, 5.48, 10.41055, -3.68, 5.480150000000001, -0.009423
29, 10.420000000000002, -3.680000000000003, 5.48, 10.420150000000001, -3.6799, 5.480200000000001, -0.009423
29, 10.430000000000001, -3.680000000000003, 5.48, 10.43075, -3.6799, 5.48025, -0.009475
29, 10.440000000000001, -3.680000000000003, 5.48, 10.4396, -3.6799, 5.48, -0.009407
29, 10.450000000000001, -3.680000000000003, 5.48, 10.4505, -3.6799500000000003, 5.48, -0.009475
29, 10.46, -3.680000000000003, 5.48, 10.4605, -3.68, 5.48, -0.009439
29, 10.47, -3.680000000000003, 5.48, 10.47005, -3.6801000000000004, 5.48, -0.009454
29, 10.48, -3.680000000000003, 5.48, 10.48075, -3.6801000000000004, 5.48005, -0.00947
29, 10.49, -3.680000000000003, 5.48, 10.490400000000001, -3.6801500000000003, 5.4798, -0.009465
29, 10.5, -3.680000000000003, 5.48, 10.50025, -3.6801000000000004, 5.4798, -0.009418
29, 10.51, -3.680000000000003, 5.48, 10.51045, -3.6799500000000003, 5.479850000000001, -0.00946
29, 10.52, -3.680000000000003, 5.48, 10.5202, -3.6798500000000005, 5.480200000000001, -0.009428
29, 10.53, -3.680000000000003, 5.48, 10.530100000000001, -3.6798500000000005, 5.480200000000001, -0.009413
29, 10.54, -3.680000000000003, 5.48, 10.54025, -3.6799500000000003, 5.4801, -0.00946
29, 10.549999999999999, -3.680000000000003, 5.48, 10.5505, -3.6801000000000004, 5.479850000000001, -0.009423
29, 10.559999999999999, -3.680000000000003, 5.48, 10.5605, -3.6801000000000004, 5.479850000000001, -0.009465
29, 10.569999999999999, -3.680000000000003, 5.48, 10.569550000000001, -3.6801000000000004, 5.48, -0.009454
29, 10.579999999999998, -3.680000000000003, 5.48, 10.58045, -3.6801000000000004, 5.48, -0.009475
29, 10.589999999999998, -3.680000000000003, 5.48, 10.59035, -3.68005, 5.48, -0.009433
29, 10.599999999999998, -3.680000000000003, 5.48, 10.60035, -3.6799, 5.48, -0.00947
29, 10.609999999999998, -3.680000000000003, 5.48, 10.6095, -3.6799, 5.48, -0.00947
29, 10.619999999999997, -3.680000000000003, 5.48, 10.62005, -3.6798500000000005, 5.48, -0.009418
29, 10.629999999999997, -3.680000000000003, 5.48, 10.630150000000002, -3.6801500000000003, 5.48, -0.009418
29, 10.629999999999997, -3.6900000000000026, 5.48, 10.630150000000002, -3.69015, 5.48, -0.009433
29, 10.629999999999997, -3.7000000000000024, 5.48, 10.630150000000002, -3.7001000000000004, 5.48, -0.009486
29, 10.629999999999997, -3.710000000000002, 5.48, 10.629800000000001, -3.7101, 5.48, -0.009465
29, 10.629999999999997, -3.720000000000002, 5.48, 10.6301, -3.7203500000000003, 5.48, -0.00946
29, 10.629999999999997, -3.7300000000000018, 5.48, 10.6301, -3.7301, 5.48, -0.009433
29, 10.629999999999997, -3.7400000000000015, 5.48, 10.630600000000001, -3.74065, 5.48, -0.009428
29, 10.629999999999997, -3.7500000000000013, 5.48, 10.63005, -3.7499000000000002, 5.4801, -0.009428
29, 10.629999999999997, -3.760000000000001, 5.48, 10.629800000000001, -3.7598000000000003, 5.4801, -0.009407
29, 10.629999999999997, -3.770000000000001, 5.48, 10.62925, -3.76995, 5.4801, -0.00948
29, 10.629999999999997, -3.7800000000000007, 5.48, 10.629950000000001, -3.78005, 5.4801, -0.009475
29, 10.629999999999997, -3.7900000000000005, 5.48, 10.629800000000001, -3.7903000000000002, 5.48005, -0.009428
29, 10.629999999999997, -3.8000000000000003, 5.48, 10.6302, -3.7994, 5.479900000000001, -0.009418
29, 10.629999999999997, -3.81, 5.48, 10.630150000000002, -3.8099000000000003, 5.4798, -0.00948
29, 10.629999999999997, -3.82, 5.48, 10.629700000000001, -3.8192000000000004, 5.4798, -0.009444
29, 10.629999999999997, -3.8299999999999996, 5.48, 10.63, -3.83015, 5.4801, -0.009454
29, 10.629999999999997, -3.8399999999999994, 5.48, 10.63, -3.8394, 5.480150000000001, -0.00946
29, 10.629999999999997, -3.849999999999999, 5.48, 10.63035, -3.8502, 5.48, -0.009418
29, 10.629999999999997, -3.859999999999999, 5.48, 10.6301, -3.8603, 5.48, -0.009491
29, 10.629999999999997, -3.8699999999999988, 5.48, 10.63025, -3.8699, 5.48, -0.009444
29, 10.629999999999997, -3.8799999999999986, 5.48, 10.630600000000001, -3.88, 5.48, -0.00947
29, 10.629999999999997, -3.8899999999999983, 5.48, 10.629850000000001, -3.8907000000000003, 5.48, -0.009433
29, 10.629999999999997, -3.899999999999998, 5.48, 10.63025, -3.8995, 5.48, -0.009433
29, 10.629999999999997, -3.909999999999998, 5.48, 10.6301, -3.9097000000000004, 5.4799500000000005, -0.00947
29, 10.629999999999997, -3.9199999999999977, 5.48, 10.629700000000001, -3.92015, 5.48005, -0.00948
29, 10.629999999999997, -3.9299999999999975, 5.48, 10.63035, -3.9301000000000004, 5.4801, -0.00946
29, 10.629999999999997, -3.9399999999999973, 5.48, 10.63, -3.93995, 5.48, -0.009465
29, 10.629999999999997, -3.949999999999997, 5.48, 10.629900000000001, -3.9497000000000004, 5.48, -0.009413
29, 10.629999999999997, -3.959999999999997, 5.48, 10.63005, -3.9600500000000003, 5.479900000000001, -0.00947
29, 10.629999999999997, -3.9699999999999966, 5.48, 10.630650000000001, -3.9702, 5.479900000000001, -0.009433
30, 10.619999999999997, -3.9699999999999966, 5.48, 10.6201, -3.9704500000000005, 5.479850000000001, -0.009439
30, 10.609999999999998, -3.9699999999999966, 5.48, 10.609, -3.9701500000000003, 5.48, -0.00948
30, 10.599999999999998, -3.9699999999999966, 5.48, 10.60025, -3.9699500000000003, 5.48, -0.009475
30, 10.589999999999998, -3.9699999999999966, 5.48, 10.5897, -3.9698500000000005, 5.4799500000000005, -0.009433
30, 10.579999999999998, -3.9699999999999966, 5.48, 10.57995, -3.97005, 5.480200000000001, -0.009449
30, 10.569999999999999, -3.9699999999999966, 5.48, 10.569900000000002, -3.9701500000000003, 5.480200000000001, -0.009465
30, 10.559999999999999, -3.9699999999999966, 5.48, 10.55995, -3.9701500000000003, 5.480200000000001, -0.009423
30, 10.549999999999999, -3.9699999999999966, 5.48, 10.5493, -3.9701000000000004, 5.48005, -0.009475
30, 10.54, -3.9699999999999966, 5.48, 10.5396, -3.9698, 5.4798, -0.00947
30, 10.53, -3.9699999999999966, 5.48, 10.53035, -3.9701500000000003, 5.48, -0.00948
30, 10.52, -3.9699999999999966, 5.48, 10.519900000000002, -3.97025, 5.48, -0.009465
30, 10.51, -3.9699999999999966, 5.48, 10.50965, -3.9698, 5.480150000000001, -0.00948
30, 10.5, -3.9699999999999966, 5.48, 10.5004, -3.9698, 5.4801, -0.00946
30, 10.49, -3.9699999999999966, 5.48, 10.48975, -3.97, 5.48005, -0.009433
30, 10.48, -3.9699999999999966, 5.48, 10.4796, -3.97025, 5.479900000000001, -0.009423
30, 10.47, -3.9699999999999966, 5.48, 10.47005, -3.9702, 5.479850000000001, -0.009428
30, 10.46, -3.9699999999999966, 5.48, 10.459400000000002, -3.9699, 5.479900000000001, -0.00947
30, 10.450000000000001, -3.9699999999999966, 5.48, 10.449950000000001, -3.9698, 5.4799500000000005, -0.009491
30, 10.440000000000001, -3.9699999999999966, 5.48, 10.43955, -3.9698, 5.48, -0.00946
30, 10.430000000000001, -3.9699999999999966, 5.48, 10.429650000000002, -3.9698500000000005, 5.48, -0.00948
30, 10.420000000000002, -3.9699999999999966, 5.48, 10.41975, -3.97025, 5.48, -0.009407
30, 10.410000000000002, -3.9699999999999966, 5.48, 10.40985, -3.9699500000000003, 5.48, -0.00947
30, 10.400000000000002, -3.9699999999999966, 5.48, 10.40025, -3.9698, 5.4801, -0.009433
30, 10.390000000000002, -3.9699999999999966, 5.48, 10.3896, -3.9698500000000005, 5.4801, -0.009423
30, 10.380000000000003, -3.9699999999999966, 5.48, 10.380450000000002, -3.97, 5.4801, -0.009439
30, 10.370000000000003, -3.9699999999999966, 5.48, 10.369900000000001, -3.97025, 5.480150000000001, -0.009433
30, 10.360000000000003, -3.9699999999999966, 5.48, 10.35945, -3.9701000000000004, 5.48, -0.009475
30, 10.350000000000003, -3.9699999999999966, 5.48, 10.3505, -3.9699500000000003, 5.479900000000001, -0.009413
30, 10.340000000000003, -3.9699999999999966, 5.48, 10.33965, -3.9698, 5.479900000000001, -0.009475
30, 10.330000000000004, -3.9699999999999966, 5.48, 10.32935, -3.9699, 5.479900000000001, -0.009433
30, 10.330000000000004, -3.959999999999997, 5.48, 10.3298, -3.95995, 5.4799500000000005, -0.009465
30, 10.330000000000004, -3.949999999999997, 5.48, 10.33, -3.9497000000000004, 5.48, -0.00946
30, 10.330000000000004, -3.9399999999999973, 5.48, 10.329450000000001, -3.93955, 5.48, -0.00948
30, 10.330000000000004, -3.9299999999999975, 5.48, 10.33055, -3.9304, 5.480150000000001, -0.009413
30, 10.330000000000004, -3.9199999999999977, 5.48, 10.330150000000001, -3.9199500000000005, 5.479850000000001, -0.009418
30, 10.330000000000004, -3.909999999999998, 5.48, 10.3295, -3.9099, 5.479850000000001, -0.009449
30, 10.330000000000004, -3.899999999999998, 5.48, 10.32905, -3.8995, 5.479900000000001, -0.00946
30, 10.330000000000004, -3.8899999999999983, 5.48, 10.32985, -3.8895, 5.48005, -0.009418
30, 10.330000000000004, -3.8799999999999986, 5.48, 10.3301, -3.8796000000000004, 5.4801, -0.009486
30, 10.330000000000004, -3.8699999999999988, 5.48, 10.3298, -3.8695500000000003, 5.48, -0.009423
30, 10.330000000000004, -3.859999999999999, 5.48, 10.329900000000002, -3.8602000000000003, 5.48, -0.00947
30, 10.330000000000004, -3.849999999999999, 5.48, 10.32995, -3.85015, 5.48, -0.009428
30, 10.330000000000004, -3.8399999999999994, 5.48, 10.32965, -3.8403500000000004, 5.479900000000001, -0.00947
30, 10.330000000000004, -3.8299999999999996, 5.48, 10.329550000000001, -3.83, 5.479900000000001, -0.009428
30, 10.330000000000004, -3.82, 5.48, 10.329600000000001, -3.81985, 5.4799500000000005, -0.009465
30, 10.330000000000004, -3.81, 5.48, 10.330150000000001, -3.8098500000000004, 5.4801, -0.009433
30, 10.330000000000004, -3.8000000000000003, 5.48, 10.3298, -3.7996000000000003, 5.4801, -0.00948
30, 10.330000000000004, -3.7900000000000005, 5.48, 10.32995, -3.7903000000000002, 5.4801, -0.009423
30, 10.330000000000004, -3.7800000000000007, 5.48, 10.3297, -3.7797, 5.48005, -0.00947
30, 10.330000000000004, -3.770000000000001, 5.48, 10.33, -3.7700500000000003, 5.48005, -0.009465
30, 10.330000000000004, -3.760000000000001, 5.48, 10.32975, -3.75975, 5.479900000000001, -0.009423
30, 10.330000000000004, -3.7500000000000013, 5.48, 10.329300000000002, -3.7502000000000004, 5.479850000000001, -0.00948
30, 10.330000000000004, -3.7400000000000015, 5.48, 10.33055, -3.7397000000000005, 5.479850000000001, -0.009433
30, 10.330000000000004, -3.7300000000000018, 5.48, 10.3298, -3.73015, 5.479900000000001, -0.009454
30, 10.330000000000004, -3.720000000000002, 5.48, 10.33045, -3.7197000000000005, 5.48, -0.00947
30, 10.330000000000004, -3.710000000000002, 5.48, 10.3298, -3.7100500000000003, 5.48, -0.009418
30, 10.330000000000004, -3.7000000000000024, 5.48, 10.329450000000001, -3.7001500000000003, 5.48, -0.009439
30, 10.330000000000004, -3.6900000000000026, 5.48, 10.329, -3.6893000000000002, 5.48, -0.009423
30, 10.330000000000004, -3.680000000000003, 5.48, 10.3301, -3.6798, 5.48, -0.009449
30, 10.330000000000004, -3.670000000000003, 5.48, 10.32985, -3.6693500000000006, 5.48, -0.009418
