Voltage = 3.8, Current = 20.0, Pinhole = 10um 
0, 10.48, -3.82, 5.48, 10.4801, -3.82005, 5.48005, -0.009475
1, 10.58, -3.82, 5.48, 10.5797, -3.8199, 5.4801, -0.009418
1, 10.58, -3.92, 5.48, 10.5801, -3.91975, 5.48, -0.009423
2, 10.48, -3.92, 5.48, 10.480450000000001, -3.9201000000000006, 5.48, -0.009444
2, 10.38, -3.92, 5.48, 10.38, -3.9199500000000005, 5.48, -0.009475
2, 10.38, -3.82, 5.48, 10.379850000000001, -3.81965, 5.48, -0.009465
2, 10.38, -3.7199999999999998, 5.48, 10.379800000000001, -3.7195, 5.48, -0.009428
3, 10.48, -3.7199999999999998, 5.48, 10.48005, -3.7199, 5.48, -0.009413
3, 10.58, -3.7199999999999998, 5.48, 10.5797, -3.72, 5.48, -0.009486
3, 10.68, -3.7199999999999998, 5.48, 10.6796, -3.7201000000000004, 5.48, -0.009413
3, 10.68, -3.82, 5.48, 10.67975, -3.8197, 5.4799500000000005, -0.00948
3, 10.68, -3.92, 5.48, 10.680150000000001, -3.9194, 5.479850000000001, -0.009475
3, 10.68, -4.02, 5.48, 10.68035, -4.01985, 5.48005, -0.009465
4, 10.58, -4.02, 5.48, 10.57985, -4.02015, 5.4801, -0.009465
4, 10.48, -4.02, 5.48, 10.480400000000001, -4.0201, 5.479850000000001, -0.00947
4, 10.38, -4.02, 5.48, 10.380550000000001, -4.0203, 5.479900000000001, -0.00947
4, 10.280000000000001, -4.02, 5.48, 10.280050000000001, -4.02, 5.4799500000000005, -0.009413
4, 10.280000000000001, -3.9199999999999995, 5.48, 10.280400000000002, -3.92025, 5.4801, -0.009465
4, 10.280000000000001, -3.8199999999999994, 5.48, 10.27985, -3.82005, 5.48005, -0.009454
4, 10.280000000000001, -3.7199999999999993, 5.48, 10.27955, -3.7195, 5.479900000000001, -0.00946
4, 10.280000000000001, -3.619999999999999, 5.48, 10.2795, -3.6195500000000003, 5.479900000000001, -0.009465
5, 10.38, -3.619999999999999, 5.48, 10.37975, -3.62, 5.4799500000000005, -0.009407
5, 10.48, -3.619999999999999, 5.48, 10.4802, -3.6201000000000003, 5.4801, -0.009454
5, 10.58, -3.619999999999999, 5.48, 10.579400000000001, -3.62005, 5.4801, -0.009428
5, 10.68, -3.619999999999999, 5.48, 10.68035, -3.62005, 5.4801, -0.00946
5, 10.78, -3.619999999999999, 5.48, 10.779900000000001, -3.6199500000000002, 5.48, -0.009475
5, 10.78, -3.7199999999999993, 5.48, 10.78025, -3.7202, 5.48, -0.009465
5, 10.78, -3.8199999999999994, 5.48, 10.78045, -3.8205500000000003, 5.48, -0.009418
5, 10.78, -3.9199999999999995, 5.48, 10.78015, -3.92025, 5.48, -0.009454
5, 10.78, -4.02, 5.48, 10.779800000000002, -4.02005, 5.48, -0.009444
5, 10.78, -4.119999999999999, 5.48, 10.780550000000002, -4.1198500000000005, 5.48, -0.009449
6, 10.68, -4.119999999999999, 5.48, 10.67925, -4.12, 5.48, -0.009475
6, 10.58, -4.119999999999999, 5.48, 10.5801, -4.1202, 5.48, -0.00946
6, 10.48, -4.119999999999999, 5.48, 10.480450000000001, -4.119800000000001, 5.48, -0.009465
6, 10.38, -4.119999999999999, 5.48, 10.379550000000002, -4.1197, 5.48, -0.009449
6, 10.280000000000001, -4.119999999999999, 5.48, 10.2797, -4.12025, 5.48, -0.009418
6, 10.180000000000001, -4.119999999999999, 5.48, 10.1807, -4.1199, 5.48, -0.009444
6, 10.180000000000001, -4.02, 5.48, 10.180900000000001, -4.0198, 5.4799500000000005, -0.009465
6, 10.180000000000001, -3.9199999999999995, 5.48, 10.1805, -3.92, 5.48005, -0.009413
6, 10.180000000000001, -3.8199999999999994, 5.48, 10.179350000000001, -3.8202000000000003, 5.479850000000001, -0.009444
6, 10.180000000000001, -3.7199999999999993, 5.48, 10.18, -3.7203500000000003, 5.479900000000001, -0.009454
6, 10.180000000000001, -3.619999999999999, 5.48, 10.17975, -3.61975, 5.48, -0.00947
6, 10.180000000000001, -3.519999999999999, 5.48, 10.179900000000002, -3.51955, 5.48, -0.009444
7, 10.280000000000001, -3.519999999999999, 5.48, 10.280100000000001, -3.52015, 5.4801, -0.009423
7, 10.38, -3.519999999999999, 5.48, 10.379950000000001, -3.5198500000000004, 5.4801, -0.009465
7, 10.48, -3.519999999999999, 5.48, 10.4801, -3.5198, 5.48, -0.009465
7, 10.58, -3.519999999999999, 5.48, 10.580300000000001, -3.5203500000000005, 5.48, -0.00947
7, 10.68, -3.519999999999999, 5.48, 10.67985, -3.51995, 5.48, -0.009423
7, 10.78, -3.519999999999999, 5.48, 10.78, -3.51995, 5.4799500000000005, -0.009486
7, 10.879999999999999, -3.519999999999999, 5.48, 10.87975, -3.52, 5.479900000000001, -0.009465
7, 10.879999999999999, -3.619999999999999, 5.48, 10.879900000000001, -3.6197000000000004, 5.479900000000001, -0.009486
7, 10.879999999999999, -3.7199999999999993, 5.48, 10.88, -3.7199, 5.48, -0.009423
7, 10.879999999999999, -3.8199999999999994, 5.48, 10.880650000000001, -3.8202000000000003, 5.48, -0.009449
7, 10.879999999999999, -3.9199999999999995, 5.48, 10.880150000000002, -3.92025, 5.48, -0.00946
7, 10.879999999999999, -4.02, 5.48, 10.8801, -4.019950000000001, 5.48005, -0.009475
7, 10.879999999999999, -4.119999999999999, 5.48, 10.880400000000002, -4.1197, 5.480200000000001, -0.009433
7, 10.879999999999999, -4.219999999999999, 5.48, 10.88, -4.21985, 5.4799500000000005, -0.009449
8, 10.78, -4.219999999999999, 5.48, 10.78045, -4.2203, 5.479850000000001, -0.009418
8, 10.68, -4.219999999999999, 5.48, 10.680400000000002, -4.2201, 5.4799500000000005, -0.00947
8, 10.58, -4.219999999999999, 5.48, 10.58, -4.21975, 5.480150000000001, -0.009423
8, 10.48, -4.219999999999999, 5.48, 10.4806, -4.22, 5.48005, -0.009439
8, 10.38, -4.219999999999999, 5.48, 10.379950000000001, -4.22015, 5.479850000000001, -0.009439
8, 10.280000000000001, -4.219999999999999, 5.48, 10.2797, -4.2198, 5.48, -0.00946
8, 10.180000000000001, -4.219999999999999, 5.48, 10.179800000000002, -4.22015, 5.4801, -0.00946
8, 10.080000000000002, -4.219999999999999, 5.48, 10.07995, -4.2200500000000005, 5.480150000000001, -0.00946
8, 10.080000000000002, -4.119999999999999, 5.48, 10.079550000000001, -4.12, 5.48, -0.009465
8, 10.080000000000002, -4.02, 5.48, 10.080200000000001, -4.0199, 5.479900000000001, -0.00946
8, 10.080000000000002, -3.9199999999999995, 5.48, 10.079550000000001, -3.9198000000000004, 5.48, -0.00947
8, 10.080000000000002, -3.8199999999999994, 5.48, 10.080400000000001, -3.82, 5.48, -0.009486
8, 10.080000000000002, -3.7199999999999993, 5.48, 10.079400000000001, -3.7196000000000002, 5.4801, -0.009486
8, 10.080000000000002, -3.619999999999999, 5.48, 10.079900000000002, -3.6196, 5.4801, -0.009418
8, 10.080000000000002, -3.519999999999999, 5.48, 10.079300000000002, -3.51955, 5.4799500000000005, -0.009444
8, 10.080000000000002, -3.419999999999999, 5.48, 10.07965, -3.4196000000000004, 5.479900000000001, -0.009428
9, 10.180000000000001, -3.419999999999999, 5.48, 10.179450000000001, -3.4202000000000004, 5.48, -0.009418
9, 10.280000000000001, -3.419999999999999, 5.48, 10.28, -3.4201000000000006, 5.4801, -0.00948
9, 10.38, -3.419999999999999, 5.48, 10.37975, -3.4199500000000005, 5.480150000000001, -0.009428
9, 10.48, -3.419999999999999, 5.48, 10.480150000000002, -3.4198500000000003, 5.48, -0.00946
9, 10.58, -3.419999999999999, 5.48, 10.5797, -3.4199500000000005, 5.479850000000001, -0.00947
9, 10.68, -3.419999999999999, 5.48, 10.680200000000001, -3.4201000000000006, 5.479850000000001, -0.009428
9, 10.78, -3.419999999999999, 5.48, 10.779800000000002, -3.4201000000000006, 5.480150000000001, -0.009413
9, 10.879999999999999, -3.419999999999999, 5.48, 10.879850000000001, -3.4199500000000005, 5.480150000000001, -0.009444
9, 10.979999999999999, -3.419999999999999, 5.48, 10.98005, -3.4199500000000005, 5.4799500000000005, -0.009475
9, 10.979999999999999, -3.519999999999999, 5.48, 10.981200000000001, -3.5206000000000004, 5.479850000000001, -0.009418
9, 10.979999999999999, -3.619999999999999, 5.48, 10.97975, -3.6198, 5.4799500000000005, -0.009433
9, 10.979999999999999, -3.7199999999999993, 5.48, 10.9799, -3.72005, 5.480150000000001, -0.009428
9, 10.979999999999999, -3.8199999999999994, 5.48, 10.980550000000001, -3.82005, 5.479850000000001, -0.009475
9, 10.979999999999999, -3.9199999999999995, 5.48, 10.980300000000002, -3.9200500000000003, 5.4799500000000005, -0.009449
9, 10.979999999999999, -4.02, 5.48, 10.98005, -4.02005, 5.480150000000001, -0.009449
9, 10.979999999999999, -4.119999999999999, 5.48, 10.97985, -4.12, 5.4799500000000005, -0.00947
9, 10.979999999999999, -4.219999999999999, 5.48, 10.980400000000001, -4.21985, 5.479850000000001, -0.00947
9, 10.979999999999999, -4.3199999999999985, 5.48, 10.97995, -4.3198, 5.480150000000001, -0.009428
10, 10.879999999999999, -4.3199999999999985, 5.48, 10.8802, -4.3197, 5.4801, -0.009449
10, 10.78, -4.3199999999999985, 5.48, 10.78045, -4.32005, 5.48, -0.009423
10, 10.68, -4.3199999999999985, 5.48, 10.67985, -4.3199000000000005, 5.48, -0.009465
10, 10.58, -4.3199999999999985, 5.48, 10.580050000000002, -4.31975, 5.48, -0.009413
10, 10.48, -4.3199999999999985, 5.48, 10.480550000000001, -4.32035, 5.4799500000000005, -0.009407
10, 10.38, -4.3199999999999985, 5.48, 10.3802, -4.3198, 5.48, -0.009418
10, 10.280000000000001, -4.3199999999999985, 5.48, 10.279900000000001, -4.32025, 5.48, -0.009423
10, 10.180000000000001, -4.3199999999999985, 5.48, 10.179650000000002, -4.3199000000000005, 5.48, -0.009433
10, 10.080000000000002, -4.3199999999999985, 5.48, 10.08, -4.32025, 5.48, -0.00946
10, 9.980000000000002, -4.3199999999999985, 5.48, 9.980400000000001, -4.3199499999999995, 5.48, -0.00948
10, 9.980000000000002, -4.219999999999999, 5.48, 9.97995, -4.22, 5.48, -0.00947
10, 9.980000000000002, -4.119999999999999, 5.48, 9.98065, -4.11995, 5.48, -0.009433
10, 9.980000000000002, -4.02, 5.48, 9.978950000000001, -4.0196000000000005, 5.48, -0.009449
10, 9.980000000000002, -3.9199999999999995, 5.48, 9.98065, -3.92045, 5.48, -0.009449
10, 9.980000000000002, -3.8199999999999994, 5.48, 9.9793, -3.81985, 5.48, -0.009387
10, 9.980000000000002, -3.7199999999999993, 5.48, 9.980300000000002, -3.7197000000000005, 5.48, -0.009392
10, 9.980000000000002, -3.619999999999999, 5.48, 9.979800000000001, -3.6198, 5.479900000000001, -0.009444
10, 9.980000000000002, -3.519999999999999, 5.48, 9.980150000000002, -3.5197000000000003, 5.4799500000000005, -0.009439
10, 9.980000000000002, -3.419999999999999, 5.48, 9.98075, -3.4199500000000005, 5.4801, -0.009433
10, 9.980000000000002, -3.319999999999999, 5.48, 9.98065, -3.3199, 5.479900000000001, -0.00947
11, 10.080000000000002, -3.319999999999999, 5.48, 10.080200000000001, -3.3201000000000005, 5.479900000000001, -0.009407
11, 10.180000000000001, -3.319999999999999, 5.48, 10.179950000000002, -3.3202000000000003, 5.4799500000000005, -0.009407
11, 10.280000000000001, -3.319999999999999, 5.48, 10.28, -3.3198000000000003, 5.480150000000001, -0.009423
11, 10.38, -3.319999999999999, 5.48, 10.379550000000002, -3.3201000000000005, 5.4801, -0.009486
11, 10.48, -3.319999999999999, 5.48, 10.47995, -3.32015, 5.48, -0.009475
11, 10.58, -3.319999999999999, 5.48, 10.580200000000001, -3.3199500000000004, 5.48, -0.009407
11, 10.68, -3.319999999999999, 5.48, 10.68025, -3.3198000000000003, 5.48, -0.009418
11, 10.78, -3.319999999999999, 5.48, 10.780100000000001, -3.32, 5.48, -0.009423
11, 10.879999999999999, -3.319999999999999, 5.48, 10.879700000000001, -3.32005, 5.48, -0.009418
11, 10.979999999999999, -3.319999999999999, 5.48, 10.97975, -3.32, 5.48, -0.009423
11, 11.079999999999998, -3.319999999999999, 5.48, 11.0801, -3.3199, 5.4799500000000005, -0.009428
11, 11.079999999999998, -3.419999999999999, 5.48, 11.080400000000001, -3.4198000000000004, 5.479900000000001, -0.009418
11, 11.079999999999998, -3.519999999999999, 5.48, 11.079550000000001, -3.5198500000000004, 5.4799500000000005, -0.00947
11, 11.079999999999998, -3.619999999999999, 5.48, 11.08025, -3.6196, 5.480150000000001, -0.009475
11, 11.079999999999998, -3.7199999999999993, 5.48, 11.080150000000001, -3.7199500000000003, 5.48, -0.009428
11, 11.079999999999998, -3.8199999999999994, 5.48, 11.08055, -3.8203500000000004, 5.4799500000000005, -0.009428
11, 11.079999999999998, -3.9199999999999995, 5.48, 11.079550000000001, -3.92, 5.479900000000001, -0.009465
11, 11.079999999999998, -4.02, 5.48, 11.0797, -4.01985, 5.48, -0.009413
11, 11.079999999999998, -4.119999999999999, 5.48, 11.07965, -4.12005, 5.48, -0.00947
11, 11.079999999999998, -4.219999999999999, 5.48, 11.080200000000001, -4.219900000000001, 5.48, -0.009433
11, 11.079999999999998, -4.3199999999999985, 5.48, 11.07985, -4.3199499999999995, 5.48, -0.009433
11, 11.079999999999998, -4.419999999999998, 5.48, 11.0807, -4.4197, 5.48, -0.009418
12, 10.979999999999999, -4.419999999999998, 5.48, 10.980450000000001, -4.4205, 5.48, -0.009423
12, 10.879999999999999, -4.419999999999998, 5.48, 10.879950000000001, -4.4199, 5.48, -0.00948
12, 10.78, -4.419999999999998, 5.48, 10.7802, -4.4198, 5.48, -0.009413
12, 10.68, -4.419999999999998, 5.48, 10.68025, -4.4198, 5.48, -0.00946
12, 10.58, -4.419999999999998, 5.48, 10.5797, -4.41995, 5.48, -0.009449
12, 10.48, -4.419999999999998, 5.48, 10.480550000000001, -4.4201500000000005, 5.48, -0.009428
12, 10.38, -4.419999999999998, 5.48, 10.38, -4.41995, 5.48, -0.00947
12, 10.280000000000001, -4.419999999999998, 5.48, 10.2796, -4.41975, 5.48, -0.00948
12, 10.180000000000001, -4.419999999999998, 5.48, 10.1801, -4.4201999999999995, 5.4801, -0.00946
12, 10.080000000000002, -4.419999999999998, 5.48, 10.07995, -4.41995, 5.480150000000001, -0.00946
12, 9.980000000000002, -4.419999999999998, 5.48, 9.98005, -4.42, 5.4799500000000005, -0.009454
12, 9.880000000000003, -4.419999999999998, 5.48, 9.8805, -4.420100000000001, 5.479850000000001, -0.009428
12, 9.880000000000003, -4.3199999999999985, 5.48, 9.880700000000001, -4.3198, 5.48, -0.009423
12, 9.880000000000003, -4.219999999999999, 5.48, 9.8801, -4.2202, 5.480150000000001, -0.009433
12, 9.880000000000003, -4.119999999999999, 5.48, 9.880300000000002, -4.11975, 5.479900000000001, -0.009439
12, 9.880000000000003, -4.02, 5.48, 9.879800000000001, -4.01975, 5.479850000000001, -0.009428
12, 9.880000000000003, -3.9199999999999995, 5.48, 9.879700000000001, -3.92, 5.48, -0.009287
12, 9.880000000000003, -3.8199999999999994, 5.48, 9.880650000000001, -3.8199, 5.4801, -0.009225
12, 9.880000000000003, -3.7199999999999993, 5.48, 9.879850000000001, -3.71975, 5.4801, -0.009256
12, 9.880000000000003, -3.619999999999999, 5.48, 9.8801, -3.6204, 5.479900000000001, -0.009261
12, 9.880000000000003, -3.519999999999999, 5.48, 9.87925, -3.51965, 5.4799500000000005, -0.009345
12, 9.880000000000003, -3.419999999999999, 5.48, 9.87945, -3.41955, 5.48005, -0.009444
12, 9.880000000000003, -3.319999999999999, 5.48, 9.879550000000002, -3.3201000000000005, 5.4801, -0.009423
12, 9.880000000000003, -3.219999999999999, 5.48, 9.880150000000002, -3.2205500000000002, 5.4801, -0.00946
13, 9.980000000000002, -3.219999999999999, 5.48, 9.980150000000002, -3.2199500000000003, 5.4801, -0.009449
13, 10.080000000000002, -3.219999999999999, 5.48, 10.080150000000001, -3.2197000000000005, 5.4799500000000005, -0.009423
13, 10.180000000000001, -3.219999999999999, 5.48, 10.179650000000002, -3.22, 5.4799500000000005, -0.009428
13, 10.280000000000001, -3.219999999999999, 5.48, 10.279900000000001, -3.2198, 5.48, -0.009423
13, 10.38, -3.219999999999999, 5.48, 10.379700000000001, -3.2198500000000005, 5.4799500000000005, -0.009433
13, 10.48, -3.219999999999999, 5.48, 10.48025, -3.2204, 5.480150000000001, -0.009423
13, 10.58, -3.219999999999999, 5.48, 10.58025, -3.2198, 5.48005, -0.00946
13, 10.68, -3.219999999999999, 5.48, 10.68, -3.2199500000000003, 5.479850000000001, -0.009454
13, 10.78, -3.219999999999999, 5.48, 10.78, -3.2204, 5.479850000000001, -0.009449
13, 10.879999999999999, -3.219999999999999, 5.48, 10.880400000000002, -3.2199, 5.48005, -0.009465
13, 10.979999999999999, -3.219999999999999, 5.48, 10.98035, -3.2199500000000003, 5.480150000000001, -0.00948
13, 11.079999999999998, -3.219999999999999, 5.48, 11.08025, -3.22025, 5.48, -0.009454
13, 11.179999999999998, -3.219999999999999, 5.48, 11.179950000000002, -3.2201500000000003, 5.48, -0.009465
13, 11.179999999999998, -3.319999999999999, 5.48, 11.181, -3.3196000000000003, 5.479900000000001, -0.009465
13, 11.179999999999998, -3.419999999999999, 5.48, 11.180050000000001, -3.41975, 5.4799500000000005, -0.00946
13, 11.179999999999998, -3.519999999999999, 5.48, 11.179900000000002, -3.52, 5.480150000000001, -0.00946
13, 11.179999999999998, -3.619999999999999, 5.48, 11.179900000000002, -3.6199, 5.4799500000000005, -0.009418
13, 11.179999999999998, -3.7199999999999993, 5.48, 11.18035, -3.71975, 5.48, -0.009413
13, 11.179999999999998, -3.8199999999999994, 5.48, 11.1806, -3.8203, 5.48, -0.00948
13, 11.179999999999998, -3.9199999999999995, 5.48, 11.18, -3.92, 5.48, -0.009449
13, 11.179999999999998, -4.02, 5.48, 11.179450000000001, -4.02005, 5.48, -0.009444
13, 11.179999999999998, -4.119999999999999, 5.48, 11.179200000000002, -4.120400000000001, 5.48, -0.009423
13, 11.179999999999998, -4.219999999999999, 5.48, 11.180400000000002, -4.2198, 5.48, -0.009413
13, 11.179999999999998, -4.3199999999999985, 5.48, 11.180200000000001, -4.3198, 5.4801, -0.009423
13, 11.179999999999998, -4.419999999999998, 5.48, 11.179300000000001, -4.41975, 5.4801, -0.00946
13, 11.179999999999998, -4.519999999999998, 5.48, 11.18055, -4.519900000000001, 5.48, -0.00947
14, 11.079999999999998, -4.519999999999998, 5.48, 11.08, -4.5201, 5.48, -0.009454
14, 10.979999999999999, -4.519999999999998, 5.48, 10.9802, -4.519900000000001, 5.48, -0.009418
14, 10.879999999999999, -4.519999999999998, 5.48, 10.8801, -4.51985, 5.48, -0.009465
14, 10.78, -4.519999999999998, 5.48, 10.780100000000001, -4.5198, 5.48, -0.009407
14, 10.68, -4.519999999999998, 5.48, 10.680400000000002, -4.51995, 5.48, -0.009465
14, 10.58, -4.519999999999998, 5.48, 10.57965, -4.52005, 5.48, -0.009433
14, 10.48, -4.519999999999998, 5.48, 10.480400000000001, -4.52, 5.4799500000000005, -0.009465
14, 10.38, -4.519999999999998, 5.48, 10.379900000000001, -4.52005, 5.479900000000001, -0.009418
14, 10.280000000000001, -4.519999999999998, 5.48, 10.279650000000002, -4.519900000000001, 5.4799500000000005, -0.009407
14, 10.180000000000001, -4.519999999999998, 5.48, 10.17955, -4.519900000000001, 5.48005, -0.00946
14, 10.080000000000002, -4.519999999999998, 5.48, 10.08, -4.52, 5.4801, -0.009465
14, 9.980000000000002, -4.519999999999998, 5.48, 9.97975, -4.52005, 5.48, -0.009439
14, 9.880000000000003, -4.519999999999998, 5.48, 9.880450000000002, -4.52005, 5.48, -0.009418
14, 9.780000000000003, -4.519999999999998, 5.48, 9.77985, -4.51995, 5.4799500000000005, -0.009418
14, 9.780000000000003, -4.419999999999998, 5.48, 9.7806, -4.4198, 5.48, -0.009449
14, 9.780000000000003, -4.3199999999999985, 5.48, 9.7791, -4.3195, 5.48, -0.009423
14, 9.780000000000003, -4.219999999999999, 5.48, 9.7803, -4.2205, 5.48005, -0.009402
14, 9.780000000000003, -4.119999999999999, 5.48, 9.780149999999999, -4.1196, 5.4801, -0.009418
14, 9.780000000000003, -4.02, 5.48, 9.7799, -4.0196000000000005, 5.48005, -0.009381
14, 9.780000000000003, -3.9199999999999995, 5.48, 9.780149999999999, -3.9204, 5.4799500000000005, -0.009204
14, 9.780000000000003, -3.8199999999999994, 5.48, 9.7795, -3.8202000000000003, 5.4799500000000005, -0.0091
14, 9.780000000000003, -3.7199999999999993, 5.48, 9.7791, -3.7195500000000004, 5.4801, -0.009063
14, 9.780000000000003, -3.619999999999999, 5.48, 9.7796, -3.6201000000000003, 5.48, -0.009141
14, 9.780000000000003, -3.519999999999999, 5.48, 9.780050000000001, -3.51995, 5.479900000000001, -0.009308
14, 9.780000000000003, -3.419999999999999, 5.48, 9.77915, -3.4196000000000004, 5.4799500000000005, -0.009413
14, 9.780000000000003, -3.319999999999999, 5.48, 9.77965, -3.3203, 5.48005, -0.009433
14, 9.780000000000003, -3.219999999999999, 5.48, 9.78035, -3.21975, 5.4801, -0.009407
14, 9.780000000000003, -3.1199999999999988, 5.48, 9.77955, -3.1198, 5.479900000000001, -0.00946
15, 9.880000000000003, -3.1199999999999988, 5.48, 9.8802, -3.1203000000000003, 5.479900000000001, -0.009407
15, 9.980000000000002, -3.1199999999999988, 5.48, 9.979800000000001, -3.1201000000000003, 5.4799500000000005, -0.009465
15, 10.080000000000002, -3.1199999999999988, 5.48, 10.079400000000001, -3.11975, 5.48005, -0.009428
15, 10.180000000000001, -3.1199999999999988, 5.48, 10.1797, -3.1204, 5.480150000000001, -0.009454
15, 10.280000000000001, -3.1199999999999988, 5.48, 10.279900000000001, -3.12, 5.48005, -0.009413
15, 10.38, -3.1199999999999988, 5.48, 10.38005, -3.1198, 5.479900000000001, -0.009433
15, 10.48, -3.1199999999999988, 5.48, 10.4799, -3.12025, 5.479850000000001, -0.009439
15, 10.58, -3.1199999999999988, 5.48, 10.57995, -3.1199, 5.48, -0.009475
15, 10.68, -3.1199999999999988, 5.48, 10.68025, -3.1198500000000005, 5.4801, -0.009413
15, 10.78, -3.1199999999999988, 5.48, 10.78, -3.12015, 5.48005, -0.009433
15, 10.879999999999999, -3.1199999999999988, 5.48, 10.879800000000001, -3.1198500000000005, 5.479850000000001, -0.009413
15, 10.979999999999999, -3.1199999999999988, 5.48, 10.97985, -3.1199, 5.479850000000001, -0.00946
15, 11.079999999999998, -3.1199999999999988, 5.48, 11.080150000000001, -3.1201000000000003, 5.48005, -0.00948
15, 11.179999999999998, -3.1199999999999988, 5.48, 11.179950000000002, -3.12025, 5.480150000000001, -0.009418
15, 11.279999999999998, -3.1199999999999988, 5.48, 11.279950000000001, -3.1198500000000005, 5.4801, -0.009465
15, 11.279999999999998, -3.219999999999999, 5.48, 11.281400000000001, -3.22, 5.4799500000000005, -0.009407
15, 11.279999999999998, -3.319999999999999, 5.48, 11.28, -3.3194500000000002, 5.479900000000001, -0.009428
15, 11.279999999999998, -3.419999999999999, 5.48, 11.279650000000002, -3.4199500000000005, 5.48, -0.009423
15, 11.279999999999998, -3.519999999999999, 5.48, 11.2795, -3.52, 5.4801, -0.009433
15, 11.279999999999998, -3.619999999999999, 5.48, 11.2805, -3.6196, 5.4801, -0.009428
15, 11.279999999999998, -3.7199999999999993, 5.48, 11.28025, -3.7199500000000003, 5.4799500000000005, -0.00946
15, 11.279999999999998, -3.8199999999999994, 5.48, 11.2809, -3.8201000000000005, 5.479900000000001, -0.009423
15, 11.279999999999998, -3.9199999999999995, 5.48, 11.27955, -3.9199500000000005, 5.479850000000001, -0.009444
15, 11.279999999999998, -4.02, 5.48, 11.280050000000001, -4.01985, 5.48, -0.009465
15, 11.279999999999998, -4.119999999999999, 5.48, 11.280100000000001, -4.1203, 5.48005, -0.009454
15, 11.279999999999998, -4.219999999999999, 5.48, 11.2803, -4.21995, 5.48, -0.00946
15, 11.279999999999998, -4.3199999999999985, 5.48, 11.28015, -4.3202, 5.48, -0.009454
15, 11.279999999999998, -4.419999999999998, 5.48, 11.280400000000002, -4.4198, 5.4799500000000005, -0.009423
15, 11.279999999999998, -4.519999999999998, 5.48, 11.2797, -4.5198, 5.479850000000001, -0.009428
15, 11.279999999999998, -4.619999999999997, 5.48, 11.2805, -4.61975, 5.48, -0.009428
16, 11.179999999999998, -4.619999999999997, 5.48, 11.1797, -4.619800000000001, 5.48, -0.009418
16, 11.079999999999998, -4.619999999999997, 5.48, 11.080200000000001, -4.6202, 5.48, -0.009428
16, 10.979999999999999, -4.619999999999997, 5.48, 10.980300000000002, -4.620100000000001, 5.48, -0.009465
16, 10.879999999999999, -4.619999999999997, 5.48, 10.88025, -4.619800000000001, 5.48, -0.009418
16, 10.78, -4.619999999999997, 5.48, 10.78035, -4.619800000000001, 5.48, -0.009454
16, 10.68, -4.619999999999997, 5.48, 10.6805, -4.61995, 5.48, -0.009475
16, 10.58, -4.619999999999997, 5.48, 10.58055, -4.62035, 5.48, -0.009428
16, 10.48, -4.619999999999997, 5.48, 10.480300000000002, -4.62035, 5.480150000000001, -0.009413
16, 10.38, -4.619999999999997, 5.48, 10.38025, -4.61975, 5.48, -0.009449
16, 10.280000000000001, -4.619999999999997, 5.48, 10.279900000000001, -4.62, 5.48, -0.00946
16, 10.180000000000001, -4.619999999999997, 5.48, 10.1796, -4.620100000000001, 5.48, -0.009418
16, 10.080000000000002, -4.619999999999997, 5.48, 10.0798, -4.6196, 5.48, -0.009423
16, 9.980000000000002, -4.619999999999997, 5.48, 9.9801, -4.620100000000001, 5.48, -0.009454
16, 9.880000000000003, -4.619999999999997, 5.48, 9.880400000000002, -4.6203, 5.48, -0.009407
16, 9.780000000000003, -4.619999999999997, 5.48, 9.779950000000001, -4.61995, 5.48, -0.00948
16, 9.680000000000003, -4.619999999999997, 5.48, 9.679950000000002, -4.6203, 5.48, -0.009418
16, 9.680000000000003, -4.519999999999998, 5.48, 9.6806, -4.5198, 5.48, -0.009413
16, 9.680000000000003, -4.419999999999998, 5.48, 9.6807, -4.4201500000000005, 5.479900000000001, -0.00946
16, 9.680000000000003, -4.3199999999999985, 5.48, 9.6805, -4.32, 5.48, -0.00946
16, 9.680000000000003, -4.219999999999999, 5.48, 9.680200000000001, -4.2203, 5.48, -0.009449
16, 9.680000000000003, -4.119999999999999, 5.48, 9.68045, -4.1197, 5.4801, -0.009454
16, 9.680000000000003, -4.02, 5.48, 9.6805, -4.0197, 5.4801, -0.009387
16, 9.680000000000003, -3.9199999999999995, 5.48, 9.679450000000001, -3.9202000000000004, 5.48, -0.009267
16, 9.680000000000003, -3.8199999999999994, 5.48, 9.6797, -3.8199, 5.48, -0.009168
16, 9.680000000000003, -3.7199999999999993, 5.48, 9.67975, -3.7195, 5.4799500000000005, -0.009136
16, 9.680000000000003, -3.619999999999999, 5.48, 9.6797, -3.62035, 5.4799500000000005, -0.00923
16, 9.680000000000003, -3.519999999999999, 5.48, 9.67925, -3.5196000000000005, 5.48005, -0.009324
16, 9.680000000000003, -3.419999999999999, 5.48, 9.68045, -3.41955, 5.480150000000001, -0.00936
16, 9.680000000000003, -3.319999999999999, 5.48, 9.6805, -3.3204000000000002, 5.48, -0.009392
16, 9.680000000000003, -3.219999999999999, 5.48, 9.68025, -3.22065, 5.48, -0.009423
16, 9.680000000000003, -3.1199999999999988, 5.48, 9.678600000000001, -3.11925, 5.48, -0.00946
16, 9.680000000000003, -3.0199999999999987, 5.48, 9.6803, -3.0199000000000003, 5.4799500000000005, -0.009449
17, 9.780000000000003, -3.0199999999999987, 5.48, 9.78045, -3.0198500000000004, 5.4799500000000005, -0.009475
17, 9.880000000000003, -3.0199999999999987, 5.48, 9.8802, -3.0194500000000004, 5.480150000000001, -0.009454
17, 9.980000000000002, -3.0199999999999987, 5.48, 9.98005, -3.0203500000000005, 5.4799500000000005, -0.009413
17, 10.080000000000002, -3.0199999999999987, 5.48, 10.08025, -3.0204500000000003, 5.4799500000000005, -0.009407
17, 10.180000000000001, -3.0199999999999987, 5.48, 10.18, -3.0194500000000004, 5.480150000000001, -0.00948
17, 10.280000000000001, -3.0199999999999987, 5.48, 10.2802, -3.0202000000000004, 5.4801, -0.00947
17, 10.38, -3.0199999999999987, 5.48, 10.379700000000001, -3.02, 5.48005, -0.009402
17, 10.48, -3.0199999999999987, 5.48, 10.4802, -3.0198500000000004, 5.48, -0.009392
17, 10.58, -3.0199999999999987, 5.48, 10.579550000000001, -3.0200500000000003, 5.48, -0.009407
17, 10.68, -3.0199999999999987, 5.48, 10.680050000000001, -3.0200500000000003, 5.48, -0.009444
17, 10.78, -3.0199999999999987, 5.48, 10.77975, -3.0198500000000004, 5.48, -0.009454
17, 10.879999999999999, -3.0199999999999987, 5.48, 10.880450000000002, -3.02, 5.48, -0.00946
17, 10.979999999999999, -3.0199999999999987, 5.48, 10.9799, -3.02015, 5.48, -0.009413
17, 11.079999999999998, -3.0199999999999987, 5.48, 11.08, -3.0198500000000004, 5.479900000000001, -0.009407
17, 11.179999999999998, -3.0199999999999987, 5.48, 11.18035, -3.01995, 5.479900000000001, -0.009449
17, 11.279999999999998, -3.0199999999999987, 5.48, 11.2796, -3.0200500000000003, 5.4799500000000005, -0.009413
17, 11.379999999999997, -3.0199999999999987, 5.48, 11.37975, -3.0200500000000003, 5.48, -0.009407
17, 11.379999999999997, -3.1199999999999988, 5.48, 11.380150000000002, -3.12005, 5.4801, -0.009402
17, 11.379999999999997, -3.219999999999999, 5.48, 11.38005, -3.2196000000000002, 5.48, -0.009402
17, 11.379999999999997, -3.319999999999999, 5.48, 11.38025, -3.3204000000000002, 5.479900000000001, -0.009465
17, 11.379999999999997, -3.419999999999999, 5.48, 11.3801, -3.4197, 5.4799500000000005, -0.009418
17, 11.379999999999997, -3.519999999999999, 5.48, 11.37945, -3.5200500000000003, 5.48005, -0.009397
17, 11.379999999999997, -3.619999999999999, 5.48, 11.380300000000002, -3.6198500000000005, 5.480150000000001, -0.009454
17, 11.379999999999997, -3.7199999999999993, 5.48, 11.379950000000001, -3.72, 5.48, -0.009465
17, 11.379999999999997, -3.8199999999999994, 5.48, 11.380450000000002, -3.8201000000000005, 5.48, -0.009418
17, 11.379999999999997, -3.9199999999999995, 5.48, 11.380300000000002, -3.92015, 5.48, -0.009413
17, 11.379999999999997, -4.02, 5.48, 11.3802, -4.019950000000001, 5.4799500000000005, -0.009407
17, 11.379999999999997, -4.119999999999999, 5.48, 11.379950000000001, -4.12025, 5.4799500000000005, -0.009465
17, 11.379999999999997, -4.219999999999999, 5.48, 11.37945, -4.2198, 5.48, -0.009407
17, 11.379999999999997, -4.3199999999999985, 5.48, 11.38025, -4.32005, 5.48005, -0.009413
17, 11.379999999999997, -4.419999999999998, 5.48, 11.380300000000002, -4.4198, 5.4801, -0.00946
17, 11.379999999999997, -4.519999999999998, 5.48, 11.38025, -4.51975, 5.48005, -0.009475
17, 11.379999999999997, -4.619999999999997, 5.48, 11.379850000000001, -4.6197, 5.479900000000001, -0.009465
17, 11.379999999999997, -4.719999999999997, 5.48, 11.379950000000001, -4.71945, 5.48, -0.00946
18, 11.279999999999998, -4.719999999999997, 5.48, 11.28015, -4.7198, 5.48, -0.009418
18, 11.179999999999998, -4.719999999999997, 5.48, 11.180050000000001, -4.7200500000000005, 5.4799500000000005, -0.009418
18, 11.079999999999998, -4.719999999999997, 5.48, 11.07995, -4.72, 5.48, -0.00946
18, 10.979999999999999, -4.719999999999997, 5.48, 10.97975, -4.71995, 5.48, -0.009402
18, 10.879999999999999, -4.719999999999997, 5.48, 10.88025, -4.72, 5.48, -0.009449
18, 10.78, -4.719999999999997, 5.48, 10.780400000000002, -4.72, 5.4801, -0.009454
18, 10.68, -4.719999999999997, 5.48, 10.67985, -4.71995, 5.48005, -0.009454
18, 10.58, -4.719999999999997, 5.48, 10.58, -4.7205, 5.48, -0.009433
18, 10.48, -4.719999999999997, 5.48, 10.480550000000001, -4.71995, 5.479850000000001, -0.009449
18, 10.38, -4.719999999999997, 5.48, 10.379900000000001, -4.7198, 5.479900000000001, -0.009418
18, 10.280000000000001, -4.719999999999997, 5.48, 10.28, -4.71975, 5.480150000000001, -0.00947
18, 10.180000000000001, -4.719999999999997, 5.48, 10.1797, -4.72045, 5.479850000000001, -0.009418
18, 10.080000000000002, -4.719999999999997, 5.48, 10.0798, -4.719900000000001, 5.479850000000001, -0.009418
18, 9.980000000000002, -4.719999999999997, 5.48, 9.98005, -4.72025, 5.480150000000001, -0.009413
18, 9.880000000000003, -4.719999999999997, 5.48, 9.88035, -4.7198, 5.4799500000000005, -0.009413
18, 9.780000000000003, -4.719999999999997, 5.48, 9.779950000000001, -4.72025, 5.479850000000001, -0.009454
18, 9.680000000000003, -4.719999999999997, 5.48, 9.68, -4.71975, 5.480150000000001, -0.009418
18, 9.580000000000004, -4.719999999999997, 5.48, 9.5798, -4.72, 5.480150000000001, -0.00947
18, 9.580000000000004, -4.619999999999997, 5.48, 9.578700000000001, -4.619400000000001, 5.480150000000001, -0.009423
18, 9.580000000000004, -4.519999999999998, 5.48, 9.57995, -4.51975, 5.479850000000001, -0.009418
18, 9.580000000000004, -4.419999999999998, 5.48, 9.5805, -4.42025, 5.48005, -0.009454
18, 9.580000000000004, -4.3199999999999985, 5.48, 9.58065, -4.3199000000000005, 5.479900000000001, -0.009449
18, 9.580000000000004, -4.219999999999999, 5.48, 9.58025, -4.2198, 5.48, -0.009475
18, 9.580000000000004, -4.119999999999999, 5.48, 9.5805, -4.1199, 5.480150000000001, -0.009465
18, 9.580000000000004, -4.02, 5.48, 9.57995, -4.0197, 5.479900000000001, -0.009449
18, 9.580000000000004, -3.9199999999999995, 5.48, 9.57925, -3.92, 5.4799500000000005, -0.009376
18, 9.580000000000004, -3.8199999999999994, 5.48, 9.5797, -3.8199, 5.480150000000001, -0.00934
18, 9.580000000000004, -3.7199999999999993, 5.48, 9.579600000000001, -3.7195, 5.4799500000000005, -0.009261
18, 9.580000000000004, -3.619999999999999, 5.48, 9.580300000000001, -3.6196, 5.479850000000001, -0.00934
18, 9.580000000000004, -3.519999999999999, 5.48, 9.5795, -3.5198500000000004, 5.48, -0.009397
18, 9.580000000000004, -3.419999999999999, 5.48, 9.5807, -3.4199, 5.48, -0.009392
18, 9.580000000000004, -3.319999999999999, 5.48, 9.580050000000002, -3.3203, 5.48, -0.009402
18, 9.580000000000004, -3.219999999999999, 5.48, 9.58, -3.2196000000000002, 5.48, -0.009402
18, 9.580000000000004, -3.1199999999999988, 5.48, 9.5806, -3.1203000000000003, 5.4801, -0.009418
18, 9.580000000000004, -3.0199999999999987, 5.48, 9.5804, -3.01975, 5.479900000000001, -0.009423
18, 9.580000000000004, -2.9199999999999986, 5.48, 9.57865, -2.9196500000000003, 5.479900000000001, -0.00947
19, 9.680000000000003, -2.9199999999999986, 5.48, 9.681, -2.9198500000000003, 5.479900000000001, -0.009407
19, 9.780000000000003, -2.9199999999999986, 5.48, 9.7802, -2.9202000000000004, 5.48, -0.009433
19, 9.880000000000003, -2.9199999999999986, 5.48, 9.880400000000002, -2.9201000000000006, 5.48005, -0.009454
19, 9.980000000000002, -2.9199999999999986, 5.48, 9.979700000000001, -2.92, 5.480150000000001, -0.009449
19, 10.080000000000002, -2.9199999999999986, 5.48, 10.080200000000001, -2.9199, 5.4799500000000005, -0.009439
19, 10.180000000000001, -2.9199999999999986, 5.48, 10.180050000000001, -2.9199, 5.479850000000001, -0.009413
19, 10.280000000000001, -2.9199999999999986, 5.48, 10.28015, -2.9200500000000003, 5.479900000000001, -0.009475
19, 10.38, -2.9199999999999986, 5.48, 10.379650000000002, -2.92015, 5.48005, -0.009449
19, 10.48, -2.9199999999999986, 5.48, 10.480150000000002, -2.9201000000000006, 5.480150000000001, -0.009444
19, 10.58, -2.9199999999999986, 5.48, 10.58025, -2.9199500000000005, 5.48, -0.009397
19, 10.68, -2.9199999999999986, 5.48, 10.6801, -2.9199500000000005, 5.479850000000001, -0.009433
19, 10.78, -2.9199999999999986, 5.48, 10.78015, -2.9200500000000003, 5.479900000000001, -0.00946
19, 10.879999999999999, -2.9199999999999986, 5.48, 10.880150000000002, -2.9201000000000006, 5.48, -0.009428
19, 10.979999999999999, -2.9199999999999986, 5.48, 10.9796, -2.9201000000000006, 5.48, -0.009454
19, 11.079999999999998, -2.9199999999999986, 5.48, 11.080300000000001, -2.92, 5.48, -0.009486
19, 11.179999999999998, -2.9199999999999986, 5.48, 11.18, -2.9199500000000005, 5.48, -0.009454
19, 11.279999999999998, -2.9199999999999986, 5.48, 11.280050000000001, -2.9199500000000005, 5.48, -0.009433
19, 11.379999999999997, -2.9199999999999986, 5.48, 11.379650000000002, -2.9201000000000006, 5.48, -0.009413
19, 11.479999999999997, -2.9199999999999986, 5.48, 11.48035, -2.9201000000000006, 5.48, -0.009454
19, 11.479999999999997, -3.0199999999999987, 5.48, 11.480450000000001, -3.0198, 5.4801, -0.00947
19, 11.479999999999997, -3.1199999999999988, 5.48, 11.4806, -3.1204, 5.48005, -0.009465
19, 11.479999999999997, -3.219999999999999, 5.48, 11.47975, -3.2201000000000004, 5.479900000000001, -0.009397
19, 11.479999999999997, -3.319999999999999, 5.48, 11.479800000000001, -3.3203500000000004, 5.4799500000000005, -0.009423
19, 11.479999999999997, -3.419999999999999, 5.48, 11.47985, -3.4198500000000003, 5.48, -0.009423
19, 11.479999999999997, -3.519999999999999, 5.48, 11.479700000000001, -3.52, 5.48005, -0.00946
19, 11.479999999999997, -3.619999999999999, 5.48, 11.48025, -3.6195500000000003, 5.4801, -0.009486
19, 11.479999999999997, -3.7199999999999993, 5.48, 11.480150000000002, -3.72, 5.48005, -0.009449
19, 11.479999999999997, -3.8199999999999994, 5.48, 11.47975, -3.82015, 5.479900000000001, -0.009433
19, 11.479999999999997, -3.9199999999999995, 5.48, 11.4802, -3.9200500000000003, 5.479900000000001, -0.009449
19, 11.479999999999997, -4.02, 5.48, 11.48025, -4.0199, 5.48, -0.009433
19, 11.479999999999997, -4.119999999999999, 5.48, 11.480450000000001, -4.11975, 5.4801, -0.009444
19, 11.479999999999997, -4.219999999999999, 5.48, 11.47975, -4.2197, 5.4801, -0.009465
19, 11.479999999999997, -4.3199999999999985, 5.48, 11.480150000000002, -4.32025, 5.48, -0.009465
19, 11.479999999999997, -4.419999999999998, 5.48, 11.479800000000001, -4.41985, 5.48, -0.009428
19, 11.479999999999997, -4.519999999999998, 5.48, 11.48035, -4.5198, 5.4799500000000005, -0.009454
19, 11.479999999999997, -4.619999999999997, 5.48, 11.48005, -4.6197, 5.479900000000001, -0.009439
19, 11.479999999999997, -4.719999999999997, 5.48, 11.479650000000001, -4.7200500000000005, 5.4801, -0.009407
19, 11.479999999999997, -4.819999999999997, 5.48, 11.480300000000002, -4.8195, 5.4801, -0.009407
20, 11.379999999999997, -4.819999999999997, 5.48, 11.3802, -4.81965, 5.48, -0.009433
20, 11.279999999999998, -4.819999999999997, 5.48, 11.2802, -4.82, 5.48, -0.009475
20, 11.179999999999998, -4.819999999999997, 5.48, 11.179900000000002, -4.819850000000001, 5.479900000000001, -0.009407
20, 11.079999999999998, -4.819999999999997, 5.48, 11.08025, -4.8199000000000005, 5.48, -0.00946
20, 10.979999999999999, -4.819999999999997, 5.48, 10.98, -4.8201, 5.48, -0.009454
20, 10.879999999999999, -4.819999999999997, 5.48, 10.880300000000002, -4.819850000000001, 5.48, -0.009423
20, 10.78, -4.819999999999997, 5.48, 10.78025, -4.8198, 5.48, -0.009465
20, 10.68, -4.819999999999997, 5.48, 10.6801, -4.8201, 5.48, -0.009449
20, 10.58, -4.819999999999997, 5.48, 10.57965, -4.820150000000001, 5.48, -0.009418
20, 10.48, -4.819999999999997, 5.48, 10.48035, -4.82, 5.48, -0.009407
20, 10.38, -4.819999999999997, 5.48, 10.38005, -4.8195500000000004, 5.48, -0.009465
20, 10.280000000000001, -4.819999999999997, 5.48, 10.279650000000002, -4.82005, 5.48, -0.009418
20, 10.180000000000001, -4.819999999999997, 5.48, 10.179650000000002, -4.8202, 5.48005, -0.00946
20, 10.080000000000002, -4.819999999999997, 5.48, 10.0798, -4.82, 5.4801, -0.009465
20, 9.980000000000002, -4.819999999999997, 5.48, 9.97975, -4.81975, 5.4801, -0.009433
20, 9.880000000000003, -4.819999999999997, 5.48, 9.88005, -4.82, 5.48, -0.00947
20, 9.780000000000003, -4.819999999999997, 5.48, 9.780100000000001, -4.8202, 5.48, -0.009454
20, 9.680000000000003, -4.819999999999997, 5.48, 9.679950000000002, -4.81965, 5.48, -0.009465
20, 9.580000000000004, -4.819999999999997, 5.48, 9.5797, -4.8198, 5.48, -0.009433
20, 9.480000000000004, -4.819999999999997, 5.48, 9.47995, -4.8202, 5.4799500000000005, -0.009407
20, 9.480000000000004, -4.719999999999997, 5.48, 9.48005, -4.7197, 5.479900000000001, -0.00946
20, 9.480000000000004, -4.619999999999997, 5.48, 9.478950000000001, -4.6192, 5.48, -0.009418
20, 9.480000000000004, -4.519999999999998, 5.48, 9.48025, -4.52005, 5.48, -0.009433
20, 9.480000000000004, -4.419999999999998, 5.48, 9.48025, -4.41955, 5.4801, -0.00946
20, 9.480000000000004, -4.3199999999999985, 5.48, 9.47965, -4.31975, 5.480150000000001, -0.009423
20, 9.480000000000004, -4.219999999999999, 5.48, 9.479899999999999, -4.2198, 5.48, -0.009439
20, 9.480000000000004, -4.119999999999999, 5.48, 9.4795, -4.12005, 5.479900000000001, -0.009407
20, 9.480000000000004, -4.02, 5.48, 9.480450000000001, -4.0197, 5.479900000000001, -0.009407
20, 9.480000000000004, -3.9199999999999995, 5.48, 9.479899999999999, -3.92025, 5.4799500000000005, -0.009423
20, 9.480000000000004, -3.8199999999999994, 5.48, 9.479700000000001, -3.8202000000000003, 5.4801, -0.009402
20, 9.480000000000004, -3.7199999999999993, 5.48, 9.4795, -3.7201500000000003, 5.4801, -0.009444
20, 9.480000000000004, -3.619999999999999, 5.48, 9.48005, -3.61975, 5.48, -0.009413
20, 9.480000000000004, -3.519999999999999, 5.48, 9.479800000000001, -3.5199000000000003, 5.48, -0.009413
20, 9.480000000000004, -3.419999999999999, 5.48, 9.47925, -3.4199500000000005, 5.48, -0.00946
20, 9.480000000000004, -3.319999999999999, 5.48, 9.47985, -3.31965, 5.4799500000000005, -0.009439
20, 9.480000000000004, -3.219999999999999, 5.48, 9.479899999999999, -3.2201000000000004, 5.479900000000001, -0.009454
20, 9.480000000000004, -3.1199999999999988, 5.48, 9.48035, -3.1199500000000002, 5.4801, -0.009439
20, 9.480000000000004, -3.0199999999999987, 5.48, 9.48025, -3.0202000000000004, 5.48, -0.009454
20, 9.480000000000004, -2.9199999999999986, 5.48, 9.47975, -2.9204, 5.48, -0.009449
20, 9.480000000000004, -2.8199999999999985, 5.48, 9.479800000000001, -2.8203, 5.479900000000001, -0.009402
21, 9.580000000000004, -2.8199999999999985, 5.48, 9.57925, -2.8201000000000005, 5.479900000000001, -0.009407
21, 9.680000000000003, -2.8199999999999985, 5.48, 9.6806, -2.82, 5.48, -0.009449
21, 9.780000000000003, -2.8199999999999985, 5.48, 9.78045, -2.82, 5.4799500000000005, -0.009423
21, 9.880000000000003, -2.8199999999999985, 5.48, 9.879800000000001, -2.82015, 5.48, -0.009454
21, 9.980000000000002, -2.8199999999999985, 5.48, 9.98035, -2.82005, 5.48, -0.009407
21, 10.080000000000002, -2.8199999999999985, 5.48, 10.080150000000001, -2.8198000000000003, 5.48, -0.009418
21, 10.180000000000001, -2.8199999999999985, 5.48, 10.18025, -2.8202000000000003, 5.48, -0.009413
21, 10.280000000000001, -2.8199999999999985, 5.48, 10.28, -2.82015, 5.48005, -0.009418
21, 10.38, -2.8199999999999985, 5.48, 10.379550000000002, -2.81965, 5.4801, -0.00947
21, 10.48, -2.8199999999999985, 5.48, 10.48025, -2.82005, 5.4801, -0.00947
21, 10.58, -2.8199999999999985, 5.48, 10.580150000000001, -2.8201000000000005, 5.48, -0.009402
21, 10.68, -2.8199999999999985, 5.48, 10.680400000000002, -2.81975, 5.479900000000001, -0.009423
21, 10.78, -2.8199999999999985, 5.48, 10.78035, -2.82015, 5.479900000000001, -0.00946
21, 10.879999999999999, -2.8199999999999985, 5.48, 10.87975, -2.82025, 5.479900000000001, -0.009423
21, 10.979999999999999, -2.8199999999999985, 5.48, 10.9796, -2.81975, 5.48, -0.009454
21, 11.079999999999998, -2.8199999999999985, 5.48, 11.0798, -2.82, 5.48, -0.00946
21, 11.179999999999998, -2.8199999999999985, 5.48, 11.180050000000001, -2.82015, 5.48, -0.009418
21, 11.279999999999998, -2.8199999999999985, 5.48, 11.279800000000002, -2.81985, 5.48005, -0.009428
21, 11.379999999999997, -2.8199999999999985, 5.48, 11.38, -2.82005, 5.480150000000001, -0.00946
21, 11.479999999999997, -2.8199999999999985, 5.48, 11.480150000000002, -2.82015, 5.4801, -0.00946
21, 11.579999999999997, -2.8199999999999985, 5.48, 11.579900000000002, -2.82, 5.48, -0.00946
21, 11.579999999999997, -2.9199999999999986, 5.48, 11.580650000000002, -2.9204, 5.48, -0.009402
21, 11.579999999999997, -3.0199999999999987, 5.48, 11.58, -3.0197000000000003, 5.48, -0.009418
21, 11.579999999999997, -3.1199999999999988, 5.48, 11.58055, -3.12025, 5.48, -0.00947
21, 11.579999999999997, -3.219999999999999, 5.48, 11.580200000000001, -3.2199, 5.4799500000000005, -0.009465
21, 11.579999999999997, -3.319999999999999, 5.48, 11.5801, -3.32015, 5.479900000000001, -0.009454
21, 11.579999999999997, -3.419999999999999, 5.48, 11.580150000000001, -3.4199, 5.48, -0.009433
21, 11.579999999999997, -3.519999999999999, 5.48, 11.5805, -3.5204500000000003, 5.48005, -0.009402
21, 11.579999999999997, -3.619999999999999, 5.48, 11.580150000000001, -3.61975, 5.4801, -0.009413
21, 11.579999999999997, -3.7199999999999993, 5.48, 11.57995, -3.72, 5.48, -0.009418
21, 11.579999999999997, -3.8199999999999994, 5.48, 11.5797, -3.8202000000000003, 5.48, -0.009444
21, 11.579999999999997, -3.9199999999999995, 5.48, 11.580350000000001, -3.92045, 5.4799500000000005, -0.009465
21, 11.579999999999997, -4.02, 5.48, 11.57995, -4.01985, 5.4799500000000005, -0.009392
21, 11.579999999999997, -4.119999999999999, 5.48, 11.57965, -4.12005, 5.4799500000000005, -0.009454
21, 11.579999999999997, -4.219999999999999, 5.48, 11.580350000000001, -4.2205, 5.4801, -0.00946
21, 11.579999999999997, -4.3199999999999985, 5.48, 11.5801, -4.3198, 5.48005, -0.00946
21, 11.579999999999997, -4.419999999999998, 5.48, 11.57985, -4.4199, 5.48, -0.009402
21, 11.579999999999997, -4.519999999999998, 5.48, 11.579450000000001, -4.52, 5.48, -0.00947
21, 11.579999999999997, -4.619999999999997, 5.48, 11.580350000000001, -4.6196, 5.48, -0.009475
21, 11.579999999999997, -4.719999999999997, 5.48, 11.580150000000001, -4.72025, 5.48, -0.009418
21, 11.579999999999997, -4.819999999999997, 5.48, 11.580150000000001, -4.8195500000000004, 5.48, -0.009439
21, 11.579999999999997, -4.919999999999996, 5.48, 11.57995, -4.9198, 5.48, -0.009418
22, 11.479999999999997, -4.919999999999996, 5.48, 11.480450000000001, -4.91975, 5.48, -0.009454
22, 11.379999999999997, -4.919999999999996, 5.48, 11.379850000000001, -4.9198, 5.48, -0.009402
22, 11.279999999999998, -4.919999999999996, 5.48, 11.28035, -4.920450000000001, 5.48, -0.009418
22, 11.179999999999998, -4.919999999999996, 5.48, 11.179450000000001, -4.919950000000001, 5.48, -0.009454
22, 11.079999999999998, -4.919999999999996, 5.48, 11.080350000000001, -4.92035, 5.479900000000001, -0.009418
22, 10.979999999999999, -4.919999999999996, 5.48, 10.980300000000002, -4.92005, 5.4799500000000005, -0.009407
22, 10.879999999999999, -4.919999999999996, 5.48, 10.8801, -4.9201500000000005, 5.48, -0.00947
22, 10.78, -4.919999999999996, 5.48, 10.78045, -4.9199, 5.48005, -0.009407
22, 10.68, -4.919999999999996, 5.48, 10.6801, -4.91975, 5.48005, -0.00946
22, 10.58, -4.919999999999996, 5.48, 10.579600000000001, -4.920100000000001, 5.4801, -0.009444
22, 10.48, -4.919999999999996, 5.48, 10.480400000000001, -4.920100000000001, 5.4799500000000005, -0.009413
22, 10.38, -4.919999999999996, 5.48, 10.38005, -4.9198, 5.479900000000001, -0.009407
22, 10.280000000000001, -4.919999999999996, 5.48, 10.2797, -4.91985, 5.479900000000001, -0.009475
22, 10.180000000000001, -4.919999999999996, 5.48, 10.1797, -4.9202, 5.48, -0.009465
22, 10.080000000000002, -4.919999999999996, 5.48, 10.0801, -4.9199, 5.48, -0.00946
22, 9.980000000000002, -4.919999999999996, 5.48, 9.979650000000001, -4.9198, 5.48, -0.009418
22, 9.880000000000003, -4.919999999999996, 5.48, 9.880600000000001, -4.91985, 5.48, -0.00946
22, 9.780000000000003, -4.919999999999996, 5.48, 9.780050000000001, -4.920100000000001, 5.48, -0.009449
22, 9.680000000000003, -4.919999999999996, 5.48, 9.679950000000002, -4.92005, 5.480150000000001, -0.00946
22, 9.580000000000004, -4.919999999999996, 5.48, 9.579600000000001, -4.9199, 5.480150000000001, -0.009423
22, 9.480000000000004, -4.919999999999996, 5.48, 9.48015, -4.91985, 5.48, -0.009449
22, 9.380000000000004, -4.919999999999996, 5.48, 9.3802, -4.919950000000001, 5.48, -0.009444
22, 9.380000000000004, -4.819999999999997, 5.48, 9.3796, -4.81975, 5.48, -0.009449
22, 9.380000000000004, -4.719999999999997, 5.48, 9.380550000000001, -4.7198, 5.4799500000000005, -0.009413
22, 9.380000000000004, -4.619999999999997, 5.48, 9.37865, -4.61945, 5.479900000000001, -0.00947
22, 9.380000000000004, -4.519999999999998, 5.48, 9.38005, -4.52005, 5.48, -0.009454
22, 9.380000000000004, -4.419999999999998, 5.48, 9.38065, -4.4197, 5.4799500000000005, -0.009423
22, 9.380000000000004, -4.3199999999999985, 5.48, 9.37885, -4.319850000000001, 5.4801, -0.009454
22, 9.380000000000004, -4.219999999999999, 5.48, 9.3799, -4.2200500000000005, 5.4801, -0.009454
22, 9.380000000000004, -4.119999999999999, 5.48, 9.379550000000002, -4.1199, 5.48, -0.009428
22, 9.380000000000004, -4.02, 5.48, 9.3802, -4.0197, 5.48, -0.009454
22, 9.380000000000004, -3.9199999999999995, 5.48, 9.3799, -3.9202000000000004, 5.48, -0.009454
22, 9.380000000000004, -3.8199999999999994, 5.48, 9.379700000000001, -3.82005, 5.48, -0.009402
22, 9.380000000000004, -3.7199999999999993, 5.48, 9.3805, -3.72065, 5.48, -0.00947
22, 9.380000000000004, -3.619999999999999, 5.48, 9.38025, -3.62, 5.48, -0.009387
22, 9.380000000000004, -3.519999999999999, 5.48, 9.38015, -3.51965, 5.48, -0.009413
22, 9.380000000000004, -3.419999999999999, 5.48, 9.3793, -3.41975, 5.48, -0.009413
22, 9.380000000000004, -3.319999999999999, 5.48, 9.3795, -3.31965, 5.48, -0.009454
22, 9.380000000000004, -3.219999999999999, 5.48, 9.38005, -3.2199500000000003, 5.48, -0.00946
22, 9.380000000000004, -3.1199999999999988, 5.48, 9.3814, -3.1206000000000005, 5.4799500000000005, -0.009449
22, 9.380000000000004, -3.0199999999999987, 5.48, 9.3793, -3.02, 5.4799500000000005, -0.009454
22, 9.380000000000004, -2.9199999999999986, 5.48, 9.37915, -2.9198000000000004, 5.48, -0.009418
22, 9.380000000000004, -2.8199999999999985, 5.48, 9.37975, -2.8202000000000003, 5.48005, -0.009465
22, 9.380000000000004, -2.7199999999999984, 5.48, 9.37975, -2.7193500000000004, 5.4801, -0.009449
23, 9.480000000000004, -2.7199999999999984, 5.48, 9.48015, -2.7198500000000005, 5.48, -0.00946
23, 9.580000000000004, -2.7199999999999984, 5.48, 9.579600000000001, -2.7198500000000005, 5.48, -0.009387
23, 9.680000000000003, -2.7199999999999984, 5.48, 9.680050000000001, -2.71975, 5.48, -0.009454
23, 9.780000000000003, -2.7199999999999984, 5.48, 9.780100000000001, -2.7205, 5.48, -0.009402
23, 9.880000000000003, -2.7199999999999984, 5.48, 9.88075, -2.7198500000000005, 5.4799500000000005, -0.009407
23, 9.980000000000002, -2.7199999999999984, 5.48, 9.98, -2.72, 5.479900000000001, -0.009465
23, 10.080000000000002, -2.7199999999999984, 5.48, 10.0801, -2.7201000000000004, 5.4799500000000005, -0.009413
23, 10.180000000000001, -2.7199999999999984, 5.48, 10.180200000000001, -2.7198500000000005, 5.48, -0.009428
23, 10.280000000000001, -2.7199999999999984, 5.48, 10.280400000000002, -2.72, 5.48, -0.00946
23, 10.38, -2.7199999999999984, 5.48, 10.379550000000002, -2.72005, 5.48, -0.009444
23, 10.48, -2.7199999999999984, 5.48, 10.4802, -2.72, 5.48, -0.009449
23, 10.58, -2.7199999999999984, 5.48, 10.57975, -2.72005, 5.48, -0.009423
23, 10.68, -2.7199999999999984, 5.48, 10.67975, -2.71975, 5.48, -0.009449
23, 10.78, -2.7199999999999984, 5.48, 10.7803, -2.7199, 5.48, -0.009428
23, 10.879999999999999, -2.7199999999999984, 5.48, 10.879700000000001, -2.7199500000000003, 5.48005, -0.009423
23, 10.979999999999999, -2.7199999999999984, 5.48, 10.980300000000002, -2.7199500000000003, 5.4801, -0.009465
23, 11.079999999999998, -2.7199999999999984, 5.48, 11.07995, -2.7199, 5.48, -0.009454
23, 11.179999999999998, -2.7199999999999984, 5.48, 11.18055, -2.7198500000000005, 5.48, -0.009402
23, 11.279999999999998, -2.7199999999999984, 5.48, 11.27975, -2.7199, 5.479900000000001, -0.00947
23, 11.379999999999997, -2.7199999999999984, 5.48, 11.379850000000001, -2.7198500000000005, 5.48, -0.009454
23, 11.479999999999997, -2.7199999999999984, 5.48, 11.480300000000002, -2.71975, 5.48, -0.009433
23, 11.579999999999997, -2.7199999999999984, 5.48, 11.580050000000002, -2.7198, 5.48, -0.009413
23, 11.679999999999996, -2.7199999999999984, 5.48, 11.68025, -2.71975, 5.48, -0.009402
23, 11.679999999999996, -2.8199999999999985, 5.48, 11.680200000000001, -2.82, 5.48005, -0.009413
23, 11.679999999999996, -2.9199999999999986, 5.48, 11.680650000000002, -2.9201000000000006, 5.4801, -0.00946
23, 11.679999999999996, -3.0199999999999987, 5.48, 11.68025, -3.0197000000000003, 5.4801, -0.009407
23, 11.679999999999996, -3.1199999999999988, 5.48, 11.68025, -3.1199, 5.48, -0.009413
23, 11.679999999999996, -3.219999999999999, 5.48, 11.68, -3.2198500000000005, 5.479900000000001, -0.009418
23, 11.679999999999996, -3.319999999999999, 5.48, 11.680200000000001, -3.3202000000000003, 5.48, -0.009407
23, 11.679999999999996, -3.419999999999999, 5.48, 11.6801, -3.4199, 5.48, -0.009449
23, 11.679999999999996, -3.519999999999999, 5.48, 11.67975, -3.51995, 5.48, -0.009475
23, 11.679999999999996, -3.619999999999999, 5.48, 11.680400000000002, -3.6198500000000005, 5.48, -0.009433
23, 11.679999999999996, -3.7199999999999993, 5.48, 11.680150000000001, -3.7198, 5.48, -0.009449
23, 11.679999999999996, -3.8199999999999994, 5.48, 11.68085, -3.8202000000000003, 5.48, -0.009402
23, 11.679999999999996, -3.9199999999999995, 5.48, 11.680150000000001, -3.9203500000000004, 5.48005, -0.009397
23, 11.679999999999996, -4.02, 5.48, 11.680050000000001, -4.0199, 5.4801, -0.009392
23, 11.679999999999996, -4.119999999999999, 5.48, 11.679800000000002, -4.1196, 5.48, -0.009423
23, 11.679999999999996, -4.219999999999999, 5.48, 11.680050000000001, -4.22, 5.4799500000000005, -0.009444
23, 11.679999999999996, -4.3199999999999985, 5.48, 11.6803, -4.3199000000000005, 5.4799500000000005, -0.009433
23, 11.679999999999996, -4.419999999999998, 5.48, 11.680150000000001, -4.41995, 5.479900000000001, -0.00946
23, 11.679999999999996, -4.519999999999998, 5.48, 11.68045, -4.51945, 5.4799500000000005, -0.009475
23, 11.679999999999996, -4.619999999999997, 5.48, 11.6801, -4.6197, 5.48, -0.009423
23, 11.679999999999996, -4.719999999999997, 5.48, 11.679950000000002, -4.72015, 5.48005, -0.009465
23, 11.679999999999996, -4.819999999999997, 5.48, 11.6805, -4.8204, 5.48005, -0.009402
23, 11.679999999999996, -4.919999999999996, 5.48, 11.68025, -4.919650000000001, 5.4799500000000005, -0.009444
23, 11.679999999999996, -5.019999999999996, 5.48, 11.6803, -5.019900000000001, 5.479900000000001, -0.009423
24, 11.579999999999997, -5.019999999999996, 5.48, 11.58, -5.01975, 5.48, -0.009465
24, 11.479999999999997, -5.019999999999996, 5.48, 11.48035, -5.0198, 5.4801, -0.009449
24, 11.379999999999997, -5.019999999999996, 5.48, 11.3795, -5.01975, 5.480150000000001, -0.009418
24, 11.279999999999998, -5.019999999999996, 5.48, 11.280650000000001, -5.02025, 5.48, -0.009407
24, 11.179999999999998, -5.019999999999996, 5.48, 11.17955, -5.0195, 5.4799500000000005, -0.009449
24, 11.079999999999998, -5.019999999999996, 5.48, 11.080300000000001, -5.020200000000001, 5.479900000000001, -0.009465
24, 10.979999999999999, -5.019999999999996, 5.48, 10.980150000000002, -5.019450000000001, 5.479900000000001, -0.009397
24, 10.879999999999999, -5.019999999999996, 5.48, 10.879900000000001, -5.02015, 5.48, -0.009454
24, 10.78, -5.019999999999996, 5.48, 10.780400000000002, -5.02025, 5.48, -0.009428
24, 10.68, -5.019999999999996, 5.48, 10.68, -5.019700000000001, 5.48, -0.009402
24, 10.58, -5.019999999999996, 5.48, 10.57985, -5.02015, 5.48, -0.009449
24, 10.48, -5.019999999999996, 5.48, 10.48035, -5.0198, 5.48005, -0.009407
24, 10.38, -5.019999999999996, 5.48, 10.3801, -5.019900000000001, 5.48005, -0.009439
24, 10.280000000000001, -5.019999999999996, 5.48, 10.27975, -5.02005, 5.48, -0.009465
24, 10.180000000000001, -5.019999999999996, 5.48, 10.179900000000002, -5.02005, 5.4799500000000005, -0.009402
24, 10.080000000000002, -5.019999999999996, 5.48, 10.07975, -5.02, 5.479900000000001, -0.009413
24, 9.980000000000002, -5.019999999999996, 5.48, 9.9799, -5.019900000000001, 5.479900000000001, -0.009449
24, 9.880000000000003, -5.019999999999996, 5.48, 9.880300000000002, -5.019900000000001, 5.4799500000000005, -0.00946
24, 9.780000000000003, -5.019999999999996, 5.48, 9.7802, -5.019950000000001, 5.48, -0.009465
24, 9.680000000000003, -5.019999999999996, 5.48, 9.67985, -5.02005, 5.48, -0.009423
24, 9.580000000000004, -5.019999999999996, 5.48, 9.58, -5.02005, 5.480150000000001, -0.009402
24, 9.480000000000004, -5.019999999999996, 5.48, 9.4804, -5.02, 5.4801, -0.009449
24, 9.380000000000004, -5.019999999999996, 5.48, 9.379950000000001, -5.01985, 5.479900000000001, -0.009402
24, 9.280000000000005, -5.019999999999996, 5.48, 9.279950000000001, -5.019950000000001, 5.479850000000001, -0.009454
24, 9.280000000000005, -4.919999999999996, 5.48, 9.280800000000001, -4.920400000000001, 5.48, -0.009475
24, 9.280000000000005, -4.819999999999997, 5.48, 9.280100000000001, -4.82025, 5.4801, -0.009449
24, 9.280000000000005, -4.719999999999997, 5.48, 9.279950000000001, -4.719650000000001, 5.48, -0.009454
24, 9.280000000000005, -4.619999999999997, 5.48, 9.27965, -4.619400000000001, 5.4799500000000005, -0.009397
24, 9.280000000000005, -4.519999999999998, 5.48, 9.28, -4.519400000000001, 5.479900000000001, -0.009418
24, 9.280000000000005, -4.419999999999998, 5.48, 9.2797, -4.4196, 5.48, -0.009397
24, 9.280000000000005, -4.3199999999999985, 5.48, 9.279399999999999, -4.3197, 5.48, -0.009444
24, 9.280000000000005, -4.219999999999999, 5.48, 9.279800000000002, -4.22, 5.480150000000001, -0.009454
24, 9.280000000000005, -4.119999999999999, 5.48, 9.27965, -4.11955, 5.48, -0.009454
24, 9.280000000000005, -4.02, 5.48, 9.28035, -4.0198, 5.4799500000000005, -0.009454
24, 9.280000000000005, -3.9199999999999995, 5.48, 9.2797, -3.92015, 5.48, -0.009387
24, 9.280000000000005, -3.8199999999999994, 5.48, 9.2802, -3.82005, 5.479900000000001, -0.00946
24, 9.280000000000005, -3.7199999999999993, 5.48, 9.27985, -3.7204500000000005, 5.48, -0.009413
24, 9.280000000000005, -3.619999999999999, 5.48, 9.2802, -3.61945, 5.48, -0.009454
24, 9.280000000000005, -3.519999999999999, 5.48, 9.2802, -3.51955, 5.48, -0.009413
24, 9.280000000000005, -3.419999999999999, 5.48, 9.28, -3.42015, 5.48, -0.00947
24, 9.280000000000005, -3.319999999999999, 5.48, 9.2799, -3.32005, 5.4801, -0.009449
24, 9.280000000000005, -3.219999999999999, 5.48, 9.280100000000001, -3.2195, 5.48, -0.009454
24, 9.280000000000005, -3.1199999999999988, 5.48, 9.2804, -3.1198500000000005, 5.48, -0.009439
24, 9.280000000000005, -3.0199999999999987, 5.48, 9.280050000000001, -3.0203500000000005, 5.48, -0.009407
24, 9.280000000000005, -2.9199999999999986, 5.48, 9.28, -2.9198500000000003, 5.48, -0.009444
24, 9.280000000000005, -2.8199999999999985, 5.48, 9.27985, -2.82025, 5.48, -0.009397
24, 9.280000000000005, -2.7199999999999984, 5.48, 9.27965, -2.7199, 5.48, -0.009407
24, 9.280000000000005, -2.6199999999999983, 5.48, 9.27975, -2.6197000000000004, 5.48, -0.009407
25, 9.380000000000004, -2.6199999999999983, 5.48, 9.38015, -2.6197000000000004, 5.479900000000001, -0.009413
25, 9.480000000000004, -2.6199999999999983, 5.48, 9.479550000000001, -2.6198500000000005, 5.4799500000000005, -0.009449
25, 9.580000000000004, -2.6199999999999983, 5.48, 9.5807, -2.62055, 5.4799500000000005, -0.009397
25, 9.680000000000003, -2.6199999999999983, 5.48, 9.679649999999999, -2.62, 5.48, -0.009418
25, 9.780000000000003, -2.6199999999999983, 5.48, 9.78035, -2.62, 5.48005, -0.009449
25, 9.880000000000003, -2.6199999999999983, 5.48, 9.880700000000001, -2.6203000000000003, 5.48005, -0.009454
25, 9.980000000000002, -2.6199999999999983, 5.48, 9.9801, -2.62015, 5.4801, -0.009454
25, 10.080000000000002, -2.6199999999999983, 5.48, 10.080050000000002, -2.6199, 5.4799500000000005, -0.009449
25, 10.180000000000001, -2.6199999999999983, 5.48, 10.18, -2.62005, 5.479900000000001, -0.009402
25, 10.280000000000001, -2.6199999999999983, 5.48, 10.2803, -2.62015, 5.479900000000001, -0.009407
25, 10.38, -2.6199999999999983, 5.48, 10.37975, -2.6198500000000005, 5.479900000000001, -0.00947
25, 10.48, -2.6199999999999983, 5.48, 10.480300000000002, -2.62, 5.48, -0.009439
25, 10.58, -2.6199999999999983, 5.48, 10.580200000000001, -2.6202, 5.48, -0.009402
25, 10.68, -2.6199999999999983, 5.48, 10.67985, -2.6199, 5.48, -0.009402
25, 10.78, -2.6199999999999983, 5.48, 10.779650000000002, -2.6198500000000005, 5.48, -0.009475
25, 10.879999999999999, -2.6199999999999983, 5.48, 10.88005, -2.6201000000000003, 5.48, -0.009428
25, 10.979999999999999, -2.6199999999999983, 5.48, 10.98005, -2.6201000000000003, 5.48, -0.009423
25, 11.079999999999998, -2.6199999999999983, 5.48, 11.080300000000001, -2.6198500000000005, 5.48, -0.009402
25, 11.179999999999998, -2.6199999999999983, 5.48, 11.180050000000001, -2.6199, 5.48, -0.009449
25, 11.279999999999998, -2.6199999999999983, 5.48, 11.2797, -2.62005, 5.48, -0.009397
25, 11.379999999999997, -2.6199999999999983, 5.48, 11.379950000000001, -2.6202, 5.48, -0.009449
25, 11.479999999999997, -2.6199999999999983, 5.48, 11.4802, -2.6201000000000003, 5.48, -0.009402
25, 11.579999999999997, -2.6199999999999983, 5.48, 11.58, -2.6199, 5.48005, -0.009407
25, 11.679999999999996, -2.6199999999999983, 5.48, 11.679900000000002, -2.6201000000000003, 5.48005, -0.009418
25, 11.779999999999996, -2.6199999999999983, 5.48, 11.78025, -2.62005, 5.4801, -0.009439
25, 11.779999999999996, -2.7199999999999984, 5.48, 11.7795, -2.72, 5.48, -0.009428
25, 11.779999999999996, -2.8199999999999985, 5.48, 11.78, -2.82005, 5.48, -0.009402
25, 11.779999999999996, -2.9199999999999986, 5.48, 11.780850000000001, -2.92025, 5.48, -0.009413
25, 11.779999999999996, -3.0199999999999987, 5.48, 11.780650000000001, -3.0194500000000004, 5.479900000000001, -0.009423
25, 11.779999999999996, -3.1199999999999988, 5.48, 11.779900000000001, -3.12, 5.4799500000000005, -0.009454
25, 11.779999999999996, -3.219999999999999, 5.48, 11.779650000000002, -3.2198, 5.48005, -0.009449
25, 11.779999999999996, -3.319999999999999, 5.48, 11.779900000000001, -3.32015, 5.4801, -0.009433
25, 11.779999999999996, -3.419999999999999, 5.48, 11.78, -3.41975, 5.48, -0.009387
25, 11.779999999999996, -3.519999999999999, 5.48, 11.7803, -3.5201000000000002, 5.48, -0.009465
25, 11.779999999999996, -3.619999999999999, 5.48, 11.78, -3.6197000000000004, 5.48, -0.009444
25, 11.779999999999996, -3.7199999999999993, 5.48, 11.780050000000001, -3.7199, 5.48, -0.009392
25, 11.779999999999996, -3.8199999999999994, 5.48, 11.78025, -3.8202000000000003, 5.48, -0.009439
25, 11.779999999999996, -3.9199999999999995, 5.48, 11.78025, -3.9203, 5.48, -0.009397
25, 11.779999999999996, -4.02, 5.48, 11.780050000000001, -4.0199, 5.4799500000000005, -0.009449
25, 11.779999999999996, -4.119999999999999, 5.48, 11.780050000000001, -4.1202, 5.4799500000000005, -0.009413
25, 11.779999999999996, -4.219999999999999, 5.48, 11.78015, -4.2203, 5.4801, -0.009449
25, 11.779999999999996, -4.3199999999999985, 5.48, 11.7802, -4.319850000000001, 5.4801, -0.009387
25, 11.779999999999996, -4.419999999999998, 5.48, 11.7796, -4.41995, 5.48, -0.009413
25, 11.779999999999996, -4.519999999999998, 5.48, 11.7803, -4.51985, 5.48, -0.009407
25, 11.779999999999996, -4.619999999999997, 5.48, 11.78025, -4.619800000000001, 5.48, -0.009402
25, 11.779999999999996, -4.719999999999997, 5.48, 11.779800000000002, -4.7202, 5.4799500000000005, -0.009444
25, 11.779999999999996, -4.819999999999997, 5.48, 11.780100000000001, -4.819850000000001, 5.479900000000001, -0.00946
25, 11.779999999999996, -4.919999999999996, 5.48, 11.77985, -4.919650000000001, 5.4799500000000005, -0.009407
25, 11.779999999999996, -5.019999999999996, 5.48, 11.780800000000001, -5.019950000000001, 5.48, -0.009449
25, 11.779999999999996, -5.119999999999996, 5.48, 11.77985, -5.120100000000001, 5.480150000000001, -0.009433
26, 11.679999999999996, -5.119999999999996, 5.48, 11.680650000000002, -5.12025, 5.4801, -0.009397
26, 11.579999999999997, -5.119999999999996, 5.48, 11.5801, -5.1199, 5.48, -0.009428
26, 11.479999999999997, -5.119999999999996, 5.48, 11.480400000000001, -5.119700000000001, 5.48, -0.009444
26, 11.379999999999997, -5.119999999999996, 5.48, 11.37975, -5.11975, 5.4799500000000005, -0.009397
26, 11.279999999999998, -5.119999999999996, 5.48, 11.28, -5.12005, 5.479900000000001, -0.009449
26, 11.179999999999998, -5.119999999999996, 5.48, 11.179900000000002, -5.1198500000000005, 5.48, -0.009433
26, 11.079999999999998, -5.119999999999996, 5.48, 11.080200000000001, -5.11975, 5.48, -0.009407
26, 10.979999999999999, -5.119999999999996, 5.48, 10.98025, -5.119950000000001, 5.48, -0.009413
26, 10.879999999999999, -5.119999999999996, 5.48, 10.8801, -5.12, 5.48, -0.009428
26, 10.78, -5.119999999999996, 5.48, 10.780050000000001, -5.120100000000001, 5.48, -0.009439
26, 10.68, -5.119999999999996, 5.48, 10.68025, -5.1202000000000005, 5.48, -0.009413
26, 10.58, -5.119999999999996, 5.48, 10.579600000000001, -5.12005, 5.48, -0.009413
26, 10.48, -5.119999999999996, 5.48, 10.480400000000001, -5.11975, 5.48, -0.009454
26, 10.38, -5.119999999999996, 5.48, 10.379850000000001, -5.119950000000001, 5.48, -0.009449
26, 10.280000000000001, -5.119999999999996, 5.48, 10.27955, -5.120150000000001, 5.48, -0.009407
26, 10.180000000000001, -5.119999999999996, 5.48, 10.1795, -5.12, 5.48, -0.009397
26, 10.080000000000002, -5.119999999999996, 5.48, 10.0797, -5.1196, 5.48, -0.009444
26, 9.980000000000002, -5.119999999999996, 5.48, 9.97995, -5.1198500000000005, 5.48, -0.009407
26, 9.880000000000003, -5.119999999999996, 5.48, 9.880400000000002, -5.12, 5.4799500000000005, -0.009439
26, 9.780000000000003, -5.119999999999996, 5.48, 9.779399999999999, -5.1202000000000005, 5.48, -0.009454
26, 9.680000000000003, -5.119999999999996, 5.48, 9.679950000000002, -5.1202000000000005, 5.48, -0.009449
26, 9.580000000000004, -5.119999999999996, 5.48, 9.580050000000002, -5.12005, 5.48, -0.009418
26, 9.480000000000004, -5.119999999999996, 5.48, 9.480300000000002, -5.11975, 5.48, -0.009418
26, 9.380000000000004, -5.119999999999996, 5.48, 9.3796, -5.1199, 5.48, -0.009454
26, 9.280000000000005, -5.119999999999996, 5.48, 9.279950000000001, -5.120100000000001, 5.48, -0.009413
26, 9.180000000000005, -5.119999999999996, 5.48, 9.1799, -5.1202000000000005, 5.48, -0.009413
26, 9.180000000000005, -5.019999999999996, 5.48, 9.18025, -5.0205, 5.4801, -0.009439
26, 9.180000000000005, -4.919999999999996, 5.48, 9.18065, -4.9205, 5.4801, -0.009454
26, 9.180000000000005, -4.819999999999997, 5.48, 9.179649999999999, -4.82005, 5.48, -0.00946
26, 9.180000000000005, -4.719999999999997, 5.48, 9.17975, -4.7195, 5.479900000000001, -0.009402
26, 9.180000000000005, -4.619999999999997, 5.48, 9.1801, -4.61975, 5.4799500000000005, -0.009402
26, 9.180000000000005, -4.519999999999998, 5.48, 9.1796, -4.51985, 5.4801, -0.009392
26, 9.180000000000005, -4.419999999999998, 5.48, 9.17985, -4.420400000000001, 5.480150000000001, -0.009418
26, 9.180000000000005, -4.3199999999999985, 5.48, 9.179450000000001, -4.3196, 5.48, -0.009449
26, 9.180000000000005, -4.219999999999999, 5.48, 9.180050000000001, -4.2197, 5.48, -0.00946
26, 9.180000000000005, -4.119999999999999, 5.48, 9.179800000000002, -4.11995, 5.48, -0.009413
26, 9.180000000000005, -4.02, 5.48, 9.180200000000001, -4.01975, 5.479900000000001, -0.009402
26, 9.180000000000005, -3.9199999999999995, 5.48, 9.1799, -3.9199500000000005, 5.4799500000000005, -0.009402
26, 9.180000000000005, -3.8199999999999994, 5.48, 9.18, -3.8203, 5.48, -0.009433
26, 9.180000000000005, -3.7199999999999993, 5.48, 9.1794, -3.72005, 5.48, -0.009413
26, 9.180000000000005, -3.619999999999999, 5.48, 9.179950000000002, -3.6202, 5.480150000000001, -0.009407
26, 9.180000000000005, -3.519999999999999, 5.48, 9.179800000000002, -3.52, 5.4801, -0.009449
26, 9.180000000000005, -3.419999999999999, 5.48, 9.18015, -3.4198000000000004, 5.48, -0.009465
26, 9.180000000000005, -3.319999999999999, 5.48, 9.1795, -3.3203500000000004, 5.48, -0.009444
26, 9.180000000000005, -3.219999999999999, 5.48, 9.18035, -3.2205500000000002, 5.48, -0.009418
26, 9.180000000000005, -3.1199999999999988, 5.48, 9.1803, -3.12005, 5.48, -0.009449
26, 9.180000000000005, -3.0199999999999987, 5.48, 9.180399999999999, -3.02015, 5.48, -0.009465
26, 9.180000000000005, -2.9199999999999986, 5.48, 9.1799, -2.9196000000000004, 5.48, -0.009402
26, 9.180000000000005, -2.8199999999999985, 5.48, 9.1797, -2.8204000000000002, 5.48, -0.009407
26, 9.180000000000005, -2.7199999999999984, 5.48, 9.179450000000001, -2.7194000000000003, 5.48, -0.009407
26, 9.180000000000005, -2.6199999999999983, 5.48, 9.180800000000001, -2.6199500000000002, 5.48, -0.009407
26, 9.180000000000005, -2.5199999999999982, 5.48, 9.180050000000001, -2.51975, 5.48, -0.009418
27, 9.280000000000005, -2.5199999999999982, 5.48, 9.28025, -2.51995, 5.48, -0.009439
27, 9.380000000000004, -2.5199999999999982, 5.48, 9.38015, -2.5202000000000004, 5.48, -0.009454
27, 9.480000000000004, -2.5199999999999982, 5.48, 9.48, -2.51995, 5.48, -0.009402
27, 9.580000000000004, -2.5199999999999982, 5.48, 9.579550000000001, -2.5198500000000004, 5.48005, -0.009418
27, 9.680000000000003, -2.5199999999999982, 5.48, 9.6801, -2.51995, 5.4799500000000005, -0.009413
27, 9.780000000000003, -2.5199999999999982, 5.48, 9.779950000000001, -2.5202000000000004, 5.479850000000001, -0.009392
27, 9.880000000000003, -2.5199999999999982, 5.48, 9.879700000000001, -2.5200500000000003, 5.4799500000000005, -0.009407
27, 9.980000000000002, -2.5199999999999982, 5.48, 9.980300000000002, -2.51995, 5.48, -0.009449
27, 10.080000000000002, -2.5199999999999982, 5.48, 10.080300000000001, -2.5201000000000002, 5.48, -0.009439
27, 10.180000000000001, -2.5199999999999982, 5.48, 10.180150000000001, -2.5202000000000004, 5.48, -0.009418
27, 10.280000000000001, -2.5199999999999982, 5.48, 10.28025, -2.5198500000000004, 5.48, -0.009387
27, 10.38, -2.5199999999999982, 5.48, 10.38, -2.5201000000000002, 5.48, -0.009428
27, 10.48, -2.5199999999999982, 5.48, 10.4801, -2.52025, 5.48, -0.009413
27, 10.58, -2.5199999999999982, 5.48, 10.58025, -2.5199000000000003, 5.48005, -0.009465
27, 10.68, -2.5199999999999982, 5.48, 10.680150000000001, -2.5200500000000003, 5.4801, -0.009444
27, 10.78, -2.5199999999999982, 5.48, 10.7795, -2.5201000000000002, 5.4801, -0.009413
27, 10.879999999999999, -2.5199999999999982, 5.48, 10.88025, -2.5200500000000003, 5.48005, -0.009454
27, 10.979999999999999, -2.5199999999999982, 5.48, 10.9802, -2.5199000000000003, 5.479900000000001, -0.009449
27, 11.079999999999998, -2.5199999999999982, 5.48, 11.080400000000001, -2.51995, 5.4799500000000005, -0.009413
27, 11.179999999999998, -2.5199999999999982, 5.48, 11.18045, -2.5200500000000003, 5.4799500000000005, -0.009439
27, 11.279999999999998, -2.5199999999999982, 5.48, 11.279950000000001, -2.5201000000000002, 5.48, -0.00946
27, 11.379999999999997, -2.5199999999999982, 5.48, 11.379700000000001, -2.52, 5.48005, -0.009418
27, 11.479999999999997, -2.5199999999999982, 5.48, 11.48, -2.51995, 5.4801, -0.009454
27, 11.579999999999997, -2.5199999999999982, 5.48, 11.57985, -2.52015, 5.4801, -0.009475
27, 11.679999999999996, -2.5199999999999982, 5.48, 11.680200000000001, -2.52, 5.48, -0.009444
27, 11.779999999999996, -2.5199999999999982, 5.48, 11.7797, -2.51995, 5.48, -0.009413
27, 11.879999999999995, -2.5199999999999982, 5.48, 11.879650000000002, -2.51995, 5.4799500000000005, -0.009402
27, 11.879999999999995, -2.6199999999999983, 5.48, 11.8793, -2.6201000000000003, 5.4799500000000005, -0.009402
27, 11.879999999999995, -2.7199999999999984, 5.48, 11.879550000000002, -2.7196000000000002, 5.4799500000000005, -0.009402
27, 11.879999999999995, -2.8199999999999985, 5.48, 11.87975, -2.82, 5.480150000000001, -0.00946
27, 11.879999999999995, -2.9199999999999986, 5.48, 11.88035, -2.9199500000000005, 5.4801, -0.009418
27, 11.879999999999995, -3.0199999999999987, 5.48, 11.880900000000002, -3.0197000000000003, 5.4799500000000005, -0.009397
27, 11.879999999999995, -3.1199999999999988, 5.48, 11.879950000000001, -3.1199, 5.4799500000000005, -0.009402
27, 11.879999999999995, -3.219999999999999, 5.48, 11.8808, -3.2199500000000003, 5.48, -0.009454
27, 11.879999999999995, -3.319999999999999, 5.48, 11.8801, -3.3199, 5.48005, -0.009465
27, 11.879999999999995, -3.419999999999999, 5.48, 11.879950000000001, -3.4198000000000004, 5.480150000000001, -0.009418
27, 11.879999999999995, -3.519999999999999, 5.48, 11.879850000000001, -3.5196000000000005, 5.48, -0.009413
27, 11.879999999999995, -3.619999999999999, 5.48, 11.880150000000002, -3.6198500000000005, 5.479900000000001, -0.009392
27, 11.879999999999995, -3.7199999999999993, 5.48, 11.880150000000002, -3.7199, 5.479900000000001, -0.009392
27, 11.879999999999995, -3.8199999999999994, 5.48, 11.88125, -3.82015, 5.479900000000001, -0.009439
27, 11.879999999999995, -3.9199999999999995, 5.48, 11.879800000000001, -3.9203500000000004, 5.48005, -0.009439
27, 11.879999999999995, -4.02, 5.48, 11.8805, -4.0198, 5.4801, -0.00946
27, 11.879999999999995, -4.119999999999999, 5.48, 11.879950000000001, -4.11955, 5.479900000000001, -0.009454
27, 11.879999999999995, -4.219999999999999, 5.48, 11.879800000000001, -4.2200500000000005, 5.4799500000000005, -0.009454
27, 11.879999999999995, -4.3199999999999985, 5.48, 11.8802, -4.3198, 5.4799500000000005, -0.009444
27, 11.879999999999995, -4.419999999999998, 5.48, 11.881, -4.4199, 5.48005, -0.009402
27, 11.879999999999995, -4.519999999999998, 5.48, 11.879850000000001, -4.5196000000000005, 5.480150000000001, -0.009444
27, 11.879999999999995, -4.619999999999997, 5.48, 11.88025, -4.619650000000001, 5.479900000000001, -0.009392
27, 11.879999999999995, -4.719999999999997, 5.48, 11.879950000000001, -4.7198, 5.4799500000000005, -0.009423
27, 11.879999999999995, -4.819999999999997, 5.48, 11.880400000000002, -4.81965, 5.4799500000000005, -0.009407
27, 11.879999999999995, -4.919999999999996, 5.48, 11.8801, -4.919650000000001, 5.4801, -0.009381
27, 11.879999999999995, -5.019999999999996, 5.48, 11.88025, -5.019900000000001, 5.480150000000001, -0.009392
27, 11.879999999999995, -5.119999999999996, 5.48, 11.880450000000002, -5.11975, 5.48, -0.009449
27, 11.879999999999995, -5.219999999999995, 5.48, 11.88, -5.2200500000000005, 5.479900000000001, -0.009407
28, 11.779999999999996, -5.219999999999995, 5.48, 11.7802, -5.21985, 5.4799500000000005, -0.009444
28, 11.679999999999996, -5.219999999999995, 5.48, 11.6797, -5.219900000000001, 5.48, -0.009449
28, 11.579999999999997, -5.219999999999995, 5.48, 11.580200000000001, -5.21985, 5.48005, -0.009402
28, 11.479999999999997, -5.219999999999995, 5.48, 11.47995, -5.22025, 5.4801, -0.009402
28, 11.379999999999997, -5.219999999999995, 5.48, 11.379850000000001, -5.220400000000001, 5.4801, -0.009439
28, 11.279999999999998, -5.219999999999995, 5.48, 11.2805, -5.2198, 5.4801, -0.009407
28, 11.179999999999998, -5.219999999999995, 5.48, 11.1797, -5.2200500000000005, 5.48, -0.009418
28, 11.079999999999998, -5.219999999999995, 5.48, 11.08045, -5.2201, 5.48, -0.009454
28, 10.979999999999999, -5.219999999999995, 5.48, 10.9802, -5.21975, 5.479900000000001, -0.009439
28, 10.879999999999999, -5.219999999999995, 5.48, 10.879800000000001, -5.220400000000001, 5.479900000000001, -0.009397
28, 10.78, -5.219999999999995, 5.48, 10.780050000000001, -5.21985, 5.4799500000000005, -0.009465
28, 10.68, -5.219999999999995, 5.48, 10.680400000000002, -5.21975, 5.48, -0.009449
28, 10.58, -5.219999999999995, 5.48, 10.579450000000001, -5.2203, 5.48, -0.009392
28, 10.48, -5.219999999999995, 5.48, 10.480400000000001, -5.2198, 5.48, -0.009402
28, 10.38, -5.219999999999995, 5.48, 10.38, -5.219950000000001, 5.48, -0.009413
28, 10.280000000000001, -5.219999999999995, 5.48, 10.279950000000001, -5.219900000000001, 5.48005, -0.009387
28, 10.180000000000001, -5.219999999999995, 5.48, 10.179650000000002, -5.2201, 5.48, -0.009413
28, 10.080000000000002, -5.219999999999995, 5.48, 10.080050000000002, -5.220200000000001, 5.48, -0.009397
28, 9.980000000000002, -5.219999999999995, 5.48, 9.979800000000001, -5.219900000000001, 5.48, -0.009439
28, 9.880000000000003, -5.219999999999995, 5.48, 9.88025, -5.2197000000000005, 5.48, -0.009402
28, 9.780000000000003, -5.219999999999995, 5.48, 9.7802, -5.22, 5.48, -0.009402
28, 9.680000000000003, -5.219999999999995, 5.48, 9.67975, -5.220200000000001, 5.48, -0.009418
28, 9.580000000000004, -5.219999999999995, 5.48, 9.57995, -5.219950000000001, 5.48, -0.009439
28, 9.480000000000004, -5.219999999999995, 5.48, 9.479550000000001, -5.2198, 5.48, -0.009449
28, 9.380000000000004, -5.219999999999995, 5.48, 9.380300000000002, -5.22, 5.48, -0.009392
28, 9.280000000000005, -5.219999999999995, 5.48, 9.280899999999999, -5.2200500000000005, 5.48, -0.009407
28, 9.180000000000005, -5.219999999999995, 5.48, 9.18025, -5.2201, 5.48, -0.009433
28, 9.080000000000005, -5.219999999999995, 5.48, 9.08015, -5.219900000000001, 5.48, -0.009423
28, 9.080000000000005, -5.119999999999996, 5.48, 9.07985, -5.119650000000001, 5.48, -0.009454
28, 9.080000000000005, -5.019999999999996, 5.48, 9.08, -5.019700000000001, 5.48, -0.009407
28, 9.080000000000005, -4.919999999999996, 5.48, 9.0797, -4.919950000000001, 5.479900000000001, -0.009381
28, 9.080000000000005, -4.819999999999997, 5.48, 9.0799, -4.81975, 5.4799500000000005, -0.009428
28, 9.080000000000005, -4.719999999999997, 5.48, 9.08165, -4.721400000000001, 5.48, -0.009397
28, 9.080000000000005, -4.619999999999997, 5.48, 9.07935, -4.619400000000001, 5.48, -0.009465
28, 9.080000000000005, -4.519999999999998, 5.48, 9.0801, -4.5201, 5.4799500000000005, -0.009454
28, 9.080000000000005, -4.419999999999998, 5.48, 9.0799, -4.42005, 5.4801, -0.009428
28, 9.080000000000005, -4.3199999999999985, 5.48, 9.0794, -4.3195, 5.4801, -0.009407
28, 9.080000000000005, -4.219999999999999, 5.48, 9.080350000000001, -4.2201, 5.48, -0.009402
28, 9.080000000000005, -4.119999999999999, 5.48, 9.08045, -4.1199, 5.48, -0.009444
28, 9.080000000000005, -4.02, 5.48, 9.0792, -4.019550000000001, 5.48, -0.009407
28, 9.080000000000005, -3.9199999999999995, 5.48, 9.0801, -3.92025, 5.48, -0.009413
28, 9.080000000000005, -3.8199999999999994, 5.48, 9.07925, -3.82025, 5.479900000000001, -0.009402
28, 9.080000000000005, -3.7199999999999993, 5.48, 9.079450000000001, -3.7201500000000003, 5.479900000000001, -0.009449
28, 9.080000000000005, -3.619999999999999, 5.48, 9.0799, -3.6201000000000003, 5.480150000000001, -0.009407
28, 9.080000000000005, -3.519999999999999, 5.48, 9.079649999999999, -3.5202000000000004, 5.4801, -0.009402
28, 9.080000000000005, -3.419999999999999, 5.48, 9.07975, -3.4200500000000003, 5.48, -0.009397
28, 9.080000000000005, -3.319999999999999, 5.48, 9.080200000000001, -3.3205500000000003, 5.48, -0.009407
28, 9.080000000000005, -3.219999999999999, 5.48, 9.07995, -3.2201000000000004, 5.479900000000001, -0.009449
28, 9.080000000000005, -3.1199999999999988, 5.48, 9.08015, -3.1198500000000005, 5.48, -0.009439
28, 9.080000000000005, -3.0199999999999987, 5.48, 9.079649999999999, -3.02015, 5.48, -0.009444
28, 9.080000000000005, -2.9199999999999986, 5.48, 9.08055, -2.9196000000000004, 5.48, -0.009449
28, 9.080000000000005, -2.8199999999999985, 5.48, 9.079600000000001, -2.8203, 5.48, -0.009439
28, 9.080000000000005, -2.7199999999999984, 5.48, 9.079550000000001, -2.72005, 5.48, -0.009439
28, 9.080000000000005, -2.6199999999999983, 5.48, 9.0795, -2.6197000000000004, 5.48, -0.009423
28, 9.080000000000005, -2.5199999999999982, 5.48, 9.07995, -2.52, 5.479900000000001, -0.009418
28, 9.080000000000005, -2.419999999999998, 5.48, 9.0798, -2.4199, 5.4799500000000005, -0.009428
29, 9.180000000000005, -2.419999999999998, 5.48, 9.18035, -2.4199500000000005, 5.48, -0.009433
29, 9.280000000000005, -2.419999999999998, 5.48, 9.2802, -2.4203, 5.48, -0.009381
29, 9.380000000000004, -2.419999999999998, 5.48, 9.38035, -2.4195, 5.48, -0.009402
29, 9.480000000000004, -2.419999999999998, 5.48, 9.48005, -2.4202000000000004, 5.48, -0.009381
29, 9.580000000000004, -2.419999999999998, 5.48, 9.5798, -2.4198000000000004, 5.48, -0.009413
29, 9.680000000000003, -2.419999999999998, 5.48, 9.679950000000002, -2.4195, 5.48, -0.00946
29, 9.780000000000003, -2.419999999999998, 5.48, 9.7804, -2.42, 5.48005, -0.009449
29, 9.880000000000003, -2.419999999999998, 5.48, 9.879700000000001, -2.4199500000000005, 5.48005, -0.009392
29, 9.980000000000002, -2.419999999999998, 5.48, 9.9802, -2.4199, 5.4801, -0.009444
29, 10.080000000000002, -2.419999999999998, 5.48, 10.07995, -2.4198000000000004, 5.48, -0.009433
29, 10.180000000000001, -2.419999999999998, 5.48, 10.18025, -2.4205, 5.48, -0.009397
29, 10.280000000000001, -2.419999999999998, 5.48, 10.28015, -2.41975, 5.48, -0.009449
29, 10.38, -2.419999999999998, 5.48, 10.38, -2.4204, 5.48, -0.009392
29, 10.48, -2.419999999999998, 5.48, 10.480150000000002, -2.4197, 5.48, -0.009397
29, 10.58, -2.419999999999998, 5.48, 10.580200000000001, -2.4196500000000003, 5.479900000000001, -0.009402
29, 10.68, -2.419999999999998, 5.48, 10.679950000000002, -2.4200500000000003, 5.479900000000001, -0.009407
29, 10.78, -2.419999999999998, 5.48, 10.77975, -2.42, 5.479900000000001, -0.009433
29, 10.879999999999999, -2.419999999999998, 5.48, 10.880300000000002, -2.4200500000000003, 5.48, -0.009439
29, 10.979999999999999, -2.419999999999998, 5.48, 10.9796, -2.42035, 5.48, -0.009387
29, 11.079999999999998, -2.419999999999998, 5.48, 11.080350000000001, -2.4198000000000004, 5.4801, -0.009444
29, 11.179999999999998, -2.419999999999998, 5.48, 11.18025, -2.4198000000000004, 5.4801, -0.009402
29, 11.279999999999998, -2.419999999999998, 5.48, 11.279950000000001, -2.4202000000000004, 5.4801, -0.009407
29, 11.379999999999997, -2.419999999999998, 5.48, 11.38005, -2.4200999999999997, 5.48005, -0.00946
29, 11.479999999999997, -2.419999999999998, 5.48, 11.48075, -2.4199500000000005, 5.48, -0.009402
29, 11.579999999999997, -2.419999999999998, 5.48, 11.579900000000002, -2.4200500000000003, 5.48, -0.009444
29, 11.679999999999996, -2.419999999999998, 5.48, 11.680050000000001, -2.4199500000000005, 5.479900000000001, -0.00946
29, 11.779999999999996, -2.419999999999998, 5.48, 11.78, -2.4203, 5.479900000000001, -0.009439
29, 11.879999999999995, -2.419999999999998, 5.48, 11.879550000000002, -2.4199, 5.4799500000000005, -0.009418
29, 11.979999999999995, -2.419999999999998, 5.48, 11.979400000000002, -2.42015, 5.4801, -0.009413
29, 11.979999999999995, -2.5199999999999982, 5.48, 11.98005, -2.51995, 5.48, -0.009392
29, 11.979999999999995, -2.6199999999999983, 5.48, 11.9802, -2.6201000000000003, 5.48, -0.009444
29, 11.979999999999995, -2.7199999999999984, 5.48, 11.979800000000001, -2.7204, 5.48, -0.009449
29, 11.979999999999995, -2.8199999999999985, 5.48, 11.980150000000002, -2.8202000000000003, 5.48, -0.009407
29, 11.979999999999995, -2.9199999999999986, 5.48, 11.979800000000001, -2.9204, 5.48, -0.009418
29, 11.979999999999995, -3.0199999999999987, 5.48, 11.980400000000001, -3.0201000000000002, 5.48, -0.009423
29, 11.979999999999995, -3.1199999999999988, 5.48, 11.97925, -3.12, 5.48, -0.009444
29, 11.979999999999995, -3.219999999999999, 5.48, 11.9808, -3.2198500000000005, 5.48, -0.009439
29, 11.979999999999995, -3.319999999999999, 5.48, 11.97975, -3.32, 5.48, -0.009392
29, 11.979999999999995, -3.419999999999999, 5.48, 11.98, -3.4199500000000005, 5.48, -0.009397
29, 11.979999999999995, -3.519999999999999, 5.48, 11.979400000000002, -3.52015, 5.48, -0.00946
29, 11.979999999999995, -3.619999999999999, 5.48, 11.980150000000002, -3.6198500000000005, 5.48, -0.009444
29, 11.979999999999995, -3.7199999999999993, 5.48, 11.9801, -3.7199500000000003, 5.48, -0.009465
29, 11.979999999999995, -3.8199999999999994, 5.48, 11.98, -3.8203, 5.48, -0.00946
29, 11.979999999999995, -3.9199999999999995, 5.48, 11.980300000000002, -3.92045, 5.48, -0.009444
29, 11.979999999999995, -4.02, 5.48, 11.97995, -4.01975, 5.48, -0.009407
29, 11.979999999999995, -4.119999999999999, 5.48, 11.97985, -4.11975, 5.48, -0.009444
29, 11.979999999999995, -4.219999999999999, 5.48, 11.98035, -4.2201, 5.48, -0.009433
29, 11.979999999999995, -4.3199999999999985, 5.48, 11.98005, -4.31975, 5.48, -0.009433
29, 11.979999999999995, -4.419999999999998, 5.48, 11.97995, -4.4199, 5.48, -0.009465
29, 11.979999999999995, -4.519999999999998, 5.48, 11.980150000000002, -4.519900000000001, 5.48, -0.009392
29, 11.979999999999995, -4.619999999999997, 5.48, 11.9799, -4.6197, 5.4799500000000005, -0.009392
29, 11.979999999999995, -4.719999999999997, 5.48, 11.980150000000002, -4.71995, 5.4799500000000005, -0.009407
29, 11.979999999999995, -4.819999999999997, 5.48, 11.980150000000002, -4.8197, 5.48, -0.009402
29, 11.979999999999995, -4.919999999999996, 5.48, 11.98, -4.91975, 5.48, -0.009423
29, 11.979999999999995, -5.019999999999996, 5.48, 11.97925, -5.01985, 5.48, -0.009428
29, 11.979999999999995, -5.119999999999996, 5.48, 11.9799, -5.1199, 5.4801, -0.009397
29, 11.979999999999995, -5.219999999999995, 5.48, 11.9799, -5.22015, 5.4801, -0.009402
29, 11.979999999999995, -5.319999999999995, 5.48, 11.97985, -5.3196, 5.48, -0.00946
30, 11.879999999999995, -5.319999999999995, 5.48, 11.880300000000002, -5.32025, 5.48, -0.009387
30, 11.779999999999996, -5.319999999999995, 5.48, 11.779950000000001, -5.3195, 5.48, -0.00946
30, 11.679999999999996, -5.319999999999995, 5.48, 11.679400000000001, -5.31975, 5.48005, -0.00946
30, 11.579999999999997, -5.319999999999995, 5.48, 11.58025, -5.32005, 5.4799500000000005, -0.009444
30, 11.479999999999997, -5.319999999999995, 5.48, 11.479700000000001, -5.3199000000000005, 5.479900000000001, -0.009428
30, 11.379999999999997, -5.319999999999995, 5.48, 11.3802, -5.319700000000001, 5.479900000000001, -0.009439
30, 11.279999999999998, -5.319999999999995, 5.48, 11.28035, -5.320450000000001, 5.48005, -0.009465
30, 11.179999999999998, -5.319999999999995, 5.48, 11.17975, -5.32025, 5.4801, -0.009439
30, 11.079999999999998, -5.319999999999995, 5.48, 11.07995, -5.3199000000000005, 5.48005, -0.009418
30, 10.979999999999999, -5.319999999999995, 5.48, 10.98, -5.3199000000000005, 5.479900000000001, -0.009418
30, 10.879999999999999, -5.319999999999995, 5.48, 10.879800000000001, -5.320200000000001, 5.479900000000001, -0.009423
30, 10.78, -5.319999999999995, 5.48, 10.780100000000001, -5.320150000000001, 5.479900000000001, -0.009413
30, 10.68, -5.319999999999995, 5.48, 10.68025, -5.319700000000001, 5.4799500000000005, -0.009444
30, 10.58, -5.319999999999995, 5.48, 10.57975, -5.32025, 5.4801, -0.009444
30, 10.48, -5.319999999999995, 5.48, 10.48035, -5.319700000000001, 5.48005, -0.009407
30, 10.38, -5.319999999999995, 5.48, 10.38005, -5.320150000000001, 5.48, -0.009423
30, 10.280000000000001, -5.319999999999995, 5.48, 10.27975, -5.3201, 5.479900000000001, -0.009387
30, 10.180000000000001, -5.319999999999995, 5.48, 10.1797, -5.320150000000001, 5.48, -0.009439
30, 10.080000000000002, -5.319999999999995, 5.48, 10.080300000000001, -5.3201, 5.48, -0.009402
30, 9.980000000000002, -5.319999999999995, 5.48, 9.98005, -5.3198, 5.48, -0.009433
30, 9.880000000000003, -5.319999999999995, 5.48, 9.880150000000002, -5.3196, 5.48, -0.009423
30, 9.780000000000003, -5.319999999999995, 5.48, 9.78025, -5.32, 5.48, -0.009387
30, 9.680000000000003, -5.319999999999995, 5.48, 9.679800000000002, -5.3201, 5.48, -0.009444
30, 9.580000000000004, -5.319999999999995, 5.48, 9.5795, -5.32, 5.48005, -0.009439
30, 9.480000000000004, -5.319999999999995, 5.48, 9.479899999999999, -5.31995, 5.48005, -0.009439
30, 9.380000000000004, -5.319999999999995, 5.48, 9.38025, -5.32005, 5.48005, -0.009407
30, 9.280000000000005, -5.319999999999995, 5.48, 9.28035, -5.3201, 5.479900000000001, -0.009439
30, 9.180000000000005, -5.319999999999995, 5.48, 9.1797, -5.32, 5.479850000000001, -0.009449
30, 9.080000000000005, -5.319999999999995, 5.48, 9.0798, -5.3198, 5.48, -0.009428
30, 8.980000000000006, -5.319999999999995, 5.48, 8.98035, -5.3199000000000005, 5.48005, -0.009444
30, 8.980000000000006, -5.219999999999995, 5.48, 8.981, -5.220400000000001, 5.4801, -0.009392
30, 8.980000000000006, -5.119999999999996, 5.48, 8.981300000000001, -5.12075, 5.48, -0.009413
30, 8.980000000000006, -5.019999999999996, 5.48, 8.9802, -5.01975, 5.48, -0.009454
30, 8.980000000000006, -4.919999999999996, 5.48, 8.979, -4.91945, 5.48, -0.009402
30, 8.980000000000006, -4.819999999999997, 5.48, 8.9804, -4.820150000000001, 5.4799500000000005, -0.009376
30, 8.980000000000006, -4.719999999999997, 5.48, 8.9801, -4.720400000000001, 5.4799500000000005, -0.009392
30, 8.980000000000006, -4.619999999999997, 5.48, 8.978950000000001, -4.619800000000001, 5.48, -0.009402
30, 8.980000000000006, -4.519999999999998, 5.48, 8.97995, -4.51975, 5.48, -0.009439
30, 8.980000000000006, -4.419999999999998, 5.48, 8.9804, -4.41985, 5.48, -0.009444
30, 8.980000000000006, -4.3199999999999985, 5.48, 8.9807, -4.320600000000001, 5.48, -0.009465
30, 8.980000000000006, -4.219999999999999, 5.48, 8.9789, -4.219650000000001, 5.48, -0.009449
30, 8.980000000000006, -4.119999999999999, 5.48, 8.98015, -4.1202, 5.48, -0.009423
30, 8.980000000000006, -4.02, 5.48, 8.97995, -4.0197, 5.4801, -0.009392
30, 8.980000000000006, -3.9199999999999995, 5.48, 8.98025, -3.9202000000000004, 5.48, -0.009449
30, 8.980000000000006, -3.8199999999999994, 5.48, 8.9791, -3.8202000000000003, 5.4799500000000005, -0.009402
30, 8.980000000000006, -3.7199999999999993, 5.48, 8.97935, -3.7194000000000003, 5.4799500000000005, -0.009397
30, 8.980000000000006, -3.619999999999999, 5.48, 8.979800000000001, -3.6202, 5.48, -0.009371
30, 8.980000000000006, -3.519999999999999, 5.48, 8.9796, -3.52, 5.48, -0.009381
30, 8.980000000000006, -3.419999999999999, 5.48, 8.9793, -3.4198500000000003, 5.48, -0.009423
30, 8.980000000000006, -3.319999999999999, 5.48, 8.980450000000001, -3.32005, 5.4801, -0.009439
30, 8.980000000000006, -3.219999999999999, 5.48, 8.98005, -3.22005, 5.48, -0.009454
30, 8.980000000000006, -3.1199999999999988, 5.48, 8.9794, -3.11975, 5.48, -0.009397
30, 8.980000000000006, -3.0199999999999987, 5.48, 8.980300000000002, -3.0204500000000003, 5.4799500000000005, -0.009418
30, 8.980000000000006, -2.9199999999999986, 5.48, 8.9806, -2.92, 5.4801, -0.009387
30, 8.980000000000006, -2.8199999999999985, 5.48, 8.98015, -2.8203500000000004, 5.4801, -0.009413
30, 8.980000000000006, -2.7199999999999984, 5.48, 8.98075, -2.7203500000000003, 5.4799500000000005, -0.009418
30, 8.980000000000006, -2.6199999999999983, 5.48, 8.97995, -2.6198500000000005, 5.4799500000000005, -0.009397
30, 8.980000000000006, -2.5199999999999982, 5.48, 8.98, -2.5197000000000003, 5.4801, -0.009407
30, 8.980000000000006, -2.419999999999998, 5.48, 8.97975, -2.41975, 5.4801, -0.009439
30, 8.980000000000006, -2.319999999999998, 5.48, 8.98075, -2.3198000000000003, 5.48005, -0.009439
