Voltage = 3.9, Current = 20.8, Pinhole = 10um, Objective = 20x, NA = 0.42 
0, 9.72, 0, 0, 9.719850000000001, -0.0006000000000000001, -0.0, -0.009397
1, 9.82, 0, 0, 9.820350000000001, 0.0001, 0.00015000000000000001, -0.009402
1, 9.82, -0.1, 0, 9.8228, -0.10060000000000001, 0.0001, -0.00946
2, 9.72, -0.1, 0, 9.71705, -0.10035000000000001, 0.0002, -0.009381
2, 9.620000000000001, -0.1, 0, 9.62175, -0.10025, -0.0, -0.009433
2, 9.620000000000001, 0.0, 0, 9.617700000000001, -0.00045, -5e-05, -0.009397
2, 9.620000000000001, 0.1, 0, 9.62085, 0.10035000000000001, -0.0001, -0.009444
3, 9.72, 0.1, 0, 9.7201, 0.10025, -5e-05, -0.009444
3, 9.82, 0.1, 0, 9.820050000000002, 0.0997, -5e-05, -0.009423
3, 9.92, 0.1, 0, 9.9198, 0.10015, -0.0, -0.009392
3, 9.92, 0.0, 0, 9.92055, 0.0001, -0.0, -0.009423
3, 9.92, -0.1, 0, 9.921400000000002, -0.1002, 5e-05, -0.009428
3, 9.92, -0.2, 0, 9.92075, -0.19965, 0.0001, -0.009387
4, 9.82, -0.2, 0, 9.819550000000001, -0.19985000000000003, 0.00015000000000000001, -0.009413
4, 9.72, -0.2, 0, 9.71935, -0.20025, -5e-05, -0.009439
4, 9.620000000000001, -0.2, 0, 9.6188, -0.19995000000000002, -5e-05, -0.009387
4, 9.520000000000001, -0.2, 0, 9.519800000000002, -0.1999, -5e-05, -0.009433
4, 9.520000000000001, -0.1, 0, 9.520700000000001, -0.10035000000000001, -5e-05, -0.009402
4, 9.520000000000001, 0.0, 0, 9.518300000000002, 0.00045, -5e-05, -0.009413
4, 9.520000000000001, 0.1, 0, 9.51975, 0.10035000000000001, -0.0, -0.009397
4, 9.520000000000001, 0.2, 0, 9.520050000000001, 0.1998, 5e-05, -0.009402
5, 9.620000000000001, 0.2, 0, 9.61955, 0.19995000000000002, 0.0001, -0.009407
5, 9.72, 0.2, 0, 9.71965, 0.1999, 0.0001, -0.009392
5, 9.82, 0.2, 0, 9.8204, 0.1999, -5e-05, -0.009444
5, 9.92, 0.2, 0, 9.925450000000001, 0.1999, -5e-05, -0.009407
5, 10.02, 0.2, 0, 10.02, 0.2004, -0.0, -0.009407
5, 10.02, 0.1, 0, 10.019650000000002, 0.0997, -5e-05, -0.009387
5, 10.02, 0.0, 0, 10.0212, -0.00045, -5e-05, -0.009439
5, 10.02, -0.1, 0, 10.0197, -0.0999, -0.0, -0.009428
5, 10.02, -0.2, 0, 10.02025, -0.20010000000000003, -0.0, -0.009444
5, 10.02, -0.30000000000000004, 0, 10.02025, -0.30005000000000004, -0.0, -0.009392
6, 9.92, -0.30000000000000004, 0, 9.922450000000001, -0.30010000000000003, -0.0, -0.009407
6, 9.82, -0.30000000000000004, 0, 9.82025, -0.30010000000000003, 5e-05, -0.009439
6, 9.72, -0.30000000000000004, 0, 9.7205, -0.30005000000000004, 0.0001, -0.009402
6, 9.620000000000001, -0.30000000000000004, 0, 9.6193, -0.3, 0.0001, -0.009392
6, 9.520000000000001, -0.30000000000000004, 0, 9.5196, -0.29990000000000006, 0.0001, -0.009439
6, 9.420000000000002, -0.30000000000000004, 0, 9.420350000000001, -0.30010000000000003, 0.0001, -0.009449
6, 9.420000000000002, -0.20000000000000004, 0, 9.419300000000002, -0.2, -0.0, -0.009433
6, 9.420000000000002, -0.10000000000000003, 0, 9.4191, -0.1009, -0.0, -0.009392
6, 9.420000000000002, -2.7755575615628914e-17, 0, 9.41865, 0.0008500000000000001, 5e-05, -0.009449
6, 9.420000000000002, 0.09999999999999998, 0, 9.41925, 0.09960000000000001, -5e-05, -0.009444
6, 9.420000000000002, 0.19999999999999998, 0, 9.41875, 0.19970000000000002, -5e-05, -0.009407
6, 9.420000000000002, 0.3, 0, 9.419550000000001, 0.3008, -5e-05, -0.009397
7, 9.520000000000001, 0.3, 0, 9.519800000000002, 0.29955000000000004, -0.0, -0.009433
7, 9.620000000000001, 0.3, 0, 9.61975, 0.30015000000000003, -5e-05, -0.009449
7, 9.72, 0.3, 0, 9.719700000000001, 0.29985, -0.0, -0.009449
7, 9.82, 0.3, 0, 9.8205, 0.3, 0.0001, -0.009444
7, 9.92, 0.3, 0, 9.91925, 0.29985, 0.00015000000000000001, -0.009439
7, 10.02, 0.3, 0, 10.0197, 0.30019999999999997, -5e-05, -0.009465
7, 10.12, 0.3, 0, 10.120400000000002, 0.29985, -5e-05, -0.009397
7, 10.12, 0.19999999999999998, 0, 10.1212, 0.19915, -0.0, -0.009444
7, 10.12, 0.09999999999999998, 0, 10.1201, 0.0999, -5e-05, -0.009449
7, 10.12, -2.7755575615628914e-17, 0, 10.121150000000002, -0.0005, -0.0, -0.009402
7, 10.12, -0.10000000000000003, 0, 10.120700000000001, -0.10045, -0.0, -0.009439
7, 10.12, -0.20000000000000004, 0, 10.12045, -0.20045000000000002, -0.0, -0.009407
7, 10.12, -0.30000000000000004, 0, 10.1201, -0.3003, -0.0, -0.009439
7, 10.12, -0.4, 0, 10.12165, -0.40115, -0.0, -0.009407
8, 10.02, -0.4, 0, 10.022150000000002, -0.40035000000000004, -0.0, -0.009444
8, 9.92, -0.4, 0, 9.92275, -0.4001, 5e-05, -0.009402
8, 9.82, -0.4, 0, 9.8206, -0.40005, 0.0001, -0.009413
8, 9.72, -0.4, 0, 9.7207, -0.39995, 0.0001, -0.009413
8, 9.620000000000001, -0.4, 0, 9.620550000000001, -0.40005, 0.00015000000000000001, -0.009402
8, 9.520000000000001, -0.4, 0, 9.51765, -0.40015000000000006, -0.0, -0.009439
8, 9.420000000000002, -0.4, 0, 9.41895, -0.4, -5e-05, -0.009397
8, 9.320000000000002, -0.4, 0, 9.32055, -0.39990000000000003, -0.0001, -0.009433
8, 9.320000000000002, -0.30000000000000004, 0, 9.31965, -0.2993, -5e-05, -0.009402
8, 9.320000000000002, -0.20000000000000004, 0, 9.32085, -0.19965, -5e-05, -0.009444
8, 9.320000000000002, -0.10000000000000003, 0, 9.3194, -0.09935000000000001, -5e-05, -0.009381
8, 9.320000000000002, -2.7755575615628914e-17, 0, 9.319450000000002, 0.00025, -5e-05, -0.009402
8, 9.320000000000002, 0.09999999999999998, 0, 9.319700000000001, 0.09975, -5e-05, -0.009433
8, 9.320000000000002, 0.19999999999999998, 0, 9.31995, 0.1995, -0.0, -0.009413
8, 9.320000000000002, 0.3, 0, 9.31865, 0.29960000000000003, -0.0, -0.009439
8, 9.320000000000002, 0.4, 0, 9.3201, 0.3996, 0.0001, -0.00946
9, 9.420000000000002, 0.4, 0, 9.42075, 0.39995, 0.0001, -0.009449
9, 9.520000000000001, 0.4, 0, 9.520850000000001, 0.4, 0.0001, -0.009454
9, 9.620000000000001, 0.4, 0, 9.623700000000001, 0.40005, 5e-05, -0.009392
9, 9.72, 0.4, 0, 9.71865, 0.4001, -5e-05, -0.009444
9, 9.82, 0.4, 0, 9.81905, 0.39995, -5e-05, -0.009413
9, 9.92, 0.4, 0, 9.919, 0.39995, -0.0, -0.009413
9, 10.02, 0.4, 0, 10.01955, 0.40005, -0.0, -0.009439
9, 10.12, 0.4, 0, 10.11955, 0.4, 0.00015000000000000001, -0.009439
9, 10.219999999999999, 0.4, 0, 10.220550000000001, 0.39995, 0.00015000000000000001, -0.009454
9, 10.219999999999999, 0.30000000000000004, 0, 10.221400000000001, 0.29960000000000003, 5e-05, -0.009397
9, 10.219999999999999, 0.20000000000000004, 0, 10.21995, 0.20020000000000002, -0.0001, -0.009397
9, 10.219999999999999, 0.10000000000000003, 0, 10.22035, 0.0999, -0.0001, -0.009413
9, 10.219999999999999, 2.7755575615628914e-17, 0, 10.22155, -0.00015000000000000001, -5e-05, -0.009444
9, 10.219999999999999, -0.09999999999999998, 0, 10.220550000000001, -0.101, -5e-05, -0.009392
9, 10.219999999999999, -0.19999999999999998, 0, 10.2208, -0.19925, -5e-05, -0.009439
9, 10.219999999999999, -0.3, 0, 10.2208, -0.29915, -0.0001, -0.009397
9, 10.219999999999999, -0.4, 0, 10.219400000000002, -0.4, -0.0001, -0.009402
9, 10.219999999999999, -0.5, 0, 10.219800000000001, -0.50085, -0.0, -0.009387
10, 10.12, -0.5, 0, 10.120400000000002, -0.49975, 5e-05, -0.009407
10, 10.02, -0.5, 0, 10.0196, -0.5001, 0.0001, -0.009397
10, 9.92, -0.5, 0, 9.91825, -0.50025, 0.00015000000000000001, -0.009433
10, 9.82, -0.5, 0, 9.820350000000001, -0.49970000000000003, 5e-05, -0.009444
10, 9.72, -0.5, 0, 9.719899999999999, -0.5, -0.0001, -0.009439
10, 9.620000000000001, -0.5, 0, 9.62095, -0.5001, -5e-05, -0.009449
10, 9.520000000000001, -0.5, 0, 9.5196, -0.49985, -5e-05, -0.009439
10, 9.420000000000002, -0.5, 0, 9.421, -0.4999, -0.0001, -0.009428
10, 9.320000000000002, -0.5, 0, 9.32075, -0.5001, -5e-05, -0.009407
10, 9.220000000000002, -0.5, 0, 9.216, -0.5002000000000001, -0.0, -0.009418
10, 9.220000000000002, -0.4, 0, 9.217649999999999, -0.39955, -5e-05, -0.009428
10, 9.220000000000002, -0.30000000000000004, 0, 9.21935, -0.29975, 0.0001, -0.009444
10, 9.220000000000002, -0.20000000000000004, 0, 9.219149999999999, -0.19970000000000002, 0.00015000000000000001, -0.009449
10, 9.220000000000002, -0.10000000000000003, 0, 9.21935, -0.10005000000000001, -0.0, -0.009392
10, 9.220000000000002, -2.7755575615628914e-17, 0, 9.218950000000001, 0.00015000000000000001, -0.0, -0.009397
10, 9.220000000000002, 0.09999999999999998, 0, 9.22, 0.0997, -0.0, -0.009418
10, 9.220000000000002, 0.19999999999999998, 0, 9.219050000000001, 0.19975, -0.0, -0.009449
10, 9.220000000000002, 0.3, 0, 9.2204, 0.29990000000000006, -0.0, -0.009407
10, 9.220000000000002, 0.4, 0, 9.219050000000001, 0.39985000000000004, -5e-05, -0.009413
10, 9.220000000000002, 0.5, 0, 9.21975, 0.49910000000000004, -5e-05, -0.009454
11, 9.320000000000002, 0.5, 0, 9.31975, 0.49960000000000004, -0.0, -0.009433
11, 9.420000000000002, 0.5, 0, 9.4194, 0.50015, -0.0, -0.009433
11, 9.520000000000001, 0.5, 0, 9.52125, 0.49965000000000004, -0.0, -0.009418
11, 9.620000000000001, 0.5, 0, 9.622950000000001, 0.5001, -0.0, -0.009387
11, 9.72, 0.5, 0, 9.72095, 0.50015, -0.0, -0.009402
11, 9.82, 0.5, 0, 9.81965, 0.5, -0.0, -0.009407
11, 9.92, 0.5, 0, 9.9213, 0.49970000000000003, -0.0, -0.009402
11, 10.02, 0.5, 0, 10.02105, 0.5, -0.0, -0.009433
11, 10.12, 0.5, 0, 10.11945, 0.50005, -0.0, -0.009402
11, 10.219999999999999, 0.5, 0, 10.2205, 0.5, -0.0, -0.009449
11, 10.319999999999999, 0.5, 0, 10.31985, 0.5, -0.0, -0.009407
11, 10.319999999999999, 0.4, 0, 10.319400000000002, 0.39935000000000004, 0.0001, -0.009454
11, 10.319999999999999, 0.30000000000000004, 0, 10.3211, 0.29915, 0.0001, -0.009392
11, 10.319999999999999, 0.20000000000000004, 0, 10.3201, 0.19910000000000003, 0.0001, -0.009439
11, 10.319999999999999, 0.10000000000000003, 0, 10.3195, 0.10005000000000001, 5e-05, -0.009402
11, 10.319999999999999, 2.7755575615628914e-17, 0, 10.3214, -0.00035000000000000005, -0.0001, -0.009439
11, 10.319999999999999, -0.09999999999999998, 0, 10.320900000000002, -0.10035000000000001, -0.0001, -0.009402
11, 10.319999999999999, -0.19999999999999998, 0, 10.321650000000002, -0.20020000000000002, -5e-05, -0.009433
11, 10.319999999999999, -0.3, 0, 10.32095, -0.29940000000000005, -5e-05, -0.009397
11, 10.319999999999999, -0.4, 0, 10.321900000000001, -0.40055, -5e-05, -0.009423
11, 10.319999999999999, -0.5, 0, 10.320400000000001, -0.501, -5e-05, -0.009397
11, 10.319999999999999, -0.6, 0, 10.3201, -0.5999, -5e-05, -0.009392
12, 10.219999999999999, -0.6, 0, 10.21945, -0.6001000000000001, 0.00015000000000000001, -0.009444
12, 10.12, -0.6, 0, 10.120800000000001, -0.6001000000000001, 0.00015000000000000001, -0.009439
12, 10.02, -0.6, 0, 10.0195, -0.5999500000000001, -0.0, -0.009439
12, 9.92, -0.6, 0, 9.91675, -0.6, -0.0, -0.009397
12, 9.82, -0.6, 0, 9.821050000000001, -0.6, -0.0, -0.009418
12, 9.72, -0.6, 0, 9.719850000000001, -0.6000500000000001, -0.0001, -0.009413
12, 9.620000000000001, -0.6, 0, 9.621649999999999, -0.6000500000000001, -5e-05, -0.009433
12, 9.520000000000001, -0.6, 0, 9.51865, -0.5999500000000001, -5e-05, -0.009402
12, 9.420000000000002, -0.6, 0, 9.4194, -0.6, -0.0, -0.009433
12, 9.320000000000002, -0.6, 0, 9.319550000000001, -0.6001000000000001, 0.0001, -0.009418
12, 9.220000000000002, -0.6, 0, 9.22075, -0.5999500000000001, 0.00015000000000000001, -0.009397
12, 9.120000000000003, -0.6, 0, 9.11945, -0.6, -0.0001, -0.009407
12, 9.120000000000003, -0.5, 0, 9.119399999999999, -0.49985, -5e-05, -0.009444
12, 9.120000000000003, -0.4, 0, 9.1171, -0.39935000000000004, -5e-05, -0.009418
12, 9.120000000000003, -0.30000000000000004, 0, 9.1189, -0.29890000000000005, -5e-05, -0.009454
12, 9.120000000000003, -0.20000000000000004, 0, 9.1191, -0.20005, 5e-05, -0.009428
12, 9.120000000000003, -0.10000000000000003, 0, 9.1186, -0.10085000000000001, 0.00015000000000000001, -0.009407
12, 9.120000000000003, -2.7755575615628914e-17, 0, 9.12, 0.00015000000000000001, 0.00015000000000000001, -0.009444
12, 9.120000000000003, 0.09999999999999998, 0, 9.12075, 0.09965, 0.0002, -0.009444
12, 9.120000000000003, 0.19999999999999998, 0, 9.119050000000001, 0.19955, -0.0, -0.009402
12, 9.120000000000003, 0.3, 0, 9.1201, 0.3, -0.0, -0.009439
12, 9.120000000000003, 0.4, 0, 9.119200000000001, 0.40005, -0.0, -0.009428
12, 9.120000000000003, 0.5, 0, 9.118649999999999, 0.49945000000000006, -0.0, -0.009397
12, 9.120000000000003, 0.6, 0, 9.11945, 0.60075, -0.0, -0.009444
13, 9.220000000000002, 0.6, 0, 9.222, 0.6005, -0.0, -0.009402
13, 9.320000000000002, 0.6, 0, 9.3223, 0.59955, -5e-05, -0.009439
13, 9.420000000000002, 0.6, 0, 9.4195, 0.5996, -5e-05, -0.009433
13, 9.520000000000001, 0.6, 0, 9.51965, 0.59955, -5e-05, -0.009402
13, 9.620000000000001, 0.6, 0, 9.622800000000002, 0.5996, -0.0, -0.009433
13, 9.72, 0.6, 0, 9.7193, 0.5996, -5e-05, -0.009454
13, 9.82, 0.6, 0, 9.8205, 0.6003000000000001, -0.0, -0.009433
13, 9.92, 0.6, 0, 9.9206, 0.6003000000000001, -0.0, -0.009402
13, 10.02, 0.6, 0, 10.0203, 0.5999500000000001, 0.0001, -0.009423
13, 10.12, 0.6, 0, 10.11885, 0.6002000000000001, -0.0, -0.009418
13, 10.219999999999999, 0.6, 0, 10.2202, 0.6003000000000001, -5e-05, -0.009444
13, 10.319999999999999, 0.6, 0, 10.319700000000001, 0.5999500000000001, -5e-05, -0.009397
13, 10.419999999999998, 0.6, 0, 10.420650000000002, 0.5996, -5e-05, -0.009397
13, 10.419999999999998, 0.5, 0, 10.42085, 0.4995, -0.0, -0.009439
13, 10.419999999999998, 0.4, 0, 10.421550000000002, 0.39935000000000004, 5e-05, -0.009444
13, 10.419999999999998, 0.30000000000000004, 0, 10.41975, 0.29905000000000004, 0.00015000000000000001, -0.009433
13, 10.419999999999998, 0.20000000000000004, 0, 10.421, 0.19925, 0.00015000000000000001, -0.009392
13, 10.419999999999998, 0.10000000000000003, 0, 10.421700000000001, 0.09980000000000001, 0.0001, -0.009407
13, 10.419999999999998, 2.7755575615628914e-17, 0, 10.4185, -0.0001, -0.0, -0.009439
13, 10.419999999999998, -0.09999999999999998, 0, 10.42225, -0.10085000000000001, -0.0, -0.009433
13, 10.419999999999998, -0.19999999999999998, 0, 10.418800000000001, -0.20005, -0.0, -0.009402
13, 10.419999999999998, -0.3, 0, 10.42175, -0.30005000000000004, -5e-05, -0.009423
13, 10.419999999999998, -0.4, 0, 10.420650000000002, -0.40020000000000006, -5e-05, -0.009392
13, 10.419999999999998, -0.5, 0, 10.41975, -0.50075, -0.0, -0.009454
13, 10.419999999999998, -0.6, 0, 10.41995, -0.6001000000000001, -0.0, -0.009454
13, 10.419999999999998, -0.7, 0, 10.421, -0.7005, -0.0, -0.009376
14, 10.319999999999999, -0.7, 0, 10.322, -0.70015, -0.0, -0.009439
14, 10.219999999999999, -0.7, 0, 10.2232, -0.7, -0.0, -0.009439
14, 10.12, -0.7, 0, 10.1203, -0.69985, -0.0, -0.009428
14, 10.02, -0.7, 0, 10.02, -0.6999500000000001, -0.0, -0.009439
14, 9.92, -0.7, 0, 9.9205, -0.7001000000000001, -0.0, -0.009449
14, 9.82, -0.7, 0, 9.82, -0.7000500000000001, -0.0, -0.009449
14, 9.72, -0.7, 0, 9.71975, -0.6999500000000001, -0.0, -0.009428
14, 9.620000000000001, -0.7, 0, 9.6203, -0.6999000000000001, -0.0, -0.009428
14, 9.520000000000001, -0.7, 0, 9.51795, -0.7, -0.0, -0.009444
14, 9.420000000000002, -0.7, 0, 9.42045, -0.7, -0.0, -0.009397
14, 9.320000000000002, -0.7, 0, 9.3174, -0.7000500000000001, -0.0, -0.009418
14, 9.220000000000002, -0.7, 0, 9.2208, -0.7000500000000001, -5e-05, -0.009423
14, 9.120000000000003, -0.7, 0, 9.119950000000001, -0.7, 0.0001, -0.009387
14, 9.020000000000003, -0.7, 0, 9.01955, -0.7001000000000001, 0.00015000000000000001, -0.009439
14, 9.020000000000003, -0.6, 0, 9.01835, -0.59945, 0.0001, -0.009433
14, 9.020000000000003, -0.5, 0, 9.019200000000001, -0.49965000000000004, -0.0, -0.009439
14, 9.020000000000003, -0.4, 0, 9.0197, -0.39940000000000003, -0.0, -0.009439
14, 9.020000000000003, -0.30000000000000004, 0, 9.019050000000002, -0.29945, -0.0, -0.009392
14, 9.020000000000003, -0.20000000000000004, 0, 9.020100000000001, -0.2, 5e-05, -0.009444
14, 9.020000000000003, -0.10000000000000003, 0, 9.0195, -0.1005, -0.0, -0.009439
14, 9.020000000000003, -2.7755575615628914e-17, 0, 9.019200000000001, -0.00015000000000000001, 5e-05, -0.009381
14, 9.020000000000003, 0.09999999999999998, 0, 9.018450000000001, 0.10030000000000001, -5e-05, -0.009407
14, 9.020000000000003, 0.19999999999999998, 0, 9.0196, 0.1998, -0.0, -0.009454
14, 9.020000000000003, 0.3, 0, 9.019300000000001, 0.2993, -0.0, -0.009392
14, 9.020000000000003, 0.4, 0, 9.0191, 0.39975, -5e-05, -0.009392
14, 9.020000000000003, 0.5, 0, 9.0203, 0.4994, -5e-05, -0.009392
14, 9.020000000000003, 0.6, 0, 9.019800000000002, 0.6006, -0.0, -0.009433
14, 9.020000000000003, 0.7, 0, 9.01945, 0.7000500000000001, -0.0, -0.009454
15, 9.120000000000003, 0.7, 0, 9.119200000000001, 0.7000500000000001, -0.0, -0.009423
15, 9.220000000000002, 0.7, 0, 9.21925, 0.7001000000000001, -5e-05, -0.009439
15, 9.320000000000002, 0.7, 0, 9.31905, 0.7000500000000001, 0.0001, -0.009439
15, 9.420000000000002, 0.7, 0, 9.4198, 0.7000500000000001, 0.0001, -0.009444
15, 9.520000000000001, 0.7, 0, 9.51915, 0.6999500000000001, -0.0, -0.009402
15, 9.620000000000001, 0.7, 0, 9.6232, 0.7000500000000001, -0.0, -0.009444
15, 9.72, 0.7, 0, 9.721050000000002, 0.7000500000000001, -0.0, -0.009439
15, 9.82, 0.7, 0, 9.8192, 0.7000500000000001, -5e-05, -0.009402
15, 9.92, 0.7, 0, 9.919300000000002, 0.6999000000000001, -5e-05, -0.009392
15, 10.02, 0.7, 0, 10.0195, 0.6999500000000001, -0.0, -0.009402
15, 10.12, 0.7, 0, 10.1194, 0.7001000000000001, -5e-05, -0.00946
15, 10.219999999999999, 0.7, 0, 10.226550000000001, 0.70015, -5e-05, -0.009433
15, 10.319999999999999, 0.7, 0, 10.320450000000001, 0.7000500000000001, 0.0001, -0.009439
15, 10.419999999999998, 0.7, 0, 10.42055, 0.6999000000000001, 0.0001, -0.009465
15, 10.519999999999998, 0.7, 0, 10.52025, 0.7001000000000001, -0.0001, -0.009449
15, 10.519999999999998, 0.6, 0, 10.5218, 0.5999500000000001, -0.0001, -0.009418
15, 10.519999999999998, 0.5, 0, 10.519900000000002, 0.50025, -5e-05, -0.009402
15, 10.519999999999998, 0.4, 0, 10.52, 0.40015000000000006, -5e-05, -0.009433
15, 10.519999999999998, 0.30000000000000004, 0, 10.520800000000001, 0.29965, -5e-05, -0.009439
15, 10.519999999999998, 0.20000000000000004, 0, 10.5195, 0.1998, 0.0001, -0.009449
15, 10.519999999999998, 0.10000000000000003, 0, 10.520800000000001, 0.09965, 0.00015000000000000001, -0.009454
15, 10.519999999999998, 2.7755575615628914e-17, 0, 10.5206, -0.0002, 0.0002, -0.009381
15, 10.519999999999998, -0.09999999999999998, 0, 10.519800000000002, -0.10095, 0.0001, -0.009449
15, 10.519999999999998, -0.19999999999999998, 0, 10.521550000000001, -0.19955, -0.0, -0.009402
15, 10.519999999999998, -0.3, 0, 10.52075, -0.30035, -0.0, -0.009449
15, 10.519999999999998, -0.4, 0, 10.521400000000002, -0.3998, -0.0, -0.009402
15, 10.519999999999998, -0.5, 0, 10.520400000000002, -0.5008, -0.0, -0.009449
15, 10.519999999999998, -0.6, 0, 10.521150000000002, -0.5999, -0.0, -0.009454
15, 10.519999999999998, -0.7, 0, 10.520400000000002, -0.7010500000000001, -0.0, -0.009402
15, 10.519999999999998, -0.7999999999999999, 0, 10.51945, -0.79995, -0.0, -0.009444
16, 10.419999999999998, -0.7999999999999999, 0, 10.4205, -0.8002, -0.0, -0.009387
16, 10.319999999999999, -0.7999999999999999, 0, 10.32325, -0.80005, -0.0, -0.009444
16, 10.219999999999999, -0.7999999999999999, 0, 10.220450000000001, -0.79995, -0.0, -0.009397
16, 10.12, -0.7999999999999999, 0, 10.120800000000001, -0.79995, -0.0, -0.009433
16, 10.02, -0.7999999999999999, 0, 10.0196, -0.8001, -0.0, -0.009402
16, 9.92, -0.7999999999999999, 0, 9.919300000000002, -0.79995, -0.0, -0.009428
16, 9.82, -0.7999999999999999, 0, 9.82015, -0.79995, -0.0, -0.009433
16, 9.72, -0.7999999999999999, 0, 9.720450000000001, -0.8001, -0.0, -0.009397
16, 9.620000000000001, -0.7999999999999999, 0, 9.6203, -0.80005, -0.0, -0.009444
16, 9.520000000000001, -0.7999999999999999, 0, 9.517800000000001, -0.7999, -0.0, -0.009397
16, 9.420000000000002, -0.7999999999999999, 0, 9.42065, -0.7998500000000001, -5e-05, -0.009397
16, 9.320000000000002, -0.7999999999999999, 0, 9.32015, -0.8, -5e-05, -0.009392
16, 9.220000000000002, -0.7999999999999999, 0, 9.220550000000001, -0.8001, -0.0, -0.009407
16, 9.120000000000003, -0.7999999999999999, 0, 9.1215, -0.80005, -0.0, -0.009449
16, 9.020000000000003, -0.7999999999999999, 0, 9.01955, -0.8, -0.0, -0.009428
16, 8.920000000000003, -0.7999999999999999, 0, 8.919, -0.79995, -0.0, -0.009392
16, 8.920000000000003, -0.7, 0, 8.9177, -0.7002, -0.0, -0.009449
16, 8.920000000000003, -0.6, 0, 8.921550000000002, -0.60025, -0.0, -0.009418
16, 8.920000000000003, -0.5, 0, 8.917050000000001, -0.4993, -0.0, -0.009449
16, 8.920000000000003, -0.4, 0, 8.9206, -0.3998, 0.0001, -0.009402
16, 8.920000000000003, -0.30000000000000004, 0, 8.9205, -0.3, 0.0001, -0.009444
16, 8.920000000000003, -0.20000000000000004, 0, 8.919, -0.19955, -5e-05, -0.009402
16, 8.920000000000003, -0.10000000000000003, 0, 8.918, -0.10010000000000001, -0.0001, -0.009454
16, 8.920000000000003, -2.7755575615628914e-17, 0, 8.92135, 0.0005, -0.0001, -0.009387
16, 8.920000000000003, 0.09999999999999998, 0, 8.919649999999999, 0.09945, -0.0, -0.009444
16, 8.920000000000003, 0.19999999999999998, 0, 8.9176, 0.19995000000000002, -0.0, -0.009402
16, 8.920000000000003, 0.3, 0, 8.920200000000001, 0.29969999999999997, -0.0, -0.009444
16, 8.920000000000003, 0.4, 0, 8.9199, 0.39965000000000006, -0.0, -0.009433
16, 8.920000000000003, 0.5, 0, 8.9196, 0.50075, -5e-05, -0.009413
16, 8.920000000000003, 0.6, 0, 8.9194, 0.5997, -0.0, -0.009413
16, 8.920000000000003, 0.7, 0, 8.917050000000001, 0.7006, -0.0, -0.009413
16, 8.920000000000003, 0.7999999999999999, 0, 8.9205, 0.79975, -0.0, -0.009397
17, 9.020000000000003, 0.7999999999999999, 0, 9.0242, 0.7999, -0.0, -0.009439
17, 9.120000000000003, 0.7999999999999999, 0, 9.1199, 0.8, -0.0, -0.009439
17, 9.220000000000002, 0.7999999999999999, 0, 9.22035, 0.80005, -0.0, -0.009397
17, 9.320000000000002, 0.7999999999999999, 0, 9.3194, 0.7999, 5e-05, -0.009397
17, 9.420000000000002, 0.7999999999999999, 0, 9.4199, 0.79995, 0.00015000000000000001, -0.009418
17, 9.520000000000001, 0.7999999999999999, 0, 9.519300000000001, 0.80005, 5e-05, -0.009433
17, 9.620000000000001, 0.7999999999999999, 0, 9.62515, 0.8, -0.0, -0.009402
17, 9.72, 0.7999999999999999, 0, 9.720300000000002, 0.8, -0.0, -0.009439
17, 9.82, 0.7999999999999999, 0, 9.82075, 0.8, -0.0, -0.009418
17, 9.92, 0.7999999999999999, 0, 9.926800000000002, 0.80005, -0.0, -0.009433
17, 10.02, 0.7999999999999999, 0, 10.020800000000001, 0.79995, -0.0, -0.009402
17, 10.12, 0.7999999999999999, 0, 10.1194, 0.79995, -5e-05, -0.009407
17, 10.219999999999999, 0.7999999999999999, 0, 10.220300000000002, 0.8, -5e-05, -0.009397
17, 10.319999999999999, 0.7999999999999999, 0, 10.32025, 0.8, -5e-05, -0.009439
17, 10.419999999999998, 0.7999999999999999, 0, 10.419300000000002, 0.8, -5e-05, -0.009444
17, 10.519999999999998, 0.7999999999999999, 0, 10.5196, 0.7999, -0.0, -0.009439
17, 10.619999999999997, 0.7999999999999999, 0, 10.619650000000002, 0.8, -0.0, -0.009433
17, 10.619999999999997, 0.7, 0, 10.6216, 0.69985, -0.0, -0.009449
17, 10.619999999999997, 0.6, 0, 10.6195, 0.59975, -0.0, -0.009392
17, 10.619999999999997, 0.5, 0, 10.6202, 0.4994, -0.0, -0.009397
17, 10.619999999999997, 0.4, 0, 10.6196, 0.40005, -5e-05, -0.009407
17, 10.619999999999997, 0.30000000000000004, 0, 10.620400000000002, 0.30060000000000003, -0.0, -0.009428
17, 10.619999999999997, 0.20000000000000004, 0, 10.62135, 0.20020000000000002, -0.0, -0.009407
17, 10.619999999999997, 0.10000000000000003, 0, 10.6205, 0.0999, -0.0, -0.009449
17, 10.619999999999997, 2.7755575615628914e-17, 0, 10.6209, 5e-05, -0.0, -0.009381
17, 10.619999999999997, -0.09999999999999998, 0, 10.619200000000001, -0.10055000000000001, -0.0, -0.009444
17, 10.619999999999997, -0.19999999999999998, 0, 10.621300000000002, -0.20025, 0.0001, -0.009449
17, 10.619999999999997, -0.3, 0, 10.6209, -0.30005000000000004, 0.00015000000000000001, -0.009387
17, 10.619999999999997, -0.4, 0, 10.620800000000001, -0.40020000000000006, 0.00015000000000000001, -0.009428
17, 10.619999999999997, -0.5, 0, 10.619900000000001, -0.5007, 5e-05, -0.009418
17, 10.619999999999997, -0.6, 0, 10.619800000000001, -0.5999500000000001, -0.0, -0.009439
17, 10.619999999999997, -0.7, 0, 10.6212, -0.70025, -0.0, -0.009392
17, 10.619999999999997, -0.7999999999999999, 0, 10.6209, -0.80105, -0.0, -0.009433
17, 10.619999999999997, -0.8999999999999999, 0, 10.61975, -0.89975, -0.0, -0.009387
18, 10.519999999999998, -0.8999999999999999, 0, 10.5185, -0.90005, -0.0, -0.009392
18, 10.419999999999998, -0.8999999999999999, 0, 10.42125, -0.90005, -0.0, -0.009433
18, 10.319999999999999, -0.8999999999999999, 0, 10.322400000000002, -0.90005, -0.0, -0.009407
18, 10.219999999999999, -0.8999999999999999, 0, 10.216400000000002, -0.9, -0.0, -0.009392
18, 10.12, -0.8999999999999999, 0, 10.121150000000002, -0.89995, -0.0, -0.009439
18, 10.02, -0.8999999999999999, 0, 10.019800000000002, -0.90005, -0.0, -0.009439
18, 9.92, -0.8999999999999999, 0, 9.919300000000002, -0.9, -0.0, -0.009433
18, 9.82, -0.8999999999999999, 0, 9.82135, -0.89995, -5e-05, -0.009397
18, 9.72, -0.8999999999999999, 0, 9.720450000000001, -0.9, -5e-05, -0.009433
18, 9.620000000000001, -0.8999999999999999, 0, 9.6203, -0.90005, -0.0, -0.009433
18, 9.520000000000001, -0.8999999999999999, 0, 9.5155, -0.90005, -0.0, -0.009433
18, 9.420000000000002, -0.8999999999999999, 0, 9.41975, -0.89995, -5e-05, -0.009444
18, 9.320000000000002, -0.8999999999999999, 0, 9.32115, -0.89995, -5e-05, -0.009433
18, 9.220000000000002, -0.8999999999999999, 0, 9.2196, -0.89995, -0.0, -0.009381
18, 9.120000000000003, -0.8999999999999999, 0, 9.11975, -0.9, -0.0, -0.009423
18, 9.020000000000003, -0.8999999999999999, 0, 9.01925, -0.9, -0.0, -0.009397
18, 8.920000000000003, -0.8999999999999999, 0, 8.91825, -0.9, -0.0, -0.009407
18, 8.820000000000004, -0.8999999999999999, 0, 8.81935, -0.89995, -0.0, -0.009454
18, 8.820000000000004, -0.7999999999999999, 0, 8.81925, -0.7999, -5e-05, -0.009392
18, 8.820000000000004, -0.7, 0, 8.8191, -0.7001000000000001, -0.0, -0.009392
18, 8.820000000000004, -0.6, 0, 8.8204, -0.6, -0.0, -0.009428
18, 8.820000000000004, -0.5, 0, 8.818200000000001, -0.4995, -0.0, -0.009397
18, 8.820000000000004, -0.4, 0, 8.818850000000001, -0.3991, -0.0, -0.009428
18, 8.820000000000004, -0.30000000000000004, 0, 8.819700000000001, -0.29995, -5e-05, -0.009397
18, 8.820000000000004, -0.20000000000000004, 0, 8.819300000000002, -0.1994, -0.0, -0.009423
18, 8.820000000000004, -0.10000000000000003, 0, 8.8186, -0.1002, -0.0, -0.009428
18, 8.820000000000004, -2.7755575615628914e-17, 0, 8.82, -0.0, -5e-05, -0.009402
18, 8.820000000000004, 0.09999999999999998, 0, 8.81845, 0.09985000000000001, -0.0, -0.009433
18, 8.820000000000004, 0.19999999999999998, 0, 8.82025, 0.19975, -0.0, -0.009439
18, 8.820000000000004, 0.3, 0, 8.819600000000001, 0.29960000000000003, -0.0, -0.009387
18, 8.820000000000004, 0.4, 0, 8.81925, 0.39995, -0.0, -0.009433
18, 8.820000000000004, 0.5, 0, 8.81905, 0.49920000000000003, -0.0, -0.009449
18, 8.820000000000004, 0.6, 0, 8.818850000000001, 0.6008000000000001, -0.0, -0.009397
18, 8.820000000000004, 0.7, 0, 8.819, 0.7004000000000001, -0.0, -0.009413
18, 8.820000000000004, 0.7999999999999999, 0, 8.818200000000001, 0.80005, -0.0, -0.009439
18, 8.820000000000004, 0.8999999999999999, 0, 8.818200000000001, 0.9006000000000001, -0.0, -0.009413
19, 8.920000000000003, 0.8999999999999999, 0, 8.91785, 0.89995, 0.00015000000000000001, -0.009444
19, 9.020000000000003, 0.8999999999999999, 0, 9.0205, 0.9001500000000001, 0.0002, -0.009444
19, 9.120000000000003, 0.8999999999999999, 0, 9.11955, 0.8999000000000001, -5e-05, -0.009444
19, 9.220000000000002, 0.8999999999999999, 0, 9.219550000000002, 0.89995, -0.0001, -0.009387
19, 9.320000000000002, 0.8999999999999999, 0, 9.31925, 0.9002, -5e-05, -0.009402
19, 9.420000000000002, 0.8999999999999999, 0, 9.419450000000001, 0.8998, -0.0, -0.009392
19, 9.520000000000001, 0.8999999999999999, 0, 9.521550000000001, 0.90005, -0.0, -0.009444
19, 9.620000000000001, 0.8999999999999999, 0, 9.6225, 0.9002, 5e-05, -0.009392
19, 9.72, 0.8999999999999999, 0, 9.7204, 0.89985, 0.0001, -0.009392
19, 9.82, 0.8999999999999999, 0, 9.8195, 0.9002, 5e-05, -0.009418
19, 9.92, 0.8999999999999999, 0, 9.9267, 0.90025, 5e-05, -0.009433
19, 10.02, 0.8999999999999999, 0, 10.0197, 0.8999000000000001, -0.0001, -0.009423
19, 10.12, 0.8999999999999999, 0, 10.11935, 0.9, -5e-05, -0.009413
19, 10.219999999999999, 0.8999999999999999, 0, 10.220450000000001, 0.8999000000000001, -5e-05, -0.009423
19, 10.319999999999999, 0.8999999999999999, 0, 10.3195, 0.9002, -0.0, -0.009376
19, 10.419999999999998, 0.8999999999999999, 0, 10.419, 0.89985, -0.0, -0.009433
19, 10.519999999999998, 0.8999999999999999, 0, 10.519350000000001, 0.9002, -0.0, -0.009433
19, 10.619999999999997, 0.8999999999999999, 0, 10.6196, 0.89985, -0.0, -0.009423
19, 10.719999999999997, 0.8999999999999999, 0, 10.718900000000001, 0.9001, -0.0, -0.009397
19, 10.719999999999997, 0.7999999999999999, 0, 10.72235, 0.799, -0.0, -0.009397
19, 10.719999999999997, 0.7, 0, 10.721, 0.70015, -0.0, -0.009402
19, 10.719999999999997, 0.6, 0, 10.719650000000001, 0.6002000000000001, -0.0, -0.009433
19, 10.719999999999997, 0.5, 0, 10.72075, 0.49965000000000004, -0.0, -0.009444
19, 10.719999999999997, 0.4, 0, 10.718900000000001, 0.39970000000000006, 0.0001, -0.009439
19, 10.719999999999997, 0.30000000000000004, 0, 10.7196, 0.2998, 0.00015000000000000001, -0.009402
19, 10.719999999999997, 0.20000000000000004, 0, 10.721650000000002, 0.1995, -0.0, -0.009397
19, 10.719999999999997, 0.10000000000000003, 0, 10.71935, 0.09955000000000001, -0.0, -0.009392
19, 10.719999999999997, 2.7755575615628914e-17, 0, 10.72225, -0.00035000000000000005, -0.0, -0.009439
19, 10.719999999999997, -0.09999999999999998, 0, 10.721200000000001, -0.10030000000000001, -0.0, -0.009444
19, 10.719999999999997, -0.19999999999999998, 0, 10.719550000000002, -0.19985000000000003, -0.0, -0.009407
19, 10.719999999999997, -0.3, 0, 10.7217, -0.30019999999999997, -0.0, -0.009428
19, 10.719999999999997, -0.4, 0, 10.721350000000001, -0.4001, -0.0, -0.009397
19, 10.719999999999997, -0.5, 0, 10.71995, -0.49970000000000003, -0.0, -0.009433
19, 10.719999999999997, -0.6, 0, 10.7192, -0.6000500000000001, -0.0, -0.009423
19, 10.719999999999997, -0.7, 0, 10.721950000000001, -0.70015, -0.0, -0.009444
19, 10.719999999999997, -0.7999999999999999, 0, 10.7211, -0.8005, -0.0, -0.009387
19, 10.719999999999997, -0.8999999999999999, 0, 10.719100000000001, -0.9, -0.0, -0.009423
19, 10.719999999999997, -0.9999999999999999, 0, 10.71925, -1.00015, -0.0, -0.009428
20, 10.619999999999997, -0.9999999999999999, 0, 10.618450000000001, -1.00005, -0.0, -0.009371
20, 10.519999999999998, -0.9999999999999999, 0, 10.519150000000002, -0.9999000000000001, -0.0, -0.009387
20, 10.419999999999998, -0.9999999999999999, 0, 10.419900000000002, -1.0, -5e-05, -0.009444
20, 10.319999999999999, -0.9999999999999999, 0, 10.3192, -1.0001, -0.0001, -0.009407
20, 10.219999999999999, -0.9999999999999999, 0, 10.220650000000001, -0.99975, -5e-05, -0.009439
20, 10.12, -0.9999999999999999, 0, 10.1194, -1.0, -5e-05, -0.009423
20, 10.02, -0.9999999999999999, 0, 10.020100000000001, -1.0002, -5e-05, -0.009402
20, 9.92, -0.9999999999999999, 0, 9.919, -0.9998, -0.0, -0.009397
20, 9.82, -0.9999999999999999, 0, 9.81975, -1.0001, 0.0001, -0.009407
20, 9.72, -0.9999999999999999, 0, 9.7205, -0.9999000000000001, 0.0001, -0.009402
20, 9.620000000000001, -0.9999999999999999, 0, 9.6191, -1.0, 5e-05, -0.009423
20, 9.520000000000001, -0.9999999999999999, 0, 9.521, -1.0001, -5e-05, -0.009402
20, 9.420000000000002, -0.9999999999999999, 0, 9.42075, -0.99995, -0.0, -0.009439
20, 9.320000000000002, -0.9999999999999999, 0, 9.32095, -0.9999000000000001, -0.0, -0.009397
20, 9.220000000000002, -0.9999999999999999, 0, 9.221300000000001, -1.00035, -0.0, -0.009433
20, 9.120000000000003, -0.9999999999999999, 0, 9.12135, -0.99975, -0.0, -0.009402
20, 9.020000000000003, -0.9999999999999999, 0, 9.020700000000001, -0.99985, -0.0, -0.009433
20, 8.920000000000003, -0.9999999999999999, 0, 8.920300000000001, -0.99985, -0.0, -0.009444
20, 8.820000000000004, -0.9999999999999999, 0, 8.81915, -1.00035, -5e-05, -0.009402
20, 8.720000000000004, -0.9999999999999999, 0, 8.720600000000001, -0.99985, -0.0, -0.009402
20, 8.720000000000004, -0.8999999999999999, 0, 8.719899999999999, -0.89985, -0.0, -0.009407
20, 8.720000000000004, -0.7999999999999999, 0, 8.721800000000002, -0.8001, -0.0, -0.009392
20, 8.720000000000004, -0.7, 0, 8.722800000000001, -0.70045, -0.0, -0.009392
20, 8.720000000000004, -0.6, 0, 8.7177, -0.5996, -5e-05, -0.009392
20, 8.720000000000004, -0.5, 0, 8.716550000000002, -0.49995000000000006, -0.0, -0.009439
20, 8.720000000000004, -0.4, 0, 8.71775, -0.39955, -0.0, -0.009428
20, 8.720000000000004, -0.30000000000000004, 0, 8.7185, -0.29990000000000006, -0.0, -0.009433
20, 8.720000000000004, -0.20000000000000004, 0, 8.720300000000002, -0.2005, -0.0, -0.009381
20, 8.720000000000004, -0.10000000000000003, 0, 8.71975, -0.10025, -0.0, -0.009444
20, 8.720000000000004, -2.7755575615628914e-17, 0, 8.7214, -5e-05, -0.0, -0.009387
20, 8.720000000000004, 0.09999999999999998, 0, 8.722700000000001, 0.0995, -0.0, -0.009423
20, 8.720000000000004, 0.19999999999999998, 0, 8.72075, 0.19885000000000003, -0.0, -0.009402
20, 8.720000000000004, 0.3, 0, 8.72225, 0.29965, -0.0, -0.009407
20, 8.720000000000004, 0.4, 0, 8.71975, 0.39970000000000006, -0.0, -0.009433
20, 8.720000000000004, 0.5, 0, 8.71795, 0.49955, -0.0, -0.009397
20, 8.720000000000004, 0.6, 0, 8.7204, 0.5995, -0.0, -0.009418
20, 8.720000000000004, 0.7, 0, 8.722050000000001, 0.699, -0.0, -0.009433
20, 8.720000000000004, 0.7999999999999999, 0, 8.72095, 0.7998500000000001, -0.0, -0.009387
20, 8.720000000000004, 0.8999999999999999, 0, 8.7186, 0.89975, -0.0, -0.009439
20, 8.720000000000004, 0.9999999999999999, 0, 8.7207, 1.0002, -5e-05, -0.009439
0, 9.72, -3.9, 0.1, 8.721, 1.0002, -0.0, -0.009439
