Voltage = 3.8, Current = 20.0, Pinhole = 15um 
0, 6.5, -1.8, -8, 6.503550000000001, -1.7980500000000001, -7.99985, -0.009407
1, 6.55, -1.8, -8, 6.548450000000001, -1.7996500000000002, -7.99985, -0.009392
1, 6.55, -1.85, -8, 6.550950000000001, -1.8505, -7.9998000000000005, -0.009324
2, 6.5, -1.85, -8, 6.50175, -1.85095, -7.99985, -0.009392
2, 6.45, -1.85, -8, 6.44765, -1.8505, -8.0, -0.009366
2, 6.45, -1.8, -8, 6.449, -1.7986000000000002, -8.00005, -0.009387
2, 6.45, -1.75, -8, 6.45035, -1.7478000000000002, -8.000150000000001, -0.009439
3, 6.5, -1.75, -8, 6.50105, -1.7493500000000002, -8.000150000000001, -0.009376
3, 6.55, -1.75, -8, 6.548900000000001, -1.7498000000000002, -8.000150000000001, -0.009407
3, 6.6, -1.75, -8, 6.5983, -1.7498500000000001, -8.00005, -0.009454
3, 6.6, -1.8, -8, 6.600950000000001, -1.8004, -7.999950000000001, -0.009371
3, 6.6, -1.85, -8, 6.6005, -1.8541500000000002, -7.99985, -0.009439
3, 6.6, -1.9000000000000001, -8, 6.60045, -1.9008500000000002, -7.99985, -0.009397
4, 6.55, -1.9000000000000001, -8, 6.5517, -1.90075, -7.99985, -0.009329
4, 6.5, -1.9000000000000001, -8, 6.501600000000001, -1.89995, -7.999950000000001, -0.009397
4, 6.45, -1.9000000000000001, -8, 6.448300000000001, -1.89995, -8.0, -0.00935
4, 6.4, -1.9000000000000001, -8, 6.39935, -1.8999000000000001, -8.00005, -0.009418
4, 6.4, -1.85, -8, 6.39775, -1.85, -8.000150000000001, -0.009418
4, 6.4, -1.8, -8, 6.400150000000001, -1.79645, -8.000150000000001, -0.009376
4, 6.4, -1.75, -8, 6.40005, -1.7485500000000003, -8.000150000000001, -0.00946
4, 6.4, -1.7, -8, 6.400200000000001, -1.7036000000000002, -8.00005, -0.009397
5, 6.45, -1.7, -8, 6.448650000000001, -1.7006000000000001, -7.999950000000001, -0.009449
5, 6.5, -1.7, -8, 6.50215, -1.6996000000000002, -7.9999, -0.009444
5, 6.55, -1.7, -8, 6.5483, -1.6995500000000001, -7.9999, -0.009392
5, 6.6, -1.7, -8, 6.59865, -1.70015, -7.99985, -0.009439
5, 6.6499999999999995, -1.7, -8, 6.65085, -1.7005, -7.99985, -0.009423
5, 6.6499999999999995, -1.75, -8, 6.651650000000001, -1.74745, -7.99985, -0.009387
5, 6.6499999999999995, -1.8, -8, 6.64975, -1.80175, -8.0, -0.009465
5, 6.6499999999999995, -1.85, -8, 6.64965, -1.85135, -8.0, -0.009387
5, 6.6499999999999995, -1.9000000000000001, -8, 6.65, -1.9002000000000001, -8.00005, -0.009449
5, 6.6499999999999995, -1.9500000000000002, -8, 6.65, -1.9511, -8.0001, -0.00948
6, 6.6, -1.9500000000000002, -8, 6.60075, -1.951, -8.000150000000001, -0.009397
6, 6.55, -1.9500000000000002, -8, 6.55055, -1.94965, -8.0001, -0.009423
6, 6.5, -1.9500000000000002, -8, 6.50225, -1.9497, -8.000150000000001, -0.009387
6, 6.45, -1.9500000000000002, -8, 6.44655, -1.9498000000000002, -8.00005, -0.009355
6, 6.4, -1.9500000000000002, -8, 6.40085, -1.9499000000000002, -8.0, -0.00946
6, 6.3500000000000005, -1.9500000000000002, -8, 6.39975, -1.9499000000000002, -7.999950000000001, -0.009407
6, 6.3500000000000005, -1.9000000000000001, -8, 6.3504000000000005, -1.9003, -7.9999, -0.009397
6, 6.3500000000000005, -1.85, -8, 6.34955, -1.84905, -7.9999, -0.009454
6, 6.3500000000000005, -1.8, -8, 6.3504000000000005, -1.7970500000000003, -7.99985, -0.009381
6, 6.3500000000000005, -1.75, -8, 6.35, -1.74945, -7.9999, -0.009433
6, 6.3500000000000005, -1.7, -8, 6.34975, -1.7011, -7.999950000000001, -0.009423
6, 6.3500000000000005, -1.65, -8, 6.35005, -1.6506500000000002, -8.0, -0.009407
7, 6.4, -1.65, -8, 6.3985, -1.6499000000000001, -7.999950000000001, -0.00947
7, 6.45, -1.65, -8, 6.44915, -1.64985, -8.00005, -0.009418
7, 6.5, -1.65, -8, 6.5036000000000005, -1.64985, -8.000150000000001, -0.009439
7, 6.55, -1.65, -8, 6.548850000000001, -1.6500500000000002, -8.000200000000001, -0.009444
7, 6.6, -1.65, -8, 6.5989, -1.6501000000000001, -8.000150000000001, -0.009402
7, 6.6499999999999995, -1.65, -8, 6.649900000000001, -1.65015, -8.00005, -0.00946
7, 6.699999999999999, -1.65, -8, 6.697700000000001, -1.6502000000000001, -7.999950000000001, -0.009418
7, 6.699999999999999, -1.7, -8, 6.70115, -1.7008, -7.9999, -0.009413
7, 6.699999999999999, -1.75, -8, 6.700200000000001, -1.7488500000000002, -7.99985, -0.009475
7, 6.699999999999999, -1.8, -8, 6.70065, -1.8013500000000002, -7.99985, -0.009402
7, 6.699999999999999, -1.85, -8, 6.7005, -1.85115, -7.99985, -0.009423
7, 6.699999999999999, -1.9000000000000001, -8, 6.6995, -1.9, -8.0, -0.009465
7, 6.699999999999999, -1.9500000000000002, -8, 6.6995, -1.9505500000000002, -8.0, -0.009397
7, 6.699999999999999, -2.0, -8, 6.69975, -2.00015, -8.0, -0.00946
8, 6.6499999999999995, -2.0, -8, 6.65155, -2.0005, -8.0, -0.009454
8, 6.6, -2.0, -8, 6.60135, -2.00055, -8.00005, -0.009392
8, 6.55, -2.0, -8, 6.551950000000001, -2.0000500000000003, -8.0001, -0.009444
8, 6.5, -2.0, -8, 6.50185, -2.0001, -8.000150000000001, -0.009407
8, 6.45, -2.0, -8, 6.446200000000001, -2.0000500000000003, -8.000150000000001, -0.009433
8, 6.4, -2.0, -8, 6.399900000000001, -1.9999500000000001, -8.00005, -0.009465
8, 6.3500000000000005, -2.0, -8, 6.34935, -2.0, -8.0, -0.009392
8, 6.300000000000001, -2.0, -8, 6.301200000000001, -1.9999500000000001, -7.999950000000001, -0.009454
8, 6.300000000000001, -1.95, -8, 6.2985, -1.94975, -7.9999, -0.009413
8, 6.300000000000001, -1.9, -8, 6.2997000000000005, -1.8983500000000002, -7.9999, -0.009402
8, 6.300000000000001, -1.8499999999999999, -8, 6.2995, -1.84945, -7.9999, -0.009465
8, 6.300000000000001, -1.7999999999999998, -8, 6.299200000000001, -1.7980500000000001, -7.9999, -0.009407
8, 6.300000000000001, -1.7499999999999998, -8, 6.300050000000001, -1.7483000000000002, -7.9999, -0.009376
8, 6.300000000000001, -1.6999999999999997, -8, 6.2995, -1.7004000000000001, -7.999950000000001, -0.00946
8, 6.300000000000001, -1.6499999999999997, -8, 6.29985, -1.6504, -8.00005, -0.009397
8, 6.300000000000001, -1.5999999999999996, -8, 6.29975, -1.60135, -8.0001, -0.00946
9, 6.3500000000000005, -1.5999999999999996, -8, 6.3485, -1.6003500000000002, -8.000150000000001, -0.009428
9, 6.4, -1.5999999999999996, -8, 6.3977, -1.6002, -8.000150000000001, -0.009407
9, 6.45, -1.5999999999999996, -8, 6.44995, -1.59975, -8.00005, -0.00946
9, 6.5, -1.5999999999999996, -8, 6.503550000000001, -1.59945, -7.9999, -0.009428
9, 6.55, -1.5999999999999996, -8, 6.549200000000001, -1.6003000000000003, -7.9998000000000005, -0.009407
9, 6.6, -1.5999999999999996, -8, 6.5971, -1.6003000000000003, -7.9998000000000005, -0.009465
9, 6.6499999999999995, -1.5999999999999996, -8, 6.6503000000000005, -1.60025, -7.9998000000000005, -0.009407
9, 6.699999999999999, -1.5999999999999996, -8, 6.697700000000001, -1.59995, -7.9999, -0.009439
9, 6.749999999999999, -1.5999999999999996, -8, 6.749, -1.5996000000000001, -8.0, -0.009439
9, 6.749999999999999, -1.6499999999999997, -8, 6.75175, -1.6500500000000002, -8.0, -0.009407
9, 6.749999999999999, -1.6999999999999997, -8, 6.75125, -1.6999000000000002, -8.0, -0.009428
9, 6.749999999999999, -1.7499999999999998, -8, 6.75025, -1.7488000000000001, -7.999950000000001, -0.009387
9, 6.749999999999999, -1.7999999999999998, -8, 6.7508, -1.8011000000000001, -8.00005, -0.009397
9, 6.749999999999999, -1.8499999999999999, -8, 6.748900000000001, -1.8506000000000002, -8.000200000000001, -0.009413
9, 6.749999999999999, -1.9, -8, 6.749700000000001, -1.8997, -8.000150000000001, -0.009381
9, 6.749999999999999, -1.95, -8, 6.7501500000000005, -1.95065, -8.0001, -0.00946
9, 6.749999999999999, -2.0, -8, 6.749950000000001, -2.00165, -8.0001, -0.009381
9, 6.749999999999999, -2.05, -8, 6.7503, -2.0472, -8.00005, -0.009423
10, 6.699999999999999, -2.05, -8, 6.701950000000001, -2.0498499999999997, -8.0, -0.00946
10, 6.6499999999999995, -2.05, -8, 6.650450000000001, -2.0505, -8.00005, -0.009397
10, 6.6, -2.05, -8, 6.603, -2.0505999999999998, -8.0, -0.009407
10, 6.55, -2.05, -8, 6.551, -2.04975, -7.999950000000001, -0.009449
10, 6.5, -2.05, -8, 6.502700000000001, -2.04965, -7.99985, -0.009407
10, 6.45, -2.05, -8, 6.4455, -2.0496, -7.99985, -0.009444
10, 6.4, -2.05, -8, 6.399850000000001, -2.0497, -7.99985, -0.009428
10, 6.3500000000000005, -2.05, -8, 6.34955, -2.05005, -7.999950000000001, -0.009397
10, 6.300000000000001, -2.05, -8, 6.3001000000000005, -2.05015, -8.00005, -0.009475
10, 6.250000000000001, -2.05, -8, 6.2515, -2.05, -8.000150000000001, -0.009392
10, 6.250000000000001, -1.9999999999999998, -8, 6.24835, -2.0027, -8.000200000000001, -0.009475
10, 6.250000000000001, -1.9499999999999997, -8, 6.25, -1.94975, -8.000150000000001, -0.009423
10, 6.250000000000001, -1.8999999999999997, -8, 6.24985, -1.89925, -8.0001, -0.009387
10, 6.250000000000001, -1.8499999999999996, -8, 6.249950000000001, -1.84925, -8.0, -0.00946
10, 6.250000000000001, -1.7999999999999996, -8, 6.24905, -1.79845, -8.0, -0.009397
10, 6.250000000000001, -1.7499999999999996, -8, 6.2494000000000005, -1.74845, -8.0, -0.009439
10, 6.250000000000001, -1.6999999999999995, -8, 6.249700000000001, -1.70045, -8.0, -0.009475
10, 6.250000000000001, -1.6499999999999995, -8, 6.2502, -1.6504, -8.0, -0.009397
10, 6.250000000000001, -1.5999999999999994, -8, 6.24975, -1.6018000000000001, -8.0, -0.009413
10, 6.250000000000001, -1.5499999999999994, -8, 6.249650000000001, -1.60175, -8.0, -0.009454
11, 6.300000000000001, -1.5499999999999994, -8, 6.2966500000000005, -1.55075, -8.0, -0.009407
11, 6.3500000000000005, -1.5499999999999994, -8, 6.34895, -1.5493500000000002, -7.999950000000001, -0.00946
11, 6.4, -1.5499999999999994, -8, 6.3988000000000005, -1.5496, -7.9999, -0.009376
11, 6.45, -1.5499999999999994, -8, 6.44995, -1.54945, -7.9999, -0.009454
11, 6.5, -1.5499999999999994, -8, 6.50335, -1.55045, -7.9999, -0.009439
11, 6.55, -1.5499999999999994, -8, 6.549150000000001, -1.55045, -7.9999, -0.009402
11, 6.6, -1.5499999999999994, -8, 6.5978, -1.5495500000000002, -7.99985, -0.00946
11, 6.6499999999999995, -1.5499999999999994, -8, 6.6498, -1.5495, -7.999950000000001, -0.009433
11, 6.699999999999999, -1.5499999999999994, -8, 6.69775, -1.5502, -8.00005, -0.009407
11, 6.749999999999999, -1.5499999999999994, -8, 6.748900000000001, -1.5505, -8.000150000000001, -0.00946
11, 6.799999999999999, -1.5499999999999994, -8, 6.80325, -1.55, -8.000150000000001, -0.009402
11, 6.799999999999999, -1.5999999999999994, -8, 6.8016000000000005, -1.5995, -8.000150000000001, -0.00947
11, 6.799999999999999, -1.6499999999999995, -8, 6.799650000000001, -1.65015, -8.00005, -0.009444
11, 6.799999999999999, -1.6999999999999995, -8, 6.80015, -1.69925, -7.9999, -0.009402
11, 6.799999999999999, -1.7499999999999996, -8, 6.80025, -1.6993500000000001, -7.999950000000001, -0.00946
11, 6.799999999999999, -1.7999999999999996, -8, 6.8016000000000005, -1.7993000000000001, -7.9999, -0.009387
11, 6.799999999999999, -1.8499999999999996, -8, 6.799950000000001, -1.8501500000000002, -7.99985, -0.009439
11, 6.799999999999999, -1.8999999999999997, -8, 6.800050000000001, -1.9005, -7.99985, -0.009439
11, 6.799999999999999, -1.9499999999999997, -8, 6.80015, -1.9516000000000002, -7.99985, -0.009418
11, 6.799999999999999, -1.9999999999999998, -8, 6.8005, -1.9515500000000001, -7.99985, -0.009475
11, 6.799999999999999, -2.05, -8, 6.8, -2.0486, -8.0, -0.009402
11, 6.799999999999999, -2.0999999999999996, -8, 6.799900000000001, -2.0978499999999998, -8.0, -0.009397
12, 6.749999999999999, -2.0999999999999996, -8, 6.748, -2.09935, -8.0, -0.00947
12, 6.699999999999999, -2.0999999999999996, -8, 6.701700000000001, -2.1005, -8.00005, -0.009418
12, 6.6499999999999995, -2.0999999999999996, -8, 6.65205, -2.10055, -8.000150000000001, -0.009392
12, 6.6, -2.0999999999999996, -8, 6.6, -2.10025, -8.000150000000001, -0.009454
12, 6.55, -2.0999999999999996, -8, 6.551450000000001, -2.0997000000000003, -8.000150000000001, -0.009402
12, 6.5, -2.0999999999999996, -8, 6.503150000000001, -2.0994500000000005, -8.00005, -0.009433
12, 6.45, -2.0999999999999996, -8, 6.4461, -2.10015, -7.999950000000001, -0.009449
12, 6.4, -2.0999999999999996, -8, 6.3989, -2.10015, -7.99985, -0.009381
12, 6.3500000000000005, -2.0999999999999996, -8, 6.3501, -2.10015, -7.99985, -0.009444
12, 6.300000000000001, -2.0999999999999996, -8, 6.300700000000001, -2.1, -7.99985, -0.009465
12, 6.250000000000001, -2.0999999999999996, -8, 6.251950000000001, -2.0998, -7.999950000000001, -0.009407
12, 6.200000000000001, -2.0999999999999996, -8, 6.20225, -2.0995500000000002, -8.00005, -0.00946
12, 6.200000000000001, -2.05, -8, 6.1983500000000005, -2.04765, -8.000150000000001, -0.009444
12, 6.200000000000001, -1.9999999999999998, -8, 6.199050000000001, -2.0064, -8.000150000000001, -0.009387
12, 6.200000000000001, -1.9499999999999997, -8, 6.199700000000001, -1.9507, -8.000150000000001, -0.009465
12, 6.200000000000001, -1.8999999999999997, -8, 6.2007, -1.8982, -8.0, -0.009387
12, 6.200000000000001, -1.8499999999999996, -8, 6.19995, -1.8505500000000001, -7.999950000000001, -0.009444
12, 6.200000000000001, -1.7999999999999996, -8, 6.199400000000001, -1.7971000000000001, -7.9999, -0.00947
12, 6.200000000000001, -1.7499999999999996, -8, 6.19965, -1.7497, -7.99985, -0.009423
12, 6.200000000000001, -1.6999999999999995, -8, 6.2, -1.7003000000000001, -7.99985, -0.009454
12, 6.200000000000001, -1.6499999999999995, -8, 6.19965, -1.6506500000000002, -7.9999, -0.009413
12, 6.200000000000001, -1.5999999999999994, -8, 6.19955, -1.6017000000000001, -7.9999, -0.009402
12, 6.200000000000001, -1.5499999999999994, -8, 6.2, -1.5505, -8.0, -0.00946
12, 6.200000000000001, -1.4999999999999993, -8, 6.1998500000000005, -1.4977, -8.00005, -0.009392
13, 6.250000000000001, -1.4999999999999993, -8, 6.247, -1.4988500000000002, -8.00005, -0.009439
13, 6.300000000000001, -1.4999999999999993, -8, 6.29775, -1.50035, -8.00005, -0.009465
13, 6.3500000000000005, -1.4999999999999993, -8, 6.349, -1.50035, -8.00005, -0.009397
13, 6.4, -1.4999999999999993, -8, 6.398700000000001, -1.5001000000000002, -8.00005, -0.009465
13, 6.45, -1.4999999999999993, -8, 6.45145, -1.4998500000000001, -8.0001, -0.009423
13, 6.5, -1.4999999999999993, -8, 6.502, -1.4996500000000001, -8.00005, -0.009371
13, 6.55, -1.4999999999999993, -8, 6.550200000000001, -1.4998000000000002, -8.0, -0.00946
13, 6.6, -1.4999999999999993, -8, 6.5983, -1.4998000000000002, -7.999950000000001, -0.009402
13, 6.6499999999999995, -1.4999999999999993, -8, 6.65, -1.4999, -7.9999, -0.009444
13, 6.699999999999999, -1.4999999999999993, -8, 6.69775, -1.5005500000000003, -7.99985, -0.009423
13, 6.749999999999999, -1.4999999999999993, -8, 6.7502, -1.5004000000000002, -7.99985, -0.009423
13, 6.799999999999999, -1.4999999999999993, -8, 6.80155, -1.4996500000000001, -7.99985, -0.009465
13, 6.849999999999999, -1.4999999999999993, -8, 6.8508000000000004, -1.4996500000000001, -8.0, -0.009392
13, 6.849999999999999, -1.5499999999999994, -8, 6.8505, -1.5519, -8.0, -0.009444
13, 6.849999999999999, -1.5999999999999994, -8, 6.849900000000001, -1.6011000000000002, -8.0, -0.009444
13, 6.849999999999999, -1.6499999999999995, -8, 6.849950000000001, -1.65025, -7.999950000000001, -0.009397
13, 6.849999999999999, -1.6999999999999995, -8, 6.85, -1.6996000000000002, -8.00005, -0.00946
13, 6.849999999999999, -1.7499999999999996, -8, 6.8503, -1.7485500000000003, -8.0001, -0.009387
13, 6.849999999999999, -1.7999999999999996, -8, 6.8504000000000005, -1.7997, -8.0001, -0.009439
13, 6.849999999999999, -1.8499999999999996, -8, 6.850200000000001, -1.8505500000000001, -8.000150000000001, -0.009428
13, 6.849999999999999, -1.8999999999999997, -8, 6.8496500000000005, -1.9002000000000001, -8.000150000000001, -0.009402
13, 6.849999999999999, -1.9499999999999997, -8, 6.84975, -1.9516000000000002, -8.00005, -0.009449
13, 6.849999999999999, -1.9999999999999998, -8, 6.8501, -2.00165, -7.999950000000001, -0.009413
13, 6.849999999999999, -2.05, -8, 6.8503, -2.0474, -7.99985, -0.009413
13, 6.849999999999999, -2.0999999999999996, -8, 6.850200000000001, -2.09825, -7.99985, -0.00948
13, 6.849999999999999, -2.1499999999999995, -8, 6.85, -2.15045, -7.99985, -0.009402
14, 6.799999999999999, -2.1499999999999995, -8, 6.800950000000001, -2.15035, -7.999950000000001, -0.00947
14, 6.749999999999999, -2.1499999999999995, -8, 6.74855, -2.1502000000000003, -8.00005, -0.009413
14, 6.699999999999999, -2.1499999999999995, -8, 6.70065, -2.1501, -8.000150000000001, -0.009392
14, 6.6499999999999995, -2.1499999999999995, -8, 6.65225, -2.14985, -8.000150000000001, -0.009449
14, 6.6, -2.1499999999999995, -8, 6.59875, -2.1497, -8.000150000000001, -0.009444
14, 6.55, -2.1499999999999995, -8, 6.55165, -2.14985, -8.00005, -0.009392
14, 6.5, -2.1499999999999995, -8, 6.50305, -2.15015, -7.999950000000001, -0.009465
14, 6.45, -2.1499999999999995, -8, 6.44585, -2.1503, -7.99985, -0.009392
14, 6.4, -2.1499999999999995, -8, 6.399850000000001, -2.1499500000000005, -7.99985, -0.009433
14, 6.3500000000000005, -2.1499999999999995, -8, 6.348700000000001, -2.14975, -7.99985, -0.009423
14, 6.300000000000001, -2.1499999999999995, -8, 6.29985, -2.1496, -7.999950000000001, -0.009392
14, 6.250000000000001, -2.1499999999999995, -8, 6.252800000000001, -2.14975, -8.00005, -0.009444
14, 6.200000000000001, -2.1499999999999995, -8, 6.20075, -2.1501, -8.000150000000001, -0.009402
14, 6.150000000000001, -2.1499999999999995, -8, 6.145700000000001, -2.1501, -8.000150000000001, -0.009423
14, 6.150000000000001, -2.0999999999999996, -8, 6.1474, -2.09775, -8.000200000000001, -0.009444
14, 6.150000000000001, -2.05, -8, 6.150600000000001, -2.0483000000000002, -8.0001, -0.009392
14, 6.150000000000001, -1.9999999999999998, -8, 6.1495500000000005, -2.0071000000000003, -8.0, -0.009454
14, 6.150000000000001, -1.9499999999999997, -8, 6.149700000000001, -1.9495, -8.0, -0.009454
14, 6.150000000000001, -1.8999999999999997, -8, 6.1503000000000005, -1.9494, -7.999950000000001, -0.009397
14, 6.150000000000001, -1.8499999999999996, -8, 6.14885, -1.8484, -7.99985, -0.009465
14, 6.150000000000001, -1.7999999999999996, -8, 6.151, -1.7983000000000002, -7.9999, -0.009402
14, 6.150000000000001, -1.7499999999999996, -8, 6.15075, -1.7495, -7.999950000000001, -0.009392
14, 6.150000000000001, -1.6999999999999995, -8, 6.149900000000001, -1.7008, -7.999950000000001, -0.009454
14, 6.150000000000001, -1.6499999999999995, -8, 6.14905, -1.6498000000000002, -7.999950000000001, -0.009392
14, 6.150000000000001, -1.5999999999999994, -8, 6.1489, -1.6018500000000002, -8.00005, -0.009413
14, 6.150000000000001, -1.5499999999999994, -8, 6.15, -1.55075, -8.000150000000001, -0.009465
14, 6.150000000000001, -1.4999999999999993, -8, 6.15035, -1.4976500000000001, -8.0001, -0.009397
14, 6.150000000000001, -1.4499999999999993, -8, 6.148950000000001, -1.4476000000000002, -8.000150000000001, -0.009439
15, 6.200000000000001, -1.4499999999999993, -8, 6.2007, -1.4495500000000001, -8.00005, -0.009402
15, 6.250000000000001, -1.4499999999999993, -8, 6.25035, -1.45025, -7.999950000000001, -0.009397
15, 6.300000000000001, -1.4499999999999993, -8, 6.297650000000001, -1.4505500000000002, -7.9999, -0.00946
15, 6.3500000000000005, -1.4499999999999993, -8, 6.3494, -1.4497, -7.9999, -0.009407
15, 6.4, -1.4499999999999993, -8, 6.39815, -1.44965, -7.9999, -0.009413
15, 6.45, -1.4499999999999993, -8, 6.45105, -1.45035, -7.9999, -0.009454
15, 6.5, -1.4499999999999993, -8, 6.50275, -1.45025, -7.999950000000001, -0.009392
15, 6.55, -1.4499999999999993, -8, 6.55025, -1.4497, -7.9999, -0.009465
15, 6.6, -1.4499999999999993, -8, 6.59875, -1.44995, -8.00005, -0.009418
15, 6.6499999999999995, -1.4499999999999993, -8, 6.64965, -1.45015, -8.0001, -0.009444
15, 6.699999999999999, -1.4499999999999993, -8, 6.698200000000001, -1.4501000000000002, -8.0001, -0.009439
15, 6.749999999999999, -1.4499999999999993, -8, 6.750100000000001, -1.45, -8.0001, -0.009392
15, 6.799999999999999, -1.4499999999999993, -8, 6.800950000000001, -1.4497, -8.00005, -0.00947
15, 6.849999999999999, -1.4499999999999993, -8, 6.851, -1.4499000000000002, -8.0001, -0.009392
15, 6.899999999999999, -1.4499999999999993, -8, 6.899450000000001, -1.44995, -8.00005, -0.009439
15, 6.899999999999999, -1.4999999999999993, -8, 6.9003000000000005, -1.5008000000000001, -7.999950000000001, -0.00946
15, 6.899999999999999, -1.5499999999999994, -8, 6.89975, -1.554, -7.99985, -0.009392
15, 6.899999999999999, -1.5999999999999994, -8, 6.899900000000001, -1.60025, -7.99985, -0.00946
15, 6.899999999999999, -1.6499999999999995, -8, 6.90025, -1.6505, -7.99985, -0.009449
15, 6.899999999999999, -1.6999999999999995, -8, 6.900450000000001, -1.6987, -7.999950000000001, -0.009402
15, 6.899999999999999, -1.7499999999999996, -8, 6.90005, -1.7485, -8.00005, -0.009449
15, 6.899999999999999, -1.7999999999999996, -8, 6.900200000000001, -1.7998500000000002, -8.000150000000001, -0.009407
15, 6.899999999999999, -1.8499999999999996, -8, 6.9, -1.8503000000000003, -8.000150000000001, -0.009407
15, 6.899999999999999, -1.8999999999999997, -8, 6.9001, -1.8503500000000002, -8.000150000000001, -0.009454
15, 6.899999999999999, -1.9499999999999997, -8, 6.900650000000001, -1.9511500000000002, -8.000150000000001, -0.009402
15, 6.899999999999999, -1.9999999999999998, -8, 6.9004, -2.0017, -8.0, -0.009444
15, 6.899999999999999, -2.05, -8, 6.90005, -2.0487, -8.00005, -0.009418
15, 6.899999999999999, -2.0999999999999996, -8, 6.900650000000001, -2.0979500000000004, -7.999950000000001, -0.009387
15, 6.899999999999999, -2.1499999999999995, -8, 6.9001, -2.15, -7.99985, -0.009454
15, 6.899999999999999, -2.1999999999999993, -8, 6.89965, -2.1503, -7.9999, -0.009387
16, 6.849999999999999, -2.1999999999999993, -8, 6.850700000000001, -2.2009000000000003, -7.9998000000000005, -0.009444
16, 6.799999999999999, -2.1999999999999993, -8, 6.8009, -2.2012000000000005, -7.99985, -0.009418
16, 6.749999999999999, -2.1999999999999993, -8, 6.7488, -2.2004500000000005, -7.999950000000001, -0.009387
16, 6.699999999999999, -2.1999999999999993, -8, 6.701200000000001, -2.2001500000000003, -8.00005, -0.00946
16, 6.6499999999999995, -2.1999999999999993, -8, 6.650900000000001, -2.1999, -8.00005, -0.009387
16, 6.6, -2.1999999999999993, -8, 6.60015, -2.19985, -8.0001, -0.009439
16, 6.55, -2.1999999999999993, -8, 6.551200000000001, -2.1999, -8.0001, -0.009418
16, 6.5, -2.1999999999999993, -8, 6.50175, -2.1999, -8.0001, -0.009381
16, 6.45, -2.1999999999999993, -8, 6.4461, -2.2, -8.000150000000001, -0.009444
16, 6.4, -2.1999999999999993, -8, 6.4005, -2.2001500000000003, -8.0001, -0.009402
16, 6.3500000000000005, -2.1999999999999993, -8, 6.348450000000001, -2.2001500000000003, -8.0, -0.009444
16, 6.300000000000001, -2.1999999999999993, -8, 6.3001000000000005, -2.20005, -8.0, -0.00946
16, 6.250000000000001, -2.1999999999999993, -8, 6.2521, -2.2, -8.0, -0.009397
16, 6.200000000000001, -2.1999999999999993, -8, 6.2509500000000005, -2.2, -8.0, -0.009465
16, 6.150000000000001, -2.1999999999999993, -8, 6.1475, -2.1999, -8.0, -0.009392
16, 6.100000000000001, -2.1999999999999993, -8, 6.10015, -2.1998, -8.0, -0.009439
16, 6.100000000000001, -2.1499999999999995, -8, 6.0985, -2.14925, -8.00005, -0.009413
16, 6.100000000000001, -2.0999999999999996, -8, 6.099150000000001, -2.09735, -7.999950000000001, -0.009407
16, 6.100000000000001, -2.05, -8, 6.1, -2.04875, -7.9999, -0.009433
16, 6.100000000000001, -1.9999999999999998, -8, 6.0994, -2.00455, -7.9999, -0.009418
16, 6.100000000000001, -1.9499999999999997, -8, 6.09985, -1.9499000000000002, -7.99985, -0.009387
16, 6.100000000000001, -1.8999999999999997, -8, 6.10005, -1.8990500000000001, -7.99985, -0.00946
16, 6.100000000000001, -1.8499999999999996, -8, 6.1001, -1.85, -7.999950000000001, -0.009392
16, 6.100000000000001, -1.7999999999999996, -8, 6.1, -1.79825, -8.0001, -0.009439
16, 6.100000000000001, -1.7499999999999996, -8, 6.09955, -1.7482, -8.000150000000001, -0.009413
16, 6.100000000000001, -1.6999999999999995, -8, 6.09935, -1.70065, -8.000150000000001, -0.009418
16, 6.100000000000001, -1.6499999999999995, -8, 6.0997, -1.6508000000000003, -8.000150000000001, -0.009428
16, 6.100000000000001, -1.5999999999999994, -8, 6.09985, -1.60175, -8.00005, -0.009392
16, 6.100000000000001, -1.5499999999999994, -8, 6.1001, -1.60195, -8.00005, -0.009449
16, 6.100000000000001, -1.4999999999999993, -8, 6.09905, -1.4988000000000001, -8.0, -0.009407
16, 6.100000000000001, -1.4499999999999993, -8, 6.10025, -1.4474500000000001, -7.999950000000001, -0.009444
16, 6.100000000000001, -1.3999999999999992, -8, 6.1008000000000004, -1.40025, -7.9999, -0.00946
17, 6.150000000000001, -1.3999999999999992, -8, 6.1485, -1.39935, -7.9999, -0.009407
17, 6.200000000000001, -1.3999999999999992, -8, 6.2034, -1.39955, -7.99985, -0.00946
17, 6.250000000000001, -1.3999999999999992, -8, 6.24975, -1.4006500000000002, -7.9999, -0.009413
17, 6.300000000000001, -1.3999999999999992, -8, 6.2978000000000005, -1.40045, -7.9999, -0.009397
17, 6.3500000000000005, -1.3999999999999992, -8, 6.3509, -1.3999000000000001, -7.999950000000001, -0.009449
17, 6.4, -1.3999999999999992, -8, 6.350700000000001, -1.39965, -7.999950000000001, -0.009397
17, 6.45, -1.3999999999999992, -8, 6.4499, -1.39995, -8.00005, -0.00947
17, 6.5, -1.3999999999999992, -8, 6.50225, -1.4001000000000001, -8.000150000000001, -0.009433
17, 6.55, -1.3999999999999992, -8, 6.550700000000001, -1.4002000000000001, -8.0001, -0.009407
17, 6.6, -1.3999999999999992, -8, 6.598, -1.4003500000000002, -8.000150000000001, -0.009439
17, 6.6499999999999995, -1.3999999999999992, -8, 6.6501, -1.4001000000000001, -8.0001, -0.009407
17, 6.699999999999999, -1.3999999999999992, -8, 6.6978, -1.39985, -8.0001, -0.009407
17, 6.749999999999999, -1.3999999999999992, -8, 6.7502, -1.39985, -8.00005, -0.009465
17, 6.799999999999999, -1.3999999999999992, -8, 6.8016000000000005, -1.3999000000000001, -7.999950000000001, -0.009423
17, 6.849999999999999, -1.3999999999999992, -8, 6.8501, -1.39995, -7.99985, -0.009428
17, 6.899999999999999, -1.3999999999999992, -8, 6.89905, -1.4002000000000001, -7.99985, -0.00948
17, 6.949999999999998, -1.3999999999999992, -8, 6.95145, -1.4005500000000002, -7.99985, -0.009413
17, 6.949999999999998, -1.4499999999999993, -8, 6.95115, -1.4496000000000002, -7.999950000000001, -0.00946
17, 6.949999999999998, -1.4999999999999993, -8, 6.95005, -1.503, -8.00005, -0.009413
17, 6.949999999999998, -1.5499999999999994, -8, 6.95005, -1.55195, -8.0001, -0.009407
17, 6.949999999999998, -1.5999999999999994, -8, 6.95025, -1.6, -8.0001, -0.00947
17, 6.949999999999998, -1.6499999999999995, -8, 6.9499, -1.6497, -8.000150000000001, -0.009397
17, 6.949999999999998, -1.6999999999999995, -8, 6.9503, -1.6994, -8.0001, -0.009454
17, 6.949999999999998, -1.7499999999999996, -8, 6.95035, -1.7481000000000002, -8.00005, -0.009454
17, 6.949999999999998, -1.7999999999999996, -8, 6.95005, -1.7996, -8.00005, -0.009392
17, 6.949999999999998, -1.8499999999999996, -8, 6.95005, -1.8503000000000003, -8.00005, -0.009475
17, 6.949999999999998, -1.8999999999999997, -8, 6.95, -1.90025, -7.999950000000001, -0.009407
17, 6.949999999999998, -1.9499999999999997, -8, 6.950150000000001, -1.9515500000000001, -7.99985, -0.009407
17, 6.949999999999998, -1.9999999999999998, -8, 6.95035, -2.002, -7.99985, -0.00947
17, 6.949999999999998, -2.05, -8, 6.95035, -2.0484500000000003, -7.99985, -0.009387
17, 6.949999999999998, -2.0999999999999996, -8, 6.9499, -2.0975, -7.999950000000001, -0.009465
17, 6.949999999999998, -2.1499999999999995, -8, 6.9491000000000005, -2.15045, -8.00005, -0.009402
17, 6.949999999999998, -2.1999999999999993, -8, 6.950150000000001, -2.2020999999999997, -8.0001, -0.009439
17, 6.949999999999998, -2.249999999999999, -8, 6.9501, -2.2515500000000004, -8.00005, -0.00946
18, 6.899999999999999, -2.249999999999999, -8, 6.8993, -2.2509, -8.0001, -0.009402
18, 6.849999999999999, -2.249999999999999, -8, 6.850700000000001, -2.2505, -8.0001, -0.009428
18, 6.799999999999999, -2.249999999999999, -8, 6.80185, -2.2504, -8.000150000000001, -0.00946
18, 6.749999999999999, -2.249999999999999, -8, 6.74775, -2.2496, -8.0, -0.009392
18, 6.699999999999999, -2.249999999999999, -8, 6.7013, -2.24955, -7.9999, -0.009433
18, 6.6499999999999995, -2.249999999999999, -8, 6.6511000000000005, -2.2500999999999998, -7.99985, -0.009402
18, 6.6, -2.249999999999999, -8, 6.60005, -2.25025, -7.99985, -0.009387
18, 6.55, -2.249999999999999, -8, 6.5518, -2.25015, -7.99985, -0.009454
18, 6.5, -2.249999999999999, -8, 6.501, -2.25, -7.999950000000001, -0.009392
18, 6.45, -2.249999999999999, -8, 6.49975, -2.24995, -7.999950000000001, -0.009428
18, 6.4, -2.249999999999999, -8, 6.39585, -2.24955, -8.0, -0.009428
18, 6.3500000000000005, -2.249999999999999, -8, 6.350350000000001, -2.24965, -8.00005, -0.009381
18, 6.300000000000001, -2.249999999999999, -8, 6.30025, -2.2503, -8.0, -0.009465
18, 6.250000000000001, -2.249999999999999, -8, 6.252950000000001, -2.2504, -8.0, -0.009407
18, 6.200000000000001, -2.249999999999999, -8, 6.200950000000001, -2.2498, -8.0, -0.009402
18, 6.150000000000001, -2.249999999999999, -8, 6.146100000000001, -2.24975, -8.0, -0.00946
18, 6.100000000000001, -2.249999999999999, -8, 6.0989, -2.24975, -8.0001, -0.009376
18, 6.050000000000002, -2.249999999999999, -8, 6.051200000000001, -2.24985, -8.0001, -0.009444
18, 6.050000000000002, -2.1999999999999993, -8, 6.0485500000000005, -2.1995500000000003, -8.0001, -0.009413
18, 6.050000000000002, -2.1499999999999995, -8, 6.04975, -2.1479, -8.0001, -0.009381
18, 6.050000000000002, -2.0999999999999996, -8, 6.050050000000001, -2.09805, -8.00005, -0.00946
18, 6.050000000000002, -2.05, -8, 6.0495, -2.04855, -8.0001, -0.009407
18, 6.050000000000002, -1.9999999999999998, -8, 6.049300000000001, -2.00415, -8.0, -0.009402
18, 6.050000000000002, -1.9499999999999997, -8, 6.049600000000001, -1.9495, -7.9999, -0.00948
18, 6.050000000000002, -1.8999999999999997, -8, 6.04985, -1.8989500000000001, -7.99985, -0.009397
18, 6.050000000000002, -1.8499999999999996, -8, 6.0501000000000005, -1.8501, -7.99985, -0.00946
18, 6.050000000000002, -1.7999999999999996, -8, 6.0504500000000005, -1.7986000000000002, -7.9998000000000005, -0.009407
18, 6.050000000000002, -1.7499999999999996, -8, 6.049200000000001, -1.749, -7.99985, -0.009402
18, 6.050000000000002, -1.6999999999999995, -8, 6.0491, -1.7008, -7.999950000000001, -0.009465
18, 6.050000000000002, -1.6499999999999995, -8, 6.050200000000001, -1.6505500000000002, -8.00005, -0.009392
18, 6.050000000000002, -1.5999999999999994, -8, 6.04985, -1.60165, -8.000150000000001, -0.009444
18, 6.050000000000002, -1.5499999999999994, -8, 6.050200000000001, -1.6018500000000002, -8.000150000000001, -0.00948
18, 6.050000000000002, -1.4999999999999993, -8, 6.04925, -1.4987000000000001, -8.000150000000001, -0.009433
18, 6.050000000000002, -1.4499999999999993, -8, 6.0493500000000004, -1.4475500000000001, -8.000150000000001, -0.00947
18, 6.050000000000002, -1.3999999999999992, -8, 6.050350000000001, -1.4002000000000001, -8.00005, -0.009413
18, 6.050000000000002, -1.3499999999999992, -8, 6.05, -1.3512, -7.999950000000001, -0.009433
19, 6.100000000000001, -1.3499999999999992, -8, 6.09585, -1.35095, -7.9999, -0.00947
19, 6.150000000000001, -1.3499999999999992, -8, 6.15055, -1.3499, -7.99985, -0.009407
19, 6.200000000000001, -1.3499999999999992, -8, 6.20375, -1.3499, -7.9999, -0.009454
19, 6.250000000000001, -1.3499999999999992, -8, 6.2505, -1.34995, -7.99985, -0.009407
19, 6.300000000000001, -1.3499999999999992, -8, 6.298100000000001, -1.34995, -7.999950000000001, -0.009439
19, 6.3500000000000005, -1.3499999999999992, -8, 6.34955, -1.3500500000000002, -8.00005, -0.009449
19, 6.4, -1.3499999999999992, -8, 6.35025, -1.35, -8.00005, -0.009413
19, 6.45, -1.3499999999999992, -8, 6.449200000000001, -1.3503500000000002, -8.000150000000001, -0.00946
19, 6.5, -1.3499999999999992, -8, 6.504, -1.3504, -8.000150000000001, -0.009423
19, 6.55, -1.3499999999999992, -8, 6.5497000000000005, -1.35025, -8.000150000000001, -0.009407
19, 6.6, -1.3499999999999992, -8, 6.5986, -1.35, -8.00005, -0.00946
19, 6.6499999999999995, -1.3499999999999992, -8, 6.650150000000001, -1.34995, -7.999950000000001, -0.009413
19, 6.699999999999999, -1.3499999999999992, -8, 6.6993, -1.35025, -7.99985, -0.009439
19, 6.749999999999999, -1.3499999999999992, -8, 6.7491, -1.3500500000000002, -7.9999, -0.00947
19, 6.799999999999999, -1.3499999999999992, -8, 6.802200000000001, -1.3499, -7.99985, -0.009402
19, 6.849999999999999, -1.3499999999999992, -8, 6.8494, -1.3501, -7.999950000000001, -0.00946
19, 6.899999999999999, -1.3499999999999992, -8, 6.90025, -1.34995, -8.00005, -0.00947
19, 6.949999999999998, -1.3499999999999992, -8, 6.950950000000001, -1.34995, -8.000150000000001, -0.009397
19, 6.999999999999998, -1.3499999999999992, -8, 6.998450000000001, -1.35, -8.000150000000001, -0.009465
19, 6.999999999999998, -1.3999999999999992, -8, 7.0005, -1.39955, -8.0001, -0.009407
19, 6.999999999999998, -1.4499999999999993, -8, 7.0003, -1.4486, -8.00005, -0.009449
19, 6.999999999999998, -1.4999999999999993, -8, 7.00035, -1.50215, -8.0, -0.00947
19, 6.999999999999998, -1.5499999999999994, -8, 7.0002, -1.5513500000000002, -8.00005, -0.009392
19, 6.999999999999998, -1.5999999999999994, -8, 6.9999, -1.59995, -8.00005, -0.009454
19, 6.999999999999998, -1.6499999999999995, -8, 6.999950000000001, -1.6505, -8.0, -0.009449
19, 6.999999999999998, -1.6999999999999995, -8, 6.99955, -1.69865, -8.0, -0.009402
19, 6.999999999999998, -1.7499999999999996, -8, 6.9999, -1.7485500000000003, -7.9999, -0.009444
19, 6.999999999999998, -1.7999999999999996, -8, 7.0001500000000005, -1.79995, -7.99985, -0.009413
19, 6.999999999999998, -1.8499999999999996, -8, 7.0001500000000005, -1.8505, -7.99985, -0.009381
19, 6.999999999999998, -1.8999999999999997, -8, 7.0003, -1.9, -7.9998000000000005, -0.009454
19, 6.999999999999998, -1.9499999999999997, -8, 7.000100000000001, -1.9513500000000001, -7.999950000000001, -0.009402
19, 6.999999999999998, -1.9999999999999998, -8, 7.00005, -2.0016000000000003, -8.0, -0.009454
19, 6.999999999999998, -2.05, -8, 7.0, -2.0489, -8.00005, -0.009444
19, 6.999999999999998, -2.0999999999999996, -8, 7.000100000000001, -2.0979, -8.0001, -0.009418
19, 6.999999999999998, -2.1499999999999995, -8, 7.000100000000001, -2.15035, -8.0001, -0.009433
19, 6.999999999999998, -2.1999999999999993, -8, 6.9999, -2.2017, -8.0001, -0.009439
19, 6.999999999999998, -2.249999999999999, -8, 6.999950000000001, -2.2518000000000002, -8.0001, -0.009392
19, 6.999999999999998, -2.299999999999999, -8, 7.0, -2.30085, -8.0001, -0.009465
20, 6.949999999999998, -2.299999999999999, -8, 6.9519, -2.30075, -8.00005, -0.009392
20, 6.899999999999999, -2.299999999999999, -8, 6.9003000000000005, -2.2999, -8.0, -0.009413
20, 6.849999999999999, -2.299999999999999, -8, 6.85075, -2.2998499999999997, -8.0, -0.00948
20, 6.799999999999999, -2.299999999999999, -8, 6.8006, -2.2998499999999997, -8.0, -0.009392
20, 6.749999999999999, -2.299999999999999, -8, 6.7484, -2.2999, -8.0, -0.009475
20, 6.699999999999999, -2.299999999999999, -8, 6.70025, -2.3, -8.0, -0.009402
20, 6.6499999999999995, -2.299999999999999, -8, 6.699700000000001, -2.30005, -8.0, -0.009402
20, 6.6, -2.299999999999999, -8, 6.69975, -2.2998499999999997, -8.0, -0.00946
20, 6.55, -2.299999999999999, -8, 6.55155, -2.2998000000000003, -8.00005, -0.009371
20, 6.5, -2.299999999999999, -8, 6.5021, -2.30015, -7.999950000000001, -0.009454
20, 6.45, -2.299999999999999, -8, 6.447550000000001, -2.3005, -7.99985, -0.009418
20, 6.4, -2.299999999999999, -8, 6.40025, -2.3001, -7.99985, -0.009392
20, 6.3500000000000005, -2.299999999999999, -8, 6.34935, -2.30005, -7.99985, -0.009454
20, 6.300000000000001, -2.299999999999999, -8, 6.30025, -2.2998499999999997, -7.9999, -0.009418
20, 6.250000000000001, -2.299999999999999, -8, 6.251650000000001, -2.29975, -8.00005, -0.009413
20, 6.200000000000001, -2.299999999999999, -8, 6.20035, -2.29965, -8.0001, -0.009444
20, 6.150000000000001, -2.299999999999999, -8, 6.14575, -2.29975, -8.0001, -0.009392
20, 6.100000000000001, -2.299999999999999, -8, 6.09865, -2.2999, -8.0001, -0.009454
20, 6.050000000000002, -2.299999999999999, -8, 6.0516000000000005, -2.3001, -8.0001, -0.009402
20, 6.000000000000002, -2.299999999999999, -8, 6.000900000000001, -2.30015, -8.0001, -0.009444
20, 6.000000000000002, -2.249999999999999, -8, 5.998150000000001, -2.2506, -8.0001, -0.009413
20, 6.000000000000002, -2.1999999999999993, -8, 5.9994000000000005, -2.1985, -8.00005, -0.009387
20, 6.000000000000002, -2.1499999999999995, -8, 5.99975, -2.14805, -7.999950000000001, -0.00947
20, 6.000000000000002, -2.0999999999999996, -8, 6.00025, -2.09815, -7.9999, -0.009449
20, 6.000000000000002, -2.05, -8, 5.9988, -2.0480500000000004, -7.9999, -0.009423
20, 6.000000000000002, -1.9999999999999998, -8, 5.9998000000000005, -2.00365, -7.99985, -0.009465
20, 6.000000000000002, -1.9499999999999997, -8, 5.9999, -1.9491, -7.9999, -0.009402
20, 6.000000000000002, -1.8999999999999997, -8, 5.99975, -1.9001000000000001, -7.9999, -0.009444
20, 6.000000000000002, -1.8499999999999996, -8, 5.9998000000000005, -1.85, -7.9999, -0.009407
20, 6.000000000000002, -1.7999999999999996, -8, 5.99975, -1.7992000000000001, -7.999950000000001, -0.009387
20, 6.000000000000002, -1.7499999999999996, -8, 5.9995, -1.74875, -8.00005, -0.009465
20, 6.000000000000002, -1.6999999999999995, -8, 5.9998000000000005, -1.7006000000000001, -8.000150000000001, -0.009392
20, 6.000000000000002, -1.6499999999999995, -8, 5.99945, -1.6500500000000002, -8.000150000000001, -0.009449
20, 6.000000000000002, -1.5999999999999994, -8, 5.9999, -1.60175, -8.000150000000001, -0.009465
20, 6.000000000000002, -1.5499999999999994, -8, 5.99975, -1.5503500000000001, -8.0001, -0.009413
20, 6.000000000000002, -1.4999999999999993, -8, 6.0, -1.498, -7.999950000000001, -0.009439
20, 6.000000000000002, -1.4499999999999993, -8, 5.9998000000000005, -1.4477, -7.9999, -0.009454
20, 6.000000000000002, -1.3999999999999992, -8, 6.0003, -1.4005500000000002, -7.9999, -0.009402
20, 6.000000000000002, -1.3499999999999992, -8, 5.9998000000000005, -1.35125, -7.9999, -0.00948
20, 6.000000000000002, -1.2999999999999992, -8, 5.999950000000001, -1.3020500000000002, -7.9999, -0.009423
21, 6.050000000000002, -1.2999999999999992, -8, 6.04715, -1.3005, -7.9999, -0.009392
21, 6.100000000000001, -1.2999999999999992, -8, 6.0973500000000005, -1.29975, -7.9999, -0.009454
21, 6.150000000000001, -1.2999999999999992, -8, 6.150200000000001, -1.2997, -8.0, -0.009381
21, 6.200000000000001, -1.2999999999999992, -8, 6.204350000000001, -1.2998500000000002, -8.0, -0.009465
21, 6.250000000000001, -1.2999999999999992, -8, 6.2509500000000005, -1.2999, -8.0, -0.009418
21, 6.300000000000001, -1.2999999999999992, -8, 6.297200000000001, -1.3003500000000001, -8.0, -0.009376
21, 6.3500000000000005, -1.2999999999999992, -8, 6.34895, -1.3006000000000002, -7.999950000000001, -0.00946
21, 6.4, -1.2999999999999992, -8, 6.3980500000000005, -1.2998500000000002, -8.00005, -0.009387
21, 6.45, -1.2999999999999992, -8, 6.450900000000001, -1.2998000000000003, -8.0001, -0.009439
21, 6.5, -1.2999999999999992, -8, 6.5032000000000005, -1.2999, -8.000150000000001, -0.009449
21, 6.55, -1.2999999999999992, -8, 6.549950000000001, -1.2998500000000002, -8.0001, -0.009392
21, 6.6, -1.2999999999999992, -8, 6.59805, -1.3000500000000001, -8.0001, -0.00946
21, 6.6499999999999995, -1.2999999999999992, -8, 6.59905, -1.3, -8.0001, -0.009433
21, 6.699999999999999, -1.2999999999999992, -8, 6.5991, -1.3001500000000001, -8.00005, -0.009407
21, 6.749999999999999, -1.2999999999999992, -8, 6.747450000000001, -1.3007, -8.00005, -0.009397
21, 6.799999999999999, -1.2999999999999992, -8, 6.80155, -1.3, -7.999950000000001, -0.009418
21, 6.849999999999999, -1.2999999999999992, -8, 6.8035, -1.2998000000000003, -7.999950000000001, -0.00946
21, 6.899999999999999, -1.2999999999999992, -8, 6.8993, -1.2999, -7.9999, -0.009413
21, 6.949999999999998, -1.2999999999999992, -8, 6.9505, -1.29995, -7.9999, -0.009439
21, 6.999999999999998, -1.2999999999999992, -8, 6.996950000000001, -1.2998500000000002, -7.9999, -0.009381
21, 7.049999999999998, -1.2999999999999992, -8, 7.0485500000000005, -1.2998500000000002, -7.99985, -0.009439
21, 7.049999999999998, -1.3499999999999992, -8, 7.050950000000001, -1.3500500000000002, -7.99985, -0.009439
21, 7.049999999999998, -1.3999999999999992, -8, 7.0506, -1.3988000000000003, -8.00005, -0.009402
21, 7.049999999999998, -1.4499999999999993, -8, 7.050650000000001, -1.4483000000000001, -8.0001, -0.009465
21, 7.049999999999998, -1.4999999999999993, -8, 7.0497000000000005, -1.5018500000000001, -8.0001, -0.009402
21, 7.049999999999998, -1.5499999999999994, -8, 7.04985, -1.5508000000000002, -8.0001, -0.009433
21, 7.049999999999998, -1.5999999999999994, -8, 7.049950000000001, -1.6009, -8.000150000000001, -0.00946
21, 7.049999999999998, -1.6499999999999995, -8, 7.049900000000001, -1.6504, -8.000150000000001, -0.009402
21, 7.049999999999998, -1.6999999999999995, -8, 7.05025, -1.6993000000000003, -8.0, -0.009449
21, 7.049999999999998, -1.7499999999999996, -8, 7.050350000000001, -1.74875, -7.999950000000001, -0.00946
21, 7.049999999999998, -1.7999999999999996, -8, 7.05, -1.7997, -7.99985, -0.009397
21, 7.049999999999998, -1.8499999999999996, -8, 7.049950000000001, -1.7996, -7.99985, -0.009423
21, 7.049999999999998, -1.8999999999999997, -8, 7.0505, -1.90025, -7.9999, -0.009428
21, 7.049999999999998, -1.9499999999999997, -8, 7.05025, -1.9513000000000003, -7.99985, -0.009407
21, 7.049999999999998, -1.9999999999999998, -8, 7.05, -2.0016000000000003, -7.999950000000001, -0.00946
21, 7.049999999999998, -2.05, -8, 7.049950000000001, -2.0487, -8.00005, -0.009376
21, 7.049999999999998, -2.0999999999999996, -8, 7.04985, -2.0977, -8.0001, -0.009444
21, 7.049999999999998, -2.1499999999999995, -8, 7.05, -2.1504000000000003, -8.0001, -0.009449
21, 7.049999999999998, -2.1999999999999993, -8, 7.04985, -2.2023, -8.0001, -0.009397
21, 7.049999999999998, -2.249999999999999, -8, 7.050200000000001, -2.2516, -8.00005, -0.009454
21, 7.049999999999998, -2.299999999999999, -8, 7.05025, -2.30065, -8.00005, -0.009413
21, 7.049999999999998, -2.3499999999999988, -8, 7.0503, -2.3468, -8.00005, -0.009418
22, 6.999999999999998, -2.3499999999999988, -8, 7.0025, -2.3493000000000004, -8.0, -0.00947
22, 6.949999999999998, -2.3499999999999988, -8, 6.95155, -2.35, -8.0, -0.009407
22, 6.899999999999999, -2.3499999999999988, -8, 6.901400000000001, -2.3501, -8.00005, -0.009444
22, 6.849999999999999, -2.3499999999999988, -8, 6.84925, -2.35015, -8.0, -0.00946
22, 6.799999999999999, -2.3499999999999988, -8, 6.8005, -2.35015, -8.00005, -0.009387
22, 6.749999999999999, -2.3499999999999988, -8, 6.746150000000001, -2.35015, -7.999950000000001, -0.009407
22, 6.699999999999999, -2.3499999999999988, -8, 6.701200000000001, -2.3499, -7.99985, -0.009444
22, 6.6499999999999995, -2.3499999999999988, -8, 6.65175, -2.34995, -7.99985, -0.009381
22, 6.6, -2.3499999999999988, -8, 6.59875, -2.34995, -7.99985, -0.009433
22, 6.55, -2.3499999999999988, -8, 6.598450000000001, -2.35, -7.99985, -0.009454
22, 6.5, -2.3499999999999988, -8, 6.5978, -2.34985, -7.99985, -0.009387
22, 6.45, -2.3499999999999988, -8, 6.452400000000001, -2.3498, -7.9999, -0.009454
22, 6.4, -2.3499999999999988, -8, 6.39875, -2.3499, -8.00005, -0.009392
22, 6.3500000000000005, -2.3499999999999988, -8, 6.3497, -2.34995, -8.0001, -0.00946
22, 6.300000000000001, -2.3499999999999988, -8, 6.300200000000001, -2.34995, -8.0001, -0.009407
22, 6.250000000000001, -2.3499999999999988, -8, 6.29955, -2.35, -8.000150000000001, -0.009392
22, 6.200000000000001, -2.3499999999999988, -8, 6.2031, -2.3498, -8.0001, -0.00947
22, 6.150000000000001, -2.3499999999999988, -8, 6.1461500000000004, -2.3498, -8.0001, -0.009392
22, 6.100000000000001, -2.3499999999999988, -8, 6.0995, -2.3499, -8.00005, -0.009454
22, 6.050000000000002, -2.3499999999999988, -8, 6.0514, -2.35005, -8.0, -0.009402
22, 6.000000000000002, -2.3499999999999988, -8, 6.001450000000001, -2.35, -8.0, -0.009376
22, 5.950000000000002, -2.3499999999999988, -8, 6.00075, -2.35, -8.0, -0.00946
22, 5.950000000000002, -2.299999999999999, -8, 5.95265, -2.3038000000000003, -8.00005, -0.009397
22, 5.950000000000002, -2.249999999999999, -8, 5.94855, -2.2505, -7.999950000000001, -0.009428
22, 5.950000000000002, -2.1999999999999993, -8, 5.94965, -2.19965, -7.99985, -0.00947
22, 5.950000000000002, -2.1499999999999995, -8, 5.94975, -2.1474, -7.99985, -0.009381
22, 5.950000000000002, -2.0999999999999996, -8, 5.94975, -2.0981, -7.99985, -0.009449
22, 5.950000000000002, -2.05, -8, 5.94975, -2.0490999999999997, -7.99985, -0.009433
22, 5.950000000000002, -1.9999999999999998, -8, 5.94975, -2.00195, -7.9999, -0.009397
22, 5.950000000000002, -1.9499999999999997, -8, 5.9498, -1.95035, -7.9999, -0.009444
22, 5.950000000000002, -1.8999999999999997, -8, 5.9496, -1.9001000000000001, -8.0, -0.009387
22, 5.950000000000002, -1.8499999999999996, -8, 5.9498500000000005, -1.8504500000000002, -7.999950000000001, -0.009433
22, 5.950000000000002, -1.7999999999999996, -8, 5.9498, -1.79895, -8.00005, -0.009433
22, 5.950000000000002, -1.7499999999999996, -8, 5.950450000000001, -1.7993000000000001, -8.00005, -0.009392
22, 5.950000000000002, -1.6999999999999995, -8, 5.949450000000001, -1.69925, -8.000150000000001, -0.009439
22, 5.950000000000002, -1.6499999999999995, -8, 5.9498500000000005, -1.6492, -8.000150000000001, -0.009413
22, 5.950000000000002, -1.5999999999999994, -8, 5.95035, -1.6018500000000002, -8.000150000000001, -0.009397
22, 5.950000000000002, -1.5499999999999994, -8, 5.94965, -1.55075, -8.0001, -0.009439
22, 5.950000000000002, -1.4999999999999993, -8, 5.9498500000000005, -1.4978000000000002, -7.999950000000001, -0.009423
22, 5.950000000000002, -1.4499999999999993, -8, 5.950150000000001, -1.4484000000000001, -7.99985, -0.009402
22, 5.950000000000002, -1.3999999999999992, -8, 5.94965, -1.39945, -7.9999, -0.009444
22, 5.950000000000002, -1.3499999999999992, -8, 5.949, -1.3518500000000002, -7.9999, -0.009407
22, 5.950000000000002, -1.2999999999999992, -8, 5.94915, -1.3019, -7.9999, -0.009433
22, 5.950000000000002, -1.2499999999999991, -8, 5.9498500000000005, -1.2506000000000002, -7.9999, -0.009413
23, 6.000000000000002, -1.2499999999999991, -8, 5.9979000000000005, -1.24975, -8.0, -0.009407
23, 6.050000000000002, -1.2499999999999991, -8, 6.048100000000001, -1.2497, -8.0, -0.009454
23, 6.100000000000001, -1.2499999999999991, -8, 6.09725, -1.2497, -7.999950000000001, -0.009381
23, 6.150000000000001, -1.2499999999999991, -8, 6.15005, -1.2498500000000001, -8.00005, -0.009439
23, 6.200000000000001, -1.2499999999999991, -8, 6.20335, -1.2503000000000002, -8.0001, -0.00946
23, 6.250000000000001, -1.2499999999999991, -8, 6.2505, -1.2505500000000003, -8.000200000000001, -0.009387
23, 6.300000000000001, -1.2499999999999991, -8, 6.2975, -1.2498000000000002, -8.000150000000001, -0.009433
23, 6.3500000000000005, -1.2499999999999991, -8, 6.349600000000001, -1.24975, -8.000150000000001, -0.009418
23, 6.4, -1.2499999999999991, -8, 6.397950000000001, -1.2499, -8.0, -0.009387
23, 6.45, -1.2499999999999991, -8, 6.45085, -1.2501000000000002, -8.0, -0.00946
23, 6.5, -1.2499999999999991, -8, 6.502950000000001, -1.2503000000000002, -7.999950000000001, -0.009407
23, 6.55, -1.2499999999999991, -8, 6.5497000000000005, -1.2502, -7.99985, -0.009428
23, 6.6, -1.2499999999999991, -8, 6.59835, -1.25005, -7.9999, -0.009454
23, 6.6499999999999995, -1.2499999999999991, -8, 6.5995, -1.25005, -7.99985, -0.009397
23, 6.699999999999999, -1.2499999999999991, -8, 6.5994, -1.2502, -7.9999, -0.009449
23, 6.749999999999999, -1.2499999999999991, -8, 6.74825, -1.25, -7.9999, -0.009381
23, 6.799999999999999, -1.2499999999999991, -8, 6.802650000000001, -1.2498000000000002, -7.9999, -0.009433
23, 6.849999999999999, -1.2499999999999991, -8, 6.8497, -1.2496500000000001, -8.0, -0.009428
23, 6.899999999999999, -1.2499999999999991, -8, 6.8995500000000005, -1.2498000000000002, -8.0, -0.009397
23, 6.949999999999998, -1.2499999999999991, -8, 6.95065, -1.2499500000000001, -8.0, -0.009449
23, 6.999999999999998, -1.2499999999999991, -8, 6.9981, -1.2503000000000002, -8.0, -0.009402
23, 7.049999999999998, -1.2499999999999991, -8, 7.0466500000000005, -1.2504000000000002, -7.999950000000001, -0.009454
23, 7.099999999999998, -1.2499999999999991, -8, 7.1027000000000005, -1.2499500000000001, -8.00005, -0.009397
23, 7.099999999999998, -1.2999999999999992, -8, 7.10255, -1.2996, -8.0001, -0.009397
23, 7.099999999999998, -1.3499999999999992, -8, 7.100950000000001, -1.3500500000000002, -8.000150000000001, -0.009444
23, 7.099999999999998, -1.3999999999999992, -8, 7.099600000000001, -1.3986500000000002, -8.000150000000001, -0.009371
23, 7.099999999999998, -1.4499999999999993, -8, 7.0998, -1.44815, -8.00005, -0.009428
23, 7.099999999999998, -1.4999999999999993, -8, 7.0998, -1.5016, -8.00005, -0.009449
23, 7.099999999999998, -1.5499999999999994, -8, 7.099950000000001, -1.5013500000000002, -8.00005, -0.009392
23, 7.099999999999998, -1.5999999999999994, -8, 7.100700000000001, -1.60175, -7.999950000000001, -0.00946
23, 7.099999999999998, -1.6499999999999995, -8, 7.1005, -1.6500500000000002, -7.99985, -0.009428
23, 7.099999999999998, -1.6999999999999995, -8, 7.099900000000001, -1.69975, -7.99985, -0.009392
23, 7.099999999999998, -1.7499999999999996, -8, 7.0998, -1.749, -7.99985, -0.009475
23, 7.099999999999998, -1.7999999999999996, -8, 7.10025, -1.8000500000000001, -7.999950000000001, -0.009392
23, 7.099999999999998, -1.8499999999999996, -8, 7.1006, -1.84975, -8.00005, -0.009439
23, 7.099999999999998, -1.8999999999999997, -8, 7.1005, -1.90025, -8.0001, -0.009444
23, 7.099999999999998, -1.9499999999999997, -8, 7.100200000000001, -1.9516000000000002, -8.0001, -0.009376
23, 7.099999999999998, -1.9999999999999998, -8, 7.10005, -2.00165, -8.0001, -0.009449
23, 7.099999999999998, -2.05, -8, 7.10025, -2.0483000000000002, -8.00005, -0.009381
23, 7.099999999999998, -2.0999999999999996, -8, 7.099950000000001, -2.09805, -8.0001, -0.009428
23, 7.099999999999998, -2.1499999999999995, -8, 7.1, -2.1503, -8.00005, -0.00947
23, 7.099999999999998, -2.1999999999999993, -8, 7.100200000000001, -2.201, -8.0, -0.009397
23, 7.099999999999998, -2.249999999999999, -8, 7.100200000000001, -2.25285, -8.0, -0.00946
23, 7.099999999999998, -2.299999999999999, -8, 7.1003, -2.3003, -8.0, -0.009392
23, 7.099999999999998, -2.3499999999999988, -8, 7.1001, -2.34665, -8.0, -0.009439
23, 7.099999999999998, -2.3999999999999986, -8, 7.10075, -2.34665, -8.0, -0.009454
24, 7.049999999999998, -2.3999999999999986, -8, 7.04835, -2.3977000000000004, -7.999950000000001, -0.009387
24, 6.999999999999998, -2.3999999999999986, -8, 7.001650000000001, -2.4005, -7.999950000000001, -0.009439
24, 6.949999999999998, -2.3999999999999986, -8, 6.953450000000001, -2.4004000000000003, -7.999950000000001, -0.009423
24, 6.899999999999999, -2.3999999999999986, -8, 6.900200000000001, -2.3998000000000004, -7.999950000000001, -0.009392
24, 6.849999999999999, -2.3999999999999986, -8, 6.8495, -2.3996, -7.999950000000001, -0.009454
24, 6.799999999999999, -2.3999999999999986, -8, 6.8015, -2.39985, -7.999950000000001, -0.009428
24, 6.749999999999999, -2.3999999999999986, -8, 6.7471000000000005, -2.3999500000000005, -8.0, -0.009376
24, 6.699999999999999, -2.3999999999999986, -8, 6.6999, -2.4000500000000002, -8.0, -0.00947
24, 6.6499999999999995, -2.3999999999999986, -8, 6.6533, -2.4000500000000002, -8.0, -0.009407
24, 6.6, -2.3999999999999986, -8, 6.599, -2.4001, -8.0, -0.009402
24, 6.55, -2.3999999999999986, -8, 6.55215, -2.3999500000000005, -8.0, -0.009454
24, 6.5, -2.3999999999999986, -8, 6.55075, -2.4000500000000002, -8.0, -0.009387
24, 6.45, -2.3999999999999986, -8, 6.448200000000001, -2.3998000000000004, -7.999950000000001, -0.009449
24, 6.4, -2.3999999999999986, -8, 6.400150000000001, -2.3998000000000004, -8.00005, -0.009402
24, 6.3500000000000005, -2.3999999999999986, -8, 6.3482, -2.3998000000000004, -8.0001, -0.009444
24, 6.300000000000001, -2.3999999999999986, -8, 6.29975, -2.3998000000000004, -8.0001, -0.009465
24, 6.250000000000001, -2.3999999999999986, -8, 6.2526, -2.3999, -8.00005, -0.009397
24, 6.200000000000001, -2.3999999999999986, -8, 6.19885, -2.39985, -8.00005, -0.009454
24, 6.150000000000001, -2.3999999999999986, -8, 6.147150000000001, -2.3999500000000005, -8.00005, -0.009428
24, 6.100000000000001, -2.3999999999999986, -8, 6.098, -2.3999500000000005, -8.00005, -0.009428
24, 6.050000000000002, -2.3999999999999986, -8, 6.0971, -2.4000500000000002, -8.00005, -0.009444
24, 6.000000000000002, -2.3999999999999986, -8, 6.0028500000000005, -2.3999500000000005, -8.0, -0.009387
24, 5.950000000000002, -2.3999999999999986, -8, 5.9525, -2.3999, -8.0, -0.009439
24, 5.900000000000002, -2.3999999999999986, -8, 5.900150000000001, -2.3999500000000005, -8.0, -0.009387
24, 5.900000000000002, -2.3499999999999988, -8, 5.899, -2.348, -8.0, -0.009454
24, 5.900000000000002, -2.299999999999999, -8, 5.89965, -2.3066, -8.0, -0.009407
24, 5.900000000000002, -2.249999999999999, -8, 5.8995500000000005, -2.25185, -8.0, -0.009387
24, 5.900000000000002, -2.1999999999999993, -8, 5.8999500000000005, -2.1997000000000004, -8.0, -0.009454
24, 5.900000000000002, -2.1499999999999995, -8, 5.899850000000001, -2.1477000000000004, -8.00005, -0.009376
24, 5.900000000000002, -2.0999999999999996, -8, 5.8995, -2.09805, -7.999950000000001, -0.009444
24, 5.900000000000002, -2.05, -8, 5.8996, -2.04835, -7.9999, -0.009454
24, 5.900000000000002, -1.9999999999999998, -8, 5.89975, -2.0033000000000003, -7.99985, -0.009392
24, 5.900000000000002, -1.9499999999999997, -8, 5.8995500000000005, -1.9499000000000002, -7.99985, -0.009449
24, 5.900000000000002, -1.8999999999999997, -8, 5.899700000000001, -1.9002000000000001, -7.99985, -0.009387
24, 5.900000000000002, -1.8499999999999996, -8, 5.900150000000001, -1.8504500000000002, -7.999950000000001, -0.009418
24, 5.900000000000002, -1.7999999999999996, -8, 5.9003000000000005, -1.79875, -8.0001, -0.009449
24, 5.900000000000002, -1.7499999999999996, -8, 5.9001, -1.7489000000000001, -8.000150000000001, -0.009387
24, 5.900000000000002, -1.6999999999999995, -8, 5.90035, -1.6995500000000001, -8.0001, -0.009454
24, 5.900000000000002, -1.6499999999999995, -8, 5.899700000000001, -1.6503, -8.000150000000001, -0.009387
24, 5.900000000000002, -1.5999999999999994, -8, 5.8980500000000005, -1.60175, -8.000150000000001, -0.009433
24, 5.900000000000002, -1.5499999999999994, -8, 5.8999500000000005, -1.55045, -8.0, -0.009428
24, 5.900000000000002, -1.4999999999999993, -8, 5.9004, -1.49815, -8.0, -0.009397
24, 5.900000000000002, -1.4499999999999993, -8, 5.8999500000000005, -1.448, -8.0, -0.009454
24, 5.900000000000002, -1.3999999999999992, -8, 5.89975, -1.3991000000000002, -8.0, -0.009413
24, 5.900000000000002, -1.3499999999999992, -8, 5.900200000000001, -1.3520500000000002, -8.00005, -0.009387
24, 5.900000000000002, -1.2999999999999992, -8, 5.898950000000001, -1.3017, -7.99985, -0.009449
24, 5.900000000000002, -1.2499999999999991, -8, 5.89925, -1.2507000000000001, -7.99975, -0.009402
24, 5.900000000000002, -1.199999999999999, -8, 5.8995500000000005, -1.1972, -7.99975, -0.00946
25, 5.950000000000002, -1.199999999999999, -8, 5.94825, -1.1997, -7.99985, -0.009402
25, 6.000000000000002, -1.199999999999999, -8, 5.99725, -1.1998, -8.00005, -0.009387
25, 6.050000000000002, -1.199999999999999, -8, 6.048100000000001, -1.1997, -8.000150000000001, -0.00947
25, 6.100000000000001, -1.199999999999999, -8, 6.097, -1.1997, -8.0001, -0.009392
25, 6.150000000000001, -1.199999999999999, -8, 6.151, -1.1997, -8.000150000000001, -0.009423
25, 6.200000000000001, -1.199999999999999, -8, 6.205900000000001, -1.20125, -8.00005, -0.009454
25, 6.250000000000001, -1.199999999999999, -8, 6.24945, -1.1998, -8.0, -0.009381
25, 6.300000000000001, -1.199999999999999, -8, 6.29785, -1.19955, -8.0, -0.009454
25, 6.3500000000000005, -1.199999999999999, -8, 6.34905, -1.1996000000000002, -7.999950000000001, -0.009402
25, 6.4, -1.199999999999999, -8, 6.397200000000001, -1.2007999999999999, -7.9999, -0.009392
25, 6.45, -1.199999999999999, -8, 6.450900000000001, -1.2001000000000002, -7.99985, -0.009454
25, 6.5, -1.199999999999999, -8, 6.50325, -1.1993500000000001, -7.9999, -0.009387
25, 6.55, -1.199999999999999, -8, 6.55015, -1.2005, -7.99985, -0.009439
25, 6.6, -1.199999999999999, -8, 6.59905, -1.20025, -7.9999, -0.00947
25, 6.6499999999999995, -1.199999999999999, -8, 6.6486, -1.19995, -8.00005, -0.009387
25, 6.699999999999999, -1.199999999999999, -8, 6.6993, -1.1992, -8.000150000000001, -0.009449
25, 6.749999999999999, -1.199999999999999, -8, 6.749200000000001, -1.2004000000000001, -8.000150000000001, -0.009376
25, 6.799999999999999, -1.199999999999999, -8, 6.8032, -1.2004000000000001, -8.000150000000001, -0.009439
25, 6.849999999999999, -1.199999999999999, -8, 6.84925, -1.2001000000000002, -8.00005, -0.009407
25, 6.899999999999999, -1.199999999999999, -8, 6.9003000000000005, -1.1998, -7.999950000000001, -0.009376
25, 6.949999999999998, -1.199999999999999, -8, 6.9503, -1.1999000000000002, -7.9999, -0.009433
25, 6.999999999999998, -1.199999999999999, -8, 6.99835, -1.20015, -7.99985, -0.009392
25, 7.049999999999998, -1.199999999999999, -8, 7.04825, -1.20025, -7.99985, -0.009418
25, 7.099999999999998, -1.199999999999999, -8, 7.101100000000001, -1.19995, -7.999950000000001, -0.00947
25, 7.149999999999998, -1.199999999999999, -8, 7.151800000000001, -1.1996000000000002, -8.00005, -0.009402
25, 7.149999999999998, -1.2499999999999991, -8, 7.150150000000001, -1.2516500000000002, -8.000150000000001, -0.009444
25, 7.149999999999998, -1.2999999999999992, -8, 7.1501, -1.3017, -8.000150000000001, -0.009413
25, 7.149999999999998, -1.3499999999999992, -8, 7.1501, -1.34995, -8.0001, -0.009397
25, 7.149999999999998, -1.3999999999999992, -8, 7.15035, -1.3501, -8.000150000000001, -0.00946
25, 7.149999999999998, -1.4499999999999993, -8, 7.1501, -1.4458000000000002, -8.0001, -0.009387
25, 7.149999999999998, -1.4999999999999993, -8, 7.150200000000001, -1.5010500000000002, -8.0, -0.009433
25, 7.149999999999998, -1.5499999999999994, -8, 7.1498, -1.5515, -8.0, -0.009465
25, 7.149999999999998, -1.5999999999999994, -8, 7.14975, -1.6007, -8.0, -0.009381
25, 7.149999999999998, -1.6499999999999995, -8, 7.15005, -1.6505, -8.0, -0.009439
25, 7.149999999999998, -1.6999999999999995, -8, 7.150150000000001, -1.69985, -8.0, -0.009449
25, 7.149999999999998, -1.7499999999999996, -8, 7.150150000000001, -1.7489000000000001, -8.0, -0.009381
25, 7.149999999999998, -1.7999999999999996, -8, 7.1501, -1.79945, -8.0, -0.00946
25, 7.149999999999998, -1.8499999999999996, -8, 7.15005, -1.8505500000000001, -8.0, -0.009428
25, 7.149999999999998, -1.8999999999999997, -8, 7.149900000000001, -1.9002000000000001, -8.0, -0.009397
25, 7.149999999999998, -1.9499999999999997, -8, 7.1496, -1.9513000000000003, -8.0, -0.009465
25, 7.149999999999998, -1.9999999999999998, -8, 7.15005, -2.00125, -8.0, -0.009402
25, 7.149999999999998, -2.05, -8, 7.14975, -2.0484, -8.0, -0.009454
25, 7.149999999999998, -2.0999999999999996, -8, 7.150200000000001, -2.0984000000000003, -8.0, -0.009381
25, 7.149999999999998, -2.1499999999999995, -8, 7.15055, -2.1504000000000003, -8.0, -0.009428
25, 7.149999999999998, -2.1999999999999993, -8, 7.15035, -2.2011, -8.0, -0.009449
25, 7.149999999999998, -2.249999999999999, -8, 7.15055, -2.2519, -8.0, -0.009387
25, 7.149999999999998, -2.299999999999999, -8, 7.1496, -2.3009, -8.0, -0.009444
25, 7.149999999999998, -2.3499999999999988, -8, 7.1498, -2.34685, -7.999950000000001, -0.009418
25, 7.149999999999998, -2.3999999999999986, -8, 7.1501, -2.39785, -7.9999, -0.009397
25, 7.149999999999998, -2.4499999999999984, -8, 7.150450000000001, -2.45265, -7.9999, -0.00946
26, 7.099999999999998, -2.4499999999999984, -8, 7.099, -2.44965, -7.999950000000001, -0.009392
26, 7.049999999999998, -2.4499999999999984, -8, 7.0470500000000005, -2.4495, -7.999950000000001, -0.009392
26, 6.999999999999998, -2.4499999999999984, -8, 7.002950000000001, -2.4497000000000004, -7.9999, -0.009449
26, 6.949999999999998, -2.4499999999999984, -8, 6.951950000000001, -2.45085, -8.0, -0.009392
26, 6.899999999999999, -2.4499999999999984, -8, 6.90005, -2.44975, -8.0, -0.009433
26, 6.849999999999999, -2.4499999999999984, -8, 6.85005, -2.4495999999999998, -7.999950000000001, -0.009465
26, 6.799999999999999, -2.4499999999999984, -8, 6.8003, -2.4497000000000004, -8.0, -0.009387
26, 6.749999999999999, -2.4499999999999984, -8, 6.7476, -2.4506, -8.00005, -0.009454
26, 6.699999999999999, -2.4499999999999984, -8, 6.70115, -2.4503000000000004, -8.0001, -0.009413
26, 6.6499999999999995, -2.4499999999999984, -8, 6.6495, -2.4495, -8.000150000000001, -0.009397
26, 6.6, -2.4499999999999984, -8, 6.60225, -2.4499, -8.000150000000001, -0.009449
26, 6.55, -2.4499999999999984, -8, 6.550350000000001, -2.45025, -8.0001, -0.009407
26, 6.5, -2.4499999999999984, -8, 6.501200000000001, -2.45025, -8.0, -0.009433
26, 6.45, -2.4499999999999984, -8, 6.447, -2.44985, -8.0, -0.009439
26, 6.4, -2.4499999999999984, -8, 6.3988000000000005, -2.4498, -8.00005, -0.009402
26, 6.3500000000000005, -2.4499999999999984, -8, 6.3494, -2.4497000000000004, -8.0, -0.009465
26, 6.300000000000001, -2.4499999999999984, -8, 6.30105, -2.4499500000000003, -8.0, -0.009418
26, 6.250000000000001, -2.4499999999999984, -8, 6.3006, -2.44985, -8.0, -0.009387
26, 6.200000000000001, -2.4499999999999984, -8, 6.204650000000001, -2.4501500000000003, -8.0, -0.00947
26, 6.150000000000001, -2.4499999999999984, -8, 6.145950000000001, -2.4502, -8.00005, -0.009397
26, 6.100000000000001, -2.4499999999999984, -8, 6.098400000000001, -2.4501500000000003, -7.9999, -0.009439
26, 6.050000000000002, -2.4499999999999984, -8, 6.051200000000001, -2.4499500000000003, -7.99985, -0.009402
26, 6.000000000000002, -2.4499999999999984, -8, 6.001, -2.44975, -7.99985, -0.009387
26, 5.950000000000002, -2.4499999999999984, -8, 5.9507, -2.44965, -7.99985, -0.009465
26, 5.900000000000002, -2.4499999999999984, -8, 5.900950000000001, -2.4499500000000003, -7.9999, -0.009397
26, 5.850000000000002, -2.4499999999999984, -8, 5.845, -2.4501500000000003, -8.0, -0.009407
26, 5.850000000000002, -2.3999999999999986, -8, 5.8474, -2.3952000000000004, -8.0, -0.009449
26, 5.850000000000002, -2.3499999999999988, -8, 5.85005, -2.35015, -7.999950000000001, -0.009381
26, 5.850000000000002, -2.299999999999999, -8, 5.85055, -2.3082000000000003, -8.0001, -0.009449
26, 5.850000000000002, -2.249999999999999, -8, 5.850700000000001, -2.251, -8.000150000000001, -0.009423
26, 5.850000000000002, -2.1999999999999993, -8, 5.85075, -2.1998, -8.000150000000001, -0.009381
26, 5.850000000000002, -2.1499999999999995, -8, 5.849450000000001, -2.14705, -8.0001, -0.00946
26, 5.850000000000002, -2.0999999999999996, -8, 5.8486, -2.09805, -8.0001, -0.009407
26, 5.850000000000002, -2.05, -8, 5.8504000000000005, -2.04915, -8.00005, -0.009397
26, 5.850000000000002, -1.9999999999999998, -8, 5.84975, -2.0023, -7.999950000000001, -0.009449
26, 5.850000000000002, -1.9499999999999997, -8, 5.8494, -1.9505500000000002, -8.0, -0.009387
26, 5.850000000000002, -1.8999999999999997, -8, 5.849950000000001, -1.9003, -7.999950000000001, -0.009454
26, 5.850000000000002, -1.8499999999999996, -8, 5.849450000000001, -1.85025, -7.9999, -0.009413
26, 5.850000000000002, -1.7999999999999996, -8, 5.8497, -1.79845, -7.9999, -0.009392
26, 5.850000000000002, -1.7499999999999996, -8, 5.8494, -1.7487000000000001, -7.9999, -0.009449
26, 5.850000000000002, -1.6999999999999995, -8, 5.85025, -1.7007, -7.9999, -0.009444
26, 5.850000000000002, -1.6499999999999995, -8, 5.849900000000001, -1.64925, -7.999950000000001, -0.009381
26, 5.850000000000002, -1.5999999999999994, -8, 5.849600000000001, -1.6017000000000001, -7.999950000000001, -0.009454
26, 5.850000000000002, -1.5499999999999994, -8, 5.8497, -1.5509000000000002, -8.0, -0.009392
26, 5.850000000000002, -1.4999999999999993, -8, 5.85005, -1.49875, -8.0, -0.009428
26, 5.850000000000002, -1.4499999999999993, -8, 5.849900000000001, -1.44725, -8.00005, -0.009449
26, 5.850000000000002, -1.3999999999999992, -8, 5.849900000000001, -1.39995, -8.0001, -0.009371
26, 5.850000000000002, -1.3499999999999992, -8, 5.84955, -1.35105, -8.00005, -0.009439
26, 5.850000000000002, -1.2999999999999992, -8, 5.8494, -1.3018500000000002, -8.0001, -0.00947
26, 5.850000000000002, -1.2499999999999991, -8, 5.84955, -1.2505500000000003, -8.00005, -0.009392
26, 5.850000000000002, -1.199999999999999, -8, 5.849600000000001, -1.1985, -8.0001, -0.009454
26, 5.850000000000002, -1.149999999999999, -8, 5.84975, -1.1467, -8.00005, -0.009423
27, 5.900000000000002, -1.149999999999999, -8, 5.9016, -1.14975, -7.999950000000001, -0.009387
27, 5.950000000000002, -1.149999999999999, -8, 5.9498, -1.1499000000000001, -7.99985, -0.00946
27, 6.000000000000002, -1.149999999999999, -8, 5.99975, -1.14995, -7.99985, -0.009392
27, 6.050000000000002, -1.149999999999999, -8, 6.0498, -1.15, -7.99985, -0.009439
27, 6.100000000000001, -1.149999999999999, -8, 6.0965, -1.1501000000000001, -7.999950000000001, -0.009423
27, 6.150000000000001, -1.149999999999999, -8, 6.15005, -1.15, -8.0001, -0.009407
27, 6.200000000000001, -1.149999999999999, -8, 6.2033000000000005, -1.1499000000000001, -8.000150000000001, -0.009444
27, 6.250000000000001, -1.149999999999999, -8, 6.250450000000001, -1.15, -8.000150000000001, -0.009387
27, 6.300000000000001, -1.149999999999999, -8, 6.2986, -1.15005, -8.000150000000001, -0.009444
27, 6.3500000000000005, -1.149999999999999, -8, 6.3496500000000005, -1.1502999999999999, -8.00005, -0.009439
27, 6.4, -1.149999999999999, -8, 6.398, -1.1502000000000001, -7.999950000000001, -0.009407
27, 6.45, -1.149999999999999, -8, 6.45115, -1.15005, -7.9999, -0.00946
27, 6.5, -1.149999999999999, -8, 6.5043500000000005, -1.1498, -7.9999, -0.009402
27, 6.55, -1.149999999999999, -8, 6.5491, -1.1498, -7.9999, -0.009392
27, 6.6, -1.149999999999999, -8, 6.59855, -1.15015, -7.9999, -0.009444
27, 6.6499999999999995, -1.149999999999999, -8, 6.65155, -1.1504, -7.9999, -0.009397
27, 6.699999999999999, -1.149999999999999, -8, 6.6978, -1.1503500000000002, -7.999950000000001, -0.009418
27, 6.749999999999999, -1.149999999999999, -8, 6.74795, -1.1497, -8.0, -0.009428
27, 6.799999999999999, -1.149999999999999, -8, 6.80395, -1.14975, -8.0, -0.009387
27, 6.849999999999999, -1.149999999999999, -8, 6.84905, -1.14995, -8.00005, -0.009449
27, 6.899999999999999, -1.149999999999999, -8, 6.899450000000001, -1.1499000000000001, -8.00005, -0.009397
27, 6.949999999999998, -1.149999999999999, -8, 6.950450000000001, -1.15005, -8.00005, -0.009428
27, 6.999999999999998, -1.149999999999999, -8, 6.9984, -1.15045, -8.0001, -0.009439
27, 7.049999999999998, -1.149999999999999, -8, 7.04715, -1.1498, -8.00005, -0.009397
27, 7.099999999999998, -1.149999999999999, -8, 7.10275, -1.14985, -8.00005, -0.00946
27, 7.149999999999998, -1.149999999999999, -8, 7.152, -1.14995, -8.0, -0.009392
27, 7.1999999999999975, -1.149999999999999, -8, 7.2003, -1.15, -7.999950000000001, -0.009449
27, 7.1999999999999975, -1.199999999999999, -8, 7.2014000000000005, -1.20175, -7.99985, -0.009454
27, 7.1999999999999975, -1.2499999999999991, -8, 7.20025, -1.25405, -7.99985, -0.009387
27, 7.1999999999999975, -1.2999999999999992, -8, 7.2004, -1.30045, -7.99985, -0.009465
27, 7.1999999999999975, -1.3499999999999992, -8, 7.200450000000001, -1.3505, -7.9999, -0.009418
27, 7.1999999999999975, -1.3999999999999992, -8, 7.1993, -1.3980500000000002, -8.00005, -0.009397
27, 7.1999999999999975, -1.4499999999999993, -8, 7.20025, -1.447, -8.0001, -0.009444
27, 7.1999999999999975, -1.4999999999999993, -8, 7.2005, -1.50125, -8.000150000000001, -0.009402
27, 7.1999999999999975, -1.5499999999999994, -8, 7.1999, -1.5516, -8.000150000000001, -0.00947
27, 7.1999999999999975, -1.5999999999999994, -8, 7.1998500000000005, -1.60085, -8.00005, -0.009413
27, 7.1999999999999975, -1.6499999999999995, -8, 7.200150000000001, -1.65135, -8.0, -0.009402
27, 7.1999999999999975, -1.6999999999999995, -8, 7.200450000000001, -1.6995500000000001, -8.0, -0.009449
27, 7.1999999999999975, -1.7499999999999996, -8, 7.1999, -1.7487000000000001, -8.0, -0.009418
27, 7.1999999999999975, -1.7999999999999996, -8, 7.199700000000001, -1.79895, -8.0, -0.009407
27, 7.1999999999999975, -1.8499999999999996, -8, 7.19975, -1.8505, -8.0, -0.009454
27, 7.1999999999999975, -1.8999999999999997, -8, 7.1998, -1.9, -8.0, -0.009387
27, 7.1999999999999975, -1.9499999999999997, -8, 7.20035, -1.9513500000000001, -8.0, -0.009449
27, 7.1999999999999975, -1.9999999999999998, -8, 7.2005, -2.00145, -8.0, -0.009423
27, 7.1999999999999975, -2.05, -8, 7.19965, -2.0485, -8.0, -0.009402
27, 7.1999999999999975, -2.0999999999999996, -8, 7.199700000000001, -2.09815, -8.0, -0.009444
27, 7.1999999999999975, -2.1499999999999995, -8, 7.1998500000000005, -2.15035, -8.0, -0.009423
27, 7.1999999999999975, -2.1999999999999993, -8, 7.20035, -2.20165, -8.0, -0.009397
27, 7.1999999999999975, -2.249999999999999, -8, 7.2004, -2.25165, -8.0, -0.00946
27, 7.1999999999999975, -2.299999999999999, -8, 7.1998, -2.30085, -7.999950000000001, -0.009387
27, 7.1999999999999975, -2.3499999999999988, -8, 7.19995, -2.3479, -7.9999, -0.009428
27, 7.1999999999999975, -2.3999999999999986, -8, 7.2, -2.39775, -7.9999, -0.009465
27, 7.1999999999999975, -2.4499999999999984, -8, 7.200150000000001, -2.3977000000000004, -7.9999, -0.009376
27, 7.1999999999999975, -2.4999999999999982, -8, 7.20035, -2.50425, -7.9999, -0.00946
28, 7.149999999999998, -2.4999999999999982, -8, 7.149150000000001, -2.5003, -7.9999, -0.009407
28, 7.099999999999998, -2.4999999999999982, -8, 7.09975, -2.4999000000000002, -7.999950000000001, -0.009407
28, 7.049999999999998, -2.4999999999999982, -8, 7.048100000000001, -2.50015, -8.0, -0.00947
28, 6.999999999999998, -2.4999999999999982, -8, 7.001900000000001, -2.5002000000000004, -7.999950000000001, -0.009397
28, 6.949999999999998, -2.4999999999999982, -8, 6.9528, -2.5, -8.00005, -0.009407
28, 6.899999999999999, -2.4999999999999982, -8, 6.95145, -2.5001, -8.00005, -0.009475
28, 6.849999999999999, -2.4999999999999982, -8, 6.9515, -2.49995, -8.00005, -0.009407
28, 6.799999999999999, -2.4999999999999982, -8, 6.8001000000000005, -2.49975, -8.0001, -0.009454
28, 6.749999999999999, -2.4999999999999982, -8, 6.74805, -2.4998500000000003, -8.0001, -0.009402
28, 6.699999999999999, -2.4999999999999982, -8, 6.701700000000001, -2.5, -8.0001, -0.009402
28, 6.6499999999999995, -2.4999999999999982, -8, 6.7005, -2.5001, -8.0001, -0.009465
28, 6.6, -2.4999999999999982, -8, 6.601400000000001, -2.50015, -8.000150000000001, -0.009397
28, 6.55, -2.4999999999999982, -8, 6.5511, -2.5000500000000003, -8.0001, -0.00946
28, 6.5, -2.4999999999999982, -8, 6.503, -2.50015, -8.0, -0.009407
28, 6.45, -2.4999999999999982, -8, 6.4466, -2.50015, -8.0, -0.009423
28, 6.4, -2.4999999999999982, -8, 6.400450000000001, -2.5001, -8.0, -0.00946
28, 6.3500000000000005, -2.4999999999999982, -8, 6.3493, -2.5, -8.00005, -0.009387
28, 6.300000000000001, -2.4999999999999982, -8, 6.300200000000001, -2.49995, -7.999950000000001, -0.009454
28, 6.250000000000001, -2.4999999999999982, -8, 6.299200000000001, -2.49995, -7.999950000000001, -0.009418
28, 6.200000000000001, -2.4999999999999982, -8, 6.2994, -2.5, -7.9999, -0.009397
28, 6.150000000000001, -2.4999999999999982, -8, 6.15, -2.49975, -7.99985, -0.00946
28, 6.100000000000001, -2.4999999999999982, -8, 6.098450000000001, -2.4999000000000002, -7.99985, -0.009392
28, 6.050000000000002, -2.4999999999999982, -8, 6.05165, -2.49995, -7.99985, -0.009444
28, 6.000000000000002, -2.4999999999999982, -8, 6.050800000000001, -2.5, -7.99985, -0.009413
28, 5.950000000000002, -2.4999999999999982, -8, 5.95335, -2.5, -7.9999, -0.009402
28, 5.900000000000002, -2.4999999999999982, -8, 5.9011000000000005, -2.4999000000000002, -8.00005, -0.009454
28, 5.850000000000002, -2.4999999999999982, -8, 5.846850000000001, -2.5001, -8.00005, -0.009397
28, 5.8000000000000025, -2.4999999999999982, -8, 5.845700000000001, -2.5001, -8.0001, -0.009433
28, 5.8000000000000025, -2.4499999999999984, -8, 5.8004500000000005, -2.4480999999999997, -8.0001, -0.009444
28, 5.8000000000000025, -2.3999999999999986, -8, 5.7983, -2.3964000000000003, -8.000150000000001, -0.009397
28, 5.8000000000000025, -2.3499999999999988, -8, 5.79955, -2.3485, -8.000150000000001, -0.00946
28, 5.8000000000000025, -2.299999999999999, -8, 5.79975, -2.3052, -8.00005, -0.009376
28, 5.8000000000000025, -2.249999999999999, -8, 5.80015, -2.2515, -7.999950000000001, -0.009428
28, 5.8000000000000025, -2.1999999999999993, -8, 5.8, -2.1991, -7.99985, -0.009407
28, 5.8000000000000025, -2.1499999999999995, -8, 5.8005, -2.1995, -7.99985, -0.009392
28, 5.8000000000000025, -2.0999999999999996, -8, 5.799150000000001, -2.0959, -7.99985, -0.009449
28, 5.8000000000000025, -2.05, -8, 5.8, -2.04945, -7.9999, -0.009387
28, 5.8000000000000025, -1.9999999999999998, -8, 5.800050000000001, -2.00195, -7.9999, -0.009428
28, 5.8000000000000025, -1.9499999999999997, -8, 5.79985, -1.9505500000000002, -8.0, -0.00946
28, 5.8000000000000025, -1.8999999999999997, -8, 5.799900000000001, -1.9003500000000002, -8.0, -0.009392
28, 5.8000000000000025, -1.8499999999999996, -8, 5.800050000000001, -1.8504, -8.0, -0.00947
28, 5.8000000000000025, -1.7999999999999996, -8, 5.7988, -1.7977, -8.0, -0.009397
28, 5.8000000000000025, -1.7499999999999996, -8, 5.799650000000001, -1.74865, -8.0, -0.009449
28, 5.8000000000000025, -1.6999999999999995, -8, 5.799600000000001, -1.70065, -8.0, -0.009387
28, 5.8000000000000025, -1.6499999999999995, -8, 5.8, -1.6505500000000002, -7.999950000000001, -0.009407
28, 5.8000000000000025, -1.5999999999999994, -8, 5.799900000000001, -1.6015500000000003, -8.00005, -0.00946
28, 5.8000000000000025, -1.5499999999999994, -8, 5.800050000000001, -1.6017000000000001, -8.00005, -0.009397
28, 5.8000000000000025, -1.4999999999999993, -8, 5.8, -1.6018500000000002, -8.00005, -0.009444
28, 5.8000000000000025, -1.4499999999999993, -8, 5.799900000000001, -1.4467, -8.0001, -0.009413
28, 5.8000000000000025, -1.3999999999999992, -8, 5.79985, -1.39925, -8.000150000000001, -0.009428
28, 5.8000000000000025, -1.3499999999999992, -8, 5.799450000000001, -1.35165, -8.000150000000001, -0.009413
28, 5.8000000000000025, -1.2999999999999992, -8, 5.8, -1.30175, -8.000150000000001, -0.009392
28, 5.8000000000000025, -1.2499999999999991, -8, 5.800050000000001, -1.2506000000000002, -8.0, -0.009449
28, 5.8000000000000025, -1.199999999999999, -8, 5.800350000000001, -1.25075, -8.0, -0.009392
28, 5.8000000000000025, -1.149999999999999, -8, 5.79975, -1.1454000000000002, -7.999950000000001, -0.00946
28, 5.8000000000000025, -1.099999999999999, -8, 5.799150000000001, -1.1006000000000002, -7.9999, -0.009402
29, 5.850000000000002, -1.099999999999999, -8, 5.849200000000001, -1.1004, -7.99985, -0.009428
29, 5.900000000000002, -1.099999999999999, -8, 5.90315, -1.0998500000000002, -7.99985, -0.009439
29, 5.950000000000002, -1.099999999999999, -8, 5.950950000000001, -1.0997000000000001, -7.9999, -0.009418
29, 6.000000000000002, -1.099999999999999, -8, 5.999650000000001, -1.0998500000000002, -8.0, -0.009449
29, 6.050000000000002, -1.099999999999999, -8, 6.048400000000001, -1.10025, -8.0, -0.009413
29, 6.100000000000001, -1.099999999999999, -8, 6.098400000000001, -1.1006500000000001, -8.0, -0.009371
29, 6.150000000000001, -1.099999999999999, -8, 6.1486, -1.1003, -8.0, -0.009454
29, 6.200000000000001, -1.099999999999999, -8, 6.206, -1.0999, -7.999950000000001, -0.009392
29, 6.250000000000001, -1.099999999999999, -8, 6.25005, -1.1001500000000002, -8.0001, -0.009454
29, 6.300000000000001, -1.099999999999999, -8, 6.29785, -1.09995, -8.000150000000001, -0.009423
29, 6.3500000000000005, -1.099999999999999, -8, 6.35045, -1.0997999999999999, -8.000150000000001, -0.009397
29, 6.4, -1.099999999999999, -8, 6.39775, -1.1, -8.000150000000001, -0.009449
29, 6.45, -1.099999999999999, -8, 6.45105, -1.1001, -8.00005, -0.009381
29, 6.5, -1.099999999999999, -8, 6.503950000000001, -1.1003500000000002, -8.0, -0.009475
29, 6.55, -1.099999999999999, -8, 6.5495, -1.10005, -7.999950000000001, -0.009397
29, 6.6, -1.099999999999999, -8, 6.5974, -1.09995, -7.9999, -0.009392
29, 6.6499999999999995, -1.099999999999999, -8, 6.64935, -1.0999, -7.99985, -0.009444
29, 6.699999999999999, -1.099999999999999, -8, 6.699200000000001, -1.09995, -7.9999, -0.009392
29, 6.749999999999999, -1.099999999999999, -8, 6.748950000000001, -1.09995, -7.9999, -0.009449
29, 6.799999999999999, -1.099999999999999, -8, 6.8035, -1.09995, -7.9999, -0.009418
29, 6.849999999999999, -1.099999999999999, -8, 6.849200000000001, -1.09995, -8.0, -0.009402
29, 6.899999999999999, -1.099999999999999, -8, 6.8993, -1.09995, -8.0, -0.009433
29, 6.949999999999998, -1.099999999999999, -8, 6.901, -1.1, -8.0, -0.009433
29, 6.999999999999998, -1.099999999999999, -8, 6.9007000000000005, -1.1001500000000002, -8.0, -0.009387
29, 7.049999999999998, -1.099999999999999, -8, 7.04655, -1.1001500000000002, -8.0, -0.009413
29, 7.099999999999998, -1.099999999999999, -8, 7.102, -1.1002, -7.999950000000001, -0.009433
29, 7.149999999999998, -1.099999999999999, -8, 7.15225, -1.1001, -8.00005, -0.00946
29, 7.1999999999999975, -1.099999999999999, -8, 7.19995, -1.09995, -8.000150000000001, -0.009407
29, 7.249999999999997, -1.099999999999999, -8, 7.20065, -1.0999, -8.000150000000001, -0.009402
29, 7.249999999999997, -1.149999999999999, -8, 7.248900000000001, -1.14745, -8.000150000000001, -0.009454
29, 7.249999999999997, -1.199999999999999, -8, 7.251150000000001, -1.2034, -8.0001, -0.009381
29, 7.249999999999997, -1.2499999999999991, -8, 7.25025, -1.2530500000000002, -8.00005, -0.009439
29, 7.249999999999997, -1.2999999999999992, -8, 7.25005, -1.3004, -8.0, -0.009418
29, 7.249999999999997, -1.3499999999999992, -8, 7.24985, -1.3492, -8.0, -0.009371
29, 7.249999999999997, -1.3999999999999992, -8, 7.25005, -1.3987, -8.0, -0.009454
29, 7.249999999999997, -1.4499999999999993, -8, 7.250400000000001, -1.4466, -7.999950000000001, -0.009407
29, 7.249999999999997, -1.4999999999999993, -8, 7.25005, -1.50125, -7.9999, -0.009428
29, 7.249999999999997, -1.5499999999999994, -8, 7.25025, -1.5010500000000002, -7.99985, -0.00946
29, 7.249999999999997, -1.5999999999999994, -8, 7.2506, -1.6020500000000002, -7.99985, -0.009402
29, 7.249999999999997, -1.6499999999999995, -8, 7.250400000000001, -1.65125, -7.99985, -0.009444
29, 7.249999999999997, -1.6999999999999995, -8, 7.24985, -1.6998000000000002, -7.999950000000001, -0.009381
29, 7.249999999999997, -1.7499999999999996, -8, 7.24985, -1.749, -8.0, -0.009439
29, 7.249999999999997, -1.7999999999999996, -8, 7.2499, -1.7988000000000002, -8.00005, -0.009465
29, 7.249999999999997, -1.8499999999999996, -8, 7.25005, -1.8503000000000003, -8.00005, -0.009381
29, 7.249999999999997, -1.8999999999999997, -8, 7.24975, -1.8505500000000001, -8.000150000000001, -0.009454
29, 7.249999999999997, -1.9499999999999997, -8, 7.2503, -1.9508, -8.0001, -0.009392
29, 7.249999999999997, -1.9999999999999998, -8, 7.2501500000000005, -2.0015, -8.0001, -0.009444
29, 7.249999999999997, -2.05, -8, 7.2506, -2.0488000000000004, -8.0001, -0.009413
29, 7.249999999999997, -2.0999999999999996, -8, 7.2493, -2.0982000000000003, -8.0001, -0.009387
29, 7.249999999999997, -2.1499999999999995, -8, 7.25, -2.15055, -8.00005, -0.009454
29, 7.249999999999997, -2.1999999999999993, -8, 7.249950000000001, -2.2015, -8.0, -0.009418
29, 7.249999999999997, -2.249999999999999, -8, 7.249950000000001, -2.2516, -8.0, -0.009397
29, 7.249999999999997, -2.299999999999999, -8, 7.250100000000001, -2.3008, -8.0, -0.009439
29, 7.249999999999997, -2.3499999999999988, -8, 7.25005, -2.3477, -8.0, -0.009397
29, 7.249999999999997, -2.3999999999999986, -8, 7.25025, -2.3476, -8.0, -0.009387
29, 7.249999999999997, -2.4499999999999984, -8, 7.2506, -2.4495, -8.0, -0.009428
29, 7.249999999999997, -2.4999999999999982, -8, 7.2494000000000005, -2.5024, -8.0, -0.009387
29, 7.249999999999997, -2.549999999999998, -8, 7.2494000000000005, -2.55075, -8.0, -0.009433
30, 7.1999999999999975, -2.549999999999998, -8, 7.20035, -2.5512, -8.0, -0.009449
30, 7.149999999999998, -2.549999999999998, -8, 7.150200000000001, -2.55005, -8.0, -0.009392
30, 7.099999999999998, -2.549999999999998, -8, 7.09815, -2.55, -8.0, -0.009449
30, 7.049999999999998, -2.549999999999998, -8, 7.0485, -2.5497, -8.0, -0.009439
30, 6.999999999999998, -2.549999999999998, -8, 7.001950000000001, -2.5499500000000004, -8.0, -0.009387
30, 6.949999999999998, -2.549999999999998, -8, 6.9522, -2.55, -8.0, -0.009454
30, 6.899999999999999, -2.549999999999998, -8, 6.90075, -2.55, -8.0, -0.009413
30, 6.849999999999999, -2.549999999999998, -8, 6.8996, -2.55, -8.0, -0.009392
30, 6.799999999999999, -2.549999999999998, -8, 6.899700000000001, -2.54985, -7.999950000000001, -0.00947
30, 6.749999999999999, -2.549999999999998, -8, 6.74755, -2.5499500000000004, -7.999950000000001, -0.009381
30, 6.699999999999999, -2.549999999999998, -8, 6.70145, -2.55005, -7.999950000000001, -0.009439
30, 6.6499999999999995, -2.549999999999998, -8, 6.648700000000001, -2.5501000000000005, -7.999950000000001, -0.009402
30, 6.6, -2.549999999999998, -8, 6.601850000000001, -2.55, -7.9999, -0.009444
30, 6.55, -2.549999999999998, -8, 6.6004000000000005, -2.5502000000000002, -7.999950000000001, -0.009413
30, 6.5, -2.549999999999998, -8, 6.503450000000001, -2.55015, -7.999950000000001, -0.009433
30, 6.45, -2.549999999999998, -8, 6.4473, -2.55, -7.999950000000001, -0.009454
30, 6.4, -2.549999999999998, -8, 6.399900000000001, -2.55005, -8.00005, -0.009402
30, 6.3500000000000005, -2.549999999999998, -8, 6.35045, -2.55015, -8.0001, -0.009439
30, 6.300000000000001, -2.549999999999998, -8, 6.2993500000000004, -2.5499, -8.0001, -0.009397
30, 6.250000000000001, -2.549999999999998, -8, 6.253, -2.5499, -8.0001, -0.00946
30, 6.200000000000001, -2.549999999999998, -8, 6.199050000000001, -2.54975, -8.0001, -0.009413
30, 6.150000000000001, -2.549999999999998, -8, 6.1463, -2.5499500000000004, -8.000150000000001, -0.009449
30, 6.100000000000001, -2.549999999999998, -8, 6.101, -2.54985, -8.00005, -0.009413
30, 6.050000000000002, -2.549999999999998, -8, 6.049600000000001, -2.5499500000000004, -7.9999, -0.009397
30, 6.000000000000002, -2.549999999999998, -8, 6.0005, -2.5499, -7.99985, -0.00946
30, 5.950000000000002, -2.549999999999998, -8, 6.000100000000001, -2.55, -7.99985, -0.009407
30, 5.900000000000002, -2.549999999999998, -8, 5.902100000000001, -2.5499500000000004, -7.99985, -0.009433
30, 5.850000000000002, -2.549999999999998, -8, 5.8463, -2.5499500000000004, -7.99985, -0.009465
30, 5.8000000000000025, -2.549999999999998, -8, 5.79905, -2.55005, -7.999950000000001, -0.009402
30, 5.750000000000003, -2.549999999999998, -8, 5.7520500000000006, -2.55015, -8.00005, -0.009428
30, 5.750000000000003, -2.4999999999999982, -8, 5.7493, -2.49955, -8.000150000000001, -0.00946
30, 5.750000000000003, -2.4499999999999984, -8, 5.7495, -2.4482000000000004, -8.000150000000001, -0.009381
30, 5.750000000000003, -2.3999999999999986, -8, 5.74945, -2.3958000000000004, -8.000150000000001, -0.009449
30, 5.750000000000003, -2.3499999999999988, -8, 5.75035, -2.3489500000000003, -8.00005, -0.009433
30, 5.750000000000003, -2.299999999999999, -8, 5.749700000000001, -2.3041, -7.9999, -0.009366
30, 5.750000000000003, -2.249999999999999, -8, 5.75035, -2.3043, -7.999950000000001, -0.009418
30, 5.750000000000003, -2.1999999999999993, -8, 5.75065, -2.20075, -7.99985, -0.009428
30, 5.750000000000003, -2.1499999999999995, -8, 5.749200000000001, -2.14885, -7.9999, -0.009413
30, 5.750000000000003, -2.0999999999999996, -8, 5.7494000000000005, -2.09755, -7.99985, -0.009402
30, 5.750000000000003, -2.05, -8, 5.750100000000001, -2.04965, -7.9999, -0.009428
30, 5.750000000000003, -1.9999999999999998, -8, 5.74975, -2.00205, -7.999950000000001, -0.009439
30, 5.750000000000003, -1.9499999999999997, -8, 5.74945, -1.9507, -8.0, -0.009387
30, 5.750000000000003, -1.8999999999999997, -8, 5.7511, -1.9005500000000002, -8.0001, -0.00946
30, 5.750000000000003, -1.8499999999999996, -8, 5.749700000000001, -1.9003500000000002, -8.000150000000001, -0.009366
30, 5.750000000000003, -1.7999999999999996, -8, 5.74925, -1.79885, -8.000150000000001, -0.009418
30, 5.750000000000003, -1.7499999999999996, -8, 5.75035, -1.7487000000000001, -8.000200000000001, -0.009454
30, 5.750000000000003, -1.6999999999999995, -8, 5.750700000000001, -1.7005500000000002, -8.00005, -0.009392
30, 5.750000000000003, -1.6499999999999995, -8, 5.7499, -1.6491500000000001, -7.999950000000001, -0.009449
30, 5.750000000000003, -1.5999999999999994, -8, 5.749650000000001, -1.6018500000000002, -7.99985, -0.009387
30, 5.750000000000003, -1.5499999999999994, -8, 5.749350000000001, -1.55075, -7.99985, -0.009475
30, 5.750000000000003, -1.4999999999999993, -8, 5.74975, -1.498, -7.9999, -0.00947
30, 5.750000000000003, -1.4499999999999993, -8, 5.74975, -1.4480500000000003, -7.9999, -0.009387
30, 5.750000000000003, -1.3999999999999992, -8, 5.7498000000000005, -1.4003500000000002, -7.999950000000001, -0.009428
30, 5.750000000000003, -1.3499999999999992, -8, 5.75005, -1.3515, -8.0, -0.009387
30, 5.750000000000003, -1.2999999999999992, -8, 5.7499, -1.3016, -7.999950000000001, -0.00946
30, 5.750000000000003, -1.2499999999999991, -8, 5.7499, -1.2507000000000001, -8.00005, -0.009444
30, 5.750000000000003, -1.199999999999999, -8, 5.75025, -1.19845, -8.000150000000001, -0.009392
30, 5.750000000000003, -1.149999999999999, -8, 5.749650000000001, -1.1466, -8.000150000000001, -0.009428
30, 5.750000000000003, -1.099999999999999, -8, 5.75005, -1.10075, -8.000150000000001, -0.009392
30, 5.750000000000003, -1.049999999999999, -8, 5.7499, -1.0525499999999999, -8.0001, -0.009381
