Voltage = 3.8, Current = 20.0, Pinhole = 15um 
0, 5.5, -2.5, -9, 5.4969, -2.50505, -8.99995, -0.009501
1, 5.55, -2.5, -9, 5.55105, -2.5004, -8.99995, -0.009444
1, 5.55, -2.55, -9, 5.549950000000001, -2.55, -8.99995, -0.009512
2, 5.5, -2.55, -9, 5.502, -2.54985, -8.99995, -0.009465
2, 5.45, -2.55, -9, 5.4518, -2.5499, -9.0, -0.00947
2, 5.45, -2.5, -9, 5.4498, -2.50075, -8.99995, -0.009512
2, 5.45, -2.45, -9, 5.449400000000001, -2.44835, -8.99995, -0.009428
3, 5.5, -2.45, -9, 5.496150000000001, -2.44935, -8.99995, -0.009491
3, 5.55, -2.45, -9, 5.55, -2.4503000000000004, -8.99995, -0.00947
3, 5.6, -2.45, -9, 5.60225, -2.4503000000000004, -8.99995, -0.009428
3, 5.6, -2.5, -9, 5.6018, -2.50025, -9.0, -0.009506
3, 5.6, -2.55, -9, 5.6001, -2.5511000000000004, -9.0, -0.009444
3, 5.6, -2.5999999999999996, -9, 5.5998, -2.5988, -8.99995, -0.009491
4, 5.55, -2.5999999999999996, -9, 5.549900000000001, -2.5999, -9.0, -0.009506
4, 5.5, -2.5999999999999996, -9, 5.4991, -2.60015, -9.000050000000002, -0.009454
4, 5.45, -2.5999999999999996, -9, 5.451950000000001, -2.6002, -9.000050000000002, -0.009501
4, 5.4, -2.5999999999999996, -9, 5.40035, -2.60005, -9.000050000000002, -0.00947
4, 5.4, -2.55, -9, 5.3992, -2.5508, -9.0001, -0.009449
4, 5.4, -2.5, -9, 5.399400000000001, -2.5001, -9.0001, -0.009506
4, 5.4, -2.45, -9, 5.399700000000001, -2.448, -9.000050000000002, -0.009454
4, 5.4, -2.4000000000000004, -9, 5.400150000000001, -2.3968499999999997, -9.0001, -0.009423
5, 5.45, -2.4000000000000004, -9, 5.4483500000000005, -2.3971, -9.0001, -0.009496
5, 5.5, -2.4000000000000004, -9, 5.4979000000000005, -2.39985, -9.000050000000002, -0.009439
5, 5.55, -2.4000000000000004, -9, 5.549600000000001, -2.4003, -9.0, -0.00948
5, 5.6, -2.4000000000000004, -9, 5.60235, -2.4003, -9.0, -0.009538
5, 5.6499999999999995, -2.4000000000000004, -9, 5.6507000000000005, -2.3999500000000005, -9.0, -0.009449
5, 5.6499999999999995, -2.45, -9, 5.651, -2.45305, -9.0, -0.009506
5, 5.6499999999999995, -2.5, -9, 5.65005, -2.50365, -9.0, -0.00946
5, 5.6499999999999995, -2.55, -9, 5.6501, -2.5506, -8.99995, -0.009439
5, 5.6499999999999995, -2.5999999999999996, -9, 5.650900000000001, -2.5998, -8.99995, -0.009522
5, 5.6499999999999995, -2.6499999999999995, -9, 5.649450000000001, -2.64725, -8.99995, -0.009439
6, 5.6, -2.6499999999999995, -9, 5.60045, -2.6498000000000004, -8.99995, -0.009486
6, 5.55, -2.6499999999999995, -9, 5.5482000000000005, -2.6498500000000003, -8.99995, -0.009501
6, 5.5, -2.6499999999999995, -9, 5.499650000000001, -2.6498000000000004, -8.99995, -0.009433
6, 5.45, -2.6499999999999995, -9, 5.4516, -2.6499500000000005, -8.99995, -0.009517
6, 5.4, -2.6499999999999995, -9, 5.4515, -2.65, -8.99995, -0.009486
6, 5.3500000000000005, -2.6499999999999995, -9, 5.45065, -2.6498500000000003, -8.99995, -0.009454
6, 5.3500000000000005, -2.5999999999999996, -9, 5.3515500000000005, -2.6037000000000003, -9.0, -0.009512
6, 5.3500000000000005, -2.55, -9, 5.3495, -2.5509500000000003, -9.0, -0.009449
6, 5.3500000000000005, -2.5, -9, 5.3503, -2.5507000000000004, -9.0, -0.009486
6, 5.3500000000000005, -2.45, -9, 5.34855, -2.44795, -9.0, -0.009496
6, 5.3500000000000005, -2.4000000000000004, -9, 5.35045, -2.3961, -9.0, -0.009454
6, 5.3500000000000005, -2.3500000000000005, -9, 5.349900000000001, -2.3491, -9.0001, -0.00948
7, 5.4, -2.3500000000000005, -9, 5.397950000000001, -2.3493000000000004, -9.000050000000002, -0.009496
7, 5.45, -2.3500000000000005, -9, 5.449400000000001, -2.3494500000000005, -9.000050000000002, -0.009428
7, 5.5, -2.3500000000000005, -9, 5.4979000000000005, -2.3508, -9.000050000000002, -0.009512
7, 5.55, -2.3500000000000005, -9, 5.549650000000001, -2.3503499999999997, -9.0, -0.009454
7, 5.6, -2.3500000000000005, -9, 5.6024, -2.3498, -9.000050000000002, -0.009475
7, 5.6499999999999995, -2.3500000000000005, -9, 5.65125, -2.3495500000000002, -9.000050000000002, -0.009496
7, 5.699999999999999, -2.3500000000000005, -9, 5.7011, -2.3504, -9.000050000000002, -0.009433
7, 5.699999999999999, -2.4000000000000004, -9, 5.70035, -2.3984, -9.0, -0.009486
7, 5.699999999999999, -2.45, -9, 5.69915, -2.4560500000000003, -9.0, -0.009512
7, 5.699999999999999, -2.5, -9, 5.6998, -2.50305, -9.000050000000002, -0.00946
7, 5.699999999999999, -2.55, -9, 5.70005, -2.5512, -8.99995, -0.009491
7, 5.699999999999999, -2.5999999999999996, -9, 5.7, -2.59875, -8.99995, -0.009491
7, 5.699999999999999, -2.6499999999999995, -9, 5.6996, -2.64625, -8.99995, -0.009444
7, 5.699999999999999, -2.6999999999999993, -9, 5.7005, -2.69765, -8.99995, -0.009512
8, 5.6499999999999995, -2.6999999999999993, -9, 5.650150000000001, -2.69965, -8.99995, -0.009444
8, 5.6, -2.6999999999999993, -9, 5.598400000000001, -2.7006000000000006, -8.99995, -0.00948
8, 5.55, -2.6999999999999993, -9, 5.5485500000000005, -2.70005, -8.99995, -0.009517
8, 5.5, -2.6999999999999993, -9, 5.499700000000001, -2.6999, -8.99995, -0.009449
8, 5.45, -2.6999999999999993, -9, 5.498900000000001, -2.7, -8.99995, -0.009506
8, 5.4, -2.6999999999999993, -9, 5.401800000000001, -2.6997000000000004, -9.0, -0.009444
8, 5.3500000000000005, -2.6999999999999993, -9, 5.3511500000000005, -2.6995500000000003, -9.0, -0.009439
8, 5.300000000000001, -2.6999999999999993, -9, 5.300800000000001, -2.7, -9.000050000000002, -0.009454
8, 5.300000000000001, -2.6499999999999995, -9, 5.299300000000001, -2.6473500000000003, -9.000050000000002, -0.009433
8, 5.300000000000001, -2.5999999999999996, -9, 5.29975, -2.6068500000000006, -9.000050000000002, -0.009496
8, 5.300000000000001, -2.55, -9, 5.2995, -2.5514, -9.000050000000002, -0.009439
8, 5.300000000000001, -2.5, -9, 5.299900000000001, -2.5008000000000004, -9.000050000000002, -0.00948
8, 5.300000000000001, -2.45, -9, 5.299900000000001, -2.44715, -9.000050000000002, -0.009506
8, 5.300000000000001, -2.4000000000000004, -9, 5.2997000000000005, -2.3954, -9.0001, -0.009454
8, 5.300000000000001, -2.3500000000000005, -9, 5.30015, -2.3956, -9.000050000000002, -0.009486
8, 5.300000000000001, -2.3000000000000007, -9, 5.300350000000001, -2.3954500000000003, -9.000050000000002, -0.009439
9, 5.3500000000000005, -2.3000000000000007, -9, 5.34825, -2.30375, -9.000050000000002, -0.009449
9, 5.4, -2.3000000000000007, -9, 5.3993, -2.3, -9.0, -0.009496
9, 5.45, -2.3000000000000007, -9, 5.3989, -2.3001, -8.99995, -0.009444
9, 5.5, -2.3000000000000007, -9, 5.498, -2.2999500000000004, -8.99995, -0.009512
9, 5.55, -2.3000000000000007, -9, 5.54955, -2.3, -8.9999, -0.009433
9, 5.6, -2.3000000000000007, -9, 5.602950000000001, -2.2999500000000004, -9.0, -0.009491
9, 5.6499999999999995, -2.3000000000000007, -9, 5.650650000000001, -2.2999500000000004, -8.99995, -0.00948
9, 5.699999999999999, -2.3000000000000007, -9, 5.7013, -2.2999500000000004, -8.99995, -0.009449
9, 5.749999999999999, -2.3000000000000007, -9, 5.7495, -2.3, -8.9999, -0.009506
9, 5.749999999999999, -2.3500000000000005, -9, 5.75035, -2.34725, -8.9999, -0.009444
9, 5.749999999999999, -2.4000000000000004, -9, 5.751200000000001, -2.40065, -8.99995, -0.009522
9, 5.749999999999999, -2.45, -9, 5.75, -2.4534000000000002, -9.0, -0.009454
9, 5.749999999999999, -2.5, -9, 5.750100000000001, -2.50325, -9.0, -0.009454
9, 5.749999999999999, -2.55, -9, 5.750100000000001, -2.503, -9.0, -0.009506
9, 5.749999999999999, -2.5999999999999996, -9, 5.7505500000000005, -2.5998, -9.0, -0.009433
9, 5.749999999999999, -2.6499999999999995, -9, 5.749950000000001, -2.64675, -8.99995, -0.00948
9, 5.749999999999999, -2.6999999999999993, -9, 5.749950000000001, -2.6965500000000002, -9.0, -0.009496
9, 5.749999999999999, -2.749999999999999, -9, 5.75005, -2.7538500000000004, -9.000050000000002, -0.009449
10, 5.699999999999999, -2.749999999999999, -9, 5.70105, -2.7502000000000004, -9.000050000000002, -0.009512
10, 5.6499999999999995, -2.749999999999999, -9, 5.6508, -2.75, -9.000050000000002, -0.009454
10, 5.6, -2.749999999999999, -9, 5.649700000000001, -2.75, -9.000050000000002, -0.009449
10, 5.55, -2.749999999999999, -9, 5.546450000000001, -2.7495, -9.000050000000002, -0.009522
10, 5.5, -2.749999999999999, -9, 5.5021, -2.7495, -9.000050000000002, -0.009433
10, 5.45, -2.749999999999999, -9, 5.451, -2.7504500000000003, -9.000050000000002, -0.009506
10, 5.4, -2.749999999999999, -9, 5.3999500000000005, -2.7504, -9.000050000000002, -0.00946
10, 5.3500000000000005, -2.749999999999999, -9, 5.35, -2.7495, -9.000050000000002, -0.009454
10, 5.300000000000001, -2.749999999999999, -9, 5.301200000000001, -2.74955, -9.000050000000002, -0.009501
10, 5.250000000000001, -2.749999999999999, -9, 5.248600000000001, -2.74955, -9.0, -0.00947
10, 5.250000000000001, -2.6999999999999993, -9, 5.2484, -2.69575, -9.0, -0.009449
10, 5.250000000000001, -2.6499999999999995, -9, 5.24975, -2.6488, -9.0, -0.009527
10, 5.250000000000001, -2.5999999999999996, -9, 5.2494000000000005, -2.60775, -8.99995, -0.009444
10, 5.250000000000001, -2.55, -9, 5.24975, -2.5516000000000005, -8.9999, -0.009486
10, 5.250000000000001, -2.5, -9, 5.2498000000000005, -2.5007, -8.9999, -0.009501
10, 5.250000000000001, -2.45, -9, 5.25005, -2.5008000000000004, -8.9999, -0.009444
10, 5.250000000000001, -2.4000000000000004, -9, 5.2493, -2.3919, -8.9999, -0.009501
10, 5.250000000000001, -2.3500000000000005, -9, 5.24925, -2.34985, -8.9999, -0.009433
10, 5.250000000000001, -2.3000000000000007, -9, 5.25, -2.3036, -8.9999, -0.009527
10, 5.250000000000001, -2.250000000000001, -9, 5.25, -2.25265, -8.9999, -0.009465
11, 5.300000000000001, -2.250000000000001, -9, 5.29925, -2.2500999999999998, -8.9999, -0.009475
11, 5.3500000000000005, -2.250000000000001, -9, 5.349200000000001, -2.25015, -9.0, -0.009501
11, 5.4, -2.250000000000001, -9, 5.399100000000001, -2.2502000000000004, -8.99995, -0.009439
11, 5.45, -2.250000000000001, -9, 5.451200000000001, -2.2503, -8.99995, -0.009501
11, 5.5, -2.250000000000001, -9, 5.4981, -2.25015, -9.0, -0.009439
11, 5.55, -2.250000000000001, -9, 5.5497000000000005, -2.2493499999999997, -9.0, -0.009496
11, 5.6, -2.250000000000001, -9, 5.6027000000000005, -2.2497000000000003, -9.0, -0.009449
11, 5.6499999999999995, -2.250000000000001, -9, 5.6507000000000005, -2.2502000000000004, -9.0, -0.009491
11, 5.699999999999999, -2.250000000000001, -9, 5.7015, -2.2502000000000004, -9.0, -0.00948
11, 5.749999999999999, -2.250000000000001, -9, 5.74905, -2.2500999999999998, -9.0, -0.009449
11, 5.799999999999999, -2.250000000000001, -9, 5.7958, -2.2500500000000003, -9.0, -0.009517
11, 5.799999999999999, -2.3000000000000007, -9, 5.8011, -2.2993, -9.0, -0.009439
11, 5.799999999999999, -2.3500000000000005, -9, 5.801150000000001, -2.34695, -9.0, -0.009496
11, 5.799999999999999, -2.4000000000000004, -9, 5.79985, -2.3981, -9.0, -0.009491
11, 5.799999999999999, -2.45, -9, 5.799600000000001, -2.4541500000000003, -9.0, -0.009444
11, 5.799999999999999, -2.5, -9, 5.8, -2.5022, -8.99995, -0.009475
11, 5.799999999999999, -2.55, -9, 5.8004500000000005, -2.5509, -9.0, -0.009506
11, 5.799999999999999, -2.5999999999999996, -9, 5.8004500000000005, -2.5991500000000003, -9.0, -0.009449
11, 5.799999999999999, -2.6499999999999995, -9, 5.80015, -2.6473, -9.0, -0.009517
11, 5.799999999999999, -2.6999999999999993, -9, 5.8, -2.6968500000000004, -9.0, -0.009449
11, 5.799999999999999, -2.749999999999999, -9, 5.799900000000001, -2.75275, -9.0, -0.00948
11, 5.799999999999999, -2.799999999999999, -9, 5.79985, -2.8014, -9.0, -0.009506
12, 5.749999999999999, -2.799999999999999, -9, 5.75275, -2.80125, -9.000050000000002, -0.009465
12, 5.699999999999999, -2.799999999999999, -9, 5.70275, -2.80005, -9.000050000000002, -0.009491
12, 5.6499999999999995, -2.799999999999999, -9, 5.65005, -2.8, -9.0001, -0.009501
12, 5.6, -2.799999999999999, -9, 5.6, -2.7999500000000004, -9.0001, -0.009433
12, 5.55, -2.799999999999999, -9, 5.54865, -2.7999500000000004, -9.0001, -0.009501
12, 5.5, -2.799999999999999, -9, 5.500850000000001, -2.79975, -9.000050000000002, -0.009496
12, 5.45, -2.799999999999999, -9, 5.45185, -2.8001000000000005, -9.000050000000002, -0.00946
12, 5.4, -2.799999999999999, -9, 5.400150000000001, -2.80025, -9.0001, -0.009491
12, 5.3500000000000005, -2.799999999999999, -9, 5.3501, -2.8001000000000005, -9.000050000000002, -0.00947
12, 5.300000000000001, -2.799999999999999, -9, 5.300400000000001, -2.8, -9.0, -0.00948
12, 5.250000000000001, -2.799999999999999, -9, 5.247400000000001, -2.79985, -9.0, -0.009517
12, 5.200000000000001, -2.799999999999999, -9, 5.1983500000000005, -2.7999, -8.99995, -0.009433
12, 5.200000000000001, -2.749999999999999, -9, 5.19765, -2.7493000000000003, -8.99995, -0.009501
12, 5.200000000000001, -2.6999999999999993, -9, 5.199400000000001, -2.6955500000000003, -8.99995, -0.009444
12, 5.200000000000001, -2.6499999999999995, -9, 5.1998, -2.6484500000000004, -9.0, -0.009465
12, 5.200000000000001, -2.5999999999999996, -9, 5.199700000000001, -2.6059500000000004, -8.99995, -0.009506
12, 5.200000000000001, -2.55, -9, 5.1998500000000005, -2.55075, -8.99995, -0.00946
12, 5.200000000000001, -2.5, -9, 5.19975, -2.5008000000000004, -9.0, -0.009506
12, 5.200000000000001, -2.45, -9, 5.1999, -2.5008000000000004, -9.0, -0.009491
12, 5.200000000000001, -2.4000000000000004, -9, 5.200150000000001, -2.3929500000000004, -9.0, -0.009454
12, 5.200000000000001, -2.3500000000000005, -9, 5.20005, -2.34965, -9.000050000000002, -0.009506
12, 5.200000000000001, -2.3000000000000007, -9, 5.1998500000000005, -2.30355, -8.99995, -0.009444
12, 5.200000000000001, -2.250000000000001, -9, 5.1996, -2.25125, -8.99995, -0.009486
12, 5.200000000000001, -2.200000000000001, -9, 5.199400000000001, -2.20075, -8.99995, -0.009501
13, 5.250000000000001, -2.200000000000001, -9, 5.251150000000001, -2.1995500000000003, -8.99995, -0.009428
13, 5.300000000000001, -2.200000000000001, -9, 5.300700000000001, -2.19975, -8.99995, -0.009506
13, 5.3500000000000005, -2.200000000000001, -9, 5.3493, -2.2, -9.000050000000002, -0.009454
13, 5.4, -2.200000000000001, -9, 5.3995, -2.2001, -9.000050000000002, -0.009501
13, 5.45, -2.200000000000001, -9, 5.4505, -2.20005, -9.0, -0.009475
13, 5.5, -2.200000000000001, -9, 5.497450000000001, -2.2001, -9.000050000000002, -0.009423
13, 5.55, -2.200000000000001, -9, 5.5491, -2.2, -9.000050000000002, -0.009496
13, 5.6, -2.200000000000001, -9, 5.6023000000000005, -2.1999, -9.000050000000002, -0.009439
13, 5.6499999999999995, -2.200000000000001, -9, 5.65125, -2.1998, -9.000050000000002, -0.009486
13, 5.699999999999999, -2.200000000000001, -9, 5.700900000000001, -2.1999, -9.000050000000002, -0.009454
13, 5.749999999999999, -2.200000000000001, -9, 5.748950000000001, -2.20005, -9.000050000000002, -0.009454
13, 5.799999999999999, -2.200000000000001, -9, 5.795850000000001, -2.20025, -8.99995, -0.009496
13, 5.849999999999999, -2.200000000000001, -9, 5.8504000000000005, -2.20025, -8.99995, -0.009423
13, 5.849999999999999, -2.250000000000001, -9, 5.85075, -2.2511, -8.99995, -0.009496
13, 5.849999999999999, -2.3000000000000007, -9, 5.8506, -2.29915, -8.99995, -0.00946
13, 5.849999999999999, -2.3500000000000005, -9, 5.8504000000000005, -2.34675, -8.99995, -0.009439
13, 5.849999999999999, -2.4000000000000004, -9, 5.8505, -2.3981, -8.99995, -0.009512
13, 5.849999999999999, -2.45, -9, 5.8505, -2.4536, -8.99995, -0.009433
13, 5.849999999999999, -2.5, -9, 5.8496500000000005, -2.50165, -8.99995, -0.009444
13, 5.849999999999999, -2.55, -9, 5.84935, -2.55175, -9.000050000000002, -0.009501
13, 5.849999999999999, -2.5999999999999996, -9, 5.85015, -2.5993000000000004, -9.0, -0.009454
13, 5.849999999999999, -2.6499999999999995, -9, 5.850200000000001, -2.64745, -9.0, -0.009428
13, 5.849999999999999, -2.6999999999999993, -9, 5.85005, -2.69725, -9.0, -0.009512
13, 5.849999999999999, -2.749999999999999, -9, 5.85015, -2.6972000000000005, -9.0, -0.009423
13, 5.849999999999999, -2.799999999999999, -9, 5.851, -2.8045, -9.0, -0.009496
13, 5.849999999999999, -2.8499999999999988, -9, 5.8495, -2.8503000000000003, -9.0, -0.00948
14, 5.799999999999999, -2.8499999999999988, -9, 5.800800000000001, -2.8504, -9.0, -0.009454
14, 5.749999999999999, -2.8499999999999988, -9, 5.7526, -2.85015, -9.000050000000002, -0.009506
14, 5.699999999999999, -2.8499999999999988, -9, 5.702100000000001, -2.8498500000000004, -9.000050000000002, -0.00946
14, 5.6499999999999995, -2.8499999999999988, -9, 5.650600000000001, -2.8495, -9.000050000000002, -0.009433
14, 5.6, -2.8499999999999988, -9, 5.599950000000001, -2.84995, -9.000050000000002, -0.009512
14, 5.55, -2.8499999999999988, -9, 5.59875, -2.85, -9.000050000000002, -0.009454
14, 5.5, -2.8499999999999988, -9, 5.49675, -2.85025, -9.000050000000002, -0.00947
14, 5.45, -2.8499999999999988, -9, 5.4516, -2.85015, -9.0, -0.009486
14, 5.4, -2.8499999999999988, -9, 5.40125, -2.85005, -9.000050000000002, -0.009454
14, 5.3500000000000005, -2.8499999999999988, -9, 5.34955, -2.8498500000000004, -9.0, -0.009496
14, 5.300000000000001, -2.8499999999999988, -9, 5.300700000000001, -2.8496000000000006, -9.0, -0.009428
14, 5.250000000000001, -2.8499999999999988, -9, 5.2498000000000005, -2.84965, -9.0, -0.00946
14, 5.200000000000001, -2.8499999999999988, -9, 5.197100000000001, -2.85005, -9.0, -0.009491
14, 5.150000000000001, -2.8499999999999988, -9, 5.150650000000001, -2.8504500000000004, -9.0, -0.009433
14, 5.150000000000001, -2.799999999999999, -9, 5.148650000000001, -2.80025, -8.99995, -0.009444
14, 5.150000000000001, -2.749999999999999, -9, 5.14965, -2.7492, -8.99995, -0.009496
14, 5.150000000000001, -2.6999999999999993, -9, 5.15005, -2.6955500000000003, -8.99995, -0.00948
14, 5.150000000000001, -2.6499999999999995, -9, 5.1495, -2.64835, -8.99995, -0.009428
14, 5.150000000000001, -2.5999999999999996, -9, 5.150900000000001, -2.60455, -9.0, -0.009501
14, 5.150000000000001, -2.55, -9, 5.15, -2.5515, -9.0, -0.00946
14, 5.150000000000001, -2.5, -9, 5.149700000000001, -2.5002000000000004, -9.0, -0.009465
14, 5.150000000000001, -2.45, -9, 5.15005, -2.4487, -8.99995, -0.009496
14, 5.150000000000001, -2.4000000000000004, -9, 5.14965, -2.3957, -9.0, -0.009433
14, 5.150000000000001, -2.3500000000000005, -9, 5.15005, -2.3493000000000004, -9.0, -0.009496
14, 5.150000000000001, -2.3000000000000007, -9, 5.149700000000001, -2.3038000000000003, -9.000050000000002, -0.009486
14, 5.150000000000001, -2.250000000000001, -9, 5.149450000000001, -2.3038499999999997, -9.0, -0.009428
14, 5.150000000000001, -2.200000000000001, -9, 5.149450000000001, -2.20175, -9.000050000000002, -0.00948
14, 5.150000000000001, -2.1500000000000012, -9, 5.149700000000001, -2.14875, -9.0, -0.009444
15, 5.200000000000001, -2.1500000000000012, -9, 5.199450000000001, -2.1493, -9.0, -0.009475
15, 5.250000000000001, -2.1500000000000012, -9, 5.2515, -2.15045, -8.99995, -0.009496
15, 5.300000000000001, -2.1500000000000012, -9, 5.300350000000001, -2.15025, -9.0, -0.009444
15, 5.3500000000000005, -2.1500000000000012, -9, 5.3498, -2.1499500000000005, -9.0, -0.009475
15, 5.4, -2.1500000000000012, -9, 5.39975, -2.14975, -8.99995, -0.009506
15, 5.45, -2.1500000000000012, -9, 5.44915, -2.1497, -8.99995, -0.009444
15, 5.5, -2.1500000000000012, -9, 5.498450000000001, -2.1500500000000002, -8.99995, -0.009496
15, 5.55, -2.1500000000000012, -9, 5.5486, -2.15015, -8.99995, -0.009449
15, 5.6, -2.1500000000000012, -9, 5.603200000000001, -2.1502000000000003, -9.0, -0.009475
15, 5.6499999999999995, -2.1500000000000012, -9, 5.65055, -2.1500500000000002, -8.99995, -0.009506
15, 5.699999999999999, -2.1500000000000012, -9, 5.7005, -2.1498000000000004, -9.0, -0.009439
15, 5.749999999999999, -2.1500000000000012, -9, 5.75025, -2.15015, -8.99995, -0.009491
15, 5.799999999999999, -2.1500000000000012, -9, 5.796950000000001, -2.1500500000000002, -9.000050000000002, -0.00946
15, 5.849999999999999, -2.1500000000000012, -9, 5.849900000000001, -2.1499, -9.000050000000002, -0.009449
15, 5.899999999999999, -2.1500000000000012, -9, 5.9038, -2.14985, -9.000050000000002, -0.009501
15, 5.899999999999999, -2.200000000000001, -9, 5.90255, -2.2005500000000002, -9.000050000000002, -0.009439
15, 5.899999999999999, -2.250000000000001, -9, 5.899700000000001, -2.25235, -9.000050000000002, -0.009501
15, 5.899999999999999, -2.3000000000000007, -9, 5.90005, -2.30035, -9.0, -0.00947
15, 5.899999999999999, -2.3500000000000005, -9, 5.90005, -2.34655, -9.000050000000002, -0.009418
15, 5.899999999999999, -2.4000000000000004, -9, 5.9004, -2.398, -9.000050000000002, -0.00946
15, 5.899999999999999, -2.45, -9, 5.9003000000000005, -2.4518, -9.000050000000002, -0.009512
15, 5.899999999999999, -2.5, -9, 5.9003000000000005, -2.50305, -9.0, -0.009444
15, 5.899999999999999, -2.55, -9, 5.89975, -2.5512, -9.0, -0.009491
15, 5.899999999999999, -2.5999999999999996, -9, 5.8995, -2.5997000000000003, -9.0, -0.009501
15, 5.899999999999999, -2.6499999999999995, -9, 5.9003000000000005, -2.6477000000000004, -9.0, -0.009433
15, 5.899999999999999, -2.6999999999999993, -9, 5.90055, -2.6972000000000005, -9.0, -0.009512
15, 5.899999999999999, -2.749999999999999, -9, 5.899850000000001, -2.7529500000000002, -9.0, -0.009454
15, 5.899999999999999, -2.799999999999999, -9, 5.8995500000000005, -2.8015, -9.0, -0.009486
15, 5.899999999999999, -2.8499999999999988, -9, 5.9001, -2.8506000000000005, -9.0, -0.009491
15, 5.899999999999999, -2.8999999999999986, -9, 5.90055, -2.8506000000000005, -9.000050000000002, -0.009433
16, 5.849999999999999, -2.8999999999999986, -9, 5.847600000000001, -2.9005, -9.0, -0.009517
16, 5.799999999999999, -2.8999999999999986, -9, 5.79875, -2.90065, -8.99995, -0.009454
16, 5.749999999999999, -2.8999999999999986, -9, 5.75335, -2.89975, -8.99995, -0.009444
16, 5.699999999999999, -2.8999999999999986, -9, 5.7028, -2.89975, -8.99995, -0.009501
16, 5.6499999999999995, -2.8999999999999986, -9, 5.6495, -2.8998000000000004, -8.99995, -0.009454
16, 5.6, -2.8999999999999986, -9, 5.6004000000000005, -2.8999, -8.9999, -0.009444
16, 5.55, -2.8999999999999986, -9, 5.547350000000001, -2.9003500000000004, -8.99995, -0.009501
16, 5.5, -2.8999999999999986, -9, 5.49955, -2.9002000000000003, -9.0, -0.009433
16, 5.45, -2.8999999999999986, -9, 5.451950000000001, -2.8998500000000003, -9.0, -0.009491
16, 5.4, -2.8999999999999986, -9, 5.4007000000000005, -2.8999, -9.0, -0.009475
16, 5.3500000000000005, -2.8999999999999986, -9, 5.34835, -2.89975, -9.0, -0.009428
16, 5.300000000000001, -2.8999999999999986, -9, 5.300700000000001, -2.89975, -9.0, -0.009491
16, 5.250000000000001, -2.8999999999999986, -9, 5.2495, -2.8999, -9.0, -0.00947
16, 5.200000000000001, -2.8999999999999986, -9, 5.198450000000001, -2.9003, -9.0, -0.009449
16, 5.150000000000001, -2.8999999999999986, -9, 5.14905, -2.9002000000000003, -9.0, -0.009491
16, 5.100000000000001, -2.8999999999999986, -9, 5.0975, -2.89975, -9.0, -0.009428
16, 5.100000000000001, -2.8499999999999988, -9, 5.0982, -2.8504, -9.0, -0.009506
16, 5.100000000000001, -2.799999999999999, -9, 5.09985, -2.7993, -9.000050000000002, -0.009475
16, 5.100000000000001, -2.749999999999999, -9, 5.099150000000001, -2.7497000000000003, -9.000050000000002, -0.009465
16, 5.100000000000001, -2.6999999999999993, -9, 5.0993, -2.6955500000000003, -9.0, -0.009501
16, 5.100000000000001, -2.6499999999999995, -9, 5.09975, -2.6481500000000002, -9.000050000000002, -0.009444
16, 5.100000000000001, -2.5999999999999996, -9, 5.1001, -2.60415, -9.0, -0.009491
16, 5.100000000000001, -2.55, -9, 5.10015, -2.5512, -9.000050000000002, -0.009517
16, 5.100000000000001, -2.5, -9, 5.099600000000001, -2.50015, -9.000050000000002, -0.009444
16, 5.100000000000001, -2.45, -9, 5.09935, -2.449, -9.000050000000002, -0.009501
16, 5.100000000000001, -2.4000000000000004, -9, 5.09955, -2.39635, -8.99995, -0.009486
16, 5.100000000000001, -2.3500000000000005, -9, 5.099950000000001, -2.3494500000000005, -8.9999, -0.009439
16, 5.100000000000001, -2.3000000000000007, -9, 5.1, -2.30255, -8.99995, -0.009475
16, 5.100000000000001, -2.250000000000001, -9, 5.10015, -2.25225, -8.9999, -0.009527
16, 5.100000000000001, -2.200000000000001, -9, 5.10015, -2.2001, -8.99995, -0.009428
16, 5.100000000000001, -2.1500000000000012, -9, 5.10045, -2.1485, -8.99995, -0.009433
16, 5.100000000000001, -2.1000000000000014, -9, 5.099600000000001, -2.09865, -8.99995, -0.009486
17, 5.150000000000001, -2.1000000000000014, -9, 5.1488000000000005, -2.0987000000000005, -8.99995, -0.009439
17, 5.200000000000001, -2.1000000000000014, -9, 5.198950000000001, -2.09965, -9.0, -0.009501
17, 5.250000000000001, -2.1000000000000014, -9, 5.2533, -2.0995500000000002, -9.0, -0.009454
17, 5.300000000000001, -2.1000000000000014, -9, 5.30055, -2.09935, -9.000050000000002, -0.00948
17, 5.3500000000000005, -2.1000000000000014, -9, 5.348450000000001, -2.10015, -9.000050000000002, -0.009496
17, 5.4, -2.1000000000000014, -9, 5.40005, -2.10025, -9.0001, -0.009449
17, 5.45, -2.1000000000000014, -9, 5.4498500000000005, -2.1002, -9.000050000000002, -0.009465
17, 5.5, -2.1000000000000014, -9, 5.4969, -2.10015, -9.0001, -0.009465
17, 5.55, -2.1000000000000014, -9, 5.550650000000001, -2.1, -9.000050000000002, -0.009428
17, 5.6, -2.1000000000000014, -9, 5.603400000000001, -2.0999, -9.000050000000002, -0.009491
17, 5.6499999999999995, -2.1000000000000014, -9, 5.6503000000000005, -2.0998, -9.000050000000002, -0.009433
17, 5.699999999999999, -2.1000000000000014, -9, 5.70175, -2.1, -9.0, -0.009486
17, 5.749999999999999, -2.1000000000000014, -9, 5.749350000000001, -2.10015, -9.000050000000002, -0.009501
17, 5.799999999999999, -2.1000000000000014, -9, 5.796, -2.1, -9.0, -0.009444
17, 5.849999999999999, -2.1000000000000014, -9, 5.797, -2.0999, -9.0, -0.009512
17, 5.899999999999999, -2.1000000000000014, -9, 5.79675, -2.10015, -9.0, -0.009444
17, 5.949999999999998, -2.1000000000000014, -9, 5.9546, -2.10025, -8.99995, -0.009486
17, 5.949999999999998, -2.1500000000000012, -9, 5.9514000000000005, -2.151, -8.99995, -0.009465
17, 5.949999999999998, -2.200000000000001, -9, 5.95, -2.20265, -8.9999, -0.009439
17, 5.949999999999998, -2.250000000000001, -9, 5.94975, -2.2525500000000003, -8.99995, -0.009496
17, 5.949999999999998, -2.3000000000000007, -9, 5.9498500000000005, -2.3002000000000002, -8.99995, -0.009439
17, 5.949999999999998, -2.3500000000000005, -9, 5.950200000000001, -2.34675, -8.9999, -0.009486
17, 5.949999999999998, -2.4000000000000004, -9, 5.950150000000001, -2.34675, -8.9999, -0.009486
17, 5.949999999999998, -2.45, -9, 5.950450000000001, -2.4483, -8.99995, -0.009449
17, 5.949999999999998, -2.5, -9, 5.950200000000001, -2.5025500000000003, -8.99995, -0.009512
17, 5.949999999999998, -2.55, -9, 5.94965, -2.5511500000000003, -9.0, -0.009444
17, 5.949999999999998, -2.5999999999999996, -9, 5.9496, -2.6004, -9.0, -0.009444
17, 5.949999999999998, -2.6499999999999995, -9, 5.95, -2.64725, -9.0, -0.009512
17, 5.949999999999998, -2.6999999999999993, -9, 5.95005, -2.6982000000000004, -9.0, -0.009439
17, 5.949999999999998, -2.749999999999999, -9, 5.95, -2.7525, -9.0, -0.009491
17, 5.949999999999998, -2.799999999999999, -9, 5.95025, -2.8018, -9.0, -0.009454
17, 5.949999999999998, -2.8499999999999988, -9, 5.95025, -2.85025, -9.0, -0.009433
17, 5.949999999999998, -2.8999999999999986, -9, 5.95005, -2.8993500000000005, -8.99995, -0.009512
17, 5.949999999999998, -2.9499999999999984, -9, 5.94995, -2.9493, -9.0, -0.009444
18, 5.899999999999999, -2.9499999999999984, -9, 5.9001, -2.9495500000000003, -9.0, -0.009475
18, 5.849999999999999, -2.9499999999999984, -9, 5.846900000000001, -2.9493, -9.0, -0.009496
18, 5.799999999999999, -2.9499999999999984, -9, 5.799650000000001, -2.9504500000000005, -9.000050000000002, -0.009439
18, 5.749999999999999, -2.9499999999999984, -9, 5.752700000000001, -2.9505, -9.000050000000002, -0.009496
18, 5.699999999999999, -2.9499999999999984, -9, 5.70225, -2.9498, -9.0001, -0.009449
18, 5.6499999999999995, -2.9499999999999984, -9, 5.649, -2.9493500000000004, -9.000050000000002, -0.00947
18, 5.6, -2.9499999999999984, -9, 5.599900000000001, -2.9498500000000005, -9.000050000000002, -0.009512
18, 5.55, -2.9499999999999984, -9, 5.546900000000001, -2.9498500000000005, -9.000050000000002, -0.009444
18, 5.5, -2.9499999999999984, -9, 5.4995, -2.9498500000000005, -9.000050000000002, -0.009506
18, 5.45, -2.9499999999999984, -9, 5.45075, -2.9499500000000003, -9.000050000000002, -0.009439
18, 5.4, -2.9499999999999984, -9, 5.401950000000001, -2.95005, -9.000050000000002, -0.009444
18, 5.3500000000000005, -2.9499999999999984, -9, 5.3481000000000005, -2.9497000000000004, -8.99995, -0.009491
18, 5.300000000000001, -2.9499999999999984, -9, 5.300350000000001, -2.94975, -8.99995, -0.009444
18, 5.250000000000001, -2.9499999999999984, -9, 5.24885, -2.9498, -8.9999, -0.009501
18, 5.200000000000001, -2.9499999999999984, -9, 5.197850000000001, -2.9498, -8.9999, -0.009449
18, 5.150000000000001, -2.9499999999999984, -9, 5.1495, -2.9502, -8.99995, -0.00946
18, 5.100000000000001, -2.9499999999999984, -9, 5.09925, -2.9502, -8.99995, -0.009491
18, 5.050000000000002, -2.9499999999999984, -9, 5.0505, -2.9498500000000005, -8.99995, -0.009444
18, 5.050000000000002, -2.8999999999999986, -9, 5.0483, -2.90225, -9.0, -0.009486
18, 5.050000000000002, -2.8499999999999988, -9, 5.0494, -2.8504500000000004, -8.99995, -0.009506
18, 5.050000000000002, -2.799999999999999, -9, 5.049200000000001, -2.80045, -8.99995, -0.009449
18, 5.050000000000002, -2.749999999999999, -9, 5.0497000000000005, -2.74965, -9.000050000000002, -0.00947
18, 5.050000000000002, -2.6999999999999993, -9, 5.0495, -2.6949500000000004, -9.000050000000002, -0.009454
18, 5.050000000000002, -2.6499999999999995, -9, 5.0495, -2.64895, -9.000050000000002, -0.009423
18, 5.050000000000002, -2.5999999999999996, -9, 5.05, -2.60365, -9.000050000000002, -0.009501
18, 5.050000000000002, -2.55, -9, 5.04985, -2.5513000000000003, -9.000050000000002, -0.009439
18, 5.050000000000002, -2.5, -9, 5.05, -2.5515, -9.000050000000002, -0.009439
18, 5.050000000000002, -2.45, -9, 5.0489500000000005, -2.45035, -9.000050000000002, -0.009454
18, 5.050000000000002, -2.4000000000000004, -9, 5.0498, -2.3964000000000003, -9.000050000000002, -0.009428
18, 5.050000000000002, -2.3500000000000005, -9, 5.050050000000001, -2.3478000000000003, -9.0, -0.009512
18, 5.050000000000002, -2.3000000000000007, -9, 5.04975, -2.30375, -9.000050000000002, -0.009449
18, 5.050000000000002, -2.250000000000001, -9, 5.050050000000001, -2.25085, -8.9999, -0.00947
18, 5.050000000000002, -2.200000000000001, -9, 5.0495, -2.2003000000000004, -8.99985, -0.009491
18, 5.050000000000002, -2.1500000000000012, -9, 5.05, -2.14895, -8.99985, -0.009439
18, 5.050000000000002, -2.1000000000000014, -9, 5.0495, -2.09875, -8.9999, -0.009506
18, 5.050000000000002, -2.0500000000000016, -9, 5.049900000000001, -2.0486, -8.9999, -0.009444
19, 5.100000000000001, -2.0500000000000016, -9, 5.09805, -2.04885, -8.9999, -0.00947
19, 5.150000000000001, -2.0500000000000016, -9, 5.14885, -2.05025, -8.99995, -0.009486
19, 5.200000000000001, -2.0500000000000016, -9, 5.2003, -2.05025, -9.0, -0.009418
19, 5.250000000000001, -2.0500000000000016, -9, 5.252350000000001, -2.05015, -9.000050000000002, -0.009475
19, 5.300000000000001, -2.0500000000000016, -9, 5.302, -2.0501, -9.000050000000002, -0.00946
19, 5.3500000000000005, -2.0500000000000016, -9, 5.30305, -2.05, -9.000050000000002, -0.009444
19, 5.4, -2.0500000000000016, -9, 5.3035, -2.0501, -9.000050000000002, -0.009501
19, 5.45, -2.0500000000000016, -9, 5.44885, -2.0502000000000002, -9.000050000000002, -0.009433
19, 5.5, -2.0500000000000016, -9, 5.496200000000001, -2.0501, -9.000050000000002, -0.009449
19, 5.55, -2.0500000000000016, -9, 5.5508500000000005, -2.0499500000000004, -9.000050000000002, -0.009465
19, 5.6, -2.0500000000000016, -9, 5.6021, -2.0498499999999997, -9.000050000000002, -0.009433
19, 5.6499999999999995, -2.0500000000000016, -9, 5.6511000000000005, -2.05, -9.000050000000002, -0.009496
19, 5.699999999999999, -2.0500000000000016, -9, 5.703600000000001, -2.0502000000000002, -9.000050000000002, -0.009423
19, 5.749999999999999, -2.0500000000000016, -9, 5.7475, -2.0503, -8.99995, -0.009491
19, 5.799999999999999, -2.0500000000000016, -9, 5.7963000000000005, -2.0499, -8.99995, -0.009496
19, 5.849999999999999, -2.0500000000000016, -9, 5.85055, -2.05, -8.9999, -0.009433
19, 5.899999999999999, -2.0500000000000016, -9, 5.8494, -2.0499, -8.9999, -0.009423
19, 5.949999999999998, -2.0500000000000016, -9, 5.9559500000000005, -2.0498499999999997, -8.99995, -0.009506
19, 5.999999999999998, -2.0500000000000016, -9, 5.99825, -2.0499, -8.99995, -0.009486
19, 5.999999999999998, -2.1000000000000014, -9, 6.000450000000001, -2.09805, -8.9999, -0.00948
19, 5.999999999999998, -2.1500000000000012, -9, 6.00005, -2.15505, -8.9999, -0.009496
19, 5.999999999999998, -2.200000000000001, -9, 6.0002, -2.15515, -8.99995, -0.009433
19, 5.999999999999998, -2.250000000000001, -9, 6.0001500000000005, -2.2525500000000003, -9.0, -0.009512
19, 5.999999999999998, -2.3000000000000007, -9, 6.0002, -2.2999500000000004, -8.99995, -0.009433
19, 5.999999999999998, -2.3500000000000005, -9, 6.00035, -2.34715, -9.0, -0.00948
19, 5.999999999999998, -2.4000000000000004, -9, 6.0002, -2.3979500000000002, -9.0, -0.009491
19, 5.999999999999998, -2.45, -9, 6.000100000000001, -2.4508, -9.0, -0.009449
19, 5.999999999999998, -2.5, -9, 5.999950000000001, -2.5028500000000005, -9.0, -0.009486
19, 5.999999999999998, -2.55, -9, 5.99975, -2.5514, -9.0, -0.009501
19, 5.999999999999998, -2.5999999999999996, -9, 6.00005, -2.59995, -9.0, -0.009428
19, 5.999999999999998, -2.6499999999999995, -9, 6.000450000000001, -2.5999, -9.000050000000002, -0.009496
19, 5.999999999999998, -2.6999999999999993, -9, 6.000450000000001, -2.69605, -9.000050000000002, -0.009428
19, 5.999999999999998, -2.749999999999999, -9, 5.99985, -2.7508000000000004, -9.000050000000002, -0.009501
19, 5.999999999999998, -2.799999999999999, -9, 5.99945, -2.8027, -9.000050000000002, -0.009486
19, 5.999999999999998, -2.8499999999999988, -9, 5.99985, -2.8505, -9.000050000000002, -0.009433
19, 5.999999999999998, -2.8999999999999986, -9, 6.00035, -2.89955, -9.000050000000002, -0.009491
19, 5.999999999999998, -2.9499999999999984, -9, 6.000850000000001, -2.9496, -9.000050000000002, -0.009433
19, 5.999999999999998, -2.9999999999999982, -9, 5.999700000000001, -2.9983500000000003, -9.0, -0.009501
20, 5.949999999999998, -2.9999999999999982, -9, 5.952, -2.9994500000000004, -9.0, -0.009475
20, 5.899999999999999, -2.9999999999999982, -9, 5.900150000000001, -2.9998500000000003, -9.0, -0.009439
20, 5.849999999999999, -2.9999999999999982, -9, 5.8462000000000005, -2.99975, -9.0, -0.009491
20, 5.799999999999999, -2.9999999999999982, -9, 5.7991, -2.9998500000000003, -9.000050000000002, -0.009428
20, 5.749999999999999, -2.9999999999999982, -9, 5.75075, -3.0, -9.0, -0.009506
20, 5.699999999999999, -2.9999999999999982, -9, 5.70295, -3.0003500000000005, -9.000050000000002, -0.00946
20, 5.6499999999999995, -2.9999999999999982, -9, 5.6501, -3.0004500000000003, -9.0, -0.00946
20, 5.6, -2.9999999999999982, -9, 5.5997, -2.9995, -9.0, -0.009501
20, 5.55, -2.9999999999999982, -9, 5.54625, -2.9995, -9.000050000000002, -0.009433
20, 5.5, -2.9999999999999982, -9, 5.499350000000001, -2.99955, -8.9999, -0.009423
20, 5.45, -2.9999999999999982, -9, 5.4522, -3.0002000000000004, -8.9999, -0.009486
20, 5.4, -2.9999999999999982, -9, 5.3996, -3.00015, -8.9999, -0.009428
20, 5.3500000000000005, -2.9999999999999982, -9, 5.3496500000000005, -3.0, -8.9999, -0.009501
20, 5.300000000000001, -2.9999999999999982, -9, 5.3, -2.9998500000000003, -8.9999, -0.009433
20, 5.250000000000001, -2.9999999999999982, -9, 5.2475, -2.99965, -8.9999, -0.00948
20, 5.200000000000001, -2.9999999999999982, -9, 5.198150000000001, -2.9997000000000003, -8.9999, -0.009491
20, 5.150000000000001, -2.9999999999999982, -9, 5.14965, -3.0001, -9.0, -0.009444
20, 5.100000000000001, -2.9999999999999982, -9, 5.0998, -3.00015, -8.99995, -0.009465
20, 5.050000000000002, -2.9999999999999982, -9, 5.05055, -3.0000500000000003, -9.0, -0.009496
20, 5.000000000000002, -2.9999999999999982, -9, 5.000850000000001, -3.0000500000000003, -9.0, -0.009444
20, 5.000000000000002, -2.9499999999999984, -9, 4.9991, -2.94695, -9.0, -0.009501
20, 5.000000000000002, -2.8999999999999986, -9, 4.999700000000001, -2.9053, -9.000050000000002, -0.00946
20, 5.000000000000002, -2.8499999999999988, -9, 4.9994000000000005, -2.8519, -9.000050000000002, -0.00947
20, 5.000000000000002, -2.799999999999999, -9, 4.99955, -2.8001000000000005, -9.000050000000002, -0.009486
20, 5.000000000000002, -2.749999999999999, -9, 4.999200000000001, -2.74935, -9.000050000000002, -0.009454
20, 5.000000000000002, -2.6999999999999993, -9, 4.9994000000000005, -2.6957000000000004, -9.000050000000002, -0.009496
20, 5.000000000000002, -2.6499999999999995, -9, 4.999950000000001, -2.64765, -9.000050000000002, -0.009439
20, 5.000000000000002, -2.5999999999999996, -9, 5.00065, -2.60405, -9.0, -0.009449
20, 5.000000000000002, -2.55, -9, 4.99985, -2.5513500000000002, -9.0, -0.009517
20, 5.000000000000002, -2.5, -9, 4.999650000000001, -2.5009500000000005, -8.99995, -0.009428
20, 5.000000000000002, -2.45, -9, 4.9996, -2.4488000000000003, -8.9999, -0.00948
20, 5.000000000000002, -2.4000000000000004, -9, 4.999350000000001, -2.3964000000000003, -8.99985, -0.00947
20, 5.000000000000002, -2.3500000000000005, -9, 4.9999, -2.34775, -8.99985, -0.009444
20, 5.000000000000002, -2.3000000000000007, -9, 4.9999, -2.3038000000000003, -8.9999, -0.009501
20, 5.000000000000002, -2.250000000000001, -9, 4.999950000000001, -2.25175, -8.99985, -0.009433
20, 5.000000000000002, -2.200000000000001, -9, 4.999700000000001, -2.20035, -8.9999, -0.009496
20, 5.000000000000002, -2.1500000000000012, -9, 5.000700000000001, -2.2005, -8.9999, -0.009486
20, 5.000000000000002, -2.1000000000000014, -9, 4.99955, -2.09685, -8.9999, -0.009439
20, 5.000000000000002, -2.0500000000000016, -9, 4.99985, -2.04875, -8.99995, -0.009501
20, 5.000000000000002, -2.0000000000000018, -9, 5.00075, -2.00195, -9.0, -0.009439
