Voltage = 2.9, Current = 10.3, Pinhole = 15um 
0, 2.8, 1.6, -2, 2.7951000000000006, 1.6018500000000002, -1.9999, -0.009402
1, 2.8099999999999996, 1.6, -2, 2.81075, 1.6006500000000001, -1.9998000000000002, -0.009376
1, 2.8099999999999996, 1.59, -2, 2.8098500000000004, 1.5903500000000002, -1.9998000000000002, -0.009355
2, 2.8, 1.59, -2, 2.8014500000000004, 1.5901, -1.9998500000000001, -0.009324
2, 2.79, 1.59, -2, 2.7892, 1.59, -1.9999500000000001, -0.009402
2, 2.79, 1.6, -2, 2.78955, 1.5996000000000001, -2.0, -0.009324
2, 2.79, 1.61, -2, 2.79015, 1.61075, -2.0, -0.009319
3, 2.8, 1.61, -2, 2.79925, 1.6108000000000002, -1.9999500000000001, -0.009376
3, 2.8099999999999996, 1.61, -2, 2.8104, 1.61025, -2.0, -0.009413
3, 2.8199999999999994, 1.61, -2, 2.82195, 1.61, -2.0001, -0.00936
3, 2.8199999999999994, 1.6, -2, 2.82165, 1.6003000000000003, -2.0001, -0.009329
3, 2.8199999999999994, 1.59, -2, 2.81985, 1.58945, -2.0001, -0.009407
3, 2.8199999999999994, 1.58, -2, 2.819, 1.58065, -2.0000500000000003, -0.00934
4, 2.8099999999999996, 1.58, -2, 2.8103500000000006, 1.5794000000000001, -2.0001, -0.009381
4, 2.8, 1.58, -2, 2.7989, 1.5794000000000001, -2.0000500000000003, -0.00935
4, 2.79, 1.58, -2, 2.7899000000000003, 1.57965, -2.0000500000000003, -0.009387
4, 2.7800000000000002, 1.58, -2, 2.7794, 1.5804, -2.0, -0.009329
4, 2.7800000000000002, 1.59, -2, 2.7792000000000003, 1.5904500000000001, -2.0000500000000003, -0.009376
4, 2.7800000000000002, 1.6, -2, 2.7794, 1.6008000000000002, -2.0, -0.009407
4, 2.7800000000000002, 1.61, -2, 2.7804, 1.6102, -2.0, -0.009387
4, 2.7800000000000002, 1.62, -2, 2.78065, 1.6205500000000002, -2.0, -0.009397
5, 2.79, 1.62, -2, 2.7903000000000002, 1.6202, -2.0000500000000003, -0.00936
5, 2.8, 1.62, -2, 2.79955, 1.6205, -1.9999, -0.009314
5, 2.8099999999999996, 1.62, -2, 2.81125, 1.61935, -1.9998000000000002, -0.009345
5, 2.8199999999999994, 1.62, -2, 2.821, 1.6195, -1.9998000000000002, -0.00935
5, 2.829999999999999, 1.62, -2, 2.8301000000000003, 1.6204, -1.9998000000000002, -0.009402
5, 2.829999999999999, 1.61, -2, 2.83125, 1.6102, -1.9998500000000001, -0.00936
5, 2.829999999999999, 1.6, -2, 2.8296000000000006, 1.5999, -1.9999500000000001, -0.009334
5, 2.829999999999999, 1.59, -2, 2.8299000000000003, 1.5905500000000001, -2.0000500000000003, -0.00934
5, 2.829999999999999, 1.58, -2, 2.8305, 1.579, -2.0001, -0.009402
5, 2.829999999999999, 1.57, -2, 2.83035, 1.5698, -2.0001, -0.00934
6, 2.8199999999999994, 1.57, -2, 2.81965, 1.5694000000000001, -2.0000500000000003, -0.009397
6, 2.8099999999999996, 1.57, -2, 2.80965, 1.5696, -2.0001, -0.009392
6, 2.8, 1.57, -2, 2.7993500000000004, 1.57025, -2.00015, -0.009319
6, 2.79, 1.57, -2, 2.7899000000000003, 1.57025, -2.0001, -0.009397
6, 2.7800000000000002, 1.57, -2, 2.77875, 1.5702, -2.0000500000000003, -0.009324
6, 2.7700000000000005, 1.57, -2, 2.7704500000000003, 1.5701500000000002, -2.0000500000000003, -0.009407
6, 2.7700000000000005, 1.58, -2, 2.76965, 1.57965, -1.9999500000000001, -0.009392
6, 2.7700000000000005, 1.59, -2, 2.769, 1.59135, -1.9999, -0.009345
6, 2.7700000000000005, 1.6, -2, 2.7702000000000004, 1.6009, -1.9999, -0.009392
6, 2.7700000000000005, 1.61, -2, 2.77025, 1.6103000000000003, -1.9999, -0.00935
6, 2.7700000000000005, 1.62, -2, 2.7698500000000004, 1.61935, -1.9999, -0.009392
6, 2.7700000000000005, 1.6300000000000001, -2, 2.7694500000000004, 1.6295, -1.9999500000000001, -0.009413
7, 2.7800000000000002, 1.6300000000000001, -2, 2.78005, 1.62995, -2.0, -0.00934
7, 2.79, 1.6300000000000001, -2, 2.79025, 1.63, -1.9999500000000001, -0.009334
7, 2.8, 1.6300000000000001, -2, 2.8, 1.63, -1.9999500000000001, -0.009397
7, 2.8099999999999996, 1.6300000000000001, -2, 2.81055, 1.6302, -1.9999500000000001, -0.00935
7, 2.8199999999999994, 1.6300000000000001, -2, 2.8209500000000003, 1.6301, -2.0000500000000003, -0.009397
7, 2.829999999999999, 1.6300000000000001, -2, 2.8306000000000004, 1.63015, -2.0001, -0.009324
7, 2.839999999999999, 1.6300000000000001, -2, 2.8403500000000004, 1.6301, -2.0000500000000003, -0.00935
7, 2.839999999999999, 1.62, -2, 2.8408, 1.6204, -2.0000500000000003, -0.009334
7, 2.839999999999999, 1.61, -2, 2.8409500000000003, 1.6100500000000002, -2.0000500000000003, -0.009402
7, 2.839999999999999, 1.6, -2, 2.83985, 1.6002, -2.0000500000000003, -0.009355
7, 2.839999999999999, 1.59, -2, 2.8395, 1.5894000000000001, -2.0, -0.009345
7, 2.839999999999999, 1.58, -2, 2.8406000000000002, 1.57975, -1.9999500000000001, -0.009397
7, 2.839999999999999, 1.57, -2, 2.841, 1.569, -1.9999500000000001, -0.009407
7, 2.839999999999999, 1.56, -2, 2.8395, 1.5598500000000002, -1.9999, -0.009387
8, 2.829999999999999, 1.56, -2, 2.8300500000000004, 1.5594000000000001, -1.9999, -0.009381
8, 2.8199999999999994, 1.56, -2, 2.8192000000000004, 1.55965, -1.9999500000000001, -0.009355
8, 2.8099999999999996, 1.56, -2, 2.81, 1.55995, -2.0, -0.009387
8, 2.8, 1.56, -2, 2.7993, 1.5601, -2.0, -0.00935
8, 2.79, 1.56, -2, 2.78975, 1.5601500000000001, -2.0000500000000003, -0.009387
8, 2.7800000000000002, 1.56, -2, 2.7788000000000004, 1.5601, -2.0000500000000003, -0.009345
8, 2.7700000000000005, 1.56, -2, 2.76975, 1.5601500000000001, -2.0000500000000003, -0.009376
8, 2.7600000000000007, 1.56, -2, 2.76015, 1.5601, -2.0001, -0.009345
8, 2.7600000000000007, 1.57, -2, 2.76025, 1.5701500000000002, -2.0000500000000003, -0.00934
8, 2.7600000000000007, 1.58, -2, 2.7595500000000004, 1.5815500000000002, -2.0000500000000003, -0.009366
8, 2.7600000000000007, 1.59, -2, 2.759, 1.591, -2.0, -0.009329
8, 2.7600000000000007, 1.6, -2, 2.7599, 1.6003000000000003, -2.0, -0.009392
8, 2.7600000000000007, 1.61, -2, 2.7596000000000003, 1.6100500000000002, -2.0000500000000003, -0.009334
8, 2.7600000000000007, 1.62, -2, 2.7605, 1.6189, -2.0, -0.009329
8, 2.7600000000000007, 1.6300000000000001, -2, 2.75965, 1.6283500000000002, -1.9999500000000001, -0.009319
8, 2.7600000000000007, 1.6400000000000001, -2, 2.7594000000000003, 1.6383500000000002, -1.9998500000000001, -0.009392
9, 2.7700000000000005, 1.6400000000000001, -2, 2.7706000000000004, 1.6396000000000002, -1.9998500000000001, -0.00934
9, 2.7800000000000002, 1.6400000000000001, -2, 2.7797, 1.6395500000000003, -1.9998500000000001, -0.009407
9, 2.79, 1.6400000000000001, -2, 2.7903500000000006, 1.6398000000000001, -1.9999500000000001, -0.009402
9, 2.8, 1.6400000000000001, -2, 2.8001000000000005, 1.6403, -1.9999500000000001, -0.009334
9, 2.8099999999999996, 1.6400000000000001, -2, 2.8109, 1.6403500000000002, -2.0, -0.00935
9, 2.8199999999999994, 1.6400000000000001, -2, 2.8208500000000005, 1.6401000000000001, -2.0, -0.009329
9, 2.829999999999999, 1.6400000000000001, -2, 2.8305, 1.63995, -2.0, -0.009392
9, 2.839999999999999, 1.6400000000000001, -2, 2.8402000000000003, 1.6399000000000001, -1.9999500000000001, -0.009324
9, 2.8499999999999988, 1.6400000000000001, -2, 2.8508, 1.6399000000000001, -2.0, -0.00934
9, 2.8499999999999988, 1.6300000000000001, -2, 2.85075, 1.6318500000000002, -2.0000500000000003, -0.009413
9, 2.8499999999999988, 1.62, -2, 2.8504500000000004, 1.6212, -2.0000500000000003, -0.009381
9, 2.8499999999999988, 1.61, -2, 2.8501000000000003, 1.6111000000000002, -2.0001, -0.009345
9, 2.8499999999999988, 1.6, -2, 2.8501000000000003, 1.6003000000000003, -2.0000500000000003, -0.00934
9, 2.8499999999999988, 1.59, -2, 2.85035, 1.5898, -2.0000500000000003, -0.009397
9, 2.8499999999999988, 1.58, -2, 2.8504500000000004, 1.57865, -2.0000500000000003, -0.009329
9, 2.8499999999999988, 1.57, -2, 2.84965, 1.5709000000000002, -2.0, -0.009402
9, 2.8499999999999988, 1.56, -2, 2.84995, 1.5587, -2.0, -0.009355
9, 2.8499999999999988, 1.55, -2, 2.8497000000000003, 1.5492000000000001, -2.0, -0.009381
10, 2.839999999999999, 1.55, -2, 2.8408, 1.54895, -2.0, -0.009387
10, 2.829999999999999, 1.55, -2, 2.82925, 1.5498000000000003, -2.0, -0.009387
10, 2.8199999999999994, 1.55, -2, 2.81955, 1.5501, -2.0, -0.009387
10, 2.8099999999999996, 1.55, -2, 2.8096000000000005, 1.55025, -2.0000500000000003, -0.009407
10, 2.8, 1.55, -2, 2.79965, 1.5501500000000001, -2.0000500000000003, -0.009329
10, 2.79, 1.55, -2, 2.7891000000000004, 1.55025, -2.0, -0.009381
10, 2.7800000000000002, 1.55, -2, 2.7799, 1.5503500000000001, -1.9999500000000001, -0.009324
10, 2.7700000000000005, 1.55, -2, 2.7696000000000005, 1.5496, -1.9999, -0.009376
10, 2.7600000000000007, 1.55, -2, 2.7602, 1.54945, -1.9999, -0.009392
10, 2.750000000000001, 1.55, -2, 2.7497000000000003, 1.55025, -1.9999500000000001, -0.009345
10, 2.750000000000001, 1.56, -2, 2.74995, 1.56095, -1.9999500000000001, -0.009392
10, 2.750000000000001, 1.57, -2, 2.74965, 1.57165, -1.9999500000000001, -0.009334
10, 2.750000000000001, 1.58, -2, 2.7498, 1.58065, -2.0, -0.009387
10, 2.750000000000001, 1.59, -2, 2.75, 1.5913000000000002, -2.0000500000000003, -0.009334
10, 2.750000000000001, 1.6, -2, 2.7501, 1.5995500000000002, -2.0000500000000003, -0.00935
10, 2.750000000000001, 1.61, -2, 2.7499000000000002, 1.60945, -2.0001, -0.009334
10, 2.750000000000001, 1.62, -2, 2.7498500000000003, 1.61875, -2.0001, -0.009397
10, 2.750000000000001, 1.6300000000000001, -2, 2.74975, 1.6283, -2.0001, -0.00936
10, 2.750000000000001, 1.6400000000000001, -2, 2.7500500000000003, 1.63795, -2.0000500000000003, -0.00934
10, 2.750000000000001, 1.6500000000000001, -2, 2.7503500000000005, 1.6484, -2.0000500000000003, -0.009402
11, 2.7600000000000007, 1.6500000000000001, -2, 2.7593500000000004, 1.64975, -1.9999500000000001, -0.009407
11, 2.7700000000000005, 1.6500000000000001, -2, 2.7698, 1.64985, -1.9998500000000001, -0.00934
11, 2.7800000000000002, 1.6500000000000001, -2, 2.77955, 1.65025, -1.9998500000000001, -0.009371
11, 2.79, 1.6500000000000001, -2, 2.79015, 1.65025, -1.9998000000000002, -0.009413
11, 2.8, 1.6500000000000001, -2, 2.8006, 1.6499000000000001, -1.9999, -0.009355
11, 2.8099999999999996, 1.6500000000000001, -2, 2.8103000000000002, 1.6498000000000002, -1.9999500000000001, -0.009392
11, 2.8199999999999994, 1.6500000000000001, -2, 2.8205, 1.64985, -2.0, -0.00936
11, 2.829999999999999, 1.6500000000000001, -2, 2.8305, 1.64995, -1.9999500000000001, -0.00935
11, 2.839999999999999, 1.6500000000000001, -2, 2.8412, 1.6502000000000001, -2.0000500000000003, -0.009381
11, 2.8499999999999988, 1.6500000000000001, -2, 2.8498, 1.6503, -2.0000500000000003, -0.009334
11, 2.8599999999999985, 1.6500000000000001, -2, 2.8605, 1.6502000000000001, -2.0000500000000003, -0.009371
11, 2.8599999999999985, 1.6400000000000001, -2, 2.8608000000000002, 1.64045, -2.0001, -0.009392
11, 2.8599999999999985, 1.6300000000000001, -2, 2.8609, 1.63165, -2.0001, -0.009329
11, 2.8599999999999985, 1.62, -2, 2.85975, 1.62225, -2.0000500000000003, -0.009371
11, 2.8599999999999985, 1.61, -2, 2.8598500000000002, 1.61105, -2.0000500000000003, -0.009397
11, 2.8599999999999985, 1.6, -2, 2.86, 1.6003000000000003, -2.0, -0.009355
11, 2.8599999999999985, 1.59, -2, 2.8596000000000004, 1.59, -1.9999500000000001, -0.009319
11, 2.8599999999999985, 1.58, -2, 2.8611500000000003, 1.5801, -1.9999500000000001, -0.009387
11, 2.8599999999999985, 1.57, -2, 2.8605, 1.5687, -1.9999500000000001, -0.009376
11, 2.8599999999999985, 1.56, -2, 2.85955, 1.5602, -1.9999500000000001, -0.009397
11, 2.8599999999999985, 1.55, -2, 2.8597, 1.54875, -1.9999500000000001, -0.009387
11, 2.8599999999999985, 1.54, -2, 2.8593, 1.5394, -1.9999500000000001, -0.009392
12, 2.8499999999999988, 1.54, -2, 2.8506000000000005, 1.5392000000000001, -1.9999500000000001, -0.009329
12, 2.839999999999999, 1.54, -2, 2.8394500000000003, 1.5396, -2.0000500000000003, -0.009355
12, 2.829999999999999, 1.54, -2, 2.83035, 1.5401500000000001, -2.00015, -0.009345
12, 2.8199999999999994, 1.54, -2, 2.81925, 1.5402, -2.00015, -0.009319
12, 2.8099999999999996, 1.54, -2, 2.8099000000000003, 1.54025, -2.00015, -0.009376
12, 2.8, 1.54, -2, 2.7995, 1.5402, -2.0001, -0.009355
12, 2.79, 1.54, -2, 2.7892, 1.5399, -2.0001, -0.009387
12, 2.7800000000000002, 1.54, -2, 2.7795, 1.5398000000000003, -2.0000500000000003, -0.009392
12, 2.7700000000000005, 1.54, -2, 2.7697000000000003, 1.5398000000000003, -1.9999500000000001, -0.009355
12, 2.7600000000000007, 1.54, -2, 2.7602, 1.5398500000000002, -1.9999, -0.009345
12, 2.750000000000001, 1.54, -2, 2.7498500000000003, 1.54, -1.9999, -0.009413
12, 2.740000000000001, 1.54, -2, 2.74095, 1.5399500000000002, -1.9998500000000001, -0.009345
12, 2.740000000000001, 1.55, -2, 2.7398000000000002, 1.5506000000000002, -1.9999, -0.00935
12, 2.740000000000001, 1.56, -2, 2.7395, 1.55065, -1.9999, -0.009371
12, 2.740000000000001, 1.57, -2, 2.7389500000000004, 1.5741, -1.9999500000000001, -0.009402
12, 2.740000000000001, 1.58, -2, 2.7405, 1.58025, -2.0000500000000003, -0.009376
12, 2.740000000000001, 1.59, -2, 2.74135, 1.5902, -2.0000500000000003, -0.009407
12, 2.740000000000001, 1.6, -2, 2.7392000000000003, 1.6002, -2.0001, -0.009345
12, 2.740000000000001, 1.61, -2, 2.739, 1.60945, -2.0001, -0.00934
12, 2.740000000000001, 1.62, -2, 2.74005, 1.6185, -2.0001, -0.009402
12, 2.740000000000001, 1.6300000000000001, -2, 2.7401000000000004, 1.6283500000000002, -2.0001, -0.009371
12, 2.740000000000001, 1.6400000000000001, -2, 2.74095, 1.63725, -2.0000500000000003, -0.009345
12, 2.740000000000001, 1.6500000000000001, -2, 2.7393500000000004, 1.6488500000000001, -2.0000500000000003, -0.009397
12, 2.740000000000001, 1.6600000000000001, -2, 2.7389500000000004, 1.6595, -1.9999500000000001, -0.009387
13, 2.750000000000001, 1.6600000000000001, -2, 2.7498500000000003, 1.65955, -1.9998500000000001, -0.009334
13, 2.7600000000000007, 1.6600000000000001, -2, 2.7596000000000003, 1.65965, -1.9999, -0.009345
13, 2.7700000000000005, 1.6600000000000001, -2, 2.76975, 1.6603, -1.9998500000000001, -0.009413
13, 2.7800000000000002, 1.6600000000000001, -2, 2.7796000000000003, 1.6605, -1.9999, -0.009355
13, 2.79, 1.6600000000000001, -2, 2.79015, 1.6596000000000002, -1.9999500000000001, -0.009334
13, 2.8, 1.6600000000000001, -2, 2.801, 1.6596000000000002, -2.0, -0.009371
13, 2.8099999999999996, 1.6600000000000001, -2, 2.8094, 1.6603, -2.0, -0.009329
13, 2.8199999999999994, 1.6600000000000001, -2, 2.8208500000000005, 1.6604, -1.9999500000000001, -0.009329
13, 2.829999999999999, 1.6600000000000001, -2, 2.83075, 1.66, -2.0, -0.009376
13, 2.839999999999999, 1.6600000000000001, -2, 2.8314, 1.66, -2.0, -0.009397
13, 2.8499999999999988, 1.6600000000000001, -2, 2.8314, 1.66, -2.0, -0.009324
13, 2.8599999999999985, 1.6600000000000001, -2, 2.8314, 1.66, -2.0, -0.009392
13, 2.8699999999999983, 1.6600000000000001, -2, 2.8314, 1.66, -2.0, -0.009329
13, 2.8699999999999983, 1.6500000000000001, -2, 2.87055, 1.65045, -2.0001, -0.009397
13, 2.8699999999999983, 1.6400000000000001, -2, 2.8716000000000004, 1.64025, -2.0001, -0.009366
13, 2.8699999999999983, 1.6300000000000001, -2, 2.8699, 1.6315500000000003, -2.0000500000000003, -0.009329
13, 2.8699999999999983, 1.62, -2, 2.8697000000000004, 1.6231000000000002, -2.0001, -0.009381
13, 2.8699999999999983, 1.61, -2, 2.8697000000000004, 1.6109, -2.0001, -0.009355
13, 2.8699999999999983, 1.6, -2, 2.8706000000000005, 1.6003000000000003, -2.0000500000000003, -0.009345
13, 2.8699999999999983, 1.59, -2, 2.8695500000000003, 1.58965, -2.0, -0.009376
13, 2.8699999999999983, 1.58, -2, 2.8695, 1.5800500000000002, -2.0, -0.009387
13, 2.8699999999999983, 1.57, -2, 2.86965, 1.56915, -1.9999500000000001, -0.009392
13, 2.8699999999999983, 1.56, -2, 2.8705, 1.5595500000000002, -1.9999500000000001, -0.009381
13, 2.8699999999999983, 1.55, -2, 2.8711, 1.5487, -1.9999500000000001, -0.009392
13, 2.8699999999999983, 1.54, -2, 2.86975, 1.5395, -1.9999500000000001, -0.00935
13, 2.8699999999999983, 1.53, -2, 2.8698500000000005, 1.5292000000000001, -1.9999500000000001, -0.009392
14, 2.8599999999999985, 1.53, -2, 2.8594, 1.5295, -2.0, -0.009397
14, 2.8499999999999988, 1.53, -2, 2.8508500000000003, 1.5299500000000001, -2.0, -0.009334
14, 2.839999999999999, 1.53, -2, 2.8395, 1.5300500000000001, -2.0, -0.009324
14, 2.829999999999999, 1.53, -2, 2.8302000000000005, 1.5301000000000002, -2.0, -0.009319
14, 2.8199999999999994, 1.53, -2, 2.8192000000000004, 1.5300500000000001, -2.0000500000000003, -0.009371
14, 2.8099999999999996, 1.53, -2, 2.8098, 1.5301000000000002, -2.0001, -0.009387
14, 2.8, 1.53, -2, 2.79945, 1.5301000000000002, -2.0001, -0.009324
14, 2.79, 1.53, -2, 2.7897000000000003, 1.5300500000000001, -2.0001, -0.009387
14, 2.7800000000000002, 1.53, -2, 2.7789, 1.53, -2.0001, -0.009376
14, 2.7700000000000005, 1.53, -2, 2.7701000000000002, 1.5300500000000001, -2.0000500000000003, -0.009407
14, 2.7600000000000007, 1.53, -2, 2.76025, 1.53, -2.0, -0.009371
14, 2.750000000000001, 1.53, -2, 2.7497000000000003, 1.5299500000000001, -2.0, -0.009329
14, 2.740000000000001, 1.53, -2, 2.74105, 1.52975, -2.0, -0.009334
14, 2.7300000000000013, 1.53, -2, 2.73055, 1.52975, -2.0, -0.009392
14, 2.7300000000000013, 1.54, -2, 2.7308000000000003, 1.5399, -2.0000500000000003, -0.009413
14, 2.7300000000000013, 1.55, -2, 2.72915, 1.5521, -2.0000500000000003, -0.009334
14, 2.7300000000000013, 1.56, -2, 2.72965, 1.5618500000000002, -1.9999500000000001, -0.009397
14, 2.7300000000000013, 1.57, -2, 2.7300500000000003, 1.57115, -1.9999, -0.00934
14, 2.7300000000000013, 1.58, -2, 2.73, 1.5712000000000002, -1.9998500000000001, -0.009407
14, 2.7300000000000013, 1.59, -2, 2.7300500000000003, 1.5712000000000002, -1.9999, -0.009334
14, 2.7300000000000013, 1.6, -2, 2.73, 1.60115, -1.9999, -0.009397
14, 2.7300000000000013, 1.61, -2, 2.7300500000000003, 1.60895, -1.9998500000000001, -0.009345
14, 2.7300000000000013, 1.62, -2, 2.7302000000000004, 1.6182, -1.9998500000000001, -0.009392
14, 2.7300000000000013, 1.6300000000000001, -2, 2.7298500000000003, 1.6283, -2.0, -0.009376
14, 2.7300000000000013, 1.6400000000000001, -2, 2.7298500000000003, 1.6386, -2.0, -0.00934
14, 2.7300000000000013, 1.6500000000000001, -2, 2.7302000000000004, 1.64845, -2.0, -0.009397
14, 2.7300000000000013, 1.6600000000000001, -2, 2.7308000000000003, 1.6591500000000001, -1.9999500000000001, -0.009392
14, 2.7300000000000013, 1.6700000000000002, -2, 2.7291000000000003, 1.6697, -2.0000500000000003, -0.009329
15, 2.740000000000001, 1.6700000000000002, -2, 2.73915, 1.6697, -2.0001, -0.009334
15, 2.750000000000001, 1.6700000000000002, -2, 2.7495, 1.6697, -2.0001, -0.009402
15, 2.7600000000000007, 1.6700000000000002, -2, 2.75945, 1.6697, -2.0001, -0.009402
15, 2.7700000000000005, 1.6700000000000002, -2, 2.77, 1.66995, -2.0000500000000003, -0.00934
15, 2.7800000000000002, 1.6700000000000002, -2, 2.7702000000000004, 1.66995, -2.0000500000000003, -0.00935
15, 2.79, 1.6700000000000002, -2, 2.7898500000000004, 1.67075, -2.0, -0.009402
15, 2.8, 1.6700000000000002, -2, 2.7997, 1.6702000000000001, -2.0, -0.009355
15, 2.8099999999999996, 1.6700000000000002, -2, 2.8100500000000004, 1.6699000000000002, -2.0, -0.009355
15, 2.8199999999999994, 1.6700000000000002, -2, 2.8219000000000003, 1.66985, -1.9999, -0.009402
15, 2.829999999999999, 1.6700000000000002, -2, 2.83015, 1.66985, -1.9999, -0.009345
15, 2.839999999999999, 1.6700000000000002, -2, 2.8401000000000005, 1.66985, -1.9999, -0.00934
15, 2.8499999999999988, 1.6700000000000002, -2, 2.851, 1.66985, -1.9999500000000001, -0.009407
15, 2.8599999999999985, 1.6700000000000002, -2, 2.8601000000000005, 1.6700500000000003, -1.9999, -0.009334
15, 2.8699999999999983, 1.6700000000000002, -2, 2.8697000000000004, 1.6703000000000001, -1.9999500000000001, -0.009366
15, 2.879999999999998, 1.6700000000000002, -2, 2.88015, 1.6702000000000001, -1.9999500000000001, -0.009392
15, 2.879999999999998, 1.6600000000000001, -2, 2.8805500000000004, 1.6606500000000002, -2.0000500000000003, -0.009329
15, 2.879999999999998, 1.6500000000000001, -2, 2.88075, 1.6501000000000001, -2.0001, -0.009371
15, 2.879999999999998, 1.6400000000000001, -2, 2.8793, 1.6406, -2.0001, -0.009392
15, 2.879999999999998, 1.6300000000000001, -2, 2.8796500000000003, 1.63145, -2.0001, -0.00934
15, 2.879999999999998, 1.62, -2, 2.8798500000000002, 1.623, -2.0001, -0.009329
15, 2.879999999999998, 1.61, -2, 2.8808500000000006, 1.6106, -2.0000500000000003, -0.009392
15, 2.879999999999998, 1.6, -2, 2.88105, 1.5997000000000001, -2.0000500000000003, -0.009381
15, 2.879999999999998, 1.59, -2, 2.8799500000000005, 1.5901500000000002, -2.0, -0.009314
15, 2.879999999999998, 1.58, -2, 2.8799500000000005, 1.5793000000000001, -2.0, -0.009397
15, 2.879999999999998, 1.57, -2, 2.8794, 1.5705, -2.0, -0.009329
15, 2.879999999999998, 1.56, -2, 2.8795, 1.55885, -2.0000500000000003, -0.009334
15, 2.879999999999998, 1.55, -2, 2.88075, 1.5494, -1.9999500000000001, -0.009392
15, 2.879999999999998, 1.54, -2, 2.8805500000000004, 1.5390500000000003, -1.9999, -0.009381
15, 2.879999999999998, 1.53, -2, 2.8799, 1.5294, -1.9999, -0.009334
15, 2.879999999999998, 1.52, -2, 2.87975, 1.5195500000000002, -1.9999, -0.00936
16, 2.8699999999999983, 1.52, -2, 2.8702, 1.5194, -1.9999, -0.009334
16, 2.8599999999999985, 1.52, -2, 2.8606000000000003, 1.51975, -1.9999500000000001, -0.009392
16, 2.8499999999999988, 1.52, -2, 2.8494, 1.5199500000000001, -2.0, -0.009334
16, 2.839999999999999, 1.52, -2, 2.84015, 1.5202, -2.0000500000000003, -0.009397
16, 2.829999999999999, 1.52, -2, 2.8299000000000003, 1.52035, -2.0001, -0.00934
16, 2.8199999999999994, 1.52, -2, 2.81925, 1.5204000000000002, -2.0001, -0.009334
16, 2.8099999999999996, 1.52, -2, 2.8098500000000004, 1.5199, -2.0001, -0.00936
16, 2.8, 1.52, -2, 2.79945, 1.51975, -2.0001, -0.00934
16, 2.79, 1.52, -2, 2.7898, 1.5198000000000003, -2.0001, -0.009387
16, 2.7800000000000002, 1.52, -2, 2.7788500000000003, 1.51975, -2.0001, -0.009324
16, 2.7700000000000005, 1.52, -2, 2.76995, 1.5199500000000001, -2.0000500000000003, -0.009387
16, 2.7600000000000007, 1.52, -2, 2.7602, 1.5202, -2.0, -0.009329
16, 2.750000000000001, 1.52, -2, 2.7499000000000002, 1.52035, -2.0, -0.009324
16, 2.740000000000001, 1.52, -2, 2.7407000000000004, 1.5203000000000002, -2.0, -0.009392
16, 2.7300000000000013, 1.52, -2, 2.7306000000000004, 1.5199, -2.0, -0.00934
16, 2.7200000000000015, 1.52, -2, 2.7209, 1.51975, -2.0000500000000003, -0.00935
16, 2.7200000000000015, 1.53, -2, 2.7206000000000006, 1.5300500000000001, -2.0000500000000003, -0.009418
16, 2.7200000000000015, 1.54, -2, 2.7193500000000004, 1.5404, -1.9999500000000001, -0.00936
16, 2.7200000000000015, 1.55, -2, 2.7188000000000003, 1.55255, -1.9998500000000001, -0.009345
16, 2.7200000000000015, 1.56, -2, 2.7203500000000003, 1.5611000000000002, -1.9998500000000001, -0.009397
16, 2.7200000000000015, 1.57, -2, 2.72065, 1.5713500000000002, -1.9998500000000001, -0.009376
16, 2.7200000000000015, 1.58, -2, 2.7205, 1.58085, -1.9999500000000001, -0.00934
16, 2.7200000000000015, 1.59, -2, 2.7198500000000005, 1.5903500000000002, -2.0000500000000003, -0.009407
16, 2.7200000000000015, 1.6, -2, 2.7195, 1.5996000000000001, -2.0001, -0.00934
16, 2.7200000000000015, 1.61, -2, 2.7194000000000003, 1.6091000000000002, -2.0001, -0.00934
16, 2.7200000000000015, 1.62, -2, 2.7195, 1.61825, -2.0001, -0.009407
16, 2.7200000000000015, 1.6300000000000001, -2, 2.7199, 1.6282, -2.0001, -0.00936
16, 2.7200000000000015, 1.6400000000000001, -2, 2.72005, 1.6384, -2.0001, -0.009345
16, 2.7200000000000015, 1.6500000000000001, -2, 2.7202, 1.6484, -2.0000500000000003, -0.009402
16, 2.7200000000000015, 1.6600000000000001, -2, 2.7201500000000003, 1.6595, -1.9999500000000001, -0.009334
16, 2.7200000000000015, 1.6700000000000002, -2, 2.72005, 1.6698000000000002, -1.9999, -0.00934
16, 2.7200000000000015, 1.6800000000000002, -2, 2.72075, 1.6796000000000002, -1.9999, -0.009397
17, 2.7300000000000013, 1.6800000000000002, -2, 2.728, 1.6803000000000001, -1.9999, -0.009345
17, 2.740000000000001, 1.6800000000000002, -2, 2.73975, 1.6803500000000002, -1.9999, -0.009397
17, 2.750000000000001, 1.6800000000000002, -2, 2.7493000000000003, 1.6803000000000001, -1.9998500000000001, -0.009402
17, 2.7600000000000007, 1.6800000000000002, -2, 2.75945, 1.6800500000000003, -1.9999500000000001, -0.009329
17, 2.7700000000000005, 1.6800000000000002, -2, 2.7698, 1.6793500000000001, -2.0, -0.009402
17, 2.7800000000000002, 1.6800000000000002, -2, 2.7796000000000003, 1.6798000000000002, -2.0, -0.009376
17, 2.79, 1.6800000000000002, -2, 2.7899000000000003, 1.6801000000000001, -2.0000500000000003, -0.009329
17, 2.8, 1.6800000000000002, -2, 2.8009, 1.68015, -2.0, -0.00936
17, 2.8099999999999996, 1.6800000000000002, -2, 2.81075, 1.68025, -2.0, -0.00935
17, 2.8199999999999994, 1.6800000000000002, -2, 2.8208, 1.68015, -2.0, -0.009407
17, 2.829999999999999, 1.6800000000000002, -2, 2.8306000000000004, 1.68, -2.0, -0.009376
17, 2.839999999999999, 1.6800000000000002, -2, 2.8309, 1.68, -2.0, -0.009355
17, 2.8499999999999988, 1.6800000000000002, -2, 2.83095, 1.68, -2.0, -0.009381
17, 2.8599999999999985, 1.6800000000000002, -2, 2.8309, 1.6800500000000003, -2.0, -0.009334
17, 2.8699999999999983, 1.6800000000000002, -2, 2.8711, 1.6793500000000001, -2.0, -0.009381
17, 2.879999999999998, 1.6800000000000002, -2, 2.87975, 1.6797, -1.9999500000000001, -0.009355
17, 2.889999999999998, 1.6800000000000002, -2, 2.8898500000000005, 1.68015, -1.9999500000000001, -0.009397
17, 2.889999999999998, 1.6700000000000002, -2, 2.8904, 1.66965, -1.9999500000000001, -0.009334
17, 2.889999999999998, 1.6600000000000001, -2, 2.8898, 1.6610500000000001, -2.0, -0.00934
17, 2.889999999999998, 1.6500000000000001, -2, 2.8907000000000003, 1.65045, -2.0, -0.009397
17, 2.889999999999998, 1.6400000000000001, -2, 2.889, 1.6413000000000002, -2.0, -0.009387
17, 2.889999999999998, 1.6300000000000001, -2, 2.8903000000000003, 1.63125, -1.9999500000000001, -0.009345
17, 2.889999999999998, 1.62, -2, 2.89055, 1.6215500000000003, -1.9999500000000001, -0.009387
17, 2.889999999999998, 1.61, -2, 2.8908500000000004, 1.6106, -2.0000500000000003, -0.009397
17, 2.889999999999998, 1.6, -2, 2.8902, 1.5995, -2.0001, -0.009329
17, 2.889999999999998, 1.59, -2, 2.8899500000000002, 1.58995, -2.0001, -0.009371
17, 2.889999999999998, 1.58, -2, 2.88915, 1.5801500000000002, -2.0001, -0.009402
17, 2.889999999999998, 1.57, -2, 2.89065, 1.5693500000000002, -2.0001, -0.009355
17, 2.889999999999998, 1.56, -2, 2.8899500000000002, 1.5597, -2.00015, -0.009376
17, 2.889999999999998, 1.55, -2, 2.89025, 1.54945, -2.0000500000000003, -0.009413
17, 2.889999999999998, 1.54, -2, 2.8899500000000002, 1.539, -2.0, -0.009381
17, 2.889999999999998, 1.53, -2, 2.8898500000000005, 1.5303000000000002, -2.0, -0.00934
17, 2.889999999999998, 1.52, -2, 2.8894, 1.5193, -2.0, -0.009319
17, 2.889999999999998, 1.51, -2, 2.89025, 1.5098500000000001, -2.0, -0.009376
18, 2.879999999999998, 1.51, -2, 2.8805500000000004, 1.5096500000000002, -2.0, -0.009334
18, 2.8699999999999983, 1.51, -2, 2.8703000000000003, 1.5097, -1.9999500000000001, -0.009387
18, 2.8599999999999985, 1.51, -2, 2.8601000000000005, 1.5099, -1.9999500000000001, -0.009402
18, 2.8499999999999988, 1.51, -2, 2.8499, 1.5100500000000001, -2.0, -0.009345
18, 2.839999999999999, 1.51, -2, 2.8396000000000003, 1.51015, -2.0, -0.009329
18, 2.829999999999999, 1.51, -2, 2.8299000000000003, 1.51015, -2.0, -0.009397
18, 2.8199999999999994, 1.51, -2, 2.8193500000000005, 1.5102, -2.0000500000000003, -0.009381
18, 2.8099999999999996, 1.51, -2, 2.8097000000000003, 1.51015, -2.0, -0.009392
18, 2.8, 1.51, -2, 2.79955, 1.5101000000000002, -2.0, -0.009397
18, 2.79, 1.51, -2, 2.789, 1.5100500000000001, -2.0000500000000003, -0.009334
18, 2.7800000000000002, 1.51, -2, 2.7799, 1.5099500000000001, -2.0000500000000003, -0.009387
18, 2.7700000000000005, 1.51, -2, 2.76965, 1.5098500000000001, -2.0, -0.00934
18, 2.7600000000000007, 1.51, -2, 2.76005, 1.5098500000000001, -2.0, -0.009329
18, 2.750000000000001, 1.51, -2, 2.74995, 1.5098000000000003, -1.9999, -0.009397
18, 2.740000000000001, 1.51, -2, 2.74075, 1.5099, -1.9999, -0.009355
18, 2.7300000000000013, 1.51, -2, 2.7309, 1.5099500000000001, -1.9999500000000001, -0.00935
18, 2.7200000000000015, 1.51, -2, 2.7206000000000006, 1.51015, -1.9999500000000001, -0.009407
18, 2.7100000000000017, 1.51, -2, 2.71075, 1.5102, -2.0, -0.009371
18, 2.7100000000000017, 1.52, -2, 2.7109, 1.5197, -2.0, -0.009345
18, 2.7100000000000017, 1.53, -2, 2.7095, 1.53055, -2.0, -0.009345
18, 2.7100000000000017, 1.54, -2, 2.70965, 1.5409000000000002, -1.9999500000000001, -0.009355
18, 2.7100000000000017, 1.55, -2, 2.70965, 1.5528000000000002, -2.0, -0.009397
18, 2.7100000000000017, 1.56, -2, 2.7098500000000003, 1.5612000000000001, -2.0, -0.009381
18, 2.7100000000000017, 1.57, -2, 2.71, 1.57095, -2.0, -0.009345
18, 2.7100000000000017, 1.58, -2, 2.71, 1.571, -2.0, -0.009402
18, 2.7100000000000017, 1.59, -2, 2.7100500000000003, 1.571, -1.9999500000000001, -0.00934
18, 2.7100000000000017, 1.6, -2, 2.7095, 1.6009, -2.0000500000000003, -0.009397
18, 2.7100000000000017, 1.61, -2, 2.7103, 1.6080500000000002, -2.0001, -0.00934
18, 2.7100000000000017, 1.62, -2, 2.71015, 1.6183, -2.0001, -0.009418
18, 2.7100000000000017, 1.6300000000000001, -2, 2.7103, 1.6282, -2.0001, -0.009345
18, 2.7100000000000017, 1.6400000000000001, -2, 2.71, 1.63845, -2.0001, -0.00934
18, 2.7100000000000017, 1.6500000000000001, -2, 2.7101, 1.6490500000000001, -2.0001, -0.009392
18, 2.7100000000000017, 1.6600000000000001, -2, 2.71, 1.65935, -2.0000500000000003, -0.009407
18, 2.7100000000000017, 1.6700000000000002, -2, 2.70965, 1.6697, -2.0, -0.009355
18, 2.7100000000000017, 1.6800000000000002, -2, 2.71055, 1.67945, -2.0, -0.009387
18, 2.7100000000000017, 1.6900000000000002, -2, 2.7093000000000003, 1.6907, -1.9999500000000001, -0.009418
19, 2.7200000000000015, 1.6900000000000002, -2, 2.7186500000000002, 1.6898000000000002, -1.9998500000000001, -0.00936
19, 2.7300000000000013, 1.6900000000000002, -2, 2.7295, 1.68975, -1.9998500000000001, -0.009355
19, 2.740000000000001, 1.6900000000000002, -2, 2.7393, 1.6898000000000002, -1.9998500000000001, -0.009387
19, 2.750000000000001, 1.6900000000000002, -2, 2.7492, 1.68995, -1.9999500000000001, -0.009345
19, 2.7600000000000007, 1.6900000000000002, -2, 2.74915, 1.68995, -1.9999500000000001, -0.009345
19, 2.7700000000000005, 1.6900000000000002, -2, 2.7687000000000004, 1.6903000000000001, -2.0, -0.009397
19, 2.7800000000000002, 1.6900000000000002, -2, 2.7799, 1.6906, -2.0, -0.009366
19, 2.79, 1.6900000000000002, -2, 2.79025, 1.6898000000000002, -2.0, -0.00934
19, 2.8, 1.6900000000000002, -2, 2.80075, 1.68965, -2.0, -0.009376
19, 2.8099999999999996, 1.6900000000000002, -2, 2.81055, 1.68985, -2.0, -0.009345
19, 2.8199999999999994, 1.6900000000000002, -2, 2.8208500000000005, 1.68995, -1.9999500000000001, -0.009407
19, 2.829999999999999, 1.6900000000000002, -2, 2.83055, 1.69015, -2.0000500000000003, -0.00936
19, 2.839999999999999, 1.6900000000000002, -2, 2.8406000000000002, 1.6903000000000001, -2.0001, -0.00935
19, 2.8499999999999988, 1.6900000000000002, -2, 2.85035, 1.69025, -2.0001, -0.009397
19, 2.8599999999999985, 1.6900000000000002, -2, 2.8603, 1.6899000000000002, -2.0001, -0.009329
19, 2.8699999999999983, 1.6900000000000002, -2, 2.86965, 1.6899000000000002, -2.0001, -0.009376
19, 2.879999999999998, 1.6900000000000002, -2, 2.88005, 1.6899000000000002, -2.0001, -0.009392
19, 2.889999999999998, 1.6900000000000002, -2, 2.8903000000000003, 1.68985, -2.0000500000000003, -0.00935
19, 2.8999999999999977, 1.6900000000000002, -2, 2.8997, 1.6899000000000002, -1.9999500000000001, -0.009381
19, 2.8999999999999977, 1.6800000000000002, -2, 2.90025, 1.68045, -1.9999500000000001, -0.009392
19, 2.8999999999999977, 1.6700000000000002, -2, 2.8995, 1.66995, -1.9999500000000001, -0.009319
19, 2.8999999999999977, 1.6600000000000001, -2, 2.8992000000000004, 1.6612, -1.9999500000000001, -0.009334
19, 2.8999999999999977, 1.6500000000000001, -2, 2.90105, 1.6498000000000002, -2.0, -0.009407
19, 2.8999999999999977, 1.6400000000000001, -2, 2.8994500000000003, 1.6415500000000003, -1.9999500000000001, -0.009381
19, 2.8999999999999977, 1.6300000000000001, -2, 2.9003500000000004, 1.63135, -2.0, -0.00935
19, 2.8999999999999977, 1.62, -2, 2.901, 1.621, -1.9999500000000001, -0.009402
19, 2.8999999999999977, 1.61, -2, 2.90015, 1.6103000000000003, -2.0, -0.009428
19, 2.8999999999999977, 1.6, -2, 2.8990500000000003, 1.60025, -2.0, -0.009345
19, 2.8999999999999977, 1.59, -2, 2.8999, 1.5900500000000002, -2.0000500000000003, -0.009345
19, 2.8999999999999977, 1.58, -2, 2.9005, 1.5795, -2.0000500000000003, -0.009392
19, 2.8999999999999977, 1.57, -2, 2.9009, 1.56945, -2.0000500000000003, -0.009381
19, 2.8999999999999977, 1.56, -2, 2.8999500000000005, 1.55965, -2.0000500000000003, -0.009366
19, 2.8999999999999977, 1.55, -2, 2.9000500000000002, 1.55965, -2.0000500000000003, -0.009376
19, 2.8999999999999977, 1.54, -2, 2.8992000000000004, 1.5389000000000002, -2.0000500000000003, -0.009345
19, 2.8999999999999977, 1.53, -2, 2.9, 1.5302, -2.0, -0.009402
19, 2.8999999999999977, 1.52, -2, 2.9005, 1.5191000000000001, -2.0000500000000003, -0.00934
19, 2.8999999999999977, 1.51, -2, 2.9, 1.5101000000000002, -2.0, -0.009397
19, 2.8999999999999977, 1.5, -2, 2.90015, 1.51015, -2.0000500000000003, -0.009334
20, 2.889999999999998, 1.5, -2, 2.8904500000000004, 1.4990500000000002, -1.9999500000000001, -0.009392
20, 2.879999999999998, 1.5, -2, 2.88005, 1.4995, -1.9999, -0.009366
20, 2.8699999999999983, 1.5, -2, 2.87065, 1.5002, -1.9999, -0.00936
20, 2.8599999999999985, 1.5, -2, 2.8599, 1.5003000000000002, -1.9999, -0.00935
20, 2.8499999999999988, 1.5, -2, 2.8498, 1.50025, -1.9999500000000001, -0.009418
20, 2.839999999999999, 1.5, -2, 2.8394, 1.5003000000000002, -2.0000500000000003, -0.009413
20, 2.829999999999999, 1.5, -2, 2.83035, 1.5, -2.0000500000000003, -0.009366
20, 2.8199999999999994, 1.5, -2, 2.819, 1.4999500000000001, -2.0001, -0.009402
20, 2.8099999999999996, 1.5, -2, 2.80995, 1.5, -2.0001, -0.00934
20, 2.8, 1.5, -2, 2.7994, 1.50005, -2.0001, -0.009355
20, 2.79, 1.5, -2, 2.78975, 1.4997, -2.0000500000000003, -0.009371
20, 2.7800000000000002, 1.5, -2, 2.7790500000000002, 1.4995500000000002, -2.0000500000000003, -0.009345
20, 2.7700000000000005, 1.5, -2, 2.7698, 1.49975, -2.0000500000000003, -0.009392
20, 2.7600000000000007, 1.5, -2, 2.7603500000000003, 1.50005, -2.0, -0.009334
20, 2.750000000000001, 1.5, -2, 2.74965, 1.5003000000000002, -2.0, -0.009345
20, 2.740000000000001, 1.5, -2, 2.7403500000000003, 1.50035, -2.0, -0.009397
20, 2.7300000000000013, 1.5, -2, 2.73105, 1.5001000000000002, -2.0, -0.009376
20, 2.7200000000000015, 1.5, -2, 2.7208500000000004, 1.5, -2.0, -0.009345
20, 2.7100000000000017, 1.5, -2, 2.71075, 1.4998500000000001, -2.0, -0.009402
20, 2.700000000000002, 1.5, -2, 2.7007000000000003, 1.4998500000000001, -2.0, -0.009381
20, 2.700000000000002, 1.51, -2, 2.6996, 1.5100500000000001, -2.0, -0.009345
20, 2.700000000000002, 1.52, -2, 2.69925, 1.5200500000000001, -2.0, -0.009407
20, 2.700000000000002, 1.53, -2, 2.70075, 1.5303000000000002, -1.9999500000000001, -0.009387
20, 2.700000000000002, 1.54, -2, 2.6995, 1.54125, -1.9999, -0.009345
20, 2.700000000000002, 1.55, -2, 2.6999, 1.5525, -1.9999, -0.009418
20, 2.700000000000002, 1.56, -2, 2.6999, 1.5611000000000002, -1.9999, -0.00934
20, 2.700000000000002, 1.57, -2, 2.6999500000000003, 1.5705500000000001, -1.9999, -0.009381
20, 2.700000000000002, 1.58, -2, 2.6999, 1.5805500000000001, -1.9999500000000001, -0.009392
20, 2.700000000000002, 1.59, -2, 2.6999, 1.59, -2.0, -0.009329
20, 2.700000000000002, 1.6, -2, 2.69965, 1.59945, -2.0, -0.009397
20, 2.700000000000002, 1.61, -2, 2.7003500000000003, 1.6086, -2.0, -0.009366
20, 2.700000000000002, 1.62, -2, 2.70075, 1.6179000000000001, -2.0, -0.009334
20, 2.700000000000002, 1.6300000000000001, -2, 2.7003500000000003, 1.62825, -2.0, -0.009402
20, 2.700000000000002, 1.6400000000000001, -2, 2.7004, 1.6283, -1.9999500000000001, -0.009355
20, 2.700000000000002, 1.6500000000000001, -2, 2.6995, 1.6480500000000002, -2.0000500000000003, -0.009329
20, 2.700000000000002, 1.6600000000000001, -2, 2.6989, 1.6595, -2.0001, -0.009376
20, 2.700000000000002, 1.6700000000000002, -2, 2.6993500000000004, 1.66975, -2.0001, -0.009397
20, 2.700000000000002, 1.6800000000000002, -2, 2.6999, 1.6804000000000001, -2.0001, -0.00934
20, 2.700000000000002, 1.6900000000000002, -2, 2.70075, 1.6895, -2.0001, -0.009355
20, 2.700000000000002, 1.7000000000000002, -2, 2.6998500000000005, 1.7006000000000001, -2.0001, -0.009402
21, 2.7100000000000017, 1.7000000000000002, -2, 2.70925, 1.7004000000000001, -2.0, -0.009381
21, 2.7200000000000015, 1.7000000000000002, -2, 2.7192000000000003, 1.70025, -2.0, -0.009334
21, 2.7300000000000013, 1.7000000000000002, -2, 2.729, 1.7001000000000002, -1.9999500000000001, -0.009376
21, 2.740000000000001, 1.7000000000000002, -2, 2.7392000000000003, 1.6998000000000002, -1.9999, -0.009397
21, 2.750000000000001, 1.7000000000000002, -2, 2.74905, 1.69965, -1.9999, -0.009387
21, 2.7600000000000007, 1.7000000000000002, -2, 2.7592000000000003, 1.69985, -1.9998500000000001, -0.009319
21, 2.7700000000000005, 1.7000000000000002, -2, 2.7698, 1.70015, -1.9999, -0.009407
21, 2.7800000000000002, 1.7000000000000002, -2, 2.7799500000000004, 1.70035, -1.9999500000000001, -0.009376
21, 2.79, 1.7000000000000002, -2, 2.7894, 1.70025, -2.0, -0.009319
21, 2.8, 1.7000000000000002, -2, 2.80075, 1.69995, -2.0, -0.009345
21, 2.8099999999999996, 1.7000000000000002, -2, 2.8107, 1.69975, -1.9999, -0.009345
21, 2.8199999999999994, 1.7000000000000002, -2, 2.82125, 1.69975, -2.0, -0.009392
21, 2.829999999999999, 1.7000000000000002, -2, 2.8306000000000004, 1.7001000000000002, -1.9999500000000001, -0.009324
21, 2.839999999999999, 1.7000000000000002, -2, 2.8405500000000004, 1.7003000000000001, -2.0000500000000003, -0.009376
21, 2.8499999999999988, 1.7000000000000002, -2, 2.85015, 1.7003000000000001, -2.0001, -0.009402
21, 2.8599999999999985, 1.7000000000000002, -2, 2.8604000000000003, 1.7000500000000003, -2.0001, -0.009376
21, 2.8699999999999983, 1.7000000000000002, -2, 2.8698500000000005, 1.69975, -2.0000500000000003, -0.009329
21, 2.879999999999998, 1.7000000000000002, -2, 2.88015, 1.6996000000000002, -2.0001, -0.009376
21, 2.889999999999998, 1.7000000000000002, -2, 2.8896, 1.7, -2.0000500000000003, -0.009402
21, 2.8999999999999977, 1.7000000000000002, -2, 2.8898500000000005, 1.6999000000000002, -2.0001, -0.009381
21, 2.9099999999999975, 1.7000000000000002, -2, 2.9101000000000004, 1.7000500000000003, -2.0000500000000003, -0.00935
21, 2.9099999999999975, 1.6900000000000002, -2, 2.91005, 1.68965, -2.0, -0.009392
21, 2.9099999999999975, 1.6800000000000002, -2, 2.91065, 1.6805, -2.0, -0.009329
21, 2.9099999999999975, 1.6700000000000002, -2, 2.9102, 1.66955, -2.0, -0.009329
21, 2.9099999999999975, 1.6600000000000001, -2, 2.9089500000000004, 1.6611500000000001, -2.0, -0.009397
21, 2.9099999999999975, 1.6500000000000001, -2, 2.911, 1.64965, -1.9999500000000001, -0.00936
21, 2.9099999999999975, 1.6400000000000001, -2, 2.9105, 1.6409, -1.9999500000000001, -0.009329
21, 2.9099999999999975, 1.6300000000000001, -2, 2.91005, 1.63125, -1.9999500000000001, -0.009402
21, 2.9099999999999975, 1.62, -2, 2.9102, 1.6203, -1.9999500000000001, -0.009381
21, 2.9099999999999975, 1.61, -2, 2.9104, 1.61075, -1.9999500000000001, -0.00935
21, 2.9099999999999975, 1.6, -2, 2.9102, 1.6006500000000001, -2.0, -0.009366
21, 2.9099999999999975, 1.59, -2, 2.91035, 1.6007, -2.0, -0.009402
21, 2.9099999999999975, 1.58, -2, 2.9108, 1.5787, -2.0, -0.009355
21, 2.9099999999999975, 1.57, -2, 2.90925, 1.5704500000000001, -1.9999500000000001, -0.009407
21, 2.9099999999999975, 1.56, -2, 2.9098, 1.5595500000000002, -2.0, -0.009366
21, 2.9099999999999975, 1.55, -2, 2.9101500000000002, 1.5493000000000001, -2.0, -0.009345
21, 2.9099999999999975, 1.54, -2, 2.9098, 1.5399, -2.0, -0.009392
21, 2.9099999999999975, 1.53, -2, 2.9095500000000003, 1.5302, -2.0, -0.009366
21, 2.9099999999999975, 1.52, -2, 2.91095, 1.51925, -2.0001, -0.009334
21, 2.9099999999999975, 1.51, -2, 2.9102, 1.5100500000000001, -2.0001, -0.00935
21, 2.9099999999999975, 1.5, -2, 2.91035, 1.49925, -2.0001, -0.009324
21, 2.9099999999999975, 1.49, -2, 2.9099500000000003, 1.4901000000000002, -2.0001, -0.00934
22, 2.8999999999999977, 1.49, -2, 2.90015, 1.4899, -2.0001, -0.009345
22, 2.889999999999998, 1.49, -2, 2.89, 1.4898500000000001, -2.0001, -0.009345
22, 2.879999999999998, 1.49, -2, 2.8806000000000003, 1.4899, -2.0000500000000003, -0.009371
22, 2.8699999999999983, 1.49, -2, 2.87035, 1.4898000000000002, -2.0, -0.009334
22, 2.8599999999999985, 1.49, -2, 2.86, 1.4898500000000001, -2.0, -0.009366
22, 2.8499999999999988, 1.49, -2, 2.8499, 1.4898000000000002, -2.0000500000000003, -0.009407
22, 2.839999999999999, 1.49, -2, 2.8394500000000003, 1.49005, -2.0000500000000003, -0.00935
22, 2.829999999999999, 1.49, -2, 2.83025, 1.49015, -1.9999500000000001, -0.009402
22, 2.8199999999999994, 1.49, -2, 2.81895, 1.49015, -2.0, -0.009355
22, 2.8099999999999996, 1.49, -2, 2.8099000000000003, 1.49015, -2.0, -0.009392
22, 2.8, 1.49, -2, 2.7995, 1.49015, -2.0, -0.009392
22, 2.79, 1.49, -2, 2.78905, 1.4901000000000002, -2.0000500000000003, -0.009329
22, 2.7800000000000002, 1.49, -2, 2.77955, 1.48995, -2.0000500000000003, -0.009407
22, 2.7700000000000005, 1.49, -2, 2.7696000000000005, 1.48995, -1.9999500000000001, -0.009407
22, 2.7600000000000007, 1.49, -2, 2.76015, 1.4898500000000001, -1.9999, -0.00934
22, 2.750000000000001, 1.49, -2, 2.74995, 1.4898500000000001, -1.9999, -0.009423
22, 2.740000000000001, 1.49, -2, 2.7406, 1.4898000000000002, -1.9999, -0.009371
22, 2.7300000000000013, 1.49, -2, 2.7308000000000003, 1.4898000000000002, -1.9999, -0.009334
22, 2.7200000000000015, 1.49, -2, 2.7208, 1.49, -1.9999500000000001, -0.009413
22, 2.7100000000000017, 1.49, -2, 2.7108000000000003, 1.49, -2.0, -0.009345
22, 2.700000000000002, 1.49, -2, 2.7008, 1.49005, -1.9999500000000001, -0.009345
22, 2.690000000000002, 1.49, -2, 2.6913500000000004, 1.49005, -2.0000500000000003, -0.009334
22, 2.690000000000002, 1.5, -2, 2.6908000000000003, 1.50015, -2.0001, -0.009376
22, 2.690000000000002, 1.51, -2, 2.68915, 1.51035, -2.0001, -0.009329
22, 2.690000000000002, 1.52, -2, 2.6897, 1.5198000000000003, -2.0001, -0.009314
22, 2.690000000000002, 1.53, -2, 2.689, 1.531, -2.0001, -0.009392
22, 2.690000000000002, 1.54, -2, 2.6896000000000004, 1.54235, -2.0000500000000003, -0.009345
22, 2.690000000000002, 1.55, -2, 2.68975, 1.5513500000000002, -2.0, -0.009413
22, 2.690000000000002, 1.56, -2, 2.68995, 1.56125, -2.0000500000000003, -0.009387
22, 2.690000000000002, 1.57, -2, 2.6901, 1.5703000000000003, -2.0, -0.009334
22, 2.690000000000002, 1.58, -2, 2.6898500000000003, 1.5804, -1.9999500000000001, -0.009381
22, 2.690000000000002, 1.59, -2, 2.6897, 1.5902, -1.9999, -0.009376
22, 2.690000000000002, 1.6, -2, 2.6907, 1.5988000000000002, -1.9999500000000001, -0.009355
22, 2.690000000000002, 1.61, -2, 2.6903, 1.6081500000000002, -1.9999, -0.00935
22, 2.690000000000002, 1.62, -2, 2.6898500000000003, 1.6188500000000001, -1.9999, -0.009397
22, 2.690000000000002, 1.6300000000000001, -2, 2.69, 1.6288000000000002, -1.9999500000000001, -0.00935
22, 2.690000000000002, 1.6400000000000001, -2, 2.6898500000000003, 1.6391000000000002, -2.0000500000000003, -0.00935
22, 2.690000000000002, 1.6500000000000001, -2, 2.6906000000000003, 1.6488500000000001, -2.0001, -0.009381
22, 2.690000000000002, 1.6600000000000001, -2, 2.6894, 1.65935, -2.0001, -0.009423
22, 2.690000000000002, 1.6700000000000002, -2, 2.68925, 1.66975, -2.0001, -0.009334
22, 2.690000000000002, 1.6800000000000002, -2, 2.6898500000000003, 1.6803500000000002, -2.0001, -0.009324
22, 2.690000000000002, 1.6900000000000002, -2, 2.6897, 1.68965, -2.0001, -0.009376
22, 2.690000000000002, 1.7000000000000002, -2, 2.6893500000000006, 1.70065, -2.0, -0.00935
22, 2.690000000000002, 1.7100000000000002, -2, 2.6904500000000002, 1.71, -2.0000500000000003, -0.009402
23, 2.700000000000002, 1.7100000000000002, -2, 2.6906000000000003, 1.71, -2.0000500000000003, -0.00934
23, 2.7100000000000017, 1.7100000000000002, -2, 2.6906000000000003, 1.71, -2.0000500000000003, -0.009387
23, 2.7200000000000015, 1.7100000000000002, -2, 2.6906000000000003, 1.71, -2.0000500000000003, -0.009345
23, 2.7300000000000013, 1.7100000000000002, -2, 2.6906000000000003, 1.7100500000000003, -2.0000500000000003, -0.009329
23, 2.740000000000001, 1.7100000000000002, -2, 2.7365500000000003, 1.71025, -1.9999500000000001, -0.009376
23, 2.750000000000001, 1.7100000000000002, -2, 2.7493000000000003, 1.7101000000000002, -1.9998500000000001, -0.009407
23, 2.7600000000000007, 1.7100000000000002, -2, 2.7589, 1.71025, -1.9998500000000001, -0.009314
23, 2.7700000000000005, 1.7100000000000002, -2, 2.7699000000000003, 1.71, -1.9998500000000001, -0.009387
23, 2.7800000000000002, 1.7100000000000002, -2, 2.77025, 1.7099000000000002, -1.9998500000000001, -0.009392
23, 2.79, 1.7100000000000002, -2, 2.7897000000000003, 1.7098000000000002, -1.9999, -0.009334
23, 2.8, 1.7100000000000002, -2, 2.8002000000000002, 1.70995, -1.9999500000000001, -0.009355
23, 2.8099999999999996, 1.7100000000000002, -2, 2.8011500000000003, 1.7098000000000002, -1.9999500000000001, -0.009413
23, 2.8199999999999994, 1.7100000000000002, -2, 2.8214, 1.7099000000000002, -2.0, -0.009355
23, 2.829999999999999, 1.7100000000000002, -2, 2.83075, 1.7100500000000003, -2.0000500000000003, -0.009402
23, 2.839999999999999, 1.7100000000000002, -2, 2.8409500000000003, 1.71015, -2.0001, -0.009345
23, 2.8499999999999988, 1.7100000000000002, -2, 2.85, 1.71015, -2.0000500000000003, -0.009402
23, 2.8599999999999985, 1.7100000000000002, -2, 2.8605, 1.71015, -2.0001, -0.00934
23, 2.8699999999999983, 1.7100000000000002, -2, 2.8697000000000004, 1.70995, -2.0001, -0.009407
23, 2.879999999999998, 1.7100000000000002, -2, 2.87, 1.70995, -2.0000500000000003, -0.009397
23, 2.889999999999998, 1.7100000000000002, -2, 2.88975, 1.7098000000000002, -2.0001, -0.009334
23, 2.8999999999999977, 1.7100000000000002, -2, 2.8996500000000003, 1.70995, -2.0000500000000003, -0.009392
23, 2.9099999999999975, 1.7100000000000002, -2, 2.90025, 1.70985, -2.0000500000000003, -0.009402
23, 2.9199999999999973, 1.7100000000000002, -2, 2.92, 1.70985, -2.0, -0.00935
23, 2.9199999999999973, 1.7000000000000002, -2, 2.9201000000000006, 1.7003000000000001, -2.0, -0.009329
23, 2.9199999999999973, 1.6900000000000002, -2, 2.9203, 1.6893000000000002, -1.9999500000000001, -0.009407
23, 2.9199999999999973, 1.6800000000000002, -2, 2.92, 1.6806500000000002, -1.9999500000000001, -0.009334
23, 2.9199999999999973, 1.6700000000000002, -2, 2.9201000000000006, 1.6806500000000002, -1.9999500000000001, -0.009392
23, 2.9199999999999973, 1.6600000000000001, -2, 2.9207, 1.65925, -1.9999500000000001, -0.009355
23, 2.9199999999999973, 1.6500000000000001, -2, 2.9197, 1.6512, -1.9999500000000001, -0.009392
23, 2.9199999999999973, 1.6400000000000001, -2, 2.9202000000000004, 1.6409, -1.9999500000000001, -0.009407
23, 2.9199999999999973, 1.6300000000000001, -2, 2.9205, 1.6309, -2.0, -0.009334
23, 2.9199999999999973, 1.62, -2, 2.9202000000000004, 1.61995, -2.0, -0.009376
23, 2.9199999999999973, 1.61, -2, 2.9192000000000005, 1.61075, -1.9999500000000001, -0.009387
23, 2.9199999999999973, 1.6, -2, 2.92045, 1.6003000000000003, -2.0, -0.00934
23, 2.9199999999999973, 1.59, -2, 2.92055, 1.5895, -2.0000500000000003, -0.009319
23, 2.9199999999999973, 1.58, -2, 2.9203500000000004, 1.57995, -2.0001, -0.009376
23, 2.9199999999999973, 1.57, -2, 2.9201000000000006, 1.5694000000000001, -2.0001, -0.009324
23, 2.9199999999999973, 1.56, -2, 2.9195, 1.5603000000000002, -2.0001, -0.009381
23, 2.9199999999999973, 1.55, -2, 2.9194, 1.5498500000000002, -2.0001, -0.009345
23, 2.9199999999999973, 1.54, -2, 2.92085, 1.5394, -2.0001, -0.009324
23, 2.9199999999999973, 1.53, -2, 2.9204, 1.5305, -2.0000500000000003, -0.00936
23, 2.9199999999999973, 1.52, -2, 2.92, 1.5194, -2.0, -0.009334
23, 2.9199999999999973, 1.51, -2, 2.9201000000000006, 1.5102, -2.0, -0.00935
23, 2.9199999999999973, 1.5, -2, 2.9200500000000003, 1.51015, -2.0, -0.009413
23, 2.9199999999999973, 1.49, -2, 2.9194500000000003, 1.48945, -2.0, -0.009407
23, 2.9199999999999973, 1.48, -2, 2.9200500000000003, 1.4893500000000002, -2.0, -0.009345
24, 2.9099999999999975, 1.48, -2, 2.9098, 1.4801000000000002, -2.0, -0.009366
24, 2.8999999999999977, 1.48, -2, 2.9000500000000002, 1.4798000000000002, -2.0, -0.009345
24, 2.889999999999998, 1.48, -2, 2.8903000000000003, 1.4796500000000001, -2.0000500000000003, -0.009387
24, 2.879999999999998, 1.48, -2, 2.8798000000000004, 1.4797, -2.0, -0.009407
24, 2.8699999999999983, 1.48, -2, 2.8708, 1.47985, -2.0, -0.009319
24, 2.8599999999999985, 1.48, -2, 2.8603500000000004, 1.4799, -2.0, -0.009376
24, 2.8499999999999988, 1.48, -2, 2.8493500000000003, 1.48015, -2.0, -0.009397
24, 2.839999999999999, 1.48, -2, 2.83985, 1.48025, -2.0, -0.00935
24, 2.829999999999999, 1.48, -2, 2.8291500000000003, 1.4802, -2.0, -0.009387
24, 2.8199999999999994, 1.48, -2, 2.81985, 1.48025, -2.0, -0.009355
24, 2.8099999999999996, 1.48, -2, 2.80975, 1.4801000000000002, -2.0000500000000003, -0.009402
24, 2.8, 1.48, -2, 2.79925, 1.4799, -1.9999500000000001, -0.009397
24, 2.79, 1.48, -2, 2.7893000000000003, 1.4799, -1.9999, -0.009397
24, 2.7800000000000002, 1.48, -2, 2.77925, 1.47985, -1.9999, -0.00936
24, 2.7700000000000005, 1.48, -2, 2.7699000000000003, 1.47985, -1.9999, -0.009402
24, 2.7600000000000007, 1.48, -2, 2.7601000000000004, 1.4798000000000002, -1.9999500000000001, -0.00936
24, 2.750000000000001, 1.48, -2, 2.74975, 1.47985, -2.0000500000000003, -0.009345
24, 2.740000000000001, 1.48, -2, 2.7408, 1.47995, -2.0000500000000003, -0.009397
24, 2.7300000000000013, 1.48, -2, 2.73075, 1.4801000000000002, -2.0000500000000003, -0.009407
24, 2.7200000000000015, 1.48, -2, 2.721, 1.4801000000000002, -2.0000500000000003, -0.00934
24, 2.7100000000000017, 1.48, -2, 2.7106500000000002, 1.48015, -2.0000500000000003, -0.009314
24, 2.700000000000002, 1.48, -2, 2.7008500000000004, 1.48015, -2.0, -0.009387
24, 2.690000000000002, 1.48, -2, 2.6911000000000005, 1.4802, -2.0, -0.009355
24, 2.6800000000000024, 1.48, -2, 2.6802, 1.4801000000000002, -2.0, -0.009324
24, 2.6800000000000024, 1.49, -2, 2.6799500000000003, 1.4893500000000002, -2.0000500000000003, -0.009402
24, 2.6800000000000024, 1.5, -2, 2.6793, 1.5006000000000002, -1.9999500000000001, -0.00935
24, 2.6800000000000024, 1.51, -2, 2.6796, 1.5101000000000002, -1.9999, -0.009392
24, 2.6800000000000024, 1.52, -2, 2.6793, 1.5203000000000002, -1.9999, -0.00935
24, 2.6800000000000024, 1.53, -2, 2.67975, 1.5313, -1.9999500000000001, -0.009334
24, 2.6800000000000024, 1.54, -2, 2.6804500000000004, 1.5418500000000002, -1.9999, -0.009381
24, 2.6800000000000024, 1.55, -2, 2.6804, 1.55125, -1.9999500000000001, -0.009407
24, 2.6800000000000024, 1.56, -2, 2.6804, 1.5609000000000002, -2.0, -0.009319
24, 2.6800000000000024, 1.57, -2, 2.68025, 1.5701500000000002, -2.0, -0.009402
24, 2.6800000000000024, 1.58, -2, 2.68055, 1.57935, -2.0, -0.009345
24, 2.6800000000000024, 1.59, -2, 2.67915, 1.5898, -2.0, -0.009366
24, 2.6800000000000024, 1.6, -2, 2.6787, 1.59945, -2.0, -0.009402
24, 2.6800000000000024, 1.61, -2, 2.67965, 1.60935, -2.0, -0.009334
24, 2.6800000000000024, 1.62, -2, 2.6799, 1.6189, -1.9999500000000001, -0.009376
24, 2.6800000000000024, 1.6300000000000001, -2, 2.6801500000000003, 1.6284, -2.0000500000000003, -0.009397
24, 2.6800000000000024, 1.6400000000000001, -2, 2.68005, 1.6392, -2.0001, -0.009355
24, 2.6800000000000024, 1.6500000000000001, -2, 2.6798, 1.6493000000000002, -2.0001, -0.009329
24, 2.6800000000000024, 1.6600000000000001, -2, 2.6797000000000004, 1.6594, -2.0001, -0.009392
24, 2.6800000000000024, 1.6700000000000002, -2, 2.6797000000000004, 1.66975, -2.0001, -0.00934
24, 2.6800000000000024, 1.6800000000000002, -2, 2.6805, 1.6795, -2.0000500000000003, -0.009355
24, 2.6800000000000024, 1.6900000000000002, -2, 2.6797000000000004, 1.6905, -2.0, -0.009392
24, 2.6800000000000024, 1.7000000000000002, -2, 2.6802, 1.7002000000000002, -2.0, -0.009334
24, 2.6800000000000024, 1.7100000000000002, -2, 2.6803000000000003, 1.7100500000000003, -2.0, -0.00934
24, 2.6800000000000024, 1.7200000000000002, -2, 2.6803000000000003, 1.7203000000000002, -2.0, -0.009397
25, 2.690000000000002, 1.7200000000000002, -2, 2.6890500000000004, 1.72045, -1.9999500000000001, -0.009355
25, 2.700000000000002, 1.7200000000000002, -2, 2.6997000000000004, 1.7198000000000002, -1.9998500000000001, -0.00936
25, 2.7100000000000017, 1.7200000000000002, -2, 2.7094500000000004, 1.7196500000000001, -1.9998500000000001, -0.009376
25, 2.7200000000000015, 1.7200000000000002, -2, 2.7192000000000003, 1.71995, -1.9998500000000001, -0.009392
25, 2.7300000000000013, 1.7200000000000002, -2, 2.729, 1.7203000000000002, -1.9999500000000001, -0.009329
25, 2.740000000000001, 1.7200000000000002, -2, 2.7392000000000003, 1.7204000000000002, -2.0, -0.009381
25, 2.750000000000001, 1.7200000000000002, -2, 2.7489500000000002, 1.72, -2.0, -0.009387
25, 2.7600000000000007, 1.7200000000000002, -2, 2.75875, 1.71985, -1.9999500000000001, -0.009371
25, 2.7700000000000005, 1.7200000000000002, -2, 2.7703, 1.7198000000000002, -2.0, -0.00934
25, 2.7800000000000002, 1.7200000000000002, -2, 2.77965, 1.7198000000000002, -2.0000500000000003, -0.009387
25, 2.79, 1.7200000000000002, -2, 2.7905, 1.7201000000000002, -2.0, -0.009392
25, 2.8, 1.7200000000000002, -2, 2.8005500000000003, 1.7204000000000002, -2.0001, -0.009329
25, 2.8099999999999996, 1.7200000000000002, -2, 2.80975, 1.72025, -2.0001, -0.009355
25, 2.8199999999999994, 1.7200000000000002, -2, 2.8220500000000004, 1.7197, -2.0000500000000003, -0.009407
25, 2.829999999999999, 1.7200000000000002, -2, 2.8307, 1.7196000000000002, -2.0001, -0.009329
25, 2.839999999999999, 1.7200000000000002, -2, 2.84065, 1.7198000000000002, -2.0001, -0.009397
25, 2.8499999999999988, 1.7200000000000002, -2, 2.8501000000000003, 1.72005, -2.0000500000000003, -0.009366
25, 2.8599999999999985, 1.7200000000000002, -2, 2.8604000000000003, 1.72045, -1.9999500000000001, -0.009407
25, 2.8699999999999983, 1.7200000000000002, -2, 2.8698500000000005, 1.72015, -1.9999500000000001, -0.009366
25, 2.879999999999998, 1.7200000000000002, -2, 2.8802000000000003, 1.71985, -1.9999500000000001, -0.00934
25, 2.889999999999998, 1.7200000000000002, -2, 2.8895500000000003, 1.7197, -1.9999500000000001, -0.009376
25, 2.8999999999999977, 1.7200000000000002, -2, 2.8997, 1.71985, -1.9999500000000001, -0.009397
25, 2.9099999999999975, 1.7200000000000002, -2, 2.91025, 1.71995, -2.0, -0.009324
25, 2.9199999999999973, 1.7200000000000002, -2, 2.9200500000000003, 1.72025, -2.0, -0.009355
25, 2.929999999999997, 1.7200000000000002, -2, 2.9301500000000003, 1.7205, -2.0, -0.009407
25, 2.929999999999997, 1.7100000000000002, -2, 2.9311000000000003, 1.70975, -2.0000500000000003, -0.009387
25, 2.929999999999997, 1.7000000000000002, -2, 2.9301000000000004, 1.70015, -2.0000500000000003, -0.009319
25, 2.929999999999997, 1.6900000000000002, -2, 2.9299500000000003, 1.6892, -2.0000500000000003, -0.009397
25, 2.929999999999997, 1.6800000000000002, -2, 2.9295500000000003, 1.6806500000000002, -2.0, -0.009324
25, 2.929999999999997, 1.6700000000000002, -2, 2.9307000000000003, 1.6696000000000002, -2.0, -0.009345
25, 2.929999999999997, 1.6600000000000001, -2, 2.9308500000000004, 1.6597, -2.0000500000000003, -0.009407
25, 2.929999999999997, 1.6500000000000001, -2, 2.93, 1.65025, -2.0, -0.009324
25, 2.929999999999997, 1.6400000000000001, -2, 2.929, 1.64045, -2.0, -0.009319
25, 2.929999999999997, 1.6300000000000001, -2, 2.9296, 1.6306500000000002, -2.0, -0.009381
25, 2.929999999999997, 1.62, -2, 2.9308500000000004, 1.6200500000000002, -2.0000500000000003, -0.00934
25, 2.929999999999997, 1.61, -2, 2.9310500000000004, 1.61115, -1.9999500000000001, -0.009334
25, 2.929999999999997, 1.6, -2, 2.9299500000000003, 1.5998, -1.9999, -0.009381
25, 2.929999999999997, 1.59, -2, 2.9298, 1.5901500000000002, -1.9999, -0.009397
25, 2.929999999999997, 1.58, -2, 2.93025, 1.5801, -1.9999, -0.009319
25, 2.929999999999997, 1.57, -2, 2.9303500000000002, 1.57, -1.9999, -0.00934
25, 2.929999999999997, 1.56, -2, 2.9303000000000003, 1.5594000000000001, -2.0, -0.009407
25, 2.929999999999997, 1.55, -2, 2.9301500000000003, 1.5596, -1.9999500000000001, -0.009387
25, 2.929999999999997, 1.54, -2, 2.9307000000000003, 1.53945, -2.0, -0.009345
25, 2.929999999999997, 1.53, -2, 2.9293500000000003, 1.5306000000000002, -2.0, -0.009381
25, 2.929999999999997, 1.52, -2, 2.9299, 1.5196, -2.0, -0.009324
25, 2.929999999999997, 1.51, -2, 2.9302, 1.5098000000000003, -1.9999500000000001, -0.009376
25, 2.929999999999997, 1.5, -2, 2.92965, 1.50005, -2.0, -0.009402
25, 2.929999999999997, 1.49, -2, 2.93025, 1.4896, -2.0, -0.00935
25, 2.929999999999997, 1.48, -2, 2.9299500000000003, 1.48, -2.0, -0.00935
25, 2.929999999999997, 1.47, -2, 2.9304500000000004, 1.4699, -2.0, -0.009407
26, 2.9199999999999973, 1.47, -2, 2.92085, 1.4698000000000002, -2.0, -0.009381
26, 2.9099999999999975, 1.47, -2, 2.91005, 1.4698000000000002, -2.0, -0.00934
26, 2.8999999999999977, 1.47, -2, 2.8997, 1.4698000000000002, -2.0000500000000003, -0.009387
26, 2.889999999999998, 1.47, -2, 2.8906000000000005, 1.46975, -2.0000500000000003, -0.009397
26, 2.879999999999998, 1.47, -2, 2.88005, 1.4699, -2.0001, -0.00934
26, 2.8699999999999983, 1.47, -2, 2.8699500000000002, 1.47, -2.0000500000000003, -0.009355
26, 2.8599999999999985, 1.47, -2, 2.8605500000000004, 1.46995, -2.0001, -0.009392
26, 2.8499999999999988, 1.47, -2, 2.8496000000000006, 1.47005, -2.0000500000000003, -0.009329
26, 2.839999999999999, 1.47, -2, 2.8396000000000003, 1.47015, -2.0, -0.009387
26, 2.829999999999999, 1.47, -2, 2.82965, 1.4701000000000002, -2.0000500000000003, -0.009397
26, 2.8199999999999994, 1.47, -2, 2.8195, 1.47015, -1.9999500000000001, -0.009334
26, 2.8099999999999996, 1.47, -2, 2.8098500000000004, 1.4701000000000002, -1.9999, -0.009334
26, 2.8, 1.47, -2, 2.7993, 1.47005, -1.9999, -0.009392
26, 2.79, 1.47, -2, 2.78995, 1.47005, -1.9999, -0.009355
26, 2.7800000000000002, 1.47, -2, 2.7787, 1.4701000000000002, -1.9998500000000001, -0.009392
26, 2.7700000000000005, 1.47, -2, 2.7698500000000004, 1.47005, -1.9999500000000001, -0.009324
26, 2.7600000000000007, 1.47, -2, 2.7602, 1.46995, -2.0, -0.009387
26, 2.750000000000001, 1.47, -2, 2.74995, 1.4699, -2.0, -0.00934
26, 2.740000000000001, 1.47, -2, 2.7405500000000003, 1.4699, -2.0, -0.009334
26, 2.7300000000000013, 1.47, -2, 2.7309500000000004, 1.46995, -2.0, -0.009407
26, 2.7200000000000015, 1.47, -2, 2.72105, 1.4699, -1.9999500000000001, -0.009397
26, 2.7100000000000017, 1.47, -2, 2.7105, 1.4699, -2.0000500000000003, -0.009329
26, 2.700000000000002, 1.47, -2, 2.7008500000000004, 1.46995, -2.0001, -0.00935
26, 2.690000000000002, 1.47, -2, 2.6909500000000004, 1.46995, -2.0001, -0.009402
26, 2.6800000000000024, 1.47, -2, 2.6804500000000004, 1.4699, -2.0001, -0.00934
26, 2.6700000000000026, 1.47, -2, 2.6701000000000006, 1.46995, -2.0001, -0.00934
26, 2.6700000000000026, 1.48, -2, 2.6702000000000004, 1.48005, -2.0000500000000003, -0.00934
26, 2.6700000000000026, 1.49, -2, 2.6699500000000005, 1.4901000000000002, -2.0, -0.009355
26, 2.6700000000000026, 1.5, -2, 2.66925, 1.5007000000000001, -2.0, -0.009387
26, 2.6700000000000026, 1.51, -2, 2.669, 1.51045, -2.0000500000000003, -0.009324
26, 2.6700000000000026, 1.52, -2, 2.6701000000000006, 1.5202, -2.0000500000000003, -0.009376
26, 2.6700000000000026, 1.53, -2, 2.67, 1.5318000000000003, -2.0, -0.009397
26, 2.6700000000000026, 1.54, -2, 2.66975, 1.5413500000000002, -2.0, -0.009319
26, 2.6700000000000026, 1.55, -2, 2.6697, 1.55075, -1.9999500000000001, -0.009413
26, 2.6700000000000026, 1.56, -2, 2.66975, 1.5603500000000001, -2.0, -0.009381
26, 2.6700000000000026, 1.57, -2, 2.6696000000000004, 1.5698, -1.9999500000000001, -0.009413
26, 2.6700000000000026, 1.58, -2, 2.6696500000000003, 1.5803500000000001, -1.9999, -0.009324
26, 2.6700000000000026, 1.59, -2, 2.6706000000000003, 1.5896000000000001, -1.9999, -0.009329
26, 2.6700000000000026, 1.6, -2, 2.67065, 1.5988000000000002, -1.9999, -0.009397
26, 2.6700000000000026, 1.61, -2, 2.6701000000000006, 1.60875, -1.9999, -0.00934
26, 2.6700000000000026, 1.62, -2, 2.6703500000000004, 1.61915, -1.9999, -0.009334
26, 2.6700000000000026, 1.6300000000000001, -2, 2.67, 1.6294000000000002, -1.9999500000000001, -0.009371
26, 2.6700000000000026, 1.6400000000000001, -2, 2.6703500000000004, 1.6389500000000001, -1.9999500000000001, -0.009392
26, 2.6700000000000026, 1.6500000000000001, -2, 2.6693500000000006, 1.64945, -2.0, -0.00936
26, 2.6700000000000026, 1.6600000000000001, -2, 2.66955, 1.6594, -2.0000500000000003, -0.009345
26, 2.6700000000000026, 1.6700000000000002, -2, 2.6693000000000002, 1.66975, -2.0001, -0.009381
26, 2.6700000000000026, 1.6800000000000002, -2, 2.6692000000000005, 1.68045, -2.0000500000000003, -0.009381
26, 2.6700000000000026, 1.6900000000000002, -2, 2.671, 1.6893500000000001, -2.0000500000000003, -0.009324
26, 2.6700000000000026, 1.7000000000000002, -2, 2.6703500000000004, 1.7006000000000001, -2.0001, -0.00936
26, 2.6700000000000026, 1.7100000000000002, -2, 2.6705, 1.71, -2.0001, -0.009329
26, 2.6700000000000026, 1.7200000000000002, -2, 2.6698000000000004, 1.7205, -2.0, -0.00934
26, 2.6700000000000026, 1.7300000000000002, -2, 2.6696500000000003, 1.7303000000000002, -2.0, -0.009402
27, 2.6800000000000024, 1.7300000000000002, -2, 2.67905, 1.73015, -2.0000500000000003, -0.00935
27, 2.690000000000002, 1.7300000000000002, -2, 2.6898, 1.73015, -2.0, -0.009324
27, 2.700000000000002, 1.7300000000000002, -2, 2.6998, 1.73015, -1.9999500000000001, -0.009392
27, 2.7100000000000017, 1.7300000000000002, -2, 2.7096000000000005, 1.73, -1.9998500000000001, -0.009371
27, 2.7200000000000015, 1.7300000000000002, -2, 2.7098, 1.73, -1.9999, -0.00934
27, 2.7300000000000013, 1.7300000000000002, -2, 2.7097, 1.73, -1.9999, -0.009387
27, 2.740000000000001, 1.7300000000000002, -2, 2.7097, 1.73, -1.9999, -0.009392
27, 2.750000000000001, 1.7300000000000002, -2, 2.7097, 1.73, -1.9999, -0.009334
27, 2.7600000000000007, 1.7300000000000002, -2, 2.70955, 1.73, -1.9999, -0.009329
27, 2.7700000000000005, 1.7300000000000002, -2, 2.7097, 1.73, -1.9999500000000001, -0.009387
27, 2.7800000000000002, 1.7300000000000002, -2, 2.7096000000000005, 1.73, -1.9999500000000001, -0.009366
27, 2.79, 1.7300000000000002, -2, 2.7094500000000004, 1.73, -1.9999500000000001, -0.009319
27, 2.8, 1.7300000000000002, -2, 2.7094, 1.73, -2.0, -0.00934
27, 2.8099999999999996, 1.7300000000000002, -2, 2.70935, 1.73, -2.0000500000000003, -0.009392
27, 2.8199999999999994, 1.7300000000000002, -2, 2.70925, 1.72995, -2.0001, -0.00935
27, 2.829999999999999, 1.7300000000000002, -2, 2.82815, 1.7301000000000002, -2.0000500000000003, -0.009392
27, 2.839999999999999, 1.7300000000000002, -2, 2.8414500000000005, 1.73, -2.0, -0.009387
27, 2.8499999999999988, 1.7300000000000002, -2, 2.85, 1.73005, -1.9999500000000001, -0.009366
27, 2.8599999999999985, 1.7300000000000002, -2, 2.8603500000000004, 1.73005, -1.9999500000000001, -0.009387
27, 2.8699999999999983, 1.7300000000000002, -2, 2.8699500000000002, 1.73, -2.0000500000000003, -0.00936
27, 2.879999999999998, 1.7300000000000002, -2, 2.87025, 1.73, -2.0001, -0.00935
27, 2.889999999999998, 1.7300000000000002, -2, 2.87, 1.73005, -2.0001, -0.009355
27, 2.8999999999999977, 1.7300000000000002, -2, 2.87, 1.73, -2.00015, -0.009392
27, 2.9099999999999975, 1.7300000000000002, -2, 2.8701000000000003, 1.73005, -2.00025, -0.009392
27, 2.9199999999999973, 1.7300000000000002, -2, 2.9198500000000003, 1.7298000000000002, -2.00025, -0.009345
27, 2.929999999999997, 1.7300000000000002, -2, 2.9302, 1.7293000000000003, -2.0002, -0.009387
27, 2.939999999999997, 1.7300000000000002, -2, 2.939, 1.73005, -2.0001, -0.009387
27, 2.939999999999997, 1.7200000000000002, -2, 2.94065, 1.71925, -2.0000500000000003, -0.00935
27, 2.939999999999997, 1.7100000000000002, -2, 2.9405, 1.7115500000000001, -2.0000500000000003, -0.009387
27, 2.939999999999997, 1.7000000000000002, -2, 2.9403500000000005, 1.69925, -2.0, -0.009329
27, 2.939999999999997, 1.6900000000000002, -2, 2.9401, 1.6894, -1.9999500000000001, -0.009387
27, 2.939999999999997, 1.6800000000000002, -2, 2.9395, 1.68045, -1.9998000000000002, -0.00935
27, 2.939999999999997, 1.6700000000000002, -2, 2.93865, 1.6695, -1.99975, -0.009366
27, 2.939999999999997, 1.6600000000000001, -2, 2.9409, 1.6592, -1.9996500000000001, -0.009387
27, 2.939999999999997, 1.6500000000000001, -2, 2.9408000000000003, 1.6505500000000002, -1.9997, -0.009345
27, 2.939999999999997, 1.6400000000000001, -2, 2.94055, 1.6402, -1.9997, -0.009407
27, 2.939999999999997, 1.6300000000000001, -2, 2.9406000000000003, 1.631, -2.0, -0.009366
27, 2.939999999999997, 1.62, -2, 2.9393500000000006, 1.6201, -2.0, -0.009345
27, 2.939999999999997, 1.61, -2, 2.93955, 1.6109, -1.9999500000000001, -0.009392
27, 2.939999999999997, 1.6, -2, 2.94065, 1.6000500000000002, -2.0000500000000003, -0.009392
27, 2.939999999999997, 1.59, -2, 2.94085, 1.5897000000000001, -2.00015, -0.009324
27, 2.939999999999997, 1.58, -2, 2.94055, 1.5807, -2.00015, -0.009376
27, 2.939999999999997, 1.57, -2, 2.9402000000000004, 1.56965, -2.00015, -0.009381
27, 2.939999999999997, 1.56, -2, 2.94, 1.5595500000000002, -2.0000500000000003, -0.009334
27, 2.939999999999997, 1.55, -2, 2.93965, 1.5597, -2.0000500000000003, -0.00934
27, 2.939999999999997, 1.54, -2, 2.9401, 1.5395, -2.0, -0.009387
27, 2.939999999999997, 1.53, -2, 2.9401, 1.5300500000000001, -1.9999500000000001, -0.00934
27, 2.939999999999997, 1.52, -2, 2.94015, 1.52, -1.9999, -0.009334
27, 2.939999999999997, 1.51, -2, 2.93955, 1.5100500000000001, -1.9998500000000001, -0.009381
27, 2.939999999999997, 1.5, -2, 2.9403500000000005, 1.4996, -1.9999, -0.009366
27, 2.939999999999997, 1.49, -2, 2.9404500000000002, 1.49015, -1.9999, -0.009381
27, 2.939999999999997, 1.48, -2, 2.9400500000000003, 1.4797, -1.9999500000000001, -0.009366
27, 2.939999999999997, 1.47, -2, 2.9398, 1.46995, -2.0, -0.009329
27, 2.939999999999997, 1.46, -2, 2.9393000000000002, 1.4605500000000002, -2.0000500000000003, -0.009371
28, 2.929999999999997, 1.46, -2, 2.9301000000000004, 1.45975, -2.0001, -0.009397
28, 2.9199999999999973, 1.46, -2, 2.9202000000000004, 1.4595500000000001, -2.0001, -0.009345
28, 2.9099999999999975, 1.46, -2, 2.9098, 1.4597, -2.0001, -0.009314
28, 2.8999999999999977, 1.46, -2, 2.90015, 1.45975, -2.0001, -0.009392
28, 2.889999999999998, 1.46, -2, 2.8904500000000004, 1.4601000000000002, -2.00015, -0.009397
28, 2.879999999999998, 1.46, -2, 2.87975, 1.4604000000000001, -2.0000500000000003, -0.00934
28, 2.8699999999999983, 1.46, -2, 2.8701000000000003, 1.46035, -2.0, -0.009376
28, 2.8599999999999985, 1.46, -2, 2.8607000000000005, 1.4602, -1.9999, -0.009413
28, 2.8499999999999988, 1.46, -2, 2.8491000000000004, 1.45995, -1.9999, -0.009345
28, 2.839999999999999, 1.46, -2, 2.84, 1.4596500000000001, -1.9999, -0.009397
28, 2.829999999999999, 1.46, -2, 2.8293500000000003, 1.4596000000000002, -1.9999, -0.009392
28, 2.8199999999999994, 1.46, -2, 2.81985, 1.4598000000000002, -1.9999500000000001, -0.009397
28, 2.8099999999999996, 1.46, -2, 2.8097000000000003, 1.46, -2.0, -0.009371
28, 2.8, 1.46, -2, 2.79915, 1.4600500000000003, -2.0, -0.009334
28, 2.79, 1.46, -2, 2.78995, 1.46025, -2.0, -0.009407
28, 2.7800000000000002, 1.46, -2, 2.7786000000000004, 1.46025, -2.0, -0.009376
28, 2.7700000000000005, 1.46, -2, 2.7705, 1.4602, -2.0001, -0.009376
28, 2.7600000000000007, 1.46, -2, 2.7599500000000003, 1.4600500000000003, -2.0000500000000003, -0.009397
28, 2.750000000000001, 1.46, -2, 2.7498500000000003, 1.45975, -2.0000500000000003, -0.00935
28, 2.740000000000001, 1.46, -2, 2.7406, 1.4597, -2.0000500000000003, -0.009334
28, 2.7300000000000013, 1.46, -2, 2.7309500000000004, 1.4597, -2.0000500000000003, -0.009402
28, 2.7200000000000015, 1.46, -2, 2.7204500000000005, 1.45985, -2.0, -0.009397
28, 2.7100000000000017, 1.46, -2, 2.7103500000000005, 1.4602, -2.0, -0.009345
28, 2.700000000000002, 1.46, -2, 2.70095, 1.4603000000000002, -2.0, -0.009345
28, 2.690000000000002, 1.46, -2, 2.6911000000000005, 1.4604000000000001, -2.0, -0.009387
28, 2.6800000000000024, 1.46, -2, 2.6799, 1.46015, -2.0, -0.009329
28, 2.6700000000000026, 1.46, -2, 2.67065, 1.4598000000000002, -2.0, -0.009324
28, 2.660000000000003, 1.46, -2, 2.6605, 1.4596000000000002, -2.0, -0.009381
28, 2.660000000000003, 1.47, -2, 2.6593, 1.4698000000000002, -2.0, -0.009392
28, 2.660000000000003, 1.48, -2, 2.6591000000000005, 1.4799, -1.9999500000000001, -0.009345
28, 2.660000000000003, 1.49, -2, 2.6602, 1.4901000000000002, -1.9999, -0.009371
28, 2.660000000000003, 1.5, -2, 2.65915, 1.5008500000000002, -1.9999, -0.009355
28, 2.660000000000003, 1.51, -2, 2.66075, 1.5102, -1.9999, -0.009402
28, 2.660000000000003, 1.52, -2, 2.6605, 1.5205, -1.9999500000000001, -0.00935
28, 2.660000000000003, 1.53, -2, 2.6601500000000002, 1.53095, -2.0, -0.009329
28, 2.660000000000003, 1.54, -2, 2.6605, 1.5412000000000001, -2.0, -0.009371
28, 2.660000000000003, 1.55, -2, 2.6598500000000005, 1.5506000000000002, -1.9999500000000001, -0.009319
28, 2.660000000000003, 1.56, -2, 2.6596, 1.5602, -2.0, -0.009329
28, 2.660000000000003, 1.57, -2, 2.6593, 1.5705, -2.0000500000000003, -0.00934
28, 2.660000000000003, 1.58, -2, 2.6592000000000002, 1.57995, -2.0000500000000003, -0.009387
28, 2.660000000000003, 1.59, -2, 2.6608500000000004, 1.5901500000000002, -2.0001, -0.009407
28, 2.660000000000003, 1.6, -2, 2.6601000000000004, 1.5983000000000003, -2.0000500000000003, -0.009324
28, 2.660000000000003, 1.61, -2, 2.66055, 1.5982, -2.0000500000000003, -0.009355
28, 2.660000000000003, 1.62, -2, 2.6601000000000004, 1.6181500000000002, -2.0001, -0.009407
28, 2.660000000000003, 1.6300000000000001, -2, 2.6598, 1.6292, -2.0000500000000003, -0.009387
28, 2.660000000000003, 1.6400000000000001, -2, 2.6598500000000005, 1.63935, -2.0, -0.009355
28, 2.660000000000003, 1.6500000000000001, -2, 2.66005, 1.64945, -2.0000500000000003, -0.009397
28, 2.660000000000003, 1.6600000000000001, -2, 2.6599, 1.65955, -1.9999500000000001, -0.009376
28, 2.660000000000003, 1.6700000000000002, -2, 2.66, 1.6698000000000002, -1.9999, -0.009345
28, 2.660000000000003, 1.6800000000000002, -2, 2.65975, 1.67955, -1.9999, -0.009376
28, 2.660000000000003, 1.6900000000000002, -2, 2.65965, 1.68995, -1.9999, -0.009392
28, 2.660000000000003, 1.7000000000000002, -2, 2.6597000000000004, 1.7008, -1.9999, -0.009329
28, 2.660000000000003, 1.7100000000000002, -2, 2.6599, 1.71, -1.9999, -0.009392
28, 2.660000000000003, 1.7200000000000002, -2, 2.6596, 1.71975, -1.9999500000000001, -0.00934
28, 2.660000000000003, 1.7300000000000002, -2, 2.6594, 1.7307000000000001, -2.0, -0.009387
28, 2.660000000000003, 1.7400000000000002, -2, 2.6598500000000005, 1.7396500000000001, -2.0000500000000003, -0.00934
29, 2.6700000000000026, 1.7400000000000002, -2, 2.6706000000000003, 1.74035, -2.0000500000000003, -0.00934
29, 2.6800000000000024, 1.7400000000000002, -2, 2.6798, 1.7406000000000001, -2.0001, -0.009392
29, 2.690000000000002, 1.7400000000000002, -2, 2.6899, 1.7398000000000002, -2.0001, -0.00935
29, 2.700000000000002, 1.7400000000000002, -2, 2.6995500000000003, 1.73975, -2.0000500000000003, -0.009381
29, 2.7100000000000017, 1.7400000000000002, -2, 2.7100500000000003, 1.7398500000000001, -1.9999500000000001, -0.009402
29, 2.7200000000000015, 1.7400000000000002, -2, 2.71945, 1.74005, -1.9999, -0.00935
29, 2.7300000000000013, 1.7400000000000002, -2, 2.729, 1.7405, -1.9998500000000001, -0.009355
29, 2.740000000000001, 1.7400000000000002, -2, 2.73915, 1.74015, -1.9998500000000001, -0.009397
29, 2.750000000000001, 1.7400000000000002, -2, 2.749, 1.7399, -1.9999, -0.009329
29, 2.7600000000000007, 1.7400000000000002, -2, 2.75875, 1.7398500000000001, -1.9999500000000001, -0.009345
29, 2.7700000000000005, 1.7400000000000002, -2, 2.77, 1.73975, -2.0, -0.009387
29, 2.7800000000000002, 1.7400000000000002, -2, 2.7796000000000003, 1.73995, -2.0, -0.009314
29, 2.79, 1.7400000000000002, -2, 2.79025, 1.74005, -2.0000500000000003, -0.009324
29, 2.8, 1.7400000000000002, -2, 2.8004000000000002, 1.7402, -2.0000500000000003, -0.009423
29, 2.8099999999999996, 1.7400000000000002, -2, 2.81115, 1.74025, -2.0000500000000003, -0.009324
29, 2.8199999999999994, 1.7400000000000002, -2, 2.8213500000000002, 1.7398500000000001, -2.0000500000000003, -0.009402
29, 2.829999999999999, 1.7400000000000002, -2, 2.8308, 1.73975, -2.0000500000000003, -0.009329
29, 2.839999999999999, 1.7400000000000002, -2, 2.8405500000000004, 1.7398500000000001, -2.0000500000000003, -0.009397
29, 2.8499999999999988, 1.7400000000000002, -2, 2.85015, 1.73995, -2.0, -0.00934
29, 2.8599999999999985, 1.7400000000000002, -2, 2.8606000000000003, 1.74025, -1.9999500000000001, -0.009381
29, 2.8699999999999983, 1.7400000000000002, -2, 2.86965, 1.7404000000000002, -1.9999500000000001, -0.009371
29, 2.879999999999998, 1.7400000000000002, -2, 2.8803500000000004, 1.74005, -1.9999500000000001, -0.009381
29, 2.889999999999998, 1.7400000000000002, -2, 2.8892, 1.7399, -1.9999500000000001, -0.009324
29, 2.8999999999999977, 1.7400000000000002, -2, 2.89975, 1.7398500000000001, -1.9999500000000001, -0.00935
29, 2.9099999999999975, 1.7400000000000002, -2, 2.9103000000000003, 1.7398500000000001, -1.9999500000000001, -0.009407
29, 2.9199999999999973, 1.7400000000000002, -2, 2.92, 1.7398000000000002, -1.9999500000000001, -0.00936
29, 2.929999999999997, 1.7400000000000002, -2, 2.9304500000000004, 1.7399, -2.0, -0.00934
29, 2.939999999999997, 1.7400000000000002, -2, 2.9394, 1.74005, -1.9999500000000001, -0.009334
29, 2.9499999999999966, 1.7400000000000002, -2, 2.9501500000000003, 1.7402, -2.0, -0.009376
29, 2.9499999999999966, 1.7300000000000002, -2, 2.9505, 1.7302, -2.0, -0.009392
29, 2.9499999999999966, 1.7200000000000002, -2, 2.9504500000000005, 1.7191, -1.9999500000000001, -0.00935
29, 2.9499999999999966, 1.7100000000000002, -2, 2.9501500000000003, 1.71035, -2.0, -0.009407
29, 2.9499999999999966, 1.7000000000000002, -2, 2.9501000000000004, 1.7003000000000001, -2.0000500000000003, -0.009371
29, 2.9499999999999966, 1.6900000000000002, -2, 2.9497000000000004, 1.7004000000000001, -2.0000500000000003, -0.00935
29, 2.9499999999999966, 1.6800000000000002, -2, 2.95005, 1.6789, -2.0001, -0.009392
29, 2.9499999999999966, 1.6700000000000002, -2, 2.9499, 1.66995, -2.0001, -0.009345
29, 2.9499999999999966, 1.6600000000000001, -2, 2.94975, 1.6608500000000002, -2.0001, -0.009371
29, 2.9499999999999966, 1.6500000000000001, -2, 2.9497000000000004, 1.6502000000000001, -2.0001, -0.009402
29, 2.9499999999999966, 1.6400000000000001, -2, 2.9504500000000005, 1.64, -2.0000500000000003, -0.00935
29, 2.9499999999999966, 1.6300000000000001, -2, 2.9499, 1.6301, -2.0000500000000003, -0.009345
29, 2.9499999999999966, 1.62, -2, 2.9509000000000003, 1.6208500000000001, -2.0000500000000003, -0.009387
29, 2.9499999999999966, 1.61, -2, 2.9505500000000002, 1.61045, -1.9999500000000001, -0.009392
29, 2.9499999999999966, 1.6, -2, 2.9498500000000005, 1.5999, -1.9999, -0.009329
29, 2.9499999999999966, 1.59, -2, 2.9496, 1.5898500000000002, -1.9999, -0.009366
29, 2.9499999999999966, 1.58, -2, 2.9504, 1.58065, -1.9998500000000001, -0.009397
29, 2.9499999999999966, 1.57, -2, 2.9509000000000003, 1.5695500000000002, -1.9999, -0.009345
29, 2.9499999999999966, 1.56, -2, 2.9497000000000004, 1.5599, -1.9999500000000001, -0.00934
29, 2.9499999999999966, 1.55, -2, 2.94975, 1.5498500000000002, -1.9999500000000001, -0.009397
29, 2.9499999999999966, 1.54, -2, 2.9502, 1.5399, -2.0, -0.009392
29, 2.9499999999999966, 1.53, -2, 2.95025, 1.53, -2.0000500000000003, -0.009345
29, 2.9499999999999966, 1.52, -2, 2.9501000000000004, 1.5301000000000002, -2.0, -0.00934
29, 2.9499999999999966, 1.51, -2, 2.95075, 1.5097, -2.0000500000000003, -0.009392
29, 2.9499999999999966, 1.5, -2, 2.9505500000000002, 1.4999500000000001, -2.0001, -0.009355
29, 2.9499999999999966, 1.49, -2, 2.9498, 1.4896500000000001, -2.0001, -0.009371
29, 2.9499999999999966, 1.48, -2, 2.94905, 1.4802, -2.0001, -0.009392
29, 2.9499999999999966, 1.47, -2, 2.9504, 1.4698000000000002, -2.0001, -0.00935
29, 2.9499999999999966, 1.46, -2, 2.9504500000000005, 1.46025, -2.0001, -0.00934
29, 2.9499999999999966, 1.45, -2, 2.9501500000000003, 1.44975, -2.0000500000000003, -0.009392
30, 2.939999999999997, 1.45, -2, 2.94065, 1.4499000000000002, -2.0, -0.00936
30, 2.929999999999997, 1.45, -2, 2.9301500000000003, 1.4498000000000002, -2.0000500000000003, -0.009345
30, 2.9199999999999973, 1.45, -2, 2.9196000000000004, 1.44995, -2.0, -0.009387
30, 2.9099999999999975, 1.45, -2, 2.91035, 1.45, -2.0, -0.00934
30, 2.8999999999999977, 1.45, -2, 2.8996000000000004, 1.45015, -2.0, -0.009334
30, 2.889999999999998, 1.45, -2, 2.89075, 1.4501000000000002, -2.0000500000000003, -0.009413
30, 2.879999999999998, 1.45, -2, 2.88015, 1.45015, -2.0, -0.009392
30, 2.8699999999999983, 1.45, -2, 2.8699, 1.4502000000000002, -1.9999, -0.009319
30, 2.8599999999999985, 1.45, -2, 2.86045, 1.4501000000000002, -1.9999, -0.009376
30, 2.8499999999999988, 1.45, -2, 2.8498, 1.44985, -1.9999500000000001, -0.009402
30, 2.839999999999999, 1.45, -2, 2.839, 1.44985, -1.9999500000000001, -0.009381
30, 2.829999999999999, 1.45, -2, 2.83025, 1.4499000000000002, -1.9999500000000001, -0.009413
30, 2.8199999999999994, 1.45, -2, 2.8191, 1.44985, -2.0000500000000003, -0.009324
30, 2.8099999999999996, 1.45, -2, 2.8099000000000003, 1.44985, -2.0001, -0.009392
30, 2.8, 1.45, -2, 2.79875, 1.44995, -2.0001, -0.00934
30, 2.79, 1.45, -2, 2.78955, 1.4500500000000003, -2.0001, -0.009402
30, 2.7800000000000002, 1.45, -2, 2.7788500000000003, 1.4501000000000002, -2.0001, -0.009334
30, 2.7700000000000005, 1.45, -2, 2.7698500000000004, 1.4501000000000002, -2.0000500000000003, -0.009387
30, 2.7600000000000007, 1.45, -2, 2.7598000000000003, 1.45015, -2.0000500000000003, -0.009402
30, 2.750000000000001, 1.45, -2, 2.7504500000000003, 1.4500500000000003, -2.0, -0.009334
30, 2.740000000000001, 1.45, -2, 2.7403000000000004, 1.45015, -1.9999500000000001, -0.009345
30, 2.7300000000000013, 1.45, -2, 2.7304, 1.45015, -1.9999, -0.009397
30, 2.7200000000000015, 1.45, -2, 2.7204, 1.4502000000000002, -1.9999, -0.00935
30, 2.7100000000000017, 1.45, -2, 2.7104, 1.4501000000000002, -1.9999, -0.00934
30, 2.700000000000002, 1.45, -2, 2.7011000000000003, 1.44985, -1.9999, -0.009397
30, 2.690000000000002, 1.45, -2, 2.6909500000000004, 1.44985, -2.0, -0.009355
30, 2.6800000000000024, 1.45, -2, 2.6803500000000002, 1.4498000000000002, -2.0, -0.009334
30, 2.6700000000000026, 1.45, -2, 2.67, 1.4498000000000002, -1.9999500000000001, -0.009402
30, 2.660000000000003, 1.45, -2, 2.6599, 1.4499000000000002, -2.0, -0.009329
30, 2.650000000000003, 1.45, -2, 2.6498000000000004, 1.44995, -2.0000500000000003, -0.009345
30, 2.650000000000003, 1.46, -2, 2.6496500000000003, 1.4598000000000002, -2.0000500000000003, -0.009413
30, 2.650000000000003, 1.47, -2, 2.64975, 1.47, -2.0000500000000003, -0.009334
30, 2.650000000000003, 1.48, -2, 2.6493, 1.48, -2.0000500000000003, -0.009366
30, 2.650000000000003, 1.49, -2, 2.6499500000000005, 1.49025, -2.0000500000000003, -0.009345
30, 2.650000000000003, 1.5, -2, 2.65015, 1.4902, -2.0, -0.009366
30, 2.650000000000003, 1.51, -2, 2.6494500000000003, 1.51075, -2.0, -0.009314
30, 2.650000000000003, 1.52, -2, 2.65065, 1.5205500000000003, -2.0, -0.009402
30, 2.650000000000003, 1.53, -2, 2.6507, 1.5312000000000001, -2.0, -0.009381
30, 2.650000000000003, 1.54, -2, 2.6506000000000003, 1.54055, -2.0, -0.009329
30, 2.650000000000003, 1.55, -2, 2.6501000000000006, 1.5504, -2.0, -0.009345
30, 2.650000000000003, 1.56, -2, 2.6496500000000003, 1.56075, -1.9999500000000001, -0.009334
30, 2.650000000000003, 1.57, -2, 2.6498500000000003, 1.57, -1.9999, -0.009376
30, 2.650000000000003, 1.58, -2, 2.64955, 1.57935, -1.9999500000000001, -0.009345
30, 2.650000000000003, 1.59, -2, 2.6492000000000004, 1.5902, -1.9999, -0.009376
30, 2.650000000000003, 1.6, -2, 2.6497, 1.5998, -1.9999500000000001, -0.009428
30, 2.650000000000003, 1.61, -2, 2.65, 1.60875, -1.9999500000000001, -0.009329
30, 2.650000000000003, 1.62, -2, 2.65055, 1.6086, -1.9999500000000001, -0.009376
30, 2.650000000000003, 1.6300000000000001, -2, 2.6499500000000005, 1.6287, -2.0, -0.009402
30, 2.650000000000003, 1.6400000000000001, -2, 2.6496500000000003, 1.6393000000000002, -2.0, -0.009329
30, 2.650000000000003, 1.6500000000000001, -2, 2.6501000000000006, 1.64945, -2.0000500000000003, -0.00936
30, 2.650000000000003, 1.6600000000000001, -2, 2.65055, 1.65945, -2.0000500000000003, -0.009387
30, 2.650000000000003, 1.6700000000000002, -2, 2.65115, 1.66955, -2.0000500000000003, -0.009387
30, 2.650000000000003, 1.6800000000000002, -2, 2.64955, 1.68045, -2.0001, -0.00934
30, 2.650000000000003, 1.6900000000000002, -2, 2.6490500000000003, 1.6898000000000002, -2.0001, -0.009381
30, 2.650000000000003, 1.7000000000000002, -2, 2.6494500000000003, 1.70075, -2.0, -0.009387
30, 2.650000000000003, 1.7100000000000002, -2, 2.6500500000000002, 1.7098000000000002, -2.0, -0.00934
30, 2.650000000000003, 1.7200000000000002, -2, 2.6498000000000004, 1.71975, -2.0, -0.009366
30, 2.650000000000003, 1.7300000000000002, -2, 2.65105, 1.7304000000000002, -2.0, -0.009392
30, 2.650000000000003, 1.7400000000000002, -2, 2.6500500000000002, 1.7405, -1.9999500000000001, -0.00936
30, 2.650000000000003, 1.7500000000000002, -2, 2.65065, 1.74035, -1.9999500000000001, -0.009334
