Voltage = 2.9, Current = 10.3, Pinhole = 15um 
0, 2.8, -5, -5, 2.8005500000000003, -5.0003, -4.999700000000001, -0.009329
1, 2.8099999999999996, -5, -5, 2.80965, -5.0002, -4.99985, -0.009392
1, 2.8099999999999996, -5.01, -5, 2.81065, -5.0097000000000005, -4.999950000000001, -0.009329
2, 2.8, -5.01, -5, 2.7995, -5.009600000000001, -5.000100000000001, -0.009334
2, 2.79, -5.01, -5, 2.7905, -5.009650000000001, -5.0001500000000005, -0.009402
2, 2.79, -5.0, -5, 2.78975, -4.999950000000001, -5.0002, -0.00934
2, 2.79, -4.99, -5, 2.78955, -4.99025, -5.0001500000000005, -0.00936
3, 2.8, -4.99, -5, 2.79975, -4.990150000000001, -5.0001500000000005, -0.009397
3, 2.8099999999999996, -4.99, -5, 2.8107, -4.98975, -5.000100000000001, -0.009334
3, 2.8199999999999994, -4.99, -5, 2.8207000000000004, -4.9892, -5.00005, -0.009392
3, 2.8199999999999994, -5.0, -5, 2.8213000000000004, -5.0005500000000005, -5.00005, -0.009319
3, 2.8199999999999994, -5.01, -5, 2.81975, -5.010050000000001, -4.999950000000001, -0.00934
3, 2.8199999999999994, -5.02, -5, 2.8202000000000003, -5.0193, -5.0, -0.00934
4, 2.8099999999999996, -5.02, -5, 2.8104, -5.019150000000001, -5.0, -0.009407
4, 2.8, -5.02, -5, 2.7989500000000005, -5.0203500000000005, -5.00005, -0.009381
4, 2.79, -5.02, -5, 2.7896000000000005, -5.02045, -5.0, -0.009387
4, 2.7800000000000002, -5.02, -5, 2.77975, -5.02025, -5.0, -0.009381
4, 2.7800000000000002, -5.01, -5, 2.78, -5.009600000000001, -5.0, -0.009319
4, 2.7800000000000002, -5.0, -5, 2.7798000000000003, -5.0, -5.0, -0.009376
4, 2.7800000000000002, -4.99, -5, 2.77975, -4.98975, -5.0, -0.009402
4, 2.7800000000000002, -4.98, -5, 2.7792000000000003, -4.980200000000001, -5.0, -0.009387
5, 2.79, -4.98, -5, 2.7903000000000002, -4.98025, -5.0, -0.009324
5, 2.8, -4.98, -5, 2.8, -4.9801, -5.0, -0.009334
5, 2.8099999999999996, -4.98, -5, 2.8108500000000003, -4.979550000000001, -4.999950000000001, -0.009392
5, 2.8199999999999994, -4.98, -5, 2.8205500000000003, -4.9796000000000005, -4.99985, -0.009392
5, 2.829999999999999, -4.98, -5, 2.83065, -4.980200000000001, -4.9998000000000005, -0.009324
5, 2.829999999999999, -4.99, -5, 2.83115, -4.99035, -4.99985, -0.009334
5, 2.829999999999999, -5.0, -5, 2.83095, -4.99975, -4.99985, -0.009392
5, 2.829999999999999, -5.01, -5, 2.8298500000000004, -5.01015, -4.999950000000001, -0.009387
5, 2.829999999999999, -5.02, -5, 2.82995, -5.0195, -5.0, -0.00935
5, 2.829999999999999, -5.029999999999999, -5, 2.83035, -5.0289, -5.00005, -0.009376
6, 2.8199999999999994, -5.029999999999999, -5, 2.8201000000000005, -5.02965, -5.00005, -0.00936
6, 2.8099999999999996, -5.029999999999999, -5, 2.8093000000000004, -5.02955, -5.000100000000001, -0.00934
6, 2.8, -5.029999999999999, -5, 2.7999, -5.030900000000001, -5.000100000000001, -0.009387
6, 2.79, -5.029999999999999, -5, 2.7900500000000004, -5.0305, -5.000100000000001, -0.009345
6, 2.7800000000000002, -5.029999999999999, -5, 2.779, -5.0295, -5.0001500000000005, -0.009345
6, 2.7700000000000005, -5.029999999999999, -5, 2.7696000000000005, -5.02955, -5.000100000000001, -0.00936
6, 2.7700000000000005, -5.02, -5, 2.7689500000000002, -5.0208, -5.000100000000001, -0.009334
6, 2.7700000000000005, -5.01, -5, 2.7697000000000003, -5.00985, -5.00005, -0.009371
6, 2.7700000000000005, -5.0, -5, 2.7699000000000003, -5.0009500000000005, -4.999950000000001, -0.009407
6, 2.7700000000000005, -4.99, -5, 2.7702000000000004, -4.989700000000001, -4.9999, -0.009319
6, 2.7700000000000005, -4.98, -5, 2.7711000000000006, -4.980450000000001, -4.9999, -0.009334
6, 2.7700000000000005, -4.970000000000001, -5, 2.7691000000000003, -4.9700500000000005, -4.9999, -0.009402
7, 2.7800000000000002, -4.970000000000001, -5, 2.76965, -4.9701, -4.9999, -0.009387
7, 2.79, -4.970000000000001, -5, 2.7893000000000003, -4.9701, -4.9999, -0.009324
7, 2.8, -4.970000000000001, -5, 2.8005500000000003, -4.9700500000000005, -4.99985, -0.00936
7, 2.8099999999999996, -4.970000000000001, -5, 2.8008, -4.9700500000000005, -4.99985, -0.009397
7, 2.8199999999999994, -4.970000000000001, -5, 2.82045, -4.97, -4.99985, -0.00936
7, 2.829999999999999, -4.970000000000001, -5, 2.82995, -4.9698, -4.9999, -0.009334
7, 2.839999999999999, -4.970000000000001, -5, 2.84125, -4.96985, -4.999950000000001, -0.009402
7, 2.839999999999999, -4.98, -5, 2.8418, -4.981, -4.999950000000001, -0.009392
7, 2.839999999999999, -4.99, -5, 2.8390500000000003, -4.9883500000000005, -5.00005, -0.009381
7, 2.839999999999999, -5.0, -5, 2.8402000000000003, -5.000400000000001, -5.0, -0.009381
7, 2.839999999999999, -5.01, -5, 2.84075, -5.010200000000001, -5.0, -0.00935
7, 2.839999999999999, -5.02, -5, 2.84075, -5.0192000000000005, -5.0, -0.009402
7, 2.839999999999999, -5.029999999999999, -5, 2.83985, -5.0293, -5.00005, -0.009381
7, 2.839999999999999, -5.039999999999999, -5, 2.8398000000000003, -5.03955, -5.000100000000001, -0.009324
8, 2.829999999999999, -5.039999999999999, -5, 2.82975, -5.0396, -5.000100000000001, -0.00934
8, 2.8199999999999994, -5.039999999999999, -5, 2.82005, -5.040100000000001, -5.000100000000001, -0.009397
8, 2.8099999999999996, -5.039999999999999, -5, 2.80975, -5.040700000000001, -5.000100000000001, -0.009392
8, 2.8, -5.039999999999999, -5, 2.7996000000000003, -5.0396, -5.000100000000001, -0.009319
8, 2.79, -5.039999999999999, -5, 2.7898500000000004, -5.039700000000001, -5.0001500000000005, -0.009381
8, 2.7800000000000002, -5.039999999999999, -5, 2.7789, -5.03975, -5.0001500000000005, -0.009387
8, 2.7700000000000005, -5.039999999999999, -5, 2.7699000000000003, -5.040400000000001, -5.000100000000001, -0.009376
8, 2.7600000000000007, -5.039999999999999, -5, 2.76065, -5.0405500000000005, -5.00005, -0.009407
8, 2.7600000000000007, -5.029999999999999, -5, 2.7588500000000002, -5.0299000000000005, -4.999950000000001, -0.00935
8, 2.7600000000000007, -5.02, -5, 2.7597000000000005, -5.0203500000000005, -4.9999, -0.00934
8, 2.7600000000000007, -5.01, -5, 2.7598500000000006, -5.01025, -4.9999, -0.009392
8, 2.7600000000000007, -5.0, -5, 2.7599500000000003, -5.000700000000001, -4.9999, -0.009355
8, 2.7600000000000007, -4.99, -5, 2.76105, -4.991200000000001, -4.9999, -0.009329
8, 2.7600000000000007, -4.98, -5, 2.7593500000000004, -4.98, -4.9999, -0.009324
8, 2.7600000000000007, -4.970000000000001, -5, 2.7589, -4.969900000000001, -4.999950000000001, -0.009392
8, 2.7600000000000007, -4.960000000000001, -5, 2.7599, -4.959950000000001, -5.0, -0.009319
9, 2.7700000000000005, -4.960000000000001, -5, 2.771, -4.96025, -4.999950000000001, -0.009319
9, 2.7800000000000002, -4.960000000000001, -5, 2.7795, -4.960100000000001, -5.0, -0.009334
9, 2.79, -4.960000000000001, -5, 2.7906000000000004, -4.960100000000001, -5.0, -0.009387
9, 2.8, -4.960000000000001, -5, 2.7993, -4.9599, -4.999950000000001, -0.009402
9, 2.8099999999999996, -4.960000000000001, -5, 2.8103000000000002, -4.9599, -5.00005, -0.009324
9, 2.8199999999999994, -4.960000000000001, -5, 2.8214500000000005, -4.9599, -5.0, -0.009324
9, 2.829999999999999, -4.960000000000001, -5, 2.8299000000000003, -4.9599, -4.999950000000001, -0.009366
9, 2.839999999999999, -4.960000000000001, -5, 2.8409, -4.959950000000001, -4.99985, -0.009334
9, 2.8499999999999988, -4.960000000000001, -5, 2.85, -4.96005, -4.999950000000001, -0.009381
9, 2.8499999999999988, -4.970000000000001, -5, 2.85, -4.96005, -5.0, -0.009345
9, 2.8499999999999988, -4.98, -5, 2.85, -4.96005, -4.999950000000001, -0.009397
9, 2.8499999999999988, -4.99, -5, 2.85, -4.96005, -4.999950000000001, -0.009308
9, 2.8499999999999988, -5.0, -5, 2.85, -4.96005, -4.999950000000001, -0.009324
9, 2.8499999999999988, -5.01, -5, 2.85, -4.96005, -5.0, -0.009387
9, 2.8499999999999988, -5.02, -5, 2.85, -4.96005, -4.999950000000001, -0.009334
9, 2.8499999999999988, -5.029999999999999, -5, 2.85, -4.96005, -5.0, -0.009345
9, 2.8499999999999988, -5.039999999999999, -5, 2.85, -4.96005, -5.0, -0.009392
9, 2.8499999999999988, -5.049999999999999, -5, 2.85, -4.96005, -5.0, -0.009324
10, 2.839999999999999, -5.049999999999999, -5, 2.8409500000000003, -5.046900000000001, -5.0, -0.009381
10, 2.829999999999999, -5.049999999999999, -5, 2.8299000000000003, -5.049300000000001, -5.00005, -0.009387
10, 2.8199999999999994, -5.049999999999999, -5, 2.82, -5.050350000000001, -5.000100000000001, -0.00934
10, 2.8099999999999996, -5.049999999999999, -5, 2.8093000000000004, -5.0504500000000005, -5.000100000000001, -0.009397
10, 2.8, -5.049999999999999, -5, 2.79985, -5.0497000000000005, -5.0001500000000005, -0.009334
10, 2.79, -5.049999999999999, -5, 2.7900500000000004, -5.04955, -5.0001500000000005, -0.009387
10, 2.7800000000000002, -5.049999999999999, -5, 2.7792000000000003, -5.05015, -5.0001500000000005, -0.009355
10, 2.7700000000000005, -5.049999999999999, -5, 2.7697000000000003, -5.050350000000001, -5.000100000000001, -0.00936
10, 2.7600000000000007, -5.049999999999999, -5, 2.7607000000000004, -5.05025, -5.00005, -0.009392
10, 2.750000000000001, -5.049999999999999, -5, 2.7503500000000005, -5.049600000000001, -5.0, -0.009314
10, 2.750000000000001, -5.039999999999999, -5, 2.7497000000000003, -5.040150000000001, -5.0, -0.009324
10, 2.750000000000001, -5.029999999999999, -5, 2.7491000000000003, -5.02995, -4.999950000000001, -0.009387
10, 2.750000000000001, -5.02, -5, 2.74955, -5.021450000000001, -4.9999, -0.009402
10, 2.750000000000001, -5.01, -5, 2.7499000000000002, -5.021450000000001, -4.999950000000001, -0.009334
10, 2.750000000000001, -5.0, -5, 2.7498500000000003, -5.0013000000000005, -4.999950000000001, -0.009355
10, 2.750000000000001, -4.99, -5, 2.7494, -4.99005, -4.9999, -0.009397
10, 2.750000000000001, -4.98, -5, 2.7498500000000003, -4.98055, -4.9999, -0.009329
10, 2.750000000000001, -4.970000000000001, -5, 2.7507, -4.9701, -4.999950000000001, -0.009334
10, 2.750000000000001, -4.960000000000001, -5, 2.7501, -4.960100000000001, -4.999950000000001, -0.009381
10, 2.750000000000001, -4.950000000000001, -5, 2.74995, -4.960100000000001, -4.999950000000001, -0.009345
11, 2.7600000000000007, -4.950000000000001, -5, 2.7583, -4.9498500000000005, -5.00005, -0.009324
11, 2.7700000000000005, -4.950000000000001, -5, 2.7704500000000003, -4.9499, -5.00005, -0.009387
11, 2.7800000000000002, -4.950000000000001, -5, 2.77955, -4.94995, -5.00005, -0.009345
11, 2.79, -4.950000000000001, -5, 2.79015, -4.94995, -5.00005, -0.009324
11, 2.8, -4.950000000000001, -5, 2.79975, -4.9501, -4.999950000000001, -0.009376
11, 2.8099999999999996, -4.950000000000001, -5, 2.8101000000000003, -4.950150000000001, -4.999950000000001, -0.009371
11, 2.8199999999999994, -4.950000000000001, -5, 2.8214, -4.950200000000001, -4.9999, -0.009324
11, 2.829999999999999, -4.950000000000001, -5, 2.8300500000000004, -4.950150000000001, -4.99985, -0.009381
11, 2.839999999999999, -4.950000000000001, -5, 2.8409, -4.95005, -4.99985, -0.009329
11, 2.8499999999999988, -4.950000000000001, -5, 2.8505, -4.9498500000000005, -4.99985, -0.009407
11, 2.8599999999999985, -4.950000000000001, -5, 2.8598500000000002, -4.9498, -4.999950000000001, -0.009345
11, 2.8599999999999985, -4.960000000000001, -5, 2.8602000000000003, -4.9605500000000005, -5.0, -0.009329
11, 2.8599999999999985, -4.970000000000001, -5, 2.8608500000000006, -4.97, -5.00005, -0.009329
11, 2.8599999999999985, -4.98, -5, 2.86025, -4.98025, -5.000100000000001, -0.009407
11, 2.8599999999999985, -4.99, -5, 2.86075, -4.9893, -5.000100000000001, -0.009324
11, 2.8599999999999985, -5.0, -5, 2.8607000000000005, -5.0, -5.00005, -0.009324
11, 2.8599999999999985, -5.01, -5, 2.85915, -5.00935, -5.00005, -0.009397
11, 2.8599999999999985, -5.02, -5, 2.8601000000000005, -5.01815, -5.00005, -0.00934
11, 2.8599999999999985, -5.029999999999999, -5, 2.8606000000000003, -5.029450000000001, -5.00005, -0.009334
11, 2.8599999999999985, -5.039999999999999, -5, 2.8605500000000004, -5.04005, -5.00005, -0.009392
11, 2.8599999999999985, -5.049999999999999, -5, 2.8588, -5.04955, -5.000100000000001, -0.009387
11, 2.8599999999999985, -5.059999999999999, -5, 2.8604000000000003, -5.05875, -5.00005, -0.009319
12, 2.8499999999999988, -5.059999999999999, -5, 2.8501000000000003, -5.0593, -5.0, -0.00936
12, 2.839999999999999, -5.059999999999999, -5, 2.8394, -5.0601, -5.0, -0.009402
12, 2.829999999999999, -5.059999999999999, -5, 2.8298, -5.06015, -5.0, -0.009314
12, 2.8199999999999994, -5.059999999999999, -5, 2.8198000000000003, -5.06025, -5.0, -0.009376
12, 2.8099999999999996, -5.059999999999999, -5, 2.8093500000000002, -5.06015, -5.00005, -0.009329
12, 2.8, -5.059999999999999, -5, 2.79965, -5.0601, -5.0, -0.009387
12, 2.79, -5.059999999999999, -5, 2.7901000000000002, -5.06, -5.0, -0.009371
12, 2.7800000000000002, -5.059999999999999, -5, 2.78925, -5.06, -5.0, -0.009334
12, 2.7700000000000005, -5.059999999999999, -5, 2.78935, -5.06, -5.0, -0.009376
12, 2.7600000000000007, -5.059999999999999, -5, 2.78935, -5.06, -5.0, -0.009402
12, 2.750000000000001, -5.059999999999999, -5, 2.78935, -5.06, -5.0, -0.009381
12, 2.740000000000001, -5.059999999999999, -5, 2.78935, -5.06, -5.0, -0.00934
12, 2.740000000000001, -5.049999999999999, -5, 2.74065, -5.05025, -5.0, -0.009402
12, 2.740000000000001, -5.039999999999999, -5, 2.7405, -5.040100000000001, -5.00005, -0.009387
12, 2.740000000000001, -5.029999999999999, -5, 2.7393500000000004, -5.03075, -5.00005, -0.009319
12, 2.740000000000001, -5.02, -5, 2.739, -5.02135, -4.999950000000001, -0.00936
12, 2.740000000000001, -5.01, -5, 2.7395500000000004, -5.01, -4.9999, -0.009402
12, 2.740000000000001, -5.0, -5, 2.7401500000000003, -5.000900000000001, -4.9999, -0.009324
12, 2.740000000000001, -4.99, -5, 2.7402, -4.9899000000000004, -4.9999, -0.00934
12, 2.740000000000001, -4.98, -5, 2.7398500000000006, -4.98075, -4.999950000000001, -0.009418
12, 2.740000000000001, -4.970000000000001, -5, 2.7393, -4.970400000000001, -4.9999, -0.009324
12, 2.740000000000001, -4.960000000000001, -5, 2.7397000000000005, -4.9601500000000005, -4.9999, -0.009319
12, 2.740000000000001, -4.950000000000001, -5, 2.7412, -4.95005, -4.999950000000001, -0.009392
12, 2.740000000000001, -4.940000000000001, -5, 2.7405, -4.940300000000001, -5.00005, -0.00935
13, 2.750000000000001, -4.940000000000001, -5, 2.74845, -4.9398, -4.999950000000001, -0.00934
13, 2.7600000000000007, -4.940000000000001, -5, 2.7599500000000003, -4.93965, -5.00005, -0.009392
13, 2.7700000000000005, -4.940000000000001, -5, 2.7693000000000003, -4.9398, -5.00005, -0.009397
13, 2.7800000000000002, -4.940000000000001, -5, 2.7795, -4.940150000000001, -5.00005, -0.009324
13, 2.79, -4.940000000000001, -5, 2.79015, -4.94025, -5.00005, -0.009366
13, 2.8, -4.940000000000001, -5, 2.80045, -4.940200000000001, -5.00005, -0.009387
13, 2.8099999999999996, -4.940000000000001, -5, 2.81, -4.94, -5.0, -0.009324
13, 2.8199999999999994, -4.940000000000001, -5, 2.81025, -4.94005, -5.0, -0.009366
13, 2.829999999999999, -4.940000000000001, -5, 2.83065, -4.9398, -4.999950000000001, -0.009387
13, 2.839999999999999, -4.940000000000001, -5, 2.84125, -4.93965, -4.9999, -0.009334
13, 2.8499999999999988, -4.940000000000001, -5, 2.85055, -4.9398, -4.99985, -0.00934
13, 2.8599999999999985, -4.940000000000001, -5, 2.86015, -4.940200000000001, -4.9999, -0.009402
13, 2.8699999999999983, -4.940000000000001, -5, 2.87025, -4.940300000000001, -4.999950000000001, -0.009355
13, 2.8699999999999983, -4.950000000000001, -5, 2.8705, -4.95, -4.9999, -0.00936
13, 2.8699999999999983, -4.960000000000001, -5, 2.87015, -4.960700000000001, -4.9999, -0.009387
13, 2.8699999999999983, -4.970000000000001, -5, 2.86965, -4.969450000000001, -4.999950000000001, -0.009308
13, 2.8699999999999983, -4.98, -5, 2.8702, -4.98025, -5.0, -0.009376
13, 2.8699999999999983, -4.99, -5, 2.8711, -4.98905, -5.0, -0.009329
13, 2.8699999999999983, -5.0, -5, 2.87025, -4.9998000000000005, -5.0, -0.009314
13, 2.8699999999999983, -5.01, -5, 2.8698, -5.00985, -5.0, -0.009381
13, 2.8699999999999983, -5.02, -5, 2.8697000000000004, -5.019150000000001, -5.0, -0.009402
13, 2.8699999999999983, -5.029999999999999, -5, 2.8704, -5.02905, -5.0, -0.00935
13, 2.8699999999999983, -5.039999999999999, -5, 2.87115, -5.0396, -5.0, -0.009329
13, 2.8699999999999983, -5.049999999999999, -5, 2.86925, -5.0493500000000004, -5.00005, -0.00936
13, 2.8699999999999983, -5.059999999999999, -5, 2.8701000000000003, -5.059150000000001, -5.00005, -0.009392
13, 2.8699999999999983, -5.0699999999999985, -5, 2.87065, -5.0695, -5.0, -0.009329
14, 2.8599999999999985, -5.0699999999999985, -5, 2.8607000000000005, -5.0692, -5.00005, -0.009334
14, 2.8499999999999988, -5.0699999999999985, -5, 2.85, -5.0699000000000005, -5.00005, -0.009387
14, 2.839999999999999, -5.0699999999999985, -5, 2.83925, -5.07005, -5.000100000000001, -0.009371
14, 2.829999999999999, -5.0699999999999985, -5, 2.82995, -5.070150000000001, -5.000100000000001, -0.009402
14, 2.8199999999999994, -5.0699999999999985, -5, 2.8196000000000003, -5.0701, -5.000100000000001, -0.009334
14, 2.8099999999999996, -5.0699999999999985, -5, 2.8094, -5.070150000000001, -5.0001500000000005, -0.009329
14, 2.8, -5.0699999999999985, -5, 2.79965, -5.0701, -5.000100000000001, -0.009387
14, 2.79, -5.0699999999999985, -5, 2.7899000000000003, -5.07, -5.00005, -0.009381
14, 2.7800000000000002, -5.0699999999999985, -5, 2.78875, -5.07, -5.00005, -0.009324
14, 2.7700000000000005, -5.0699999999999985, -5, 2.7695, -5.0699000000000005, -5.00005, -0.009402
14, 2.7600000000000007, -5.0699999999999985, -5, 2.7608500000000005, -5.07005, -4.999950000000001, -0.009366
14, 2.750000000000001, -5.0699999999999985, -5, 2.75025, -5.07, -4.9999, -0.009319
14, 2.740000000000001, -5.0699999999999985, -5, 2.7497000000000003, -5.06995, -4.9999, -0.009324
14, 2.7300000000000013, -5.0699999999999985, -5, 2.7312000000000003, -5.06995, -4.9999, -0.009407
14, 2.7300000000000013, -5.059999999999999, -5, 2.7296000000000005, -5.0597, -4.99985, -0.00934
14, 2.7300000000000013, -5.049999999999999, -5, 2.7291000000000003, -5.0508500000000005, -4.9999, -0.009334
14, 2.7300000000000013, -5.039999999999999, -5, 2.7295, -5.04025, -4.9999, -0.009397
14, 2.7300000000000013, -5.029999999999999, -5, 2.7311000000000005, -5.03075, -4.999950000000001, -0.009381
14, 2.7300000000000013, -5.02, -5, 2.7298500000000003, -5.02125, -5.00005, -0.009329
14, 2.7300000000000013, -5.01, -5, 2.7292, -5.0109, -5.00005, -0.009392
14, 2.7300000000000013, -5.0, -5, 2.72955, -5.000400000000001, -5.00005, -0.009397
14, 2.7300000000000013, -4.99, -5, 2.7298, -4.99115, -5.000100000000001, -0.009329
14, 2.7300000000000013, -4.98, -5, 2.73, -4.979850000000001, -5.00005, -0.009376
14, 2.7300000000000013, -4.970000000000001, -5, 2.73055, -4.98, -5.00005, -0.009407
14, 2.7300000000000013, -4.960000000000001, -5, 2.72955, -4.960400000000001, -5.00005, -0.009334
14, 2.7300000000000013, -4.950000000000001, -5, 2.73, -4.94995, -5.0, -0.009355
14, 2.7300000000000013, -4.940000000000001, -5, 2.7296000000000005, -4.9498, -5.00005, -0.009397
14, 2.7300000000000013, -4.9300000000000015, -5, 2.7293000000000003, -4.92985, -5.0, -0.00936
15, 2.740000000000001, -4.9300000000000015, -5, 2.7395500000000004, -4.929950000000001, -5.0, -0.009329
15, 2.750000000000001, -4.9300000000000015, -5, 2.7497000000000003, -4.93, -5.0, -0.009381
15, 2.7600000000000007, -4.9300000000000015, -5, 2.7598500000000006, -4.9300500000000005, -4.999950000000001, -0.009371
15, 2.7700000000000005, -4.9300000000000015, -5, 2.7691000000000003, -4.9301, -4.9999, -0.009314
15, 2.7800000000000002, -4.9300000000000015, -5, 2.7805, -4.9300500000000005, -4.99985, -0.009334
15, 2.79, -4.9300000000000015, -5, 2.7897000000000003, -4.93, -4.9999, -0.009392
15, 2.8, -4.9300000000000015, -5, 2.7898500000000004, -4.9300500000000005, -4.9999, -0.00936
15, 2.8099999999999996, -4.9300000000000015, -5, 2.8100500000000004, -4.93, -4.99985, -0.009376
15, 2.8199999999999994, -4.9300000000000015, -5, 2.82075, -4.92985, -4.99985, -0.009324
15, 2.829999999999999, -4.9300000000000015, -5, 2.83095, -4.92985, -4.99985, -0.009376
15, 2.839999999999999, -4.9300000000000015, -5, 2.8407000000000004, -4.92985, -4.999950000000001, -0.009392
15, 2.8499999999999988, -4.9300000000000015, -5, 2.85035, -4.929900000000001, -4.999950000000001, -0.009334
15, 2.8599999999999985, -4.9300000000000015, -5, 2.8599, -4.93, -5.00005, -0.009381
15, 2.8699999999999983, -4.9300000000000015, -5, 2.8602000000000003, -4.93, -5.00005, -0.009376
15, 2.879999999999998, -4.9300000000000015, -5, 2.86015, -4.93, -5.00005, -0.009334
15, 2.879999999999998, -4.940000000000001, -5, 2.8803, -4.940450000000001, -5.000100000000001, -0.009366
15, 2.879999999999998, -4.950000000000001, -5, 2.8795, -4.94025, -5.00005, -0.009387
15, 2.879999999999998, -4.960000000000001, -5, 2.8805, -4.9605, -5.00005, -0.009329
15, 2.879999999999998, -4.970000000000001, -5, 2.88065, -4.969600000000001, -5.000100000000001, -0.009324
15, 2.879999999999998, -4.98, -5, 2.8805, -4.980300000000001, -5.000100000000001, -0.009387
15, 2.879999999999998, -4.99, -5, 2.8804000000000003, -4.989, -5.00005, -0.009397
15, 2.879999999999998, -5.0, -5, 2.8803500000000004, -4.99985, -5.00005, -0.009334
15, 2.879999999999998, -5.01, -5, 2.8803, -5.00985, -5.00005, -0.009387
15, 2.879999999999998, -5.02, -5, 2.88025, -5.019400000000001, -5.00005, -0.009376
15, 2.879999999999998, -5.029999999999999, -5, 2.88025, -5.02955, -5.0, -0.00934
15, 2.879999999999998, -5.039999999999999, -5, 2.88045, -5.039950000000001, -5.0, -0.00935
15, 2.879999999999998, -5.049999999999999, -5, 2.8796500000000003, -5.0485, -5.0, -0.009407
15, 2.879999999999998, -5.059999999999999, -5, 2.8804000000000003, -5.0594, -5.0, -0.00934
15, 2.879999999999998, -5.0699999999999985, -5, 2.8796500000000003, -5.069100000000001, -5.0, -0.009334
15, 2.879999999999998, -5.079999999999998, -5, 2.8805, -5.0794500000000005, -4.999950000000001, -0.009329
16, 2.8699999999999983, -5.079999999999998, -5, 2.8699500000000002, -5.079400000000001, -5.0, -0.009381
16, 2.8599999999999985, -5.079999999999998, -5, 2.8608500000000006, -5.08025, -5.0, -0.009329
16, 2.8499999999999988, -5.079999999999998, -5, 2.84995, -5.080400000000001, -5.00005, -0.009392
16, 2.839999999999999, -5.079999999999998, -5, 2.83955, -5.080150000000001, -5.00005, -0.009397
16, 2.829999999999999, -5.079999999999998, -5, 2.82975, -5.07975, -5.00005, -0.009334
16, 2.8199999999999994, -5.079999999999998, -5, 2.8197, -5.07955, -5.00005, -0.009376
16, 2.8099999999999996, -5.079999999999998, -5, 2.8094, -5.08, -5.0, -0.009397
16, 2.8, -5.079999999999998, -5, 2.8093000000000004, -5.08, -5.00005, -0.009329
16, 2.79, -5.079999999999998, -5, 2.8094500000000004, -5.08, -5.00005, -0.00934
16, 2.7800000000000002, -5.079999999999998, -5, 2.8094, -5.08, -5.0, -0.009381
16, 2.7700000000000005, -5.079999999999998, -5, 2.8094500000000004, -5.079950000000001, -5.0, -0.009402
16, 2.7600000000000007, -5.079999999999998, -5, 2.7595, -5.08035, -5.0, -0.009324
16, 2.750000000000001, -5.079999999999998, -5, 2.75015, -5.08035, -5.00005, -0.009345
16, 2.740000000000001, -5.079999999999998, -5, 2.7399500000000003, -5.07985, -5.0, -0.009402
16, 2.7300000000000013, -5.079999999999998, -5, 2.7303500000000005, -5.079700000000001, -4.999950000000001, -0.009407
16, 2.7200000000000015, -5.079999999999998, -5, 2.72115, -5.07975, -4.9999, -0.009324
16, 2.7200000000000015, -5.0699999999999985, -5, 2.7193500000000004, -5.070200000000001, -4.9999, -0.009319
16, 2.7200000000000015, -5.059999999999999, -5, 2.719, -5.06025, -4.9999, -0.009387
16, 2.7200000000000015, -5.049999999999999, -5, 2.7198500000000005, -5.049950000000001, -4.9999, -0.00935
16, 2.7200000000000015, -5.039999999999999, -5, 2.72025, -5.04025, -4.9999, -0.009324
16, 2.7200000000000015, -5.029999999999999, -5, 2.7203500000000003, -5.0318000000000005, -4.9999, -0.009381
16, 2.7200000000000015, -5.02, -5, 2.7197000000000005, -5.0205, -4.999950000000001, -0.009319
16, 2.7200000000000015, -5.01, -5, 2.7193, -5.011100000000001, -5.00005, -0.009366
16, 2.7200000000000015, -5.0, -5, 2.7204, -5.001200000000001, -5.000100000000001, -0.009387
16, 2.7200000000000015, -4.99, -5, 2.7201500000000003, -4.99055, -5.000100000000001, -0.009319
16, 2.7200000000000015, -4.98, -5, 2.72125, -4.9813, -5.000100000000001, -0.009329
16, 2.7200000000000015, -4.970000000000001, -5, 2.7195500000000004, -4.969900000000001, -5.00005, -0.009392
16, 2.7200000000000015, -4.960000000000001, -5, 2.7193500000000004, -4.9606, -5.00005, -0.00934
16, 2.7200000000000015, -4.950000000000001, -5, 2.7215, -4.950200000000001, -5.00005, -0.009334
16, 2.7200000000000015, -4.940000000000001, -5, 2.7193, -4.939400000000001, -5.0, -0.009387
16, 2.7200000000000015, -4.9300000000000015, -5, 2.71975, -4.9300500000000005, -5.0, -0.009329
16, 2.7200000000000015, -4.920000000000002, -5, 2.72025, -4.9194, -5.0, -0.009371
17, 2.7300000000000013, -4.920000000000002, -5, 2.7299, -4.9196, -5.0, -0.009397
17, 2.740000000000001, -4.920000000000002, -5, 2.7388000000000003, -4.92, -5.00005, -0.009345
17, 2.750000000000001, -4.920000000000002, -5, 2.7388500000000002, -4.919950000000001, -5.0, -0.00934
17, 2.7600000000000007, -4.920000000000002, -5, 2.7584500000000003, -4.9202, -5.0, -0.009371
17, 2.7700000000000005, -4.920000000000002, -5, 2.76975, -4.9201500000000005, -5.0, -0.009387
17, 2.7800000000000002, -4.920000000000002, -5, 2.7799500000000004, -4.9202, -4.9999, -0.00935
17, 2.79, -4.920000000000002, -5, 2.78965, -4.92005, -4.9999, -0.009324
17, 2.8, -4.920000000000002, -5, 2.7897000000000003, -4.92, -4.99985, -0.00935
17, 2.8099999999999996, -4.920000000000002, -5, 2.8100500000000004, -4.91985, -4.99985, -0.009397
17, 2.8199999999999994, -4.920000000000002, -5, 2.8212, -4.919700000000001, -4.9998000000000005, -0.00934
17, 2.829999999999999, -4.920000000000002, -5, 2.831, -4.91975, -4.99985, -0.009381
17, 2.839999999999999, -4.920000000000002, -5, 2.8406000000000002, -4.92, -4.99985, -0.009329
17, 2.8499999999999988, -4.920000000000002, -5, 2.8407000000000004, -4.92005, -4.9999, -0.009355
17, 2.8599999999999985, -4.920000000000002, -5, 2.8407000000000004, -4.92005, -4.9999, -0.009376
17, 2.8699999999999983, -4.920000000000002, -5, 2.86975, -4.92, -4.999950000000001, -0.009392
17, 2.879999999999998, -4.920000000000002, -5, 2.87035, -4.920100000000001, -4.999950000000001, -0.009329
17, 2.889999999999998, -4.920000000000002, -5, 2.8902, -4.920100000000001, -5.0, -0.009376
17, 2.889999999999998, -4.9300000000000015, -5, 2.8898500000000005, -4.9295, -5.00005, -0.009381
17, 2.889999999999998, -4.940000000000001, -5, 2.8902, -4.94, -5.00005, -0.009329
17, 2.889999999999998, -4.950000000000001, -5, 2.89025, -4.950450000000001, -5.00005, -0.009324
17, 2.889999999999998, -4.960000000000001, -5, 2.8903000000000003, -4.96025, -5.000100000000001, -0.009376
17, 2.889999999999998, -4.970000000000001, -5, 2.8898, -4.969450000000001, -5.00005, -0.009392
17, 2.889999999999998, -4.98, -5, 2.8907000000000003, -4.9804, -5.0, -0.009381
17, 2.889999999999998, -4.99, -5, 2.89025, -4.98915, -5.0, -0.009334
17, 2.889999999999998, -5.0, -5, 2.89, -5.000850000000001, -5.0, -0.009381
17, 2.889999999999998, -5.01, -5, 2.8904, -5.0089500000000005, -5.00005, -0.009324
17, 2.889999999999998, -5.02, -5, 2.8908500000000004, -5.019400000000001, -5.00005, -0.009397
17, 2.889999999999998, -5.029999999999999, -5, 2.89, -5.0299000000000005, -5.0, -0.009371
17, 2.889999999999998, -5.039999999999999, -5, 2.8899500000000002, -5.04005, -5.0, -0.009324
17, 2.889999999999998, -5.049999999999999, -5, 2.88905, -5.0485500000000005, -5.00005, -0.009366
17, 2.889999999999998, -5.059999999999999, -5, 2.8910500000000003, -5.05905, -4.999950000000001, -0.009392
17, 2.889999999999998, -5.0699999999999985, -5, 2.8907000000000003, -5.069, -4.999950000000001, -0.009319
17, 2.889999999999998, -5.079999999999998, -5, 2.8902, -5.0803, -4.9999, -0.009355
17, 2.889999999999998, -5.089999999999998, -5, 2.8894, -5.08, -5.0, -0.009381
18, 2.879999999999998, -5.089999999999998, -5, 2.8799, -5.089200000000001, -4.999950000000001, -0.00935
18, 2.8699999999999983, -5.089999999999998, -5, 2.8695, -5.08975, -5.0, -0.009329
18, 2.8599999999999985, -5.089999999999998, -5, 2.8592000000000004, -5.09, -4.999950000000001, -0.009407
18, 2.8499999999999988, -5.089999999999998, -5, 2.85925, -5.089950000000001, -5.0, -0.009366
18, 2.839999999999999, -5.089999999999998, -5, 2.8593500000000005, -5.09, -5.0, -0.009334
18, 2.829999999999999, -5.089999999999998, -5, 2.8593, -5.09, -5.0, -0.009413
18, 2.8199999999999994, -5.089999999999998, -5, 2.8593, -5.09, -5.0, -0.009376
18, 2.8099999999999996, -5.089999999999998, -5, 2.8593, -5.09, -5.00005, -0.009345
18, 2.8, -5.089999999999998, -5, 2.8593, -5.09, -5.0, -0.00934
18, 2.79, -5.089999999999998, -5, 2.8593500000000005, -5.09, -5.0, -0.009376
18, 2.7800000000000002, -5.089999999999998, -5, 2.8593, -5.09, -5.00005, -0.009402
18, 2.7700000000000005, -5.089999999999998, -5, 2.8593, -5.09, -5.0, -0.009334
18, 2.7600000000000007, -5.089999999999998, -5, 2.8593, -5.09, -5.0, -0.009366
18, 2.750000000000001, -5.089999999999998, -5, 2.8593, -5.09, -5.0, -0.009392
18, 2.740000000000001, -5.089999999999998, -5, 2.8593, -5.09, -5.00005, -0.009334
18, 2.7300000000000013, -5.089999999999998, -5, 2.8593500000000005, -5.09, -5.0, -0.009334
18, 2.7200000000000015, -5.089999999999998, -5, 2.8593, -5.09, -5.00005, -0.009329
18, 2.7100000000000017, -5.089999999999998, -5, 2.8593, -5.089950000000001, -5.00005, -0.009407
18, 2.7100000000000017, -5.079999999999998, -5, 2.7094, -5.07985, -5.0001500000000005, -0.009334
18, 2.7100000000000017, -5.0699999999999985, -5, 2.70925, -5.069, -5.0001500000000005, -0.009397
18, 2.7100000000000017, -5.059999999999999, -5, 2.71075, -5.060950000000001, -5.0001500000000005, -0.009334
18, 2.7100000000000017, -5.049999999999999, -5, 2.71025, -5.0497000000000005, -5.000100000000001, -0.009366
18, 2.7100000000000017, -5.039999999999999, -5, 2.70935, -5.0411, -5.0, -0.009381
18, 2.7100000000000017, -5.029999999999999, -5, 2.71055, -5.03205, -5.0, -0.009345
18, 2.7100000000000017, -5.02, -5, 2.70955, -5.0213, -5.0, -0.009334
18, 2.7100000000000017, -5.01, -5, 2.71055, -5.010650000000001, -5.0, -0.009376
18, 2.7100000000000017, -5.0, -5, 2.70975, -5.0006, -5.0, -0.009402
18, 2.7100000000000017, -4.99, -5, 2.7094500000000004, -4.9905, -5.0, -0.009402
18, 2.7100000000000017, -4.98, -5, 2.71015, -4.98115, -4.999950000000001, -0.009334
18, 2.7100000000000017, -4.970000000000001, -5, 2.70935, -4.969900000000001, -4.9999, -0.00934
18, 2.7100000000000017, -4.960000000000001, -5, 2.7095, -4.9606, -4.9999, -0.009397
18, 2.7100000000000017, -4.950000000000001, -5, 2.7115500000000003, -4.95025, -4.99985, -0.009387
18, 2.7100000000000017, -4.940000000000001, -5, 2.7094500000000004, -4.9395, -4.9999, -0.009319
18, 2.7100000000000017, -4.9300000000000015, -5, 2.71015, -4.930200000000001, -4.9999, -0.009392
18, 2.7100000000000017, -4.920000000000002, -5, 2.7106000000000003, -4.91945, -4.9999, -0.009334
18, 2.7100000000000017, -4.910000000000002, -5, 2.71025, -4.9095, -5.0, -0.009345
19, 2.7200000000000015, -4.910000000000002, -5, 2.7195500000000004, -4.90945, -4.999950000000001, -0.009345
19, 2.7300000000000013, -4.910000000000002, -5, 2.7285500000000003, -4.90955, -4.999950000000001, -0.009397
19, 2.740000000000001, -4.910000000000002, -5, 2.73965, -4.9102, -5.00005, -0.00934
19, 2.750000000000001, -4.910000000000002, -5, 2.749, -4.910400000000001, -5.00005, -0.009329
19, 2.7600000000000007, -4.910000000000002, -5, 2.75925, -4.9102, -5.00005, -0.009397
19, 2.7700000000000005, -4.910000000000002, -5, 2.7696000000000005, -4.91, -5.00005, -0.009376
19, 2.7800000000000002, -4.910000000000002, -5, 2.77975, -4.9097, -5.0, -0.009334
19, 2.79, -4.910000000000002, -5, 2.7904, -4.909650000000001, -4.99985, -0.009324
19, 2.8, -4.910000000000002, -5, 2.7998000000000003, -4.90995, -4.999950000000001, -0.009387
19, 2.8099999999999996, -4.910000000000002, -5, 2.8106000000000004, -4.9102, -4.999950000000001, -0.009355
19, 2.8199999999999994, -4.910000000000002, -5, 2.8208, -4.91025, -4.9999, -0.009381
19, 2.829999999999999, -4.910000000000002, -5, 2.83065, -4.910150000000001, -4.9999, -0.009345
19, 2.839999999999999, -4.910000000000002, -5, 2.84065, -4.90995, -4.999950000000001, -0.009402
19, 2.8499999999999988, -4.910000000000002, -5, 2.85015, -4.9097, -4.999950000000001, -0.009329
19, 2.8599999999999985, -4.910000000000002, -5, 2.86075, -4.909650000000001, -4.999950000000001, -0.009387
19, 2.8699999999999983, -4.910000000000002, -5, 2.8693, -4.910150000000001, -5.0, -0.009324
19, 2.879999999999998, -4.910000000000002, -5, 2.8809500000000003, -4.9103, -5.000100000000001, -0.009329
19, 2.889999999999998, -4.910000000000002, -5, 2.88965, -4.910150000000001, -5.00005, -0.00936
19, 2.8999999999999977, -4.910000000000002, -5, 2.8994500000000003, -4.91, -5.00005, -0.009334
19, 2.8999999999999977, -4.920000000000002, -5, 2.9013500000000003, -4.919700000000001, -5.00005, -0.009376
19, 2.8999999999999977, -4.9300000000000015, -5, 2.90055, -4.930200000000001, -5.00005, -0.009392
19, 2.8999999999999977, -4.940000000000001, -5, 2.9002000000000003, -4.9396, -5.00005, -0.009329
19, 2.8999999999999977, -4.950000000000001, -5, 2.9002000000000003, -4.9506000000000006, -5.00005, -0.009355
19, 2.8999999999999977, -4.960000000000001, -5, 2.8998500000000003, -4.96035, -5.00005, -0.009387
19, 2.8999999999999977, -4.970000000000001, -5, 2.8995, -4.9694, -5.00005, -0.009376
19, 2.8999999999999977, -4.98, -5, 2.8998500000000003, -4.98055, -5.0, -0.009329
19, 2.8999999999999977, -4.99, -5, 2.90015, -4.99035, -5.0, -0.009381
19, 2.8999999999999977, -5.0, -5, 2.89955, -4.999650000000001, -4.999950000000001, -0.009387
19, 2.8999999999999977, -5.01, -5, 2.90075, -5.00985, -5.0, -0.009329
19, 2.8999999999999977, -5.02, -5, 2.90075, -5.0185, -4.999950000000001, -0.009387
19, 2.8999999999999977, -5.029999999999999, -5, 2.9002000000000003, -5.030200000000001, -4.999950000000001, -0.009376
19, 2.8999999999999977, -5.039999999999999, -5, 2.8982, -5.038900000000001, -4.999950000000001, -0.009324
19, 2.8999999999999977, -5.049999999999999, -5, 2.9006000000000003, -5.0494, -4.999950000000001, -0.009324
19, 2.8999999999999977, -5.059999999999999, -5, 2.901, -5.05955, -4.999950000000001, -0.009381
19, 2.8999999999999977, -5.0699999999999985, -5, 2.8998000000000004, -5.06885, -4.999950000000001, -0.009381
19, 2.8999999999999977, -5.079999999999998, -5, 2.8998000000000004, -5.08005, -4.999950000000001, -0.009329
19, 2.8999999999999977, -5.089999999999998, -5, 2.9003, -5.089450000000001, -5.0, -0.009392
19, 2.8999999999999977, -5.099999999999998, -5, 2.89955, -5.0997, -5.0, -0.009402
20, 2.889999999999998, -5.099999999999998, -5, 2.89075, -5.099900000000001, -5.0, -0.009324
20, 2.879999999999998, -5.099999999999998, -5, 2.8897000000000004, -5.09985, -5.0, -0.009334
20, 2.8699999999999983, -5.099999999999998, -5, 2.8707000000000003, -5.10005, -5.0, -0.009402
20, 2.8599999999999985, -5.099999999999998, -5, 2.86075, -5.100200000000001, -5.000100000000001, -0.009334
20, 2.8499999999999988, -5.099999999999998, -5, 2.8498500000000004, -5.10015, -5.0001500000000005, -0.009345
20, 2.839999999999999, -5.099999999999998, -5, 2.83895, -5.1001, -5.0001500000000005, -0.009334
20, 2.829999999999999, -5.099999999999998, -5, 2.83015, -5.099900000000001, -5.0001500000000005, -0.009329
20, 2.8199999999999994, -5.099999999999998, -5, 2.81915, -5.0998, -5.0001500000000005, -0.009407
20, 2.8099999999999996, -5.099999999999998, -5, 2.8102000000000005, -5.09975, -5.000100000000001, -0.009324
20, 2.8, -5.099999999999998, -5, 2.79925, -5.09975, -5.0, -0.009392
20, 2.79, -5.099999999999998, -5, 2.78965, -5.099900000000001, -5.0, -0.009334
20, 2.7800000000000002, -5.099999999999998, -5, 2.7789500000000005, -5.099950000000001, -5.0, -0.009381
20, 2.7700000000000005, -5.099999999999998, -5, 2.7706500000000003, -5.10005, -5.00005, -0.00934
20, 2.7600000000000007, -5.099999999999998, -5, 2.7591000000000006, -5.1001, -4.999950000000001, -0.009381
20, 2.750000000000001, -5.099999999999998, -5, 2.7506000000000004, -5.1001, -4.99985, -0.00934
20, 2.740000000000001, -5.099999999999998, -5, 2.7403500000000003, -5.10015, -4.99985, -0.009392
20, 2.7300000000000013, -5.099999999999998, -5, 2.7308000000000003, -5.1001, -4.99985, -0.009407
20, 2.7200000000000015, -5.099999999999998, -5, 2.72095, -5.1001, -4.9999, -0.00935
20, 2.7100000000000017, -5.099999999999998, -5, 2.70935, -5.10005, -5.0, -0.009334
20, 2.700000000000002, -5.099999999999998, -5, 2.70115, -5.099900000000001, -5.0, -0.009345
20, 2.700000000000002, -5.089999999999998, -5, 2.7003000000000004, -5.0889500000000005, -5.0, -0.009329
20, 2.700000000000002, -5.079999999999998, -5, 2.6995500000000003, -5.0793, -5.0, -0.009376
20, 2.700000000000002, -5.0699999999999985, -5, 2.6996, -5.0695500000000004, -5.00005, -0.00935
20, 2.700000000000002, -5.059999999999999, -5, 2.6995500000000003, -5.06075, -5.00005, -0.009397
20, 2.700000000000002, -5.049999999999999, -5, 2.6998500000000005, -5.05055, -5.000100000000001, -0.009324
20, 2.700000000000002, -5.039999999999999, -5, 2.7003000000000004, -5.04075, -5.000100000000001, -0.009334
20, 2.700000000000002, -5.029999999999999, -5, 2.7004, -5.031700000000001, -5.000100000000001, -0.009387
20, 2.700000000000002, -5.02, -5, 2.6996, -5.0209, -5.00005, -0.009334
20, 2.700000000000002, -5.01, -5, 2.6994000000000002, -5.0118, -5.00005, -0.009329
20, 2.700000000000002, -5.0, -5, 2.6999500000000003, -5.0009500000000005, -5.0, -0.009376
20, 2.700000000000002, -4.99, -5, 2.7001000000000004, -4.990600000000001, -4.999950000000001, -0.00935
20, 2.700000000000002, -4.98, -5, 2.70095, -4.99075, -5.0, -0.009329
20, 2.700000000000002, -4.970000000000001, -5, 2.69925, -4.970400000000001, -5.0, -0.009345
20, 2.700000000000002, -4.960000000000001, -5, 2.69925, -4.9605500000000005, -5.0, -0.009381
20, 2.700000000000002, -4.950000000000001, -5, 2.6998500000000005, -4.9498, -5.00005, -0.009324
20, 2.700000000000002, -4.940000000000001, -5, 2.7004, -4.939400000000001, -4.999950000000001, -0.009329
20, 2.700000000000002, -4.9300000000000015, -5, 2.6998500000000005, -4.93015, -4.99985, -0.009324
20, 2.700000000000002, -4.920000000000002, -5, 2.69925, -4.919650000000001, -4.9999, -0.009334
20, 2.700000000000002, -4.910000000000002, -5, 2.7005, -4.9096, -4.9999, -0.009334
20, 2.700000000000002, -4.900000000000002, -5, 2.6997000000000004, -4.8998, -4.9999, -0.009392
21, 2.7100000000000017, -4.900000000000002, -5, 2.70955, -4.8997, -4.999950000000001, -0.009334
21, 2.7200000000000015, -4.900000000000002, -5, 2.71975, -4.89975, -4.999950000000001, -0.009345
21, 2.7300000000000013, -4.900000000000002, -5, 2.7295, -4.899900000000001, -5.00005, -0.009402
21, 2.740000000000001, -4.900000000000002, -5, 2.7392000000000003, -4.9, -5.00005, -0.00934
21, 2.750000000000001, -4.900000000000002, -5, 2.7389, -4.899900000000001, -5.00005, -0.009324
21, 2.7600000000000007, -4.900000000000002, -5, 2.7584, -4.9, -5.00005, -0.009376
21, 2.7700000000000005, -4.900000000000002, -5, 2.75855, -4.89995, -5.00005, -0.009355
21, 2.7800000000000002, -4.900000000000002, -5, 2.7796000000000003, -4.9, -5.0, -0.009319
21, 2.79, -4.900000000000002, -5, 2.7899000000000003, -4.89995, -4.9999, -0.009392
21, 2.8, -4.900000000000002, -5, 2.80005, -4.9, -4.999950000000001, -0.009387
21, 2.8099999999999996, -4.900000000000002, -5, 2.80005, -4.89995, -4.9999, -0.009324
21, 2.8199999999999994, -4.900000000000002, -5, 2.8209500000000003, -4.9, -4.9999, -0.00935
21, 2.829999999999999, -4.900000000000002, -5, 2.8208, -4.9, -4.99985, -0.009381
21, 2.839999999999999, -4.900000000000002, -5, 2.8209, -4.9, -4.9999, -0.00935
21, 2.8499999999999988, -4.900000000000002, -5, 2.8209500000000003, -4.9, -4.9999, -0.009314
21, 2.8599999999999985, -4.900000000000002, -5, 2.8209500000000003, -4.9, -4.9999, -0.009381
21, 2.8699999999999983, -4.900000000000002, -5, 2.8209, -4.9, -4.9999, -0.009371
21, 2.879999999999998, -4.900000000000002, -5, 2.8209, -4.89995, -4.9999, -0.009314
21, 2.889999999999998, -4.900000000000002, -5, 2.8922000000000003, -4.90005, -4.9999, -0.009381
21, 2.8999999999999977, -4.900000000000002, -5, 2.8999, -4.900150000000001, -4.999950000000001, -0.00934
21, 2.9099999999999975, -4.900000000000002, -5, 2.91035, -4.9001, -4.999950000000001, -0.009319
21, 2.9099999999999975, -4.910000000000002, -5, 2.91095, -4.9098500000000005, -5.0, -0.009355
21, 2.9099999999999975, -4.920000000000002, -5, 2.9108, -4.919200000000001, -5.0, -0.009376
21, 2.9099999999999975, -4.9300000000000015, -5, 2.90975, -4.93055, -4.999950000000001, -0.009329
21, 2.9099999999999975, -4.940000000000001, -5, 2.9097000000000004, -4.940200000000001, -5.0, -0.009402
21, 2.9099999999999975, -4.950000000000001, -5, 2.91, -4.9501, -5.0, -0.009334
21, 2.9099999999999975, -4.960000000000001, -5, 2.91065, -4.9611, -5.0, -0.009371
21, 2.9099999999999975, -4.970000000000001, -5, 2.91025, -4.969150000000001, -5.0, -0.00934
21, 2.9099999999999975, -4.98, -5, 2.90975, -4.981, -5.0, -0.009319
21, 2.9099999999999975, -4.99, -5, 2.91, -4.9888, -5.0, -0.009381
21, 2.9099999999999975, -5.0, -5, 2.9098, -4.988700000000001, -5.0, -0.00935
21, 2.9099999999999975, -5.01, -5, 2.91065, -5.0113, -4.999950000000001, -0.009387
21, 2.9099999999999975, -5.02, -5, 2.9101000000000004, -5.01825, -5.0, -0.009329
21, 2.9099999999999975, -5.029999999999999, -5, 2.9105, -5.03, -5.0, -0.009392
21, 2.9099999999999975, -5.039999999999999, -5, 2.9102, -5.0395, -5.000100000000001, -0.009355
21, 2.9099999999999975, -5.049999999999999, -5, 2.9098, -5.0491, -5.00005, -0.00934
21, 2.9099999999999975, -5.059999999999999, -5, 2.9092000000000002, -5.059, -5.000100000000001, -0.009407
21, 2.9099999999999975, -5.0699999999999985, -5, 2.9104500000000004, -5.06905, -5.00005, -0.009381
21, 2.9099999999999975, -5.079999999999998, -5, 2.9110500000000004, -5.079650000000001, -5.00005, -0.009314
21, 2.9099999999999975, -5.089999999999998, -5, 2.91025, -5.090400000000001, -5.00005, -0.009387
21, 2.9099999999999975, -5.099999999999998, -5, 2.91, -5.0994, -5.000100000000001, -0.009324
21, 2.9099999999999975, -5.109999999999998, -5, 2.91035, -5.11025, -5.0, -0.009329
22, 2.8999999999999977, -5.109999999999998, -5, 2.8995, -5.10975, -5.00005, -0.009387
22, 2.889999999999998, -5.109999999999998, -5, 2.89005, -5.1099000000000006, -5.00005, -0.009366
22, 2.879999999999998, -5.109999999999998, -5, 2.8809, -5.1099000000000006, -5.00005, -0.009329
22, 2.8699999999999983, -5.109999999999998, -5, 2.8693500000000003, -5.1099000000000006, -5.00005, -0.009407
22, 2.8599999999999985, -5.109999999999998, -5, 2.8603500000000004, -5.109850000000001, -5.0, -0.009334
22, 2.8499999999999988, -5.109999999999998, -5, 2.85035, -5.109850000000001, -5.0, -0.009392
22, 2.839999999999999, -5.109999999999998, -5, 2.8391, -5.1098, -5.00005, -0.009381
22, 2.829999999999999, -5.109999999999998, -5, 2.8301000000000003, -5.109850000000001, -4.999950000000001, -0.009345
22, 2.8199999999999994, -5.109999999999998, -5, 2.8188500000000003, -5.1099000000000006, -4.9999, -0.009407
22, 2.8099999999999996, -5.109999999999998, -5, 2.8093000000000004, -5.11, -4.9999, -0.009319
22, 2.8, -5.109999999999998, -5, 2.8088500000000005, -5.11, -4.999950000000001, -0.009345
22, 2.79, -5.109999999999998, -5, 2.8081000000000005, -5.11005, -5.0, -0.009381
22, 2.7800000000000002, -5.109999999999998, -5, 2.777, -5.110600000000001, -5.0, -0.009324
22, 2.7700000000000005, -5.109999999999998, -5, 2.7698, -5.110150000000001, -4.999950000000001, -0.009381
22, 2.7600000000000007, -5.109999999999998, -5, 2.7598500000000006, -5.11005, -4.9999, -0.009334
22, 2.750000000000001, -5.109999999999998, -5, 2.7501, -5.1101, -4.9999, -0.009329
22, 2.740000000000001, -5.109999999999998, -5, 2.74075, -5.10995, -4.999950000000001, -0.009387
22, 2.7300000000000013, -5.109999999999998, -5, 2.73145, -5.11, -4.999950000000001, -0.009334
22, 2.7200000000000015, -5.109999999999998, -5, 2.7313500000000004, -5.11, -4.999950000000001, -0.00934
22, 2.7100000000000017, -5.109999999999998, -5, 2.73055, -5.109850000000001, -4.999950000000001, -0.009397
22, 2.700000000000002, -5.109999999999998, -5, 2.7008500000000004, -5.10975, -5.0, -0.009355
22, 2.690000000000002, -5.109999999999998, -5, 2.6908000000000003, -5.10975, -5.0, -0.00934
22, 2.690000000000002, -5.099999999999998, -5, 2.69055, -5.0994, -4.999950000000001, -0.00936
22, 2.690000000000002, -5.089999999999998, -5, 2.6909, -5.089700000000001, -5.00005, -0.00934
22, 2.690000000000002, -5.079999999999998, -5, 2.6893000000000002, -5.078900000000001, -5.000100000000001, -0.009397
22, 2.690000000000002, -5.0699999999999985, -5, 2.68965, -5.07055, -5.000100000000001, -0.009329
22, 2.690000000000002, -5.059999999999999, -5, 2.6898500000000003, -5.0605, -5.000100000000001, -0.009402
22, 2.690000000000002, -5.049999999999999, -5, 2.68975, -5.0506, -5.000100000000001, -0.009381
22, 2.690000000000002, -5.039999999999999, -5, 2.6897, -5.04155, -5.000100000000001, -0.009308
22, 2.690000000000002, -5.029999999999999, -5, 2.6901, -5.03085, -5.00005, -0.009381
22, 2.690000000000002, -5.02, -5, 2.6903, -5.021850000000001, -5.0, -0.009387
22, 2.690000000000002, -5.01, -5, 2.69, -5.01125, -5.0, -0.00934
22, 2.690000000000002, -5.0, -5, 2.68965, -5.0011, -5.0, -0.009376
22, 2.690000000000002, -4.99, -5, 2.68975, -4.98965, -5.00005, -0.009387
22, 2.690000000000002, -4.98, -5, 2.6902000000000004, -4.9898, -5.0, -0.009334
22, 2.690000000000002, -4.970000000000001, -5, 2.69, -4.98975, -5.00005, -0.009345
22, 2.690000000000002, -4.960000000000001, -5, 2.69015, -4.9611, -4.999950000000001, -0.009392
22, 2.690000000000002, -4.950000000000001, -5, 2.68915, -4.95005, -4.9999, -0.009334
22, 2.690000000000002, -4.940000000000001, -5, 2.69015, -4.93935, -4.9999, -0.009329
22, 2.690000000000002, -4.9300000000000015, -5, 2.6909500000000004, -4.9303, -4.9999, -0.00934
22, 2.690000000000002, -4.920000000000002, -5, 2.6898, -4.9193500000000006, -4.9999, -0.009334
22, 2.690000000000002, -4.910000000000002, -5, 2.69015, -4.9097, -4.9999, -0.009366
22, 2.690000000000002, -4.900000000000002, -5, 2.6894, -4.89975, -4.999950000000001, -0.009329
22, 2.690000000000002, -4.890000000000002, -5, 2.6905, -4.8892, -5.0, -0.009345
23, 2.700000000000002, -4.890000000000002, -5, 2.69965, -4.88935, -4.9999, -0.009381
23, 2.7100000000000017, -4.890000000000002, -5, 2.70935, -4.8900500000000005, -4.999950000000001, -0.009319
23, 2.7200000000000015, -4.890000000000002, -5, 2.70975, -4.89, -4.999950000000001, -0.009314
23, 2.7300000000000013, -4.890000000000002, -5, 2.7097, -4.89, -4.999950000000001, -0.009381
23, 2.740000000000001, -4.890000000000002, -5, 2.7373000000000003, -4.89, -4.9999, -0.009345
23, 2.750000000000001, -4.890000000000002, -5, 2.74935, -4.8898, -4.999950000000001, -0.009319
23, 2.7600000000000007, -4.890000000000002, -5, 2.7595, -4.889900000000001, -4.999950000000001, -0.00934
23, 2.7700000000000005, -4.890000000000002, -5, 2.77, -4.88985, -4.999950000000001, -0.00936
23, 2.7800000000000002, -4.890000000000002, -5, 2.779, -4.88975, -4.9999, -0.00934
23, 2.79, -4.890000000000002, -5, 2.7906000000000004, -4.88975, -4.999950000000001, -0.009387
23, 2.8, -4.890000000000002, -5, 2.801, -4.89055, -4.999950000000001, -0.009387
23, 2.8099999999999996, -4.890000000000002, -5, 2.8101000000000003, -4.89025, -5.00005, -0.009366
23, 2.8199999999999994, -4.890000000000002, -5, 2.8209500000000003, -4.8896500000000005, -5.0, -0.009402
23, 2.829999999999999, -4.890000000000002, -5, 2.8308500000000003, -4.88955, -5.0, -0.009334
23, 2.839999999999999, -4.890000000000002, -5, 2.8408500000000005, -4.8896999999999995, -5.0, -0.009387
23, 2.8499999999999988, -4.890000000000002, -5, 2.8503000000000003, -4.8904000000000005, -5.0, -0.009324
23, 2.8599999999999985, -4.890000000000002, -5, 2.8608500000000006, -4.8904499999999995, -4.999950000000001, -0.009324
23, 2.8699999999999983, -4.890000000000002, -5, 2.8689, -4.889900000000001, -5.000100000000001, -0.009402
23, 2.879999999999998, -4.890000000000002, -5, 2.8808000000000002, -4.8898, -5.00025, -0.009329
23, 2.889999999999998, -4.890000000000002, -5, 2.8899, -4.8898, -5.0002, -0.009402
23, 2.8999999999999977, -4.890000000000002, -5, 2.90025, -4.88995, -5.0001500000000005, -0.009366
23, 2.9099999999999975, -4.890000000000002, -5, 2.90965, -4.8901, -5.0001500000000005, -0.009329
23, 2.9199999999999973, -4.890000000000002, -5, 2.9203, -4.89015, -5.0001500000000005, -0.009314
23, 2.9199999999999973, -4.900000000000002, -5, 2.91975, -4.899150000000001, -5.00005, -0.009392
23, 2.9199999999999973, -4.910000000000002, -5, 2.91975, -4.91025, -4.999950000000001, -0.009392
23, 2.9199999999999973, -4.920000000000002, -5, 2.92025, -4.9206, -4.99985, -0.00934
23, 2.9199999999999973, -4.9300000000000015, -5, 2.9205, -4.93055, -4.9999, -0.009366
23, 2.9199999999999973, -4.940000000000001, -5, 2.9201000000000006, -4.9404, -4.9999, -0.009355
23, 2.9199999999999973, -4.950000000000001, -5, 2.9193500000000006, -4.9501, -4.9999, -0.009308
23, 2.9199999999999973, -4.960000000000001, -5, 2.9202000000000004, -4.961450000000001, -4.9999, -0.00935
23, 2.9199999999999973, -4.970000000000001, -5, 2.9203, -4.9695, -4.999950000000001, -0.009381
23, 2.9199999999999973, -4.98, -5, 2.91975, -4.98055, -5.0, -0.00934
23, 2.9199999999999973, -4.99, -5, 2.9202000000000004, -4.989400000000001, -4.999950000000001, -0.009381
23, 2.9199999999999973, -5.0, -5, 2.9199, -5.000400000000001, -5.0, -0.009392
23, 2.9199999999999973, -5.01, -5, 2.9202000000000004, -5.0108500000000005, -5.0, -0.009345
23, 2.9199999999999973, -5.02, -5, 2.92015, -5.018800000000001, -5.00005, -0.009392
23, 2.9199999999999973, -5.029999999999999, -5, 2.9198000000000004, -5.029400000000001, -5.00005, -0.009407
23, 2.9199999999999973, -5.039999999999999, -5, 2.9198000000000004, -5.0396, -5.00005, -0.009329
23, 2.9199999999999973, -5.049999999999999, -5, 2.9198000000000004, -5.049300000000001, -5.00005, -0.009319
23, 2.9199999999999973, -5.059999999999999, -5, 2.92045, -5.0588500000000005, -5.00005, -0.00935
23, 2.9199999999999973, -5.0699999999999985, -5, 2.9204, -5.06875, -5.00005, -0.009387
23, 2.9199999999999973, -5.079999999999998, -5, 2.9198500000000003, -5.07925, -5.00005, -0.009381
23, 2.9199999999999973, -5.089999999999998, -5, 2.9201000000000006, -5.089900000000001, -5.00005, -0.009329
23, 2.9199999999999973, -5.099999999999998, -5, 2.9190500000000004, -5.09925, -4.999950000000001, -0.00934
23, 2.9199999999999973, -5.109999999999998, -5, 2.9207, -5.11005, -4.9999, -0.009371
23, 2.9199999999999973, -5.119999999999997, -5, 2.92045, -5.120100000000001, -4.9999, -0.009366
24, 2.9099999999999975, -5.119999999999997, -5, 2.9103000000000003, -5.12025, -4.99985, -0.009397
24, 2.8999999999999977, -5.119999999999997, -5, 2.8996000000000004, -5.12025, -4.999950000000001, -0.009345
24, 2.889999999999998, -5.119999999999997, -5, 2.8906000000000005, -5.1202000000000005, -4.999950000000001, -0.009334
24, 2.879999999999998, -5.119999999999997, -5, 2.8804000000000003, -5.12005, -5.0, -0.009381
24, 2.8699999999999983, -5.119999999999997, -5, 2.8697000000000004, -5.119700000000001, -5.00005, -0.009402
24, 2.8599999999999985, -5.119999999999997, -5, 2.86075, -5.1196, -5.000100000000001, -0.009392
24, 2.8499999999999988, -5.119999999999997, -5, 2.8497000000000003, -5.119650000000001, -5.0001500000000005, -0.00934
24, 2.839999999999999, -5.119999999999997, -5, 2.83895, -5.119800000000001, -5.0001500000000005, -0.009319
24, 2.829999999999999, -5.119999999999997, -5, 2.8307, -5.1199, -5.0001500000000005, -0.009387
24, 2.8199999999999994, -5.119999999999997, -5, 2.81895, -5.12, -5.00005, -0.00936
24, 2.8099999999999996, -5.119999999999997, -5, 2.8190500000000003, -5.12, -5.00005, -0.009397
24, 2.8, -5.119999999999997, -5, 2.8190500000000003, -5.12, -5.00005, -0.009334
24, 2.79, -5.119999999999997, -5, 2.8188500000000003, -5.12, -5.000100000000001, -0.009392
24, 2.7800000000000002, -5.119999999999997, -5, 2.8188, -5.12005, -5.0001500000000005, -0.00936
24, 2.7700000000000005, -5.119999999999997, -5, 2.7665, -5.12005, -5.000100000000001, -0.009345
24, 2.7600000000000007, -5.119999999999997, -5, 2.7609500000000002, -5.120150000000001, -5.000100000000001, -0.009387
24, 2.750000000000001, -5.119999999999997, -5, 2.7504500000000003, -5.120100000000001, -5.00005, -0.009407
24, 2.740000000000001, -5.119999999999997, -5, 2.74075, -5.1202000000000005, -4.999950000000001, -0.009329
24, 2.7300000000000013, -5.119999999999997, -5, 2.7304, -5.120100000000001, -4.9998000000000005, -0.009345
24, 2.7200000000000015, -5.119999999999997, -5, 2.7208, -5.120100000000001, -4.9983, -0.00934
24, 2.7100000000000017, -5.119999999999997, -5, 2.71015, -5.12, -4.9993, -0.009402
24, 2.700000000000002, -5.119999999999997, -5, 2.7103500000000005, -5.12005, -4.99925, -0.009392
24, 2.690000000000002, -5.119999999999997, -5, 2.6912000000000003, -5.12, -4.999950000000001, -0.009319
24, 2.6800000000000024, -5.119999999999997, -5, 2.69085, -5.119950000000001, -4.9999, -0.009308
24, 2.6800000000000024, -5.109999999999998, -5, 2.68125, -5.1089, -5.0, -0.009381
24, 2.6800000000000024, -5.099999999999998, -5, 2.6799500000000003, -5.09975, -4.999950000000001, -0.009324
24, 2.6800000000000024, -5.089999999999998, -5, 2.6801500000000003, -5.09975, -5.000100000000001, -0.009397
24, 2.6800000000000024, -5.079999999999998, -5, 2.6803500000000002, -5.079400000000001, -5.0, -0.009324
24, 2.6800000000000024, -5.0699999999999985, -5, 2.6799500000000003, -5.0693, -4.999950000000001, -0.009381
24, 2.6800000000000024, -5.059999999999999, -5, 2.67925, -5.0605, -4.9998000000000005, -0.009324
24, 2.6800000000000024, -5.049999999999999, -5, 2.6795, -5.0509, -4.9998000000000005, -0.009371
24, 2.6800000000000024, -5.039999999999999, -5, 2.6802, -5.041950000000001, -4.9999, -0.009381
24, 2.6800000000000024, -5.029999999999999, -5, 2.6796, -5.03385, -5.0001500000000005, -0.009345
24, 2.6800000000000024, -5.02, -5, 2.6795, -5.0203500000000005, -5.000450000000001, -0.00934
24, 2.6800000000000024, -5.01, -5, 2.6803500000000002, -5.01205, -5.0005, -0.009381
24, 2.6800000000000024, -5.0, -5, 2.6797000000000004, -5.00025, -5.000400000000001, -0.009392
24, 2.6800000000000024, -4.99, -5, 2.6798, -4.9895, -5.00025, -0.009314
24, 2.6800000000000024, -4.98, -5, 2.6799500000000003, -4.980650000000001, -5.0001500000000005, -0.009381
24, 2.6800000000000024, -4.970000000000001, -5, 2.6801500000000003, -4.97025, -5.0, -0.009376
24, 2.6800000000000024, -4.960000000000001, -5, 2.6804, -4.95945, -5.0, -0.009407
24, 2.6800000000000024, -4.950000000000001, -5, 2.6798, -4.95, -5.0, -0.00935
24, 2.6800000000000024, -4.940000000000001, -5, 2.6805, -4.93965, -5.0, -0.009381
24, 2.6800000000000024, -4.9300000000000015, -5, 2.6792000000000002, -4.93015, -5.0, -0.009387
24, 2.6800000000000024, -4.920000000000002, -5, 2.6796, -4.9193500000000006, -5.0, -0.009334
24, 2.6800000000000024, -4.910000000000002, -5, 2.6799, -4.9095, -4.999950000000001, -0.009407
24, 2.6800000000000024, -4.900000000000002, -5, 2.6795500000000003, -4.8995, -4.99985, -0.00935
24, 2.6800000000000024, -4.890000000000002, -5, 2.68055, -4.889150000000001, -4.9998000000000005, -0.00934
24, 2.6800000000000024, -4.880000000000003, -5, 2.68005, -4.879449999999999, -4.99985, -0.009376
25, 2.690000000000002, -4.880000000000003, -5, 2.6895, -4.879449999999999, -5.0, -0.009345
25, 2.700000000000002, -4.880000000000003, -5, 2.6995500000000003, -4.8801000000000005, -5.0, -0.009324
25, 2.7100000000000017, -4.880000000000003, -5, 2.70965, -4.8801000000000005, -5.0, -0.009392
25, 2.7200000000000015, -4.880000000000003, -5, 2.7195500000000004, -4.88005, -5.0, -0.00934
25, 2.7300000000000013, -4.880000000000003, -5, 2.7296000000000005, -4.88015, -5.0, -0.009308
25, 2.740000000000001, -4.880000000000003, -5, 2.7384, -4.88, -5.000100000000001, -0.009397
25, 2.750000000000001, -4.880000000000003, -5, 2.7386500000000003, -4.88, -5.000100000000001, -0.009376
25, 2.7600000000000007, -4.880000000000003, -5, 2.7387, -4.88, -5.000100000000001, -0.009324
25, 2.7700000000000005, -4.880000000000003, -5, 2.7387, -4.88, -5.000100000000001, -0.00934
25, 2.7800000000000002, -4.880000000000003, -5, 2.7387, -4.88, -5.000100000000001, -0.009407
25, 2.79, -4.880000000000003, -5, 2.7387, -4.88, -5.000100000000001, -0.009381
25, 2.8, -4.880000000000003, -5, 2.7387, -4.88, -5.000100000000001, -0.009407
25, 2.8099999999999996, -4.880000000000003, -5, 2.7387, -4.88005, -5.000100000000001, -0.009329
25, 2.8199999999999994, -4.880000000000003, -5, 2.81915, -4.87975, -5.000100000000001, -0.009387
25, 2.829999999999999, -4.880000000000003, -5, 2.831, -4.87955, -5.000100000000001, -0.009324
25, 2.839999999999999, -4.880000000000003, -5, 2.8414500000000005, -4.8798, -5.0001500000000005, -0.009407
25, 2.8499999999999988, -4.880000000000003, -5, 2.8499, -4.8799, -5.000100000000001, -0.009334
25, 2.8599999999999985, -4.880000000000003, -5, 2.86065, -4.87995, -5.00005, -0.009387
25, 2.8699999999999983, -4.880000000000003, -5, 2.8698, -4.87995, -5.00005, -0.00934
25, 2.879999999999998, -4.880000000000003, -5, 2.88015, -4.8799, -5.00005, -0.009308
25, 2.889999999999998, -4.880000000000003, -5, 2.88975, -4.87995, -5.0, -0.009381
25, 2.8999999999999977, -4.880000000000003, -5, 2.8998500000000003, -4.87985, -4.9999, -0.009319
25, 2.9099999999999975, -4.880000000000003, -5, 2.91055, -4.8801000000000005, -4.999950000000001, -0.009329
25, 2.9199999999999973, -4.880000000000003, -5, 2.91915, -4.880400000000001, -5.000100000000001, -0.009397
25, 2.929999999999997, -4.880000000000003, -5, 2.9299, -4.88035, -5.00025, -0.00934
25, 2.929999999999997, -4.890000000000002, -5, 2.9298500000000005, -4.8881000000000006, -5.00035, -0.00935
25, 2.929999999999997, -4.900000000000002, -5, 2.9303500000000002, -4.90055, -5.000400000000001, -0.009387
25, 2.929999999999997, -4.910000000000002, -5, 2.9296, -4.9103, -5.00065, -0.009334
25, 2.929999999999997, -4.920000000000002, -5, 2.9298, -4.921200000000001, -5.00025, -0.009387
25, 2.929999999999997, -4.9300000000000015, -5, 2.9305, -4.930400000000001, -5.0001500000000005, -0.00934
25, 2.929999999999997, -4.940000000000001, -5, 2.9308, -4.9408, -5.000100000000001, -0.009392
25, 2.929999999999997, -4.950000000000001, -5, 2.92915, -4.9503, -5.0002, -0.009324
25, 2.929999999999997, -4.960000000000001, -5, 2.92915, -4.9606, -5.00025, -0.009376
25, 2.929999999999997, -4.970000000000001, -5, 2.9308, -4.969900000000001, -5.00035, -0.009329
25, 2.929999999999997, -4.98, -5, 2.93125, -4.98105, -5.0001500000000005, -0.009376
25, 2.929999999999997, -4.99, -5, 2.9295500000000003, -4.989700000000001, -4.99975, -0.009334
25, 2.929999999999997, -5.0, -5, 2.9304500000000004, -5.00075, -4.999650000000001, -0.009366
25, 2.929999999999997, -5.01, -5, 2.9299500000000003, -5.0093000000000005, -4.9998000000000005, -0.00934
25, 2.929999999999997, -5.02, -5, 2.9298500000000005, -5.019550000000001, -5.00005, -0.009329
25, 2.929999999999997, -5.029999999999999, -5, 2.9308500000000004, -5.02975, -5.000400000000001, -0.009376
25, 2.929999999999997, -5.039999999999999, -5, 2.9292000000000002, -5.03875, -5.0005, -0.009371
25, 2.929999999999997, -5.049999999999999, -5, 2.9295500000000003, -5.049450000000001, -5.0001500000000005, -0.009334
25, 2.929999999999997, -5.059999999999999, -5, 2.9304500000000004, -5.0591, -5.000100000000001, -0.00934
25, 2.929999999999997, -5.0699999999999985, -5, 2.9306000000000005, -5.0685, -5.00005, -0.009355
25, 2.929999999999997, -5.079999999999998, -5, 2.9309000000000003, -5.07955, -4.99985, -0.009381
25, 2.929999999999997, -5.089999999999998, -5, 2.9288000000000003, -5.089200000000001, -4.99975, -0.00934
25, 2.929999999999997, -5.099999999999998, -5, 2.9298, -5.100200000000001, -4.9999, -0.009314
25, 2.929999999999997, -5.109999999999998, -5, 2.9303500000000002, -5.1098, -4.9999, -0.009345
25, 2.929999999999997, -5.119999999999997, -5, 2.9308, -5.119800000000001, -5.0, -0.009413
25, 2.929999999999997, -5.129999999999997, -5, 2.93, -5.129650000000001, -5.0, -0.009366
26, 2.9199999999999973, -5.129999999999997, -5, 2.92055, -5.1299, -5.0, -0.009345
26, 2.9099999999999975, -5.129999999999997, -5, 2.91035, -5.130400000000001, -5.000100000000001, -0.009345
26, 2.8999999999999977, -5.129999999999997, -5, 2.8991000000000002, -5.1303, -5.000100000000001, -0.009387
26, 2.889999999999998, -5.129999999999997, -5, 2.8905, -5.1301000000000005, -5.0001500000000005, -0.00934
26, 2.879999999999998, -5.129999999999997, -5, 2.8798000000000004, -5.129650000000001, -4.9999, -0.00934
26, 2.8699999999999983, -5.129999999999997, -5, 2.8713500000000005, -5.1296, -4.9998000000000005, -0.009371
26, 2.8599999999999985, -5.129999999999997, -5, 2.8612, -5.1298, -4.999650000000001, -0.009387
26, 2.8499999999999988, -5.129999999999997, -5, 2.8487000000000005, -5.12955, -4.9995, -0.00936
26, 2.839999999999999, -5.129999999999997, -5, 2.8409500000000003, -5.13, -4.999350000000001, -0.00936
26, 2.829999999999999, -5.129999999999997, -5, 2.8411500000000003, -5.129950000000001, -4.999, -0.009324
26, 2.8199999999999994, -5.129999999999997, -5, 2.81855, -5.13, -4.999200000000001, -0.009392
26, 2.8099999999999996, -5.129999999999997, -5, 2.81895, -5.13, -4.99915, -0.009397
26, 2.8, -5.129999999999997, -5, 2.7980500000000004, -5.13, -4.999650000000001, -0.009345
26, 2.79, -5.129999999999997, -5, 2.7984, -5.13, -4.999650000000001, -0.009381
26, 2.7800000000000002, -5.129999999999997, -5, 2.77955, -5.13005, -4.99985, -0.009392
26, 2.7700000000000005, -5.129999999999997, -5, 2.7706500000000003, -5.13, -4.9999, -0.009329
26, 2.7600000000000007, -5.129999999999997, -5, 2.76045, -5.13, -5.00005, -0.009314
26, 2.750000000000001, -5.129999999999997, -5, 2.7595500000000004, -5.129950000000001, -5.00005, -0.009355
26, 2.740000000000001, -5.129999999999997, -5, 2.7409, -5.129950000000001, -5.0002, -0.009418
26, 2.7300000000000013, -5.129999999999997, -5, 2.7408500000000005, -5.13, -5.0002, -0.009334
26, 2.7200000000000015, -5.129999999999997, -5, 2.7209, -5.13005, -5.00025, -0.009355
26, 2.7100000000000017, -5.129999999999997, -5, 2.7108000000000003, -5.1301000000000005, -5.0003, -0.009397
26, 2.700000000000002, -5.129999999999997, -5, 2.7003500000000003, -5.13, -5.0002, -0.009402
26, 2.690000000000002, -5.129999999999997, -5, 2.7005500000000002, -5.13, -5.0001500000000005, -0.009345
26, 2.6800000000000024, -5.129999999999997, -5, 2.6808, -5.129950000000001, -5.00005, -0.009376
26, 2.6700000000000026, -5.129999999999997, -5, 2.67055, -5.1299, -5.00005, -0.009397
26, 2.6700000000000026, -5.119999999999997, -5, 2.6699500000000005, -5.11955, -5.00005, -0.009366
26, 2.6700000000000026, -5.109999999999998, -5, 2.6694500000000003, -5.1084000000000005, -4.999950000000001, -0.00934
26, 2.6700000000000026, -5.099999999999998, -5, 2.66955, -5.10005, -4.99985, -0.009371
26, 2.6700000000000026, -5.089999999999998, -5, 2.67015, -5.089600000000001, -4.99985, -0.009355
26, 2.6700000000000026, -5.079999999999998, -5, 2.66955, -5.0806000000000004, -4.9999, -0.009345
26, 2.6700000000000026, -5.0699999999999985, -5, 2.67075, -5.0704, -5.0, -0.009392
26, 2.6700000000000026, -5.059999999999999, -5, 2.6699, -5.0605, -4.999950000000001, -0.00936
26, 2.6700000000000026, -5.049999999999999, -5, 2.6693500000000006, -5.0511, -5.00005, -0.009329
26, 2.6700000000000026, -5.039999999999999, -5, 2.6693500000000006, -5.0421000000000005, -5.0, -0.009397
26, 2.6700000000000026, -5.029999999999999, -5, 2.6698000000000004, -5.0319, -5.0, -0.009366
26, 2.6700000000000026, -5.02, -5, 2.6703, -5.021400000000001, -5.00005, -0.009314
26, 2.6700000000000026, -5.01, -5, 2.67015, -5.011550000000001, -5.0, -0.009387
26, 2.6700000000000026, -5.0, -5, 2.6695, -4.999950000000001, -5.0, -0.009345
26, 2.6700000000000026, -4.99, -5, 2.6705, -4.990450000000001, -5.0, -0.00934
26, 2.6700000000000026, -4.98, -5, 2.6701000000000006, -4.980600000000001, -5.0, -0.00936
26, 2.6700000000000026, -4.970000000000001, -5, 2.67055, -4.970200000000001, -5.0, -0.009376
26, 2.6700000000000026, -4.960000000000001, -5, 2.6691000000000003, -4.95915, -5.0, -0.009345
26, 2.6700000000000026, -4.950000000000001, -5, 2.6697, -4.95, -5.00005, -0.009397
26, 2.6700000000000026, -4.940000000000001, -5, 2.6701000000000006, -4.939400000000001, -5.0, -0.009387
26, 2.6700000000000026, -4.9300000000000015, -5, 2.6699, -4.929950000000001, -5.00005, -0.009345
26, 2.6700000000000026, -4.920000000000002, -5, 2.67, -4.929950000000001, -5.0, -0.009345
26, 2.6700000000000026, -4.910000000000002, -5, 2.67, -4.929950000000001, -5.0, -0.009407
26, 2.6700000000000026, -4.900000000000002, -5, 2.67, -4.929950000000001, -5.0, -0.009366
26, 2.6700000000000026, -4.890000000000002, -5, 2.67, -4.929950000000001, -5.0, -0.00934
26, 2.6700000000000026, -4.880000000000003, -5, 2.67, -4.929950000000001, -5.0, -0.009392
26, 2.6700000000000026, -4.870000000000003, -5, 2.67, -4.93, -5.0, -0.009329
27, 2.6800000000000024, -4.870000000000003, -5, 2.6801000000000004, -4.868, -5.0, -0.009366
27, 2.690000000000002, -4.870000000000003, -5, 2.6894, -4.86855, -5.0, -0.009376
27, 2.700000000000002, -4.870000000000003, -5, 2.6997000000000004, -4.86925, -5.0, -0.00935
27, 2.7100000000000017, -4.870000000000003, -5, 2.70975, -4.869350000000001, -5.0, -0.009324
27, 2.7200000000000015, -4.870000000000003, -5, 2.7193, -4.870150000000001, -5.0, -0.009329
27, 2.7300000000000013, -4.870000000000003, -5, 2.7294, -4.87035, -5.0, -0.009371
27, 2.740000000000001, -4.870000000000003, -5, 2.7389500000000004, -4.870100000000001, -5.0, -0.009392
27, 2.750000000000001, -4.870000000000003, -5, 2.74875, -4.86995, -5.0, -0.009355
27, 2.7600000000000007, -4.870000000000003, -5, 2.7589, -4.8698500000000005, -5.00005, -0.009334
27, 2.7700000000000005, -4.870000000000003, -5, 2.7699000000000003, -4.86975, -5.00005, -0.009381
27, 2.7800000000000002, -4.870000000000003, -5, 2.77925, -4.86995, -5.000100000000001, -0.009387
27, 2.79, -4.870000000000003, -5, 2.7904500000000003, -4.870150000000001, -5.000100000000001, -0.009345
27, 2.8, -4.870000000000003, -5, 2.8005500000000003, -4.870150000000001, -5.000100000000001, -0.009355
27, 2.8099999999999996, -4.870000000000003, -5, 2.81055, -4.870150000000001, -5.00005, -0.009329
27, 2.8199999999999994, -4.870000000000003, -5, 2.82075, -4.870100000000001, -5.0, -0.009387
27, 2.829999999999999, -4.870000000000003, -5, 2.831, -4.8699, -5.0, -0.009329
27, 2.839999999999999, -4.870000000000003, -5, 2.8407000000000004, -4.869800000000001, -5.0, -0.00936
27, 2.8499999999999988, -4.870000000000003, -5, 2.85055, -4.86975, -5.0, -0.009387
27, 2.8599999999999985, -4.870000000000003, -5, 2.8599, -4.869800000000001, -5.00005, -0.009345
27, 2.8699999999999983, -4.870000000000003, -5, 2.8703000000000003, -4.86995, -5.0, -0.009324
27, 2.879999999999998, -4.870000000000003, -5, 2.8797, -4.87, -5.0, -0.009387
27, 2.889999999999998, -4.870000000000003, -5, 2.8903000000000003, -4.87005, -5.0, -0.009366
27, 2.8999999999999977, -4.870000000000003, -5, 2.8993500000000005, -4.87005, -5.0, -0.009334
27, 2.9099999999999975, -4.870000000000003, -5, 2.9102, -4.870100000000001, -5.0, -0.009345
27, 2.9199999999999973, -4.870000000000003, -5, 2.9204, -4.870100000000001, -5.0, -0.009387
27, 2.929999999999997, -4.870000000000003, -5, 2.9298500000000005, -4.870100000000001, -5.00005, -0.009387
27, 2.939999999999997, -4.870000000000003, -5, 2.9403500000000005, -4.87, -5.00005, -0.00934
27, 2.939999999999997, -4.880000000000003, -5, 2.94, -4.8786000000000005, -4.999950000000001, -0.00934
27, 2.939999999999997, -4.890000000000002, -5, 2.9398, -4.89, -4.9999, -0.009392
27, 2.939999999999997, -4.900000000000002, -5, 2.9400500000000003, -4.9012, -4.9999, -0.009392
27, 2.939999999999997, -4.910000000000002, -5, 2.9403500000000005, -4.9102, -4.9999, -0.009334
27, 2.939999999999997, -4.920000000000002, -5, 2.93995, -4.92105, -4.999950000000001, -0.009376
27, 2.939999999999997, -4.9300000000000015, -5, 2.9394500000000003, -4.93045, -5.0, -0.009319
27, 2.939999999999997, -4.940000000000001, -5, 2.93965, -4.94055, -4.999950000000001, -0.00934
27, 2.939999999999997, -4.950000000000001, -5, 2.9404500000000002, -4.9511, -5.00005, -0.009381
27, 2.939999999999997, -4.960000000000001, -5, 2.94085, -4.9606, -5.00005, -0.009366
27, 2.939999999999997, -4.970000000000001, -5, 2.9398500000000003, -4.97025, -5.000100000000001, -0.009407
27, 2.939999999999997, -4.98, -5, 2.9394, -4.98025, -5.000100000000001, -0.009381
27, 2.939999999999997, -4.99, -5, 2.94065, -4.990450000000001, -5.000100000000001, -0.009334
27, 2.939999999999997, -5.0, -5, 2.94055, -5.0005, -5.0, -0.009329
27, 2.939999999999997, -5.01, -5, 2.9401, -5.00975, -5.00005, -0.009397
27, 2.939999999999997, -5.02, -5, 2.93915, -5.019700000000001, -5.0, -0.009381
27, 2.939999999999997, -5.029999999999999, -5, 2.93965, -5.0295, -4.999950000000001, -0.009334
27, 2.939999999999997, -5.039999999999999, -5, 2.94105, -5.038950000000001, -5.0, -0.009324
27, 2.939999999999997, -5.049999999999999, -5, 2.93925, -5.04905, -5.0, -0.009376
27, 2.939999999999997, -5.059999999999999, -5, 2.9394500000000003, -5.058350000000001, -4.999950000000001, -0.009413
27, 2.939999999999997, -5.0699999999999985, -5, 2.94105, -5.068700000000001, -4.999950000000001, -0.009366
27, 2.939999999999997, -5.079999999999998, -5, 2.9406000000000003, -5.0802000000000005, -4.9999, -0.00934
27, 2.939999999999997, -5.089999999999998, -5, 2.93995, -5.08955, -4.9999, -0.009371
27, 2.939999999999997, -5.099999999999998, -5, 2.94, -5.0997, -4.999950000000001, -0.009371
27, 2.939999999999997, -5.109999999999998, -5, 2.9401, -5.10975, -4.999950000000001, -0.009334
27, 2.939999999999997, -5.119999999999997, -5, 2.94015, -5.10965, -5.0, -0.00935
27, 2.939999999999997, -5.129999999999997, -5, 2.93965, -5.12985, -5.0, -0.009392
27, 2.939999999999997, -5.139999999999997, -5, 2.9397, -5.139900000000001, -5.00005, -0.009345
28, 2.929999999999997, -5.139999999999997, -5, 2.93095, -5.1401, -5.0, -0.009334
28, 2.9199999999999973, -5.139999999999997, -5, 2.92045, -5.14015, -5.00005, -0.009402
28, 2.9099999999999975, -5.139999999999997, -5, 2.9099500000000003, -5.1400500000000005, -5.000100000000001, -0.009381
28, 2.8999999999999977, -5.139999999999997, -5, 2.90085, -5.1401, -5.00005, -0.009314
28, 2.889999999999998, -5.139999999999997, -5, 2.8899, -5.1401, -5.00005, -0.00934
28, 2.879999999999998, -5.139999999999997, -5, 2.8798000000000004, -5.1400500000000005, -5.0, -0.009387
28, 2.8699999999999983, -5.139999999999997, -5, 2.87065, -5.139950000000001, -5.00005, -0.009381
28, 2.8599999999999985, -5.139999999999997, -5, 2.87015, -5.14, -5.00005, -0.009329
28, 2.8499999999999988, -5.139999999999997, -5, 2.8703000000000003, -5.1400500000000005, -5.0, -0.009392
28, 2.839999999999999, -5.139999999999997, -5, 2.839, -5.139950000000001, -5.00005, -0.009397
28, 2.829999999999999, -5.139999999999997, -5, 2.8298500000000004, -5.139900000000001, -5.0, -0.00935
28, 2.8199999999999994, -5.139999999999997, -5, 2.81925, -5.139900000000001, -5.0, -0.009392
28, 2.8099999999999996, -5.139999999999997, -5, 2.8096000000000005, -5.139900000000001, -4.999950000000001, -0.00934
28, 2.8, -5.139999999999997, -5, 2.79945, -5.139900000000001, -4.9999, -0.009366
28, 2.79, -5.139999999999997, -5, 2.7891500000000002, -5.13985, -4.9999, -0.009324
28, 2.7800000000000002, -5.139999999999997, -5, 2.7799, -5.13985, -4.99985, -0.009387
28, 2.7700000000000005, -5.139999999999997, -5, 2.76925, -5.139900000000001, -4.999950000000001, -0.009334
28, 2.7600000000000007, -5.139999999999997, -5, 2.7603, -5.139950000000001, -5.0, -0.009329
28, 2.750000000000001, -5.139999999999997, -5, 2.75015, -5.139950000000001, -5.00005, -0.00934
28, 2.740000000000001, -5.139999999999997, -5, 2.74115, -5.1401, -5.000100000000001, -0.009308
28, 2.7300000000000013, -5.139999999999997, -5, 2.7298500000000003, -5.14, -5.000100000000001, -0.009397
28, 2.7200000000000015, -5.139999999999997, -5, 2.72065, -5.14, -5.000100000000001, -0.009355
28, 2.7100000000000017, -5.139999999999997, -5, 2.7207000000000003, -5.1400500000000005, -5.000100000000001, -0.00934
28, 2.700000000000002, -5.139999999999997, -5, 2.7, -5.14, -5.000100000000001, -0.009329
28, 2.690000000000002, -5.139999999999997, -5, 2.6919500000000003, -5.14, -5.0, -0.009397
28, 2.6800000000000024, -5.139999999999997, -5, 2.69125, -5.14, -5.00005, -0.009381
28, 2.6700000000000026, -5.139999999999997, -5, 2.69165, -5.14, -5.00005, -0.009329
28, 2.660000000000003, -5.139999999999997, -5, 2.69145, -5.14, -5.00005, -0.009334
28, 2.660000000000003, -5.129999999999997, -5, 2.66065, -5.1299, -4.999950000000001, -0.009387
28, 2.660000000000003, -5.119999999999997, -5, 2.6598500000000005, -5.11915, -4.9999, -0.00934
28, 2.660000000000003, -5.109999999999998, -5, 2.6598500000000005, -5.1095500000000005, -4.9999, -0.009402
28, 2.660000000000003, -5.099999999999998, -5, 2.65975, -5.0989, -4.9999, -0.00934
28, 2.660000000000003, -5.089999999999998, -5, 2.6602, -5.0909, -4.9999, -0.009397
28, 2.660000000000003, -5.079999999999998, -5, 2.65965, -5.0796, -4.999950000000001, -0.009345
28, 2.660000000000003, -5.0699999999999985, -5, 2.6607000000000003, -5.0705, -5.0, -0.009324
28, 2.660000000000003, -5.059999999999999, -5, 2.6602, -5.060950000000001, -5.0, -0.009329
28, 2.660000000000003, -5.049999999999999, -5, 2.6596, -5.0516000000000005, -5.0, -0.009397
28, 2.660000000000003, -5.039999999999999, -5, 2.65925, -5.04185, -5.00005, -0.00934
28, 2.660000000000003, -5.029999999999999, -5, 2.65965, -5.0326, -5.0, -0.009324
28, 2.660000000000003, -5.02, -5, 2.6598, -5.020650000000001, -5.0, -0.009387
28, 2.660000000000003, -5.01, -5, 2.66005, -5.02085, -5.0, -0.009381
28, 2.660000000000003, -5.0, -5, 2.6593500000000003, -5.001150000000001, -5.0, -0.009314
28, 2.660000000000003, -4.99, -5, 2.6599, -4.98975, -5.0, -0.00936
28, 2.660000000000003, -4.98, -5, 2.6603000000000003, -4.9803500000000005, -5.00005, -0.009381
28, 2.660000000000003, -4.970000000000001, -5, 2.66055, -4.9698, -5.00005, -0.009329
28, 2.660000000000003, -4.960000000000001, -5, 2.6607000000000003, -4.960700000000001, -5.000100000000001, -0.009324
28, 2.660000000000003, -4.950000000000001, -5, 2.6594, -4.949700000000001, -5.00005, -0.009387
28, 2.660000000000003, -4.940000000000001, -5, 2.659, -4.939700000000001, -5.00005, -0.009397
28, 2.660000000000003, -4.9300000000000015, -5, 2.6597000000000004, -4.9297, -5.0, -0.009314
28, 2.660000000000003, -4.920000000000002, -5, 2.66065, -4.9201500000000005, -5.0, -0.009314
28, 2.660000000000003, -4.910000000000002, -5, 2.6607000000000003, -4.9092, -5.0, -0.009387
28, 2.660000000000003, -4.900000000000002, -5, 2.6599500000000003, -4.8995, -5.0, -0.009371
28, 2.660000000000003, -4.890000000000002, -5, 2.6603000000000003, -4.889600000000001, -5.0, -0.009407
28, 2.660000000000003, -4.880000000000003, -5, 2.6599500000000003, -4.8794, -5.0, -0.00934
28, 2.660000000000003, -4.870000000000003, -5, 2.6601000000000004, -4.8688, -5.0, -0.009397
28, 2.660000000000003, -4.860000000000003, -5, 2.6604, -4.85965, -5.0, -0.009324
29, 2.6700000000000026, -4.860000000000003, -5, 2.6694, -4.859, -5.0, -0.009371
29, 2.6800000000000024, -4.860000000000003, -5, 2.6801000000000004, -4.8595, -5.0, -0.009413
29, 2.690000000000002, -4.860000000000003, -5, 2.6898500000000003, -4.8599000000000006, -4.999950000000001, -0.009324
29, 2.700000000000002, -4.860000000000003, -5, 2.7003500000000003, -4.86005, -4.99985, -0.009381
29, 2.7100000000000017, -4.860000000000003, -5, 2.7099, -4.8601, -4.99975, -0.009407
29, 2.7200000000000015, -4.860000000000003, -5, 2.71875, -4.860150000000001, -4.99985, -0.009324
29, 2.7300000000000013, -4.860000000000003, -5, 2.7286000000000006, -4.8602, -5.0001500000000005, -0.009329
29, 2.740000000000001, -4.860000000000003, -5, 2.7385, -4.8601, -5.0003, -0.009407
29, 2.750000000000001, -4.860000000000003, -5, 2.74955, -4.85975, -5.0003, -0.009319
29, 2.7600000000000007, -4.860000000000003, -5, 2.7599500000000003, -4.8596, -5.0002, -0.009319
29, 2.7700000000000005, -4.860000000000003, -5, 2.7688500000000005, -4.8599000000000006, -5.0002, -0.009392
29, 2.7800000000000002, -4.860000000000003, -5, 2.779, -4.8599000000000006, -5.00025, -0.009334
29, 2.79, -4.860000000000003, -5, 2.78925, -4.86005, -5.00035, -0.009329
29, 2.8, -4.860000000000003, -5, 2.8004000000000002, -4.860150000000001, -5.0006, -0.009381
29, 2.8099999999999996, -4.860000000000003, -5, 2.81095, -4.8602, -5.000700000000001, -0.00934
29, 2.8199999999999994, -4.860000000000003, -5, 2.8212, -4.860150000000001, -5.0003, -0.009387
29, 2.829999999999999, -4.860000000000003, -5, 2.8300500000000004, -4.860150000000001, -5.0001500000000005, -0.009329
29, 2.839999999999999, -4.860000000000003, -5, 2.8418, -4.86, -5.00035, -0.009371
29, 2.8499999999999988, -4.860000000000003, -5, 2.84235, -4.8599000000000006, -5.0005, -0.009402
29, 2.8599999999999985, -4.860000000000003, -5, 2.8601000000000005, -4.8597, -4.999950000000001, -0.00935
29, 2.8699999999999983, -4.860000000000003, -5, 2.8691500000000003, -4.8596, -4.99975, -0.009334
29, 2.879999999999998, -4.860000000000003, -5, 2.8797, -4.8599000000000006, -4.99975, -0.009397
29, 2.889999999999998, -4.860000000000003, -5, 2.88965, -4.8599000000000006, -5.00005, -0.009402
29, 2.8999999999999977, -4.860000000000003, -5, 2.89925, -4.8599499999999995, -5.0001500000000005, -0.009345
29, 2.9099999999999975, -4.860000000000003, -5, 2.9117, -4.8602, -5.0001500000000005, -0.00934
29, 2.9199999999999973, -4.860000000000003, -5, 2.91955, -4.8602, -5.000100000000001, -0.009366
29, 2.929999999999997, -4.860000000000003, -5, 2.9304, -4.8602, -5.00005, -0.009329
29, 2.939999999999997, -4.860000000000003, -5, 2.93995, -4.86, -5.0, -0.009392
29, 2.9499999999999966, -4.860000000000003, -5, 2.9401, -4.86005, -5.00005, -0.009392
29, 2.9499999999999966, -4.870000000000003, -5, 2.951, -4.869400000000001, -4.99985, -0.009355
29, 2.9499999999999966, -4.880000000000003, -5, 2.95, -4.8801000000000005, -4.999700000000001, -0.009308
29, 2.9499999999999966, -4.890000000000002, -5, 2.9497000000000004, -4.8901, -4.99975, -0.009371
29, 2.9499999999999966, -4.900000000000002, -5, 2.9504, -4.900900000000001, -4.999950000000001, -0.009392
29, 2.9499999999999966, -4.910000000000002, -5, 2.9498500000000005, -4.91045, -5.00005, -0.009376
29, 2.9499999999999966, -4.920000000000002, -5, 2.9502, -4.9213000000000005, -5.0001500000000005, -0.009371
29, 2.9499999999999966, -4.9300000000000015, -5, 2.9498, -4.930700000000001, -5.0001500000000005, -0.00934
29, 2.9499999999999966, -4.940000000000001, -5, 2.9503500000000003, -4.9405, -5.0002, -0.009329
29, 2.9499999999999966, -4.950000000000001, -5, 2.95115, -4.9504, -5.00005, -0.009334
29, 2.9499999999999966, -4.960000000000001, -5, 2.9503000000000004, -4.9613000000000005, -4.99985, -0.009397
29, 2.9499999999999966, -4.970000000000001, -5, 2.9493, -4.9695, -4.999700000000001, -0.009334
29, 2.9499999999999966, -4.98, -5, 2.94975, -4.9811000000000005, -4.999700000000001, -0.009376
29, 2.9499999999999966, -4.99, -5, 2.9491000000000005, -4.98995, -4.9999, -0.00934
29, 2.9499999999999966, -5.0, -5, 2.9509000000000003, -5.001, -5.000100000000001, -0.009381
29, 2.9499999999999966, -5.01, -5, 2.9503000000000004, -5.008700000000001, -5.0002, -0.009319
29, 2.9499999999999966, -5.02, -5, 2.95, -5.020700000000001, -5.00025, -0.009334
29, 2.9499999999999966, -5.029999999999999, -5, 2.9491000000000005, -5.02905, -5.0002, -0.00936
29, 2.9499999999999966, -5.039999999999999, -5, 2.9509000000000003, -5.0394000000000005, -5.00005, -0.009324
29, 2.9499999999999966, -5.049999999999999, -5, 2.9508500000000004, -5.04955, -5.00005, -0.009381
29, 2.9499999999999966, -5.059999999999999, -5, 2.9495500000000003, -5.0593, -5.00005, -0.009345
29, 2.9499999999999966, -5.0699999999999985, -5, 2.9495500000000003, -5.06845, -5.0, -0.009319
29, 2.9499999999999966, -5.079999999999998, -5, 2.95115, -5.0790500000000005, -5.0, -0.009376
29, 2.9499999999999966, -5.089999999999998, -5, 2.9510500000000004, -5.09, -4.999950000000001, -0.00936
29, 2.9499999999999966, -5.099999999999998, -5, 2.9494000000000002, -5.09855, -4.999950000000001, -0.00935
29, 2.9499999999999966, -5.109999999999998, -5, 2.9493, -5.1101, -4.9999, -0.00934
29, 2.9499999999999966, -5.119999999999997, -5, 2.9502, -5.1195, -4.9999, -0.009387
29, 2.9499999999999966, -5.129999999999997, -5, 2.9504, -5.129950000000001, -4.9999, -0.009413
29, 2.9499999999999966, -5.139999999999997, -5, 2.9495, -5.1404000000000005, -4.999950000000001, -0.009324
29, 2.9499999999999966, -5.149999999999997, -5, 2.95065, -5.1501, -5.0, -0.009371
30, 2.939999999999997, -5.149999999999997, -5, 2.94, -5.150150000000001, -4.999950000000001, -0.009387
30, 2.929999999999997, -5.149999999999997, -5, 2.9311000000000003, -5.150150000000001, -4.9999, -0.009334
30, 2.9199999999999973, -5.149999999999997, -5, 2.91875, -5.1501, -4.9999, -0.009355
30, 2.9099999999999975, -5.149999999999997, -5, 2.9108, -5.15005, -5.0, -0.009324
30, 2.8999999999999977, -5.149999999999997, -5, 2.8994500000000003, -5.1501, -5.00005, -0.009334
30, 2.889999999999998, -5.149999999999997, -5, 2.88975, -5.1499500000000005, -5.0001500000000005, -0.009387
30, 2.879999999999998, -5.149999999999997, -5, 2.88005, -5.14975, -5.000100000000001, -0.009376
30, 2.8699999999999983, -5.149999999999997, -5, 2.87, -5.149700000000001, -5.00005, -0.009329
30, 2.8599999999999985, -5.149999999999997, -5, 2.8612, -5.149700000000001, -5.00005, -0.009407
30, 2.8499999999999988, -5.149999999999997, -5, 2.849, -5.14965, -5.00005, -0.009329
30, 2.839999999999999, -5.149999999999997, -5, 2.83955, -5.1499500000000005, -4.999950000000001, -0.009376
30, 2.829999999999999, -5.149999999999997, -5, 2.8298, -5.150150000000001, -4.9999, -0.009387
30, 2.8199999999999994, -5.149999999999997, -5, 2.81975, -5.150150000000001, -4.999700000000001, -0.009314
30, 2.8099999999999996, -5.149999999999997, -5, 2.8089500000000003, -5.15025, -4.999650000000001, -0.009381
30, 2.8, -5.149999999999997, -5, 2.7997, -5.150150000000001, -4.999950000000001, -0.009329
30, 2.79, -5.149999999999997, -5, 2.7902000000000005, -5.1499500000000005, -5.00005, -0.009314
30, 2.7800000000000002, -5.149999999999997, -5, 2.77855, -5.149700000000001, -5.000100000000001, -0.009366
30, 2.7700000000000005, -5.149999999999997, -5, 2.7703, -5.1496, -5.0001500000000005, -0.009329
30, 2.7600000000000007, -5.149999999999997, -5, 2.7598500000000006, -5.14975, -5.0001500000000005, -0.009381
30, 2.750000000000001, -5.149999999999997, -5, 2.7502000000000004, -5.149900000000001, -5.000100000000001, -0.009371
30, 2.740000000000001, -5.149999999999997, -5, 2.7408, -5.149850000000001, -5.000100000000001, -0.009329
30, 2.7300000000000013, -5.149999999999997, -5, 2.73145, -5.150150000000001, -5.000100000000001, -0.009381
30, 2.7200000000000015, -5.149999999999997, -5, 2.71975, -5.15005, -5.00005, -0.009381
30, 2.7100000000000017, -5.149999999999997, -5, 2.71, -5.1501, -5.0, -0.00934
30, 2.700000000000002, -5.149999999999997, -5, 2.70025, -5.150200000000001, -5.00005, -0.009329
30, 2.690000000000002, -5.149999999999997, -5, 2.6898, -5.1501, -5.00005, -0.009387
30, 2.6800000000000024, -5.149999999999997, -5, 2.6812000000000005, -5.15025, -4.9999, -0.009402
30, 2.6700000000000026, -5.149999999999997, -5, 2.67105, -5.1499500000000005, -4.99985, -0.009329
30, 2.660000000000003, -5.149999999999997, -5, 2.6712000000000002, -5.15005, -4.99985, -0.00934
30, 2.650000000000003, -5.149999999999997, -5, 2.67075, -5.15, -4.99985, -0.009397
30, 2.650000000000003, -5.139999999999997, -5, 2.65, -5.138450000000001, -4.9999, -0.009366
30, 2.650000000000003, -5.129999999999997, -5, 2.6490500000000003, -5.1294, -4.99985, -0.009376
30, 2.650000000000003, -5.119999999999997, -5, 2.6492000000000004, -5.118950000000001, -4.99985, -0.009329
30, 2.650000000000003, -5.109999999999998, -5, 2.65025, -5.110200000000001, -4.99985, -0.009392
30, 2.650000000000003, -5.099999999999998, -5, 2.65, -5.09975, -4.9999, -0.009319
30, 2.650000000000003, -5.089999999999998, -5, 2.6497, -5.08955, -4.9999, -0.00936
30, 2.650000000000003, -5.079999999999998, -5, 2.64975, -5.080900000000001, -4.999950000000001, -0.009387
30, 2.650000000000003, -5.0699999999999985, -5, 2.6499500000000005, -5.0711, -4.99985, -0.009314
30, 2.650000000000003, -5.059999999999999, -5, 2.6500500000000002, -5.06155, -4.99975, -0.009308
30, 2.650000000000003, -5.049999999999999, -5, 2.65015, -5.0518, -4.9999, -0.009387
30, 2.650000000000003, -5.039999999999999, -5, 2.6500500000000002, -5.04225, -4.999950000000001, -0.009334
30, 2.650000000000003, -5.029999999999999, -5, 2.65, -5.03115, -5.00005, -0.00936
30, 2.650000000000003, -5.02, -5, 2.6494500000000003, -5.02085, -5.0, -0.009397
30, 2.650000000000003, -5.01, -5, 2.6497, -5.010400000000001, -4.999950000000001, -0.009334
30, 2.650000000000003, -5.0, -5, 2.6498500000000003, -5.00025, -4.99985, -0.009371
30, 2.650000000000003, -4.99, -5, 2.6501000000000006, -4.9895, -4.9999, -0.009381
30, 2.650000000000003, -4.98, -5, 2.6508000000000003, -4.980600000000001, -5.0, -0.009381
30, 2.650000000000003, -4.970000000000001, -5, 2.6497, -4.969950000000001, -5.0, -0.009329
30, 2.650000000000003, -4.960000000000001, -5, 2.64955, -4.9594000000000005, -4.999950000000001, -0.009314
30, 2.650000000000003, -4.950000000000001, -5, 2.6496500000000003, -4.95, -5.0002, -0.009324
30, 2.650000000000003, -4.940000000000001, -5, 2.64975, -4.9395, -5.0002, -0.009371
30, 2.650000000000003, -4.9300000000000015, -5, 2.65025, -4.9297, -5.0001500000000005, -0.009381
30, 2.650000000000003, -4.920000000000002, -5, 2.65015, -4.92, -4.999700000000001, -0.00934
30, 2.650000000000003, -4.910000000000002, -5, 2.65065, -4.9201500000000005, -4.99975, -0.009319
30, 2.650000000000003, -4.900000000000002, -5, 2.6493500000000005, -4.8991999999999996, -4.99955, -0.009387
30, 2.650000000000003, -4.890000000000002, -5, 2.6494500000000003, -4.8893, -4.9998000000000005, -0.009334
30, 2.650000000000003, -4.880000000000003, -5, 2.6500500000000002, -4.8794, -4.99985, -0.009392
30, 2.650000000000003, -4.870000000000003, -5, 2.64955, -4.8794, -4.99975, -0.00936
30, 2.650000000000003, -4.860000000000003, -5, 2.65055, -4.8585, -4.999950000000001, -0.009392
30, 2.650000000000003, -4.850000000000003, -5, 2.65085, -4.84835, -5.00005, -0.00934
