0, 3.6, -0.7, -1, 3.5994, -0.7004000000000001, -0.9999000000000001, -0.009329
1, 3.61, -0.7, -1, 3.6093500000000005, -0.70015, -0.99995, -0.009324
1, 3.61, -0.71, -1, 3.61, -0.7100500000000001, -0.9999000000000001, -0.009376
2, 3.6, -0.71, -1, 3.6008, -0.7101500000000001, -0.99995, -0.009314
2, 3.5900000000000003, -0.71, -1, 3.59, -0.7101000000000001, -0.9999000000000001, -0.009355
2, 3.5900000000000003, -0.7, -1, 3.5905500000000004, -0.6995, -0.9999000000000001, -0.009345
2, 3.5900000000000003, -0.69, -1, 3.5899500000000004, -0.6897000000000001, -0.99995, -0.009329
3, 3.6, -0.69, -1, 3.6, -0.6896, -0.99995, -0.009366
3, 3.61, -0.69, -1, 3.60925, -0.6898500000000001, -1.00005, -0.00936
3, 3.6199999999999997, -0.69, -1, 3.6189500000000003, -0.6899000000000001, -1.0001, -0.009324
3, 3.6199999999999997, -0.7, -1, 3.6209000000000002, -0.7010500000000001, -1.00005, -0.00936
3, 3.6199999999999997, -0.71, -1, 3.62015, -0.7101500000000001, -1.0001, -0.009319
3, 3.6199999999999997, -0.72, -1, 3.62025, -0.72035, -1.00005, -0.009376
4, 3.61, -0.72, -1, 3.6107000000000005, -0.72035, -1.00005, -0.009371
4, 3.6, -0.72, -1, 3.60055, -0.7201000000000001, -1.00005, -0.009345
4, 3.5900000000000003, -0.72, -1, 3.5894, -0.72, -1.0, -0.009298
4, 3.5800000000000005, -0.72, -1, 3.5808500000000003, -0.72, -1.00005, -0.009376
4, 3.5800000000000005, -0.71, -1, 3.57905, -0.70945, -1.0, -0.009319
4, 3.5800000000000005, -0.7, -1, 3.57965, -0.6995, -0.99995, -0.00934
4, 3.5800000000000005, -0.69, -1, 3.5801000000000003, -0.6896500000000001, -0.99995, -0.009314
4, 3.5800000000000005, -0.6799999999999999, -1, 3.58, -0.68, -0.99995, -0.009376
5, 3.5900000000000003, -0.6799999999999999, -1, 3.58015, -0.68005, -0.99995, -0.009376
5, 3.6, -0.6799999999999999, -1, 3.5989500000000003, -0.67995, -0.99995, -0.009319
5, 3.61, -0.6799999999999999, -1, 3.61, -0.6799000000000001, -0.99995, -0.009355
5, 3.6199999999999997, -0.6799999999999999, -1, 3.6193500000000003, -0.6799000000000001, -0.9999000000000001, -0.009371
5, 3.6299999999999994, -0.6799999999999999, -1, 3.6294, -0.6799000000000001, -0.99995, -0.009303
5, 3.6299999999999994, -0.69, -1, 3.6303500000000004, -0.69, -0.99995, -0.009314
5, 3.6299999999999994, -0.7, -1, 3.6304000000000003, -0.701, -1.0, -0.009366
5, 3.6299999999999994, -0.71, -1, 3.6301000000000005, -0.7099500000000001, -1.00005, -0.009324
5, 3.6299999999999994, -0.72, -1, 3.6298000000000004, -0.7203, -1.00005, -0.009381
5, 3.6299999999999994, -0.73, -1, 3.6301000000000005, -0.7306, -1.00005, -0.00934
6, 3.6199999999999997, -0.73, -1, 3.6208, -0.73025, -1.00005, -0.009303
6, 3.61, -0.73, -1, 3.61065, -0.7296, -1.00005, -0.009366
6, 3.6, -0.73, -1, 3.60015, -0.7296, -1.00005, -0.00934
6, 3.5900000000000003, -0.73, -1, 3.5901000000000005, -0.73055, -1.00005, -0.009298
6, 3.5800000000000005, -0.73, -1, 3.5810500000000003, -0.7304, -1.0, -0.009366
6, 3.5700000000000007, -0.73, -1, 3.5703500000000004, -0.7296, -1.0, -0.00935
6, 3.5700000000000007, -0.72, -1, 3.5696000000000003, -0.7199000000000001, -1.0, -0.009319
6, 3.5700000000000007, -0.71, -1, 3.569, -0.70985, -1.0, -0.009376
6, 3.5700000000000007, -0.7, -1, 3.5703500000000004, -0.6994000000000001, -1.0, -0.009366
6, 3.5700000000000007, -0.69, -1, 3.56985, -0.6897000000000001, -1.00005, -0.009329
6, 3.5700000000000007, -0.6799999999999999, -1, 3.57015, -0.68, -1.0, -0.009366
6, 3.5700000000000007, -0.6699999999999999, -1, 3.5699, -0.66975, -1.0, -0.00934
7, 3.5800000000000005, -0.6699999999999999, -1, 3.5802000000000005, -0.6696, -1.0, -0.009314
7, 3.5900000000000003, -0.6699999999999999, -1, 3.58915, -0.6698500000000001, -1.0, -0.00934
7, 3.6, -0.6699999999999999, -1, 3.5999, -0.67, -1.0, -0.009366
7, 3.61, -0.6699999999999999, -1, 3.5999, -0.66995, -1.0, -0.009376
7, 3.6199999999999997, -0.6699999999999999, -1, 3.61875, -0.6701500000000001, -1.0, -0.009314
7, 3.6299999999999994, -0.6699999999999999, -1, 3.6309500000000003, -0.6703000000000001, -1.0, -0.009324
7, 3.6399999999999992, -0.6699999999999999, -1, 3.63865, -0.6702, -1.0, -0.009308
7, 3.6399999999999992, -0.6799999999999999, -1, 3.6397000000000004, -0.6798500000000001, -0.99995, -0.00934
7, 3.6399999999999992, -0.69, -1, 3.6408, -0.6901, -0.9999000000000001, -0.009376
7, 3.6399999999999992, -0.7, -1, 3.6409000000000002, -0.701, -0.99995, -0.009308
7, 3.6399999999999992, -0.71, -1, 3.6399500000000002, -0.70935, -0.9999000000000001, -0.009376
7, 3.6399999999999992, -0.72, -1, 3.6401000000000003, -0.7214, -0.9999000000000001, -0.00934
7, 3.6399999999999992, -0.73, -1, 3.6399500000000002, -0.7214, -0.9999000000000001, -0.009334
7, 3.6399999999999992, -0.74, -1, 3.6403000000000003, -0.7401, -0.9999000000000001, -0.00936
8, 3.6299999999999994, -0.74, -1, 3.63025, -0.73995, -0.9999000000000001, -0.009334
8, 3.6199999999999997, -0.74, -1, 3.6209000000000002, -0.7400500000000001, -0.99995, -0.009314
8, 3.61, -0.74, -1, 3.61015, -0.74, -1.0, -0.009366
8, 3.6, -0.74, -1, 3.6002, -0.74, -1.00005, -0.009366
8, 3.5900000000000003, -0.74, -1, 3.59025, -0.73995, -1.0, -0.009324
8, 3.5800000000000005, -0.74, -1, 3.58155, -0.74, -1.0, -0.009376
8, 3.5700000000000007, -0.74, -1, 3.56955, -0.7400500000000001, -1.00005, -0.009366
8, 3.560000000000001, -0.74, -1, 3.56055, -0.7401500000000001, -1.0001, -0.009319
8, 3.560000000000001, -0.73, -1, 3.5593000000000004, -0.7296, -1.00005, -0.009314
8, 3.560000000000001, -0.72, -1, 3.55955, -0.72, -1.00005, -0.009387
8, 3.560000000000001, -0.71, -1, 3.5603500000000006, -0.71, -1.0001, -0.009376
8, 3.560000000000001, -0.7, -1, 3.5603500000000006, -0.69935, -1.0001, -0.009334
8, 3.560000000000001, -0.69, -1, 3.55965, -0.6897000000000001, -1.0001, -0.009324
8, 3.560000000000001, -0.6799999999999999, -1, 3.5593500000000002, -0.6797000000000001, -1.0001, -0.009324
8, 3.560000000000001, -0.6699999999999999, -1, 3.5596000000000005, -0.6698000000000001, -1.00005, -0.009376
8, 3.560000000000001, -0.6599999999999999, -1, 3.55975, -0.66005, -1.0, -0.00934
9, 3.5700000000000007, -0.6599999999999999, -1, 3.5699, -0.65995, -1.0, -0.009314
9, 3.5800000000000005, -0.6599999999999999, -1, 3.57, -0.66, -0.99995, -0.009366
9, 3.5900000000000003, -0.6599999999999999, -1, 3.5703500000000004, -0.66, -1.0, -0.009376
9, 3.6, -0.6599999999999999, -1, 3.57025, -0.66005, -1.0, -0.009329
9, 3.61, -0.6599999999999999, -1, 3.60925, -0.65995, -1.0, -0.009355
9, 3.6199999999999997, -0.6599999999999999, -1, 3.6188000000000002, -0.65975, -1.0, -0.009381
9, 3.6299999999999994, -0.6599999999999999, -1, 3.6294500000000003, -0.65975, -1.0, -0.009324
9, 3.6399999999999992, -0.6599999999999999, -1, 3.6395500000000003, -0.65995, -1.0, -0.00934
9, 3.649999999999999, -0.6599999999999999, -1, 3.6494, -0.6601, -1.0, -0.009392
9, 3.649999999999999, -0.6699999999999999, -1, 3.6500500000000002, -0.67045, -1.0, -0.009324
9, 3.649999999999999, -0.6799999999999999, -1, 3.6505, -0.6806, -1.0, -0.009314
9, 3.649999999999999, -0.69, -1, 3.6505, -0.6899500000000001, -1.0, -0.009308
9, 3.649999999999999, -0.7, -1, 3.65045, -0.7008000000000001, -1.0, -0.009345
9, 3.649999999999999, -0.71, -1, 3.6499, -0.7093, -0.99995, -0.009324
9, 3.649999999999999, -0.72, -1, 3.65, -0.7215, -0.9999000000000001, -0.009355
9, 3.649999999999999, -0.73, -1, 3.6498000000000004, -0.72925, -0.99995, -0.009308
9, 3.649999999999999, -0.74, -1, 3.65, -0.74025, -0.99995, -0.009303
9, 3.649999999999999, -0.75, -1, 3.6498000000000004, -0.7501500000000001, -0.9999000000000001, -0.00935
10, 3.6399999999999992, -0.75, -1, 3.6413500000000005, -0.75025, -0.9999000000000001, -0.009376
10, 3.6299999999999994, -0.75, -1, 3.6308000000000002, -0.74995, -0.99995, -0.009314
10, 3.6199999999999997, -0.75, -1, 3.62065, -0.74955, -0.99995, -0.009329
10, 3.61, -0.75, -1, 3.6103500000000004, -0.7501500000000001, -1.00005, -0.009366
10, 3.6, -0.75, -1, 3.60035, -0.7503500000000001, -1.00005, -0.009329
10, 3.5900000000000003, -0.75, -1, 3.5909500000000003, -0.74995, -1.0001, -0.00935
10, 3.5800000000000005, -0.75, -1, 3.5808500000000003, -0.74975, -1.00005, -0.009371
10, 3.5700000000000007, -0.75, -1, 3.5696000000000003, -0.7498, -1.0001, -0.009308
10, 3.560000000000001, -0.75, -1, 3.5602000000000005, -0.7501, -1.00005, -0.009324
10, 3.550000000000001, -0.75, -1, 3.5504000000000002, -0.7503500000000001, -1.00005, -0.00936
10, 3.550000000000001, -0.74, -1, 3.5493, -0.7400500000000001, -1.00005, -0.009324
10, 3.550000000000001, -0.73, -1, 3.54965, -0.7296, -1.0, -0.009355
10, 3.550000000000001, -0.72, -1, 3.5497, -0.7199500000000001, -0.99995, -0.009371
10, 3.550000000000001, -0.71, -1, 3.55, -0.7099500000000001, -0.9999000000000001, -0.009329
10, 3.550000000000001, -0.7, -1, 3.5501000000000005, -0.6992, -0.9999000000000001, -0.009314
10, 3.550000000000001, -0.69, -1, 3.5507000000000004, -0.69, -0.99995, -0.009334
10, 3.550000000000001, -0.6799999999999999, -1, 3.54975, -0.68005, -0.99995, -0.009303
10, 3.550000000000001, -0.6699999999999999, -1, 3.5496000000000003, -0.6698000000000001, -0.99995, -0.009371
10, 3.550000000000001, -0.6599999999999999, -1, 3.55015, -0.6598, -0.99995, -0.009366
10, 3.550000000000001, -0.6499999999999999, -1, 3.55015, -0.6498, -1.0, -0.009319
11, 3.560000000000001, -0.6499999999999999, -1, 3.55975, -0.6497, -1.0, -0.009355
11, 3.5700000000000007, -0.6499999999999999, -1, 3.56955, -0.6498, -1.0, -0.009371
11, 3.5800000000000005, -0.6499999999999999, -1, 3.5793000000000004, -0.64995, -1.0, -0.009329
11, 3.5900000000000003, -0.6499999999999999, -1, 3.59045, -0.6501500000000001, -1.0, -0.009324
11, 3.6, -0.6499999999999999, -1, 3.5995500000000002, -0.65025, -1.0, -0.009324
11, 3.61, -0.6499999999999999, -1, 3.60925, -0.6501, -1.0, -0.009371
11, 3.6199999999999997, -0.6499999999999999, -1, 3.6195500000000003, -0.65, -1.0, -0.009371
11, 3.6299999999999994, -0.6499999999999999, -1, 3.63045, -0.6499000000000001, -1.0, -0.009324
11, 3.6399999999999992, -0.6499999999999999, -1, 3.6392, -0.64985, -1.0, -0.009366
11, 3.649999999999999, -0.6499999999999999, -1, 3.6493, -0.64995, -1.0, -0.009392
11, 3.659999999999999, -0.6499999999999999, -1, 3.649, -0.64995, -1.0, -0.00934
11, 3.659999999999999, -0.6599999999999999, -1, 3.65975, -0.6604500000000001, -1.0, -0.009319
11, 3.659999999999999, -0.6699999999999999, -1, 3.6602, -0.67025, -1.0, -0.009376
11, 3.659999999999999, -0.6799999999999999, -1, 3.6599, -0.6801500000000001, -1.0, -0.009381
11, 3.659999999999999, -0.69, -1, 3.6601000000000004, -0.6803, -0.99995, -0.009329
11, 3.659999999999999, -0.7, -1, 3.6607000000000003, -0.7006500000000001, -1.00005, -0.009314
11, 3.659999999999999, -0.71, -1, 3.6599500000000003, -0.7093, -1.00005, -0.009392
11, 3.659999999999999, -0.72, -1, 3.6601000000000004, -0.7215, -1.00005, -0.009319
11, 3.659999999999999, -0.73, -1, 3.6599, -0.72925, -1.00005, -0.009366
11, 3.659999999999999, -0.74, -1, 3.6599500000000003, -0.72925, -1.00005, -0.00934
11, 3.659999999999999, -0.75, -1, 3.6603000000000003, -0.75065, -1.00005, -0.009381
11, 3.659999999999999, -0.76, -1, 3.66, -0.75985, -1.00005, -0.009314
12, 3.649999999999999, -0.76, -1, 3.6507, -0.7599000000000001, -1.0, -0.009371
12, 3.6399999999999992, -0.76, -1, 3.6409000000000002, -0.75995, -1.00005, -0.009355
12, 3.6299999999999994, -0.76, -1, 3.6305500000000004, -0.75995, -1.0, -0.009319
12, 3.6199999999999997, -0.76, -1, 3.62065, -0.75995, -1.0, -0.009376
12, 3.61, -0.76, -1, 3.61065, -0.76, -1.00005, -0.009392
12, 3.6, -0.76, -1, 3.5995500000000002, -0.75995, -1.0, -0.009319
12, 3.5900000000000003, -0.76, -1, 3.5913500000000003, -0.7600500000000001, -0.99995, -0.00935
12, 3.5800000000000005, -0.76, -1, 3.5813500000000005, -0.7601500000000001, -0.9999000000000001, -0.009319
12, 3.5700000000000007, -0.76, -1, 3.5693500000000005, -0.7601, -0.9999000000000001, -0.00936
12, 3.560000000000001, -0.76, -1, 3.56055, -0.7601, -0.9999000000000001, -0.009329
12, 3.550000000000001, -0.76, -1, 3.5505500000000003, -0.7601, -0.9999000000000001, -0.00936
12, 3.5400000000000014, -0.76, -1, 3.54025, -0.7600500000000001, -0.9999000000000001, -0.009387
12, 3.5400000000000014, -0.75, -1, 3.5396000000000005, -0.75025, -0.99995, -0.009319
12, 3.5400000000000014, -0.74, -1, 3.53955, -0.73995, -1.0, -0.00934
12, 3.5400000000000014, -0.73, -1, 3.5396000000000005, -0.72925, -0.99995, -0.009387
12, 3.5400000000000014, -0.72, -1, 3.54, -0.7210500000000001, -1.0, -0.00935
12, 3.5400000000000014, -0.71, -1, 3.54, -0.7210500000000001, -1.0, -0.00934
12, 3.5400000000000014, -0.7, -1, 3.54, -0.7210500000000001, -1.00005, -0.009319
12, 3.5400000000000014, -0.69, -1, 3.54, -0.7210500000000001, -1.0, -0.009324
12, 3.5400000000000014, -0.6799999999999999, -1, 3.5400500000000004, -0.7210500000000001, -1.0, -0.009381
12, 3.5400000000000014, -0.6699999999999999, -1, 3.54025, -0.6683000000000001, -1.00005, -0.009319
12, 3.5400000000000014, -0.6599999999999999, -1, 3.53965, -0.6593000000000001, -1.0001, -0.009381
12, 3.5400000000000014, -0.6499999999999999, -1, 3.5396000000000005, -0.64995, -1.0001, -0.009371
12, 3.5400000000000014, -0.6399999999999999, -1, 3.5405, -0.6402, -1.00005, -0.00936
13, 3.550000000000001, -0.6399999999999999, -1, 3.54925, -0.6398, -1.0001, -0.009376
13, 3.560000000000001, -0.6399999999999999, -1, 3.5598, -0.63965, -1.00005, -0.009319
13, 3.5700000000000007, -0.6399999999999999, -1, 3.56965, -0.6398, -1.00005, -0.009329
13, 3.5800000000000005, -0.6399999999999999, -1, 3.57925, -0.6399000000000001, -1.0, -0.009381
13, 3.5900000000000003, -0.6399999999999999, -1, 3.5908, -0.63995, -1.0, -0.009329
13, 3.6, -0.6399999999999999, -1, 3.5995, -0.6400500000000001, -1.0, -0.009376
13, 3.61, -0.6399999999999999, -1, 3.6097, -0.6401, -1.0, -0.009366
13, 3.6199999999999997, -0.6399999999999999, -1, 3.6188500000000006, -0.64, -1.00005, -0.009324
13, 3.6299999999999994, -0.6399999999999999, -1, 3.6195, -0.6401, -1.0, -0.009371
13, 3.6399999999999992, -0.6399999999999999, -1, 3.63875, -0.6400500000000001, -1.0, -0.009371
13, 3.649999999999999, -0.6399999999999999, -1, 3.6493, -0.6400500000000001, -1.0, -0.009308
13, 3.659999999999999, -0.6399999999999999, -1, 3.6592000000000002, -0.64, -1.0, -0.009366
13, 3.6699999999999986, -0.6399999999999999, -1, 3.65925, -0.64, -1.0, -0.009371
13, 3.6699999999999986, -0.6499999999999999, -1, 3.6698000000000004, -0.6498, -1.0, -0.009376
13, 3.6699999999999986, -0.6599999999999999, -1, 3.6700500000000003, -0.64975, -1.0, -0.009319
13, 3.6699999999999986, -0.6699999999999999, -1, 3.6699500000000005, -0.64975, -1.0, -0.009371
13, 3.6699999999999986, -0.6799999999999999, -1, 3.6703500000000004, -0.6808500000000001, -0.99995, -0.009334
13, 3.6699999999999986, -0.69, -1, 3.67015, -0.6901, -0.99995, -0.009392
13, 3.6699999999999986, -0.7, -1, 3.6705, -0.70075, -0.99995, -0.00934
13, 3.6699999999999986, -0.71, -1, 3.6698000000000004, -0.7094000000000001, -0.9999000000000001, -0.009376
13, 3.6699999999999986, -0.72, -1, 3.6699500000000005, -0.72145, -0.99995, -0.009319
13, 3.6699999999999986, -0.73, -1, 3.6696500000000003, -0.72925, -0.99995, -0.009371
13, 3.6699999999999986, -0.74, -1, 3.6700500000000003, -0.74025, -0.99995, -0.009345
13, 3.6699999999999986, -0.75, -1, 3.67025, -0.7503500000000001, -0.99995, -0.009308
13, 3.6699999999999986, -0.76, -1, 3.67, -0.7597, -1.00005, -0.009387
13, 3.6699999999999986, -0.77, -1, 3.67065, -0.7705, -1.0001, -0.00934
14, 3.659999999999999, -0.77, -1, 3.6595500000000003, -0.77025, -1.0001, -0.009324
14, 3.649999999999999, -0.77, -1, 3.65125, -0.7698, -1.0001, -0.009376
14, 3.6399999999999992, -0.77, -1, 3.6407000000000003, -0.7695500000000001, -1.00005, -0.009324
14, 3.6299999999999994, -0.77, -1, 3.63005, -0.7701500000000001, -1.0001, -0.009319
14, 3.6199999999999997, -0.77, -1, 3.6204, -0.77025, -1.0001, -0.009371
14, 3.61, -0.77, -1, 3.6103500000000004, -0.77, -1.00005, -0.009319
14, 3.6, -0.77, -1, 3.601, -0.76985, -1.0, -0.009319
14, 3.5900000000000003, -0.77, -1, 3.5905500000000004, -0.76975, -1.0, -0.009371
14, 3.5800000000000005, -0.77, -1, 3.58125, -0.77, -1.0, -0.009314
14, 3.5700000000000007, -0.77, -1, 3.56965, -0.77, -1.0, -0.009308
14, 3.560000000000001, -0.77, -1, 3.5599000000000003, -0.76995, -1.0, -0.009308
14, 3.550000000000001, -0.77, -1, 3.5505, -0.7702, -1.0, -0.009376
14, 3.5400000000000014, -0.77, -1, 3.5405, -0.77025, -0.99995, -0.009319
14, 3.5300000000000016, -0.77, -1, 3.53105, -0.7701, -1.0, -0.009334
14, 3.5300000000000016, -0.76, -1, 3.53025, -0.76, -0.99995, -0.009376
14, 3.5300000000000016, -0.75, -1, 3.52925, -0.74925, -0.9999000000000001, -0.009355
14, 3.5300000000000016, -0.74, -1, 3.52925, -0.74025, -0.99995, -0.009371
14, 3.5300000000000016, -0.73, -1, 3.52985, -0.7301, -0.99995, -0.009387
14, 3.5300000000000016, -0.72, -1, 3.5303, -0.7197, -0.9999000000000001, -0.009329
14, 3.5300000000000016, -0.71, -1, 3.5302000000000002, -0.70935, -0.99995, -0.00936
14, 3.5300000000000016, -0.7, -1, 3.52975, -0.7, -0.99995, -0.009314
14, 3.5300000000000016, -0.69, -1, 3.5299500000000004, -0.68975, -1.0, -0.009366
14, 3.5300000000000016, -0.6799999999999999, -1, 3.5297, -0.6897000000000001, -1.0, -0.009381
14, 3.5300000000000016, -0.6699999999999999, -1, 3.5293500000000004, -0.6698500000000001, -1.0, -0.009324
14, 3.5300000000000016, -0.6599999999999999, -1, 3.5303, -0.65925, -1.0, -0.009345
14, 3.5300000000000016, -0.6499999999999999, -1, 3.53025, -0.6505, -1.0, -0.00934
14, 3.5300000000000016, -0.6399999999999999, -1, 3.5297, -0.63985, -1.0, -0.009334
14, 3.5300000000000016, -0.6299999999999999, -1, 3.5297, -0.6293000000000001, -1.0, -0.009376
15, 3.5400000000000014, -0.6299999999999999, -1, 3.5394, -0.62955, -1.0, -0.009329
15, 3.550000000000001, -0.6299999999999999, -1, 3.54975, -0.63, -1.0, -0.00936
15, 3.560000000000001, -0.6299999999999999, -1, 3.54985, -0.63, -1.0, -0.009381
15, 3.5700000000000007, -0.6299999999999999, -1, 3.55015, -0.6300500000000001, -1.0, -0.00935
15, 3.5800000000000005, -0.6299999999999999, -1, 3.5778000000000003, -0.6303500000000001, -1.0, -0.009329
15, 3.5900000000000003, -0.6299999999999999, -1, 3.58985, -0.6301500000000001, -1.0, -0.00936
15, 3.6, -0.6299999999999999, -1, 3.60015, -0.6299000000000001, -1.0, -0.00934
15, 3.61, -0.6299999999999999, -1, 3.6093, -0.6297, -1.0, -0.009314
15, 3.6199999999999997, -0.6299999999999999, -1, 3.61865, -0.62965, -1.0, -0.009366
15, 3.6299999999999994, -0.6299999999999999, -1, 3.6301000000000005, -0.6302000000000001, -1.0, -0.009376
15, 3.6399999999999992, -0.6299999999999999, -1, 3.63905, -0.6304500000000001, -1.0, -0.009319
15, 3.649999999999999, -0.6299999999999999, -1, 3.64895, -0.63, -1.0, -0.00935
15, 3.659999999999999, -0.6299999999999999, -1, 3.6495, -0.6300500000000001, -1.0, -0.009371
15, 3.6699999999999986, -0.6299999999999999, -1, 3.6689000000000003, -0.6298, -1.00005, -0.009329
15, 3.6799999999999984, -0.6299999999999999, -1, 3.6805, -0.6297, -1.00005, -0.009314
15, 3.6799999999999984, -0.6399999999999999, -1, 3.6810500000000004, -0.6401500000000001, -1.00005, -0.009345
15, 3.6799999999999984, -0.6499999999999999, -1, 3.6803500000000002, -0.6505500000000001, -1.00005, -0.009376
15, 3.6799999999999984, -0.6599999999999999, -1, 3.6798500000000005, -0.66005, -1.0001, -0.00934
15, 3.6799999999999984, -0.6699999999999999, -1, 3.6798, -0.67025, -1.0, -0.009376
15, 3.6799999999999984, -0.6799999999999999, -1, 3.68005, -0.6804000000000001, -1.0, -0.009314
15, 3.6799999999999984, -0.69, -1, 3.6803000000000003, -0.69005, -1.0, -0.009376
15, 3.6799999999999984, -0.7, -1, 3.68055, -0.6996500000000001, -1.00005, -0.009371
15, 3.6799999999999984, -0.71, -1, 3.68025, -0.7104000000000001, -1.0, -0.009314
15, 3.6799999999999984, -0.72, -1, 3.68005, -0.721, -1.0, -0.009324
15, 3.6799999999999984, -0.73, -1, 3.68, -0.7293000000000001, -1.0, -0.00934
15, 3.6799999999999984, -0.74, -1, 3.68, -0.72925, -1.0, -0.009371
15, 3.6799999999999984, -0.75, -1, 3.68, -0.72925, -1.0, -0.009329
15, 3.6799999999999984, -0.76, -1, 3.68, -0.72925, -1.0, -0.009381
15, 3.6799999999999984, -0.77, -1, 3.68, -0.72925, -0.99995, -0.009334
15, 3.6799999999999984, -0.78, -1, 3.68, -0.72925, -0.99995, -0.009345
16, 3.6699999999999986, -0.78, -1, 3.6693500000000006, -0.7811500000000001, -0.99995, -0.009334
16, 3.659999999999999, -0.78, -1, 3.66055, -0.7801, -0.99995, -0.009371
16, 3.649999999999999, -0.78, -1, 3.6502000000000003, -0.78005, -0.9999000000000001, -0.009324
16, 3.6399999999999992, -0.78, -1, 3.64055, -0.7799, -0.99995, -0.009319
16, 3.6299999999999994, -0.78, -1, 3.6314, -0.77995, -0.9999000000000001, -0.009329
16, 3.6199999999999997, -0.78, -1, 3.6199, -0.77985, -0.99995, -0.009366
16, 3.61, -0.78, -1, 3.6108500000000006, -0.78, -1.0, -0.009319
16, 3.6, -0.78, -1, 3.60075, -0.78005, -1.0, -0.00934
16, 3.5900000000000003, -0.78, -1, 3.5906000000000002, -0.78005, -1.0, -0.009381
16, 3.5800000000000005, -0.78, -1, 3.5797000000000003, -0.78005, -1.0, -0.009314
16, 3.5700000000000007, -0.78, -1, 3.5705500000000003, -0.78005, -1.0, -0.009324
16, 3.560000000000001, -0.78, -1, 3.5604, -0.78, -1.0, -0.009371
16, 3.550000000000001, -0.78, -1, 3.5506, -0.78, -1.0, -0.009319
16, 3.5400000000000014, -0.78, -1, 3.5409, -0.78, -1.0, -0.009314
16, 3.5300000000000016, -0.78, -1, 3.53065, -0.78005, -0.99995, -0.009371
16, 3.520000000000002, -0.78, -1, 3.5204, -0.7799, -1.00005, -0.009355
16, 3.520000000000002, -0.77, -1, 3.5198500000000004, -0.7704000000000001, -1.0001, -0.009303
16, 3.520000000000002, -0.76, -1, 3.5196000000000005, -0.7597, -1.0001, -0.009371
16, 3.520000000000002, -0.75, -1, 3.52015, -0.7494000000000001, -1.0001, -0.009371
16, 3.520000000000002, -0.74, -1, 3.51995, -0.7402000000000001, -1.00005, -0.00934
16, 3.520000000000002, -0.73, -1, 3.5197000000000003, -0.7299000000000001, -1.0001, -0.009376
16, 3.520000000000002, -0.72, -1, 3.5195, -0.7197, -1.0001, -0.009324
16, 3.520000000000002, -0.71, -1, 3.5201000000000002, -0.70985, -1.00005, -0.009308
16, 3.520000000000002, -0.7, -1, 3.5200500000000003, -0.69925, -1.0, -0.00936
16, 3.520000000000002, -0.69, -1, 3.5202000000000004, -0.69, -1.0, -0.009371
16, 3.520000000000002, -0.6799999999999999, -1, 3.51965, -0.68, -1.0, -0.009381
16, 3.520000000000002, -0.6699999999999999, -1, 3.51975, -0.6699, -1.0, -0.009314
16, 3.520000000000002, -0.6599999999999999, -1, 3.5195, -0.6595500000000001, -1.0, -0.009392
16, 3.520000000000002, -0.6499999999999999, -1, 3.5199000000000003, -0.6595500000000001, -1.0, -0.009387
16, 3.520000000000002, -0.6399999999999999, -1, 3.5197000000000003, -0.6399000000000001, -1.0, -0.009324
16, 3.520000000000002, -0.6299999999999999, -1, 3.5199000000000003, -0.6293500000000001, -1.0, -0.00936
16, 3.520000000000002, -0.6199999999999999, -1, 3.52, -0.6201500000000001, -1.0, -0.009329
17, 3.5300000000000016, -0.6199999999999999, -1, 3.5289500000000005, -0.62, -1.0, -0.009308
17, 3.5400000000000014, -0.6199999999999999, -1, 3.5294, -0.62, -1.0, -0.009345
17, 3.550000000000001, -0.6199999999999999, -1, 3.52925, -0.62, -1.0, -0.009392
17, 3.560000000000001, -0.6199999999999999, -1, 3.5294, -0.62, -1.0, -0.009329
17, 3.5700000000000007, -0.6199999999999999, -1, 3.5294, -0.62, -1.0, -0.009319
17, 3.5800000000000005, -0.6199999999999999, -1, 3.5294, -0.62, -1.0, -0.00934
17, 3.5900000000000003, -0.6199999999999999, -1, 3.5293500000000004, -0.62, -1.0, -0.009381
17, 3.6, -0.6199999999999999, -1, 3.5962, -0.6199000000000001, -1.00005, -0.009308
17, 3.61, -0.6199999999999999, -1, 3.6095, -0.61985, -1.0, -0.009371
17, 3.6199999999999997, -0.6199999999999999, -1, 3.6199, -0.61985, -1.0, -0.009329
17, 3.6299999999999994, -0.6199999999999999, -1, 3.6293, -0.61985, -1.0, -0.009314
17, 3.6399999999999992, -0.6199999999999999, -1, 3.63975, -0.61995, -1.0, -0.009371
17, 3.649999999999999, -0.6199999999999999, -1, 3.64005, -0.62, -1.0, -0.00935
17, 3.659999999999999, -0.6199999999999999, -1, 3.63975, -0.6199000000000001, -1.0, -0.009319
17, 3.6699999999999986, -0.6199999999999999, -1, 3.6678, -0.62, -1.0, -0.009376
17, 3.6799999999999984, -0.6199999999999999, -1, 3.6678, -0.61995, -1.0, -0.009371
17, 3.689999999999998, -0.6199999999999999, -1, 3.6891000000000003, -0.6200500000000001, -1.0, -0.009324
17, 3.689999999999998, -0.6299999999999999, -1, 3.6904500000000002, -0.6302000000000001, -1.00005, -0.00934
17, 3.689999999999998, -0.6399999999999999, -1, 3.6915500000000003, -0.6400500000000001, -0.99995, -0.009371
17, 3.689999999999998, -0.6499999999999999, -1, 3.6898500000000003, -0.6501500000000001, -0.9999000000000001, -0.009345
17, 3.689999999999998, -0.6599999999999999, -1, 3.6901, -0.6603000000000001, -0.9999000000000001, -0.009319
17, 3.689999999999998, -0.6699999999999999, -1, 3.6904500000000002, -0.6705500000000001, -0.9999000000000001, -0.009371
17, 3.689999999999998, -0.6799999999999999, -1, 3.6900500000000003, -0.6792, -0.99985, -0.009345
17, 3.689999999999998, -0.69, -1, 3.6904, -0.6912, -0.99985, -0.009371
17, 3.689999999999998, -0.7, -1, 3.6900500000000003, -0.6995500000000001, -1.0, -0.00935
17, 3.689999999999998, -0.71, -1, 3.68995, -0.7104000000000001, -1.0, -0.009366
17, 3.689999999999998, -0.72, -1, 3.6899, -0.72135, -1.0, -0.009319
17, 3.689999999999998, -0.73, -1, 3.6898500000000003, -0.72925, -1.0001, -0.009381
17, 3.689999999999998, -0.74, -1, 3.69, -0.74025, -1.0001, -0.009371
17, 3.689999999999998, -0.75, -1, 3.68995, -0.7402000000000001, -1.00005, -0.009314
17, 3.689999999999998, -0.76, -1, 3.6906000000000003, -0.7601, -1.00005, -0.009371
17, 3.689999999999998, -0.77, -1, 3.6904500000000002, -0.7705500000000001, -1.00005, -0.009355
17, 3.689999999999998, -0.78, -1, 3.6903, -0.77975, -1.00005, -0.009366
17, 3.689999999999998, -0.79, -1, 3.6905, -0.79025, -1.00005, -0.009381
18, 3.6799999999999984, -0.79, -1, 3.68005, -0.7902, -1.00005, -0.009314
18, 3.6699999999999986, -0.79, -1, 3.6699500000000005, -0.79005, -0.99995, -0.009319
18, 3.659999999999999, -0.79, -1, 3.6602, -0.7898000000000001, -0.9999000000000001, -0.009366
18, 3.649999999999999, -0.79, -1, 3.6504000000000003, -0.7897000000000001, -0.9999000000000001, -0.009314
18, 3.6399999999999992, -0.79, -1, 3.6411000000000002, -0.79, -0.9999000000000001, -0.00935
18, 3.6299999999999994, -0.79, -1, 3.6303500000000004, -0.79, -0.9999000000000001, -0.009376
18, 3.6199999999999997, -0.79, -1, 3.6204500000000004, -0.79, -0.9999000000000001, -0.009319
18, 3.61, -0.79, -1, 3.6108000000000002, -0.79, -0.99995, -0.009314
18, 3.6, -0.79, -1, 3.6, -0.79, -1.0, -0.009371
18, 3.5900000000000003, -0.79, -1, 3.59105, -0.7901500000000001, -1.0, -0.00936
18, 3.5800000000000005, -0.79, -1, 3.57975, -0.7902, -1.0, -0.009324
18, 3.5700000000000007, -0.79, -1, 3.57125, -0.7901500000000001, -1.0, -0.00934
18, 3.560000000000001, -0.79, -1, 3.5601000000000003, -0.79, -1.0, -0.009376
18, 3.550000000000001, -0.79, -1, 3.5503500000000003, -0.79, -1.0, -0.009366
18, 3.5400000000000014, -0.79, -1, 3.5401000000000002, -0.79, -1.0, -0.009319
18, 3.5300000000000016, -0.79, -1, 3.5311000000000003, -0.79, -0.99995, -0.009376
18, 3.520000000000002, -0.79, -1, 3.5202000000000004, -0.79, -1.00005, -0.00936
18, 3.510000000000002, -0.79, -1, 3.5115, -0.79, -1.00005, -0.009308
18, 3.510000000000002, -0.78, -1, 3.5098000000000003, -0.7801500000000001, -1.0001, -0.00936
18, 3.510000000000002, -0.77, -1, 3.509, -0.7701500000000001, -1.0001, -0.009381
18, 3.510000000000002, -0.76, -1, 3.5098000000000003, -0.75975, -1.0001, -0.009303
18, 3.510000000000002, -0.75, -1, 3.5096000000000003, -0.7496, -1.0001, -0.00935
18, 3.510000000000002, -0.74, -1, 3.5095, -0.7400500000000001, -1.0001, -0.009366
18, 3.510000000000002, -0.73, -1, 3.5105500000000003, -0.7302000000000001, -1.00005, -0.009319
18, 3.510000000000002, -0.72, -1, 3.51, -0.71975, -1.0, -0.00936
18, 3.510000000000002, -0.71, -1, 3.5098500000000006, -0.70935, -0.99995, -0.009376
18, 3.510000000000002, -0.7, -1, 3.5099500000000003, -0.70945, -1.0, -0.009345
18, 3.510000000000002, -0.69, -1, 3.5092000000000003, -0.6896500000000001, -1.0, -0.009324
18, 3.510000000000002, -0.6799999999999999, -1, 3.51025, -0.67925, -1.0, -0.009324
18, 3.510000000000002, -0.6699999999999999, -1, 3.5099500000000003, -0.67075, -1.0, -0.009319
18, 3.510000000000002, -0.6599999999999999, -1, 3.50965, -0.659, -1.0, -0.009314
18, 3.510000000000002, -0.6499999999999999, -1, 3.50965, -0.6504500000000001, -1.0, -0.009308
18, 3.510000000000002, -0.6399999999999999, -1, 3.51025, -0.64, -1.0, -0.009319
18, 3.510000000000002, -0.6299999999999999, -1, 3.5098500000000006, -0.6293000000000001, -1.0, -0.009371
18, 3.510000000000002, -0.6199999999999999, -1, 3.5102, -0.6293500000000001, -1.0, -0.00935
18, 3.510000000000002, -0.6099999999999999, -1, 3.5109, -0.60925, -1.0, -0.009371
19, 3.520000000000002, -0.6099999999999999, -1, 3.51875, -0.60955, -1.0, -0.009355
19, 3.5300000000000016, -0.6099999999999999, -1, 3.5295, -0.61025, -1.0, -0.009366
19, 3.5400000000000014, -0.6099999999999999, -1, 3.5400500000000004, -0.6103000000000001, -1.0, -0.00936
19, 3.550000000000001, -0.6099999999999999, -1, 3.54855, -0.6101, -1.0, -0.009319
19, 3.560000000000001, -0.6099999999999999, -1, 3.5598, -0.6101, -1.0, -0.009319
19, 3.5700000000000007, -0.6099999999999999, -1, 3.5705500000000003, -0.60995, -1.0, -0.009324
19, 3.5800000000000005, -0.6099999999999999, -1, 3.5789500000000003, -0.60975, -1.0, -0.009314
19, 3.5900000000000003, -0.6099999999999999, -1, 3.5896000000000003, -0.6098000000000001, -1.0, -0.009303
19, 3.6, -0.6099999999999999, -1, 3.59995, -0.61, -1.0, -0.009376
19, 3.61, -0.6099999999999999, -1, 3.60875, -0.61015, -1.0, -0.009387
19, 3.6199999999999997, -0.6099999999999999, -1, 3.62, -0.6101, -1.0, -0.009308
19, 3.6299999999999994, -0.6099999999999999, -1, 3.6295, -0.61, -1.0, -0.00936
19, 3.6399999999999992, -0.6099999999999999, -1, 3.6393500000000003, -0.60985, -1.0, -0.00936
19, 3.649999999999999, -0.6099999999999999, -1, 3.6492000000000004, -0.60975, -1.0, -0.009314
19, 3.659999999999999, -0.6099999999999999, -1, 3.6595500000000003, -0.60985, -1.0, -0.00936
19, 3.6699999999999986, -0.6099999999999999, -1, 3.669, -0.6100500000000001, -0.99995, -0.009319
19, 3.6799999999999984, -0.6099999999999999, -1, 3.6691000000000003, -0.6100500000000001, -0.99995, -0.009324
19, 3.689999999999998, -0.6099999999999999, -1, 3.68925, -0.61015, -0.9999000000000001, -0.00935
19, 3.699999999999998, -0.6099999999999999, -1, 3.7006000000000006, -0.61015, -0.99995, -0.009355
19, 3.699999999999998, -0.6199999999999999, -1, 3.701, -0.6197, -0.99995, -0.009319
19, 3.699999999999998, -0.6299999999999999, -1, 3.7003000000000004, -0.6304000000000001, -0.99995, -0.009381
19, 3.699999999999998, -0.6399999999999999, -1, 3.69975, -0.6399000000000001, -0.99995, -0.009387
19, 3.699999999999998, -0.6499999999999999, -1, 3.6999, -0.6505500000000001, -0.99995, -0.009308
19, 3.699999999999998, -0.6599999999999999, -1, 3.6999500000000003, -0.66, -1.0, -0.009371
19, 3.699999999999998, -0.6699999999999999, -1, 3.7, -0.66, -1.0, -0.009314
19, 3.699999999999998, -0.6799999999999999, -1, 3.7, -0.66, -1.0, -0.009366
19, 3.699999999999998, -0.69, -1, 3.7, -0.65995, -1.0, -0.009366
19, 3.699999999999998, -0.7, -1, 3.7, -0.65995, -1.0, -0.009324
19, 3.699999999999998, -0.71, -1, 3.7, -0.66, -1.0, -0.009387
19, 3.699999999999998, -0.72, -1, 3.69975, -0.7217, -0.99995, -0.009324
19, 3.699999999999998, -0.73, -1, 3.70025, -0.7304, -1.00005, -0.009371
19, 3.699999999999998, -0.74, -1, 3.7008, -0.7401500000000001, -1.00005, -0.009324
19, 3.699999999999998, -0.75, -1, 3.7005, -0.7493500000000001, -1.0001, -0.009376
19, 3.699999999999998, -0.76, -1, 3.6998500000000005, -0.7600500000000001, -1.00005, -0.009376
19, 3.699999999999998, -0.77, -1, 3.6996, -0.7706000000000001, -1.00005, -0.009324
19, 3.699999999999998, -0.78, -1, 3.6999500000000003, -0.7798, -1.00005, -0.009371
19, 3.699999999999998, -0.79, -1, 3.7004, -0.79025, -1.00005, -0.009329
19, 3.699999999999998, -0.8, -1, 3.7005, -0.79945, -1.0, -0.009324
20, 3.689999999999998, -0.8, -1, 3.68955, -0.80025, -1.0, -0.009329
20, 3.6799999999999984, -0.8, -1, 3.68065, -0.8004000000000001, -0.99995, -0.009366
20, 3.6699999999999986, -0.8, -1, 3.6694, -0.7998000000000001, -0.9999000000000001, -0.009355
20, 3.659999999999999, -0.8, -1, 3.66075, -0.7998000000000001, -0.9999000000000001, -0.009381
20, 3.649999999999999, -0.8, -1, 3.65, -0.7998000000000001, -0.9999000000000001, -0.009324
20, 3.6399999999999992, -0.8, -1, 3.6410500000000003, -0.8, -0.9999000000000001, -0.00935
20, 3.6299999999999994, -0.8, -1, 3.6301000000000005, -0.8003000000000001, -0.9999000000000001, -0.009387
20, 3.6199999999999997, -0.8, -1, 3.6201000000000003, -0.8001500000000001, -0.99995, -0.00934
20, 3.61, -0.8, -1, 3.611, -0.79995, -0.99995, -0.009314
20, 3.6, -0.8, -1, 3.6004, -0.7998000000000001, -1.0, -0.009376
20, 3.5900000000000003, -0.8, -1, 3.5895, -0.7998000000000001, -1.0, -0.00936
20, 3.5800000000000005, -0.8, -1, 3.5813, -0.7999, -1.0, -0.009324
20, 3.5700000000000007, -0.8, -1, 3.5696000000000003, -0.8002, -1.0, -0.009376
20, 3.560000000000001, -0.8, -1, 3.56075, -0.8003000000000001, -1.0, -0.009329
20, 3.550000000000001, -0.8, -1, 3.5503, -0.80005, -1.00005, -0.009345
20, 3.5400000000000014, -0.8, -1, 3.5402000000000005, -0.79995, -1.00005, -0.009381
20, 3.5300000000000016, -0.8, -1, 3.5311000000000003, -0.7998500000000001, -1.00005, -0.009324
20, 3.520000000000002, -0.8, -1, 3.52075, -0.7999, -1.00005, -0.009329
20, 3.510000000000002, -0.8, -1, 3.5112, -0.79995, -1.00005, -0.009371
20, 3.500000000000002, -0.8, -1, 3.5005, -0.80005, -1.00005, -0.00934
20, 3.500000000000002, -0.79, -1, 3.4995, -0.7906, -1.00005, -0.009308
20, 3.500000000000002, -0.78, -1, 3.4992, -0.77995, -0.99995, -0.009381
20, 3.500000000000002, -0.77, -1, 3.4994500000000004, -0.7704000000000001, -0.9999000000000001, -0.009345
20, 3.500000000000002, -0.76, -1, 3.4998, -0.75975, -0.99995, -0.009324
20, 3.500000000000002, -0.75, -1, 3.5003500000000005, -0.7598, -0.9999000000000001, -0.009376
20, 3.500000000000002, -0.74, -1, 3.50115, -0.7401500000000001, -0.9999000000000001, -0.009308
20, 3.500000000000002, -0.73, -1, 3.49905, -0.7291500000000001, -0.9999000000000001, -0.00934
20, 3.500000000000002, -0.72, -1, 3.49955, -0.7200500000000001, -0.99995, -0.009324
20, 3.500000000000002, -0.71, -1, 3.5, -0.70935, -0.99995, -0.009308
20, 3.500000000000002, -0.7, -1, 3.5001, -0.7002, -1.0, -0.009324
20, 3.500000000000002, -0.69, -1, 3.5, -0.6897000000000001, -1.0, -0.009329
20, 3.500000000000002, -0.6799999999999999, -1, 3.5006000000000004, -0.67935, -0.99995, -0.009381
20, 3.500000000000002, -0.6699999999999999, -1, 3.4996000000000005, -0.6703000000000001, -1.00005, -0.009329
20, 3.500000000000002, -0.6599999999999999, -1, 3.49915, -0.6591, -1.0001, -0.009366
20, 3.500000000000002, -0.6499999999999999, -1, 3.5000500000000003, -0.65075, -1.0001, -0.009319
20, 3.500000000000002, -0.6399999999999999, -1, 3.4998500000000003, -0.6392, -1.0001, -0.009381
20, 3.500000000000002, -0.6299999999999999, -1, 3.5001, -0.62975, -1.0001, -0.009334
20, 3.500000000000002, -0.6199999999999999, -1, 3.49995, -0.6199000000000001, -1.0001, -0.009366
20, 3.500000000000002, -0.6099999999999999, -1, 3.4997000000000003, -0.6097, -1.0001, -0.009324
20, 3.500000000000002, -0.5999999999999999, -1, 3.4997000000000003, -0.6, -1.00005, -0.009371
21, 3.510000000000002, -0.5999999999999999, -1, 3.509, -0.6, -1.0, -0.009381
21, 3.520000000000002, -0.5999999999999999, -1, 3.51015, -0.6000500000000001, -1.0, -0.009314
21, 3.5300000000000016, -0.5999999999999999, -1, 3.52815, -0.5999500000000001, -1.0, -0.009355
21, 3.5400000000000014, -0.5999999999999999, -1, 3.5395, -0.6, -1.0, -0.009387
21, 3.550000000000001, -0.5999999999999999, -1, 3.5493500000000004, -0.5999500000000001, -1.0, -0.009381
21, 3.560000000000001, -0.5999999999999999, -1, 3.5503, -0.5999500000000001, -1.0, -0.009319
21, 3.5700000000000007, -0.5999999999999999, -1, 3.5503, -0.6, -1.0, -0.009387
21, 3.5800000000000005, -0.5999999999999999, -1, 3.57805, -0.5999500000000001, -1.00005, -0.009303
21, 3.5900000000000003, -0.5999999999999999, -1, 3.5903, -0.6, -0.99995, -0.009371
21, 3.6, -0.5999999999999999, -1, 3.59, -0.6000500000000001, -0.99995, -0.009387
21, 3.61, -0.5999999999999999, -1, 3.6093, -0.6001000000000001, -0.9999000000000001, -0.009324
21, 3.6199999999999997, -0.5999999999999999, -1, 3.6198, -0.6000500000000001, -0.99985, -0.009324
21, 3.6299999999999994, -0.5999999999999999, -1, 3.6293, -0.6001000000000001, -0.99985, -0.009376
21, 3.6399999999999992, -0.5999999999999999, -1, 3.6395, -0.6000500000000001, -0.99985, -0.00934
21, 3.649999999999999, -0.5999999999999999, -1, 3.6491000000000002, -0.6, -0.99995, -0.009314
21, 3.659999999999999, -0.5999999999999999, -1, 3.6489000000000003, -0.6, -0.99995, -0.009381
21, 3.6699999999999986, -0.5999999999999999, -1, 3.66855, -0.59985, -1.00005, -0.009366
21, 3.6799999999999984, -0.5999999999999999, -1, 3.6805, -0.5999, -1.0001, -0.009308
21, 3.689999999999998, -0.5999999999999999, -1, 3.6900500000000003, -0.6, -1.00005, -0.009329
21, 3.699999999999998, -0.5999999999999999, -1, 3.7004500000000005, -0.6, -1.0001, -0.009324
21, 3.7099999999999977, -0.5999999999999999, -1, 3.7010500000000004, -0.6, -1.0001, -0.009376
21, 3.7099999999999977, -0.6099999999999999, -1, 3.7102000000000004, -0.61025, -1.0001, -0.009308
21, 3.7099999999999977, -0.6199999999999999, -1, 3.7106000000000003, -0.61975, -1.0001, -0.00935
21, 3.7099999999999977, -0.6299999999999999, -1, 3.7104500000000002, -0.6304000000000001, -1.0001, -0.009355
21, 3.7099999999999977, -0.6399999999999999, -1, 3.70965, -0.6398, -1.00005, -0.009314
21, 3.7099999999999977, -0.6499999999999999, -1, 3.71, -0.65075, -1.0, -0.009366
21, 3.7099999999999977, -0.6599999999999999, -1, 3.71, -0.6599, -1.0, -0.009329
21, 3.7099999999999977, -0.6699999999999999, -1, 3.70975, -0.6706500000000001, -0.99995, -0.009376
21, 3.7099999999999977, -0.6799999999999999, -1, 3.7101, -0.67995, -0.9999000000000001, -0.009319
21, 3.7099999999999977, -0.69, -1, 3.7104500000000002, -0.69, -0.99995, -0.00936
21, 3.7099999999999977, -0.7, -1, 3.7103500000000005, -0.7011000000000001, -0.99995, -0.009319
21, 3.7099999999999977, -0.71, -1, 3.7103, -0.7010500000000001, -0.9999000000000001, -0.009329
21, 3.7099999999999977, -0.72, -1, 3.7104500000000002, -0.7203, -0.9999000000000001, -0.00936
21, 3.7099999999999977, -0.73, -1, 3.71015, -0.7304, -0.9999000000000001, -0.009345
21, 3.7099999999999977, -0.74, -1, 3.7099, -0.7400500000000001, -0.99995, -0.009314
21, 3.7099999999999977, -0.75, -1, 3.71025, -0.74975, -0.99995, -0.009366
21, 3.7099999999999977, -0.76, -1, 3.71025, -0.76, -1.0, -0.009366
21, 3.7099999999999977, -0.77, -1, 3.71025, -0.7705, -1.00005, -0.009319
21, 3.7099999999999977, -0.78, -1, 3.7100500000000003, -0.7798, -1.00005, -0.009345
21, 3.7099999999999977, -0.79, -1, 3.71, -0.79025, -1.00005, -0.009371
21, 3.7099999999999977, -0.8, -1, 3.7101, -0.7902, -1.00005, -0.009329
21, 3.7099999999999977, -0.81, -1, 3.7104500000000002, -0.8096500000000001, -1.00005, -0.009319
22, 3.699999999999998, -0.81, -1, 3.7005, -0.8096500000000001, -1.00005, -0.009366
22, 3.689999999999998, -0.81, -1, 3.6898, -0.8098500000000001, -1.00005, -0.00936
22, 3.6799999999999984, -0.81, -1, 3.68055, -0.81005, -1.0, -0.009329
22, 3.6699999999999986, -0.81, -1, 3.6697, -0.8103, -1.00005, -0.009371
22, 3.659999999999999, -0.81, -1, 3.6607000000000003, -0.81025, -0.99995, -0.009366
22, 3.649999999999999, -0.81, -1, 3.65055, -0.81, -0.9999000000000001, -0.009314
22, 3.6399999999999992, -0.81, -1, 3.639, -0.8099500000000001, -0.9999000000000001, -0.009314
22, 3.6299999999999994, -0.81, -1, 3.6313500000000003, -0.8098500000000001, -0.9999000000000001, -0.009334
22, 3.6199999999999997, -0.81, -1, 3.6203000000000003, -0.8099500000000001, -0.9999000000000001, -0.009334
22, 3.61, -0.81, -1, 3.61075, -0.8099500000000001, -0.9999000000000001, -0.009376
22, 3.6, -0.81, -1, 3.6005, -0.8099500000000001, -0.99995, -0.009324
22, 3.5900000000000003, -0.81, -1, 3.59025, -0.81, -0.99995, -0.009314
22, 3.5800000000000005, -0.81, -1, 3.5806000000000004, -0.81005, -1.0, -0.009376
22, 3.5700000000000007, -0.81, -1, 3.56965, -0.8101, -1.00005, -0.009381
22, 3.560000000000001, -0.81, -1, 3.5608, -0.8101, -1.00005, -0.009319
22, 3.550000000000001, -0.81, -1, 3.55015, -0.8101, -1.0001, -0.009371
22, 3.5400000000000014, -0.81, -1, 3.54145, -0.8101, -1.00005, -0.009319
22, 3.5300000000000016, -0.81, -1, 3.52965, -0.81, -1.0001, -0.009324
22, 3.520000000000002, -0.81, -1, 3.5212000000000003, -0.81005, -1.0001, -0.009376
22, 3.510000000000002, -0.81, -1, 3.5099500000000003, -0.81, -1.0001, -0.009381
22, 3.500000000000002, -0.81, -1, 3.5013, -0.8099500000000001, -1.0001, -0.009319
22, 3.4900000000000024, -0.81, -1, 3.49075, -0.8099500000000001, -1.0, -0.009324
22, 3.4900000000000024, -0.8, -1, 3.4898000000000002, -0.8012, -1.0, -0.009371
22, 3.4900000000000024, -0.79, -1, 3.4901000000000004, -0.7894000000000001, -1.0, -0.009387
22, 3.4900000000000024, -0.78, -1, 3.4896000000000003, -0.7801500000000001, -1.0, -0.00935
22, 3.4900000000000024, -0.77, -1, 3.4902, -0.7706000000000001, -1.0, -0.009371
22, 3.4900000000000024, -0.76, -1, 3.4897000000000005, -0.75975, -1.0, -0.009355
22, 3.4900000000000024, -0.75, -1, 3.4903000000000004, -0.7493500000000001, -1.0, -0.009324
22, 3.4900000000000024, -0.74, -1, 3.49, -0.7403000000000001, -1.0, -0.009355
22, 3.4900000000000024, -0.73, -1, 3.49, -0.7403000000000001, -1.0, -0.009366
22, 3.4900000000000024, -0.72, -1, 3.4895500000000004, -0.7197, -1.0, -0.009366
22, 3.4900000000000024, -0.71, -1, 3.48975, -0.7092, -0.99995, -0.009324
22, 3.4900000000000024, -0.7, -1, 3.4901000000000004, -0.7093, -0.99995, -0.009355
22, 3.4900000000000024, -0.69, -1, 3.48975, -0.6898000000000001, -0.9999000000000001, -0.009334
22, 3.4900000000000024, -0.6799999999999999, -1, 3.4901000000000004, -0.67925, -0.99985, -0.009314
22, 3.4900000000000024, -0.6699999999999999, -1, 3.49, -0.67045, -0.99985, -0.00935
22, 3.4900000000000024, -0.6599999999999999, -1, 3.4897000000000005, -0.65905, -0.99985, -0.009376
22, 3.4900000000000024, -0.6499999999999999, -1, 3.48975, -0.6591, -0.99985, -0.00935
22, 3.4900000000000024, -0.6399999999999999, -1, 3.4893, -0.64, -0.99995, -0.009387
22, 3.4900000000000024, -0.6299999999999999, -1, 3.4896000000000003, -0.6295, -0.99995, -0.009314
22, 3.4900000000000024, -0.6199999999999999, -1, 3.49, -0.6198, -1.0001, -0.009345
22, 3.4900000000000024, -0.6099999999999999, -1, 3.49065, -0.6103500000000001, -1.0001, -0.009381
22, 3.4900000000000024, -0.5999999999999999, -1, 3.4896000000000003, -0.5997, -1.0001, -0.009345
22, 3.4900000000000024, -0.5899999999999999, -1, 3.49005, -0.59075, -1.0001, -0.009376
23, 3.500000000000002, -0.5899999999999999, -1, 3.4991000000000003, -0.58945, -1.0001, -0.009319
23, 3.510000000000002, -0.5899999999999999, -1, 3.5088000000000004, -0.58945, -1.0001, -0.009366
23, 3.520000000000002, -0.5899999999999999, -1, 3.5194, -0.5899, -1.0001, -0.009314
23, 3.5300000000000016, -0.5899999999999999, -1, 3.5296000000000003, -0.5902000000000001, -1.0001, -0.009345
23, 3.5400000000000014, -0.5899999999999999, -1, 3.53975, -0.5903, -1.0, -0.009381
23, 3.550000000000001, -0.5899999999999999, -1, 3.549, -0.59015, -1.0, -0.009345
23, 3.560000000000001, -0.5899999999999999, -1, 3.5595, -0.5898000000000001, -1.0, -0.009314
23, 3.5700000000000007, -0.5899999999999999, -1, 3.5705, -0.5897, -1.0, -0.009381
23, 3.5800000000000005, -0.5899999999999999, -1, 3.579, -0.5898000000000001, -1.0, -0.009329
23, 3.5900000000000003, -0.5899999999999999, -1, 3.59025, -0.5901000000000001, -1.0, -0.009324
23, 3.6, -0.5899999999999999, -1, 3.59965, -0.59035, -1.00005, -0.00936
23, 3.61, -0.5899999999999999, -1, 3.6093500000000005, -0.59015, -1.0, -0.009371
23, 3.6199999999999997, -0.5899999999999999, -1, 3.61945, -0.58985, -1.0, -0.009329
23, 3.6299999999999994, -0.5899999999999999, -1, 3.62975, -0.5897, -1.0, -0.009319
23, 3.6399999999999992, -0.5899999999999999, -1, 3.63925, -0.5898000000000001, -0.99995, -0.009371
23, 3.649999999999999, -0.5899999999999999, -1, 3.649, -0.5901000000000001, -0.9999000000000001, -0.009334
23, 3.659999999999999, -0.5899999999999999, -1, 3.6594, -0.5903, -0.9999000000000001, -0.009314
23, 3.6699999999999986, -0.5899999999999999, -1, 3.6694, -0.59025, -0.9999000000000001, -0.009381
23, 3.6799999999999984, -0.5899999999999999, -1, 3.6796, -0.5898000000000001, -0.9999000000000001, -0.009324
23, 3.689999999999998, -0.5899999999999999, -1, 3.6897, -0.58965, -0.9999000000000001, -0.00936
23, 3.699999999999998, -0.5899999999999999, -1, 3.7008500000000004, -0.5899500000000001, -0.9999000000000001, -0.009392
23, 3.7099999999999977, -0.5899999999999999, -1, 3.7105, -0.59015, -0.99995, -0.009324
23, 3.7199999999999975, -0.5899999999999999, -1, 3.7206000000000006, -0.5903, -1.0, -0.00936
23, 3.7199999999999975, -0.5999999999999999, -1, 3.7203000000000004, -0.5995, -1.0, -0.009376
23, 3.7199999999999975, -0.6099999999999999, -1, 3.72025, -0.61, -1.0, -0.009324
23, 3.7199999999999975, -0.6199999999999999, -1, 3.72005, -0.61975, -1.0, -0.009345
23, 3.7199999999999975, -0.6299999999999999, -1, 3.7198500000000005, -0.6303500000000001, -1.0, -0.009366
23, 3.7199999999999975, -0.6399999999999999, -1, 3.72025, -0.6398, -1.0, -0.009314
23, 3.7199999999999975, -0.6499999999999999, -1, 3.7201500000000003, -0.6505500000000001, -0.99995, -0.009319
23, 3.7199999999999975, -0.6599999999999999, -1, 3.7203500000000003, -0.66, -1.00005, -0.009329
23, 3.7199999999999975, -0.6699999999999999, -1, 3.7202, -0.67075, -1.00005, -0.009303
23, 3.7199999999999975, -0.6799999999999999, -1, 3.72005, -0.6791, -1.0001, -0.00934
23, 3.7199999999999975, -0.69, -1, 3.7195500000000004, -0.69105, -1.0001, -0.009308
23, 3.7199999999999975, -0.7, -1, 3.72, -0.7005, -1.0001, -0.009366
23, 3.7199999999999975, -0.71, -1, 3.7199500000000003, -0.7005, -1.0001, -0.009366
23, 3.7199999999999975, -0.72, -1, 3.72005, -0.7005, -1.0001, -0.009319
23, 3.7199999999999975, -0.73, -1, 3.72065, -0.731, -1.00005, -0.009319
23, 3.7199999999999975, -0.74, -1, 3.7199500000000003, -0.73995, -1.0001, -0.009314
23, 3.7199999999999975, -0.75, -1, 3.7202, -0.7495, -1.00005, -0.009324
23, 3.7199999999999975, -0.76, -1, 3.7201500000000003, -0.7601, -1.0, -0.009381
23, 3.7199999999999975, -0.77, -1, 3.71965, -0.7704500000000001, -1.00005, -0.00936
23, 3.7199999999999975, -0.78, -1, 3.72025, -0.77985, -1.0, -0.009319
23, 3.7199999999999975, -0.79, -1, 3.7203000000000004, -0.7902, -0.9999000000000001, -0.009371
23, 3.7199999999999975, -0.8, -1, 3.7201500000000003, -0.7995, -0.9999000000000001, -0.00934
23, 3.7199999999999975, -0.81, -1, 3.7201500000000003, -0.8097000000000001, -0.9999000000000001, -0.009319
23, 3.7199999999999975, -0.8200000000000001, -1, 3.72025, -0.8195, -0.9999000000000001, -0.009371
24, 3.7099999999999977, -0.8200000000000001, -1, 3.70875, -0.8198000000000001, -0.99995, -0.00935
24, 3.699999999999998, -0.8200000000000001, -1, 3.7006000000000006, -0.81985, -0.99995, -0.009376
24, 3.689999999999998, -0.8200000000000001, -1, 3.68955, -0.8199500000000001, -1.0, -0.009329
24, 3.6799999999999984, -0.8200000000000001, -1, 3.6798500000000005, -0.8200500000000001, -1.0, -0.009308
24, 3.6699999999999986, -0.8200000000000001, -1, 3.6699, -0.8200500000000001, -1.0, -0.009371
24, 3.659999999999999, -0.8200000000000001, -1, 3.6602, -0.8201, -1.0, -0.009324
24, 3.649999999999999, -0.8200000000000001, -1, 3.6507, -0.8201, -1.0, -0.00935
24, 3.6399999999999992, -0.8200000000000001, -1, 3.6405, -0.8201, -0.99995, -0.009371
24, 3.6299999999999994, -0.8200000000000001, -1, 3.6311000000000004, -0.8200500000000001, -1.0, -0.009334
24, 3.6199999999999997, -0.8200000000000001, -1, 3.62025, -0.8201, -1.0, -0.009334
24, 3.61, -0.8200000000000001, -1, 3.61105, -0.8201, -1.00005, -0.009381
24, 3.6, -0.8200000000000001, -1, 3.6013, -0.8201, -1.00005, -0.00935
24, 3.5900000000000003, -0.8200000000000001, -1, 3.58895, -0.82, -1.00005, -0.009319
24, 3.5800000000000005, -0.8200000000000001, -1, 3.5888, -0.82, -1.0001, -0.009381
24, 3.5700000000000007, -0.8200000000000001, -1, 3.5892000000000004, -0.82, -1.0001, -0.009381
24, 3.560000000000001, -0.8200000000000001, -1, 3.5891, -0.8199500000000001, -1.00005, -0.009314
24, 3.550000000000001, -0.8200000000000001, -1, 3.5526500000000003, -0.8199000000000001, -1.00005, -0.009376
24, 3.5400000000000014, -0.8200000000000001, -1, 3.5395, -0.8199500000000001, -1.0001, -0.009371
24, 3.5300000000000016, -0.8200000000000001, -1, 3.53045, -0.8199500000000001, -1.00005, -0.009371
24, 3.520000000000002, -0.8200000000000001, -1, 3.5206500000000003, -0.82, -1.00005, -0.009366
24, 3.510000000000002, -0.8200000000000001, -1, 3.5206000000000004, -0.8199500000000001, -1.00005, -0.009329
24, 3.500000000000002, -0.8200000000000001, -1, 3.5201000000000002, -0.8199500000000001, -1.0001, -0.009319
24, 3.4900000000000024, -0.8200000000000001, -1, 3.4914, -0.8199500000000001, -1.0, -0.009387
24, 3.4800000000000026, -0.8200000000000001, -1, 3.4806500000000002, -0.82, -1.00005, -0.009329
24, 3.4800000000000026, -0.81, -1, 3.4800500000000003, -0.82, -1.00005, -0.009308
24, 3.4800000000000026, -0.8, -1, 3.47975, -0.8015, -1.0, -0.009371
24, 3.4800000000000026, -0.79, -1, 3.47905, -0.79035, -1.0, -0.00935
24, 3.4800000000000026, -0.78, -1, 3.4806000000000004, -0.78, -0.99995, -0.009319
24, 3.4800000000000026, -0.77, -1, 3.4794, -0.7697, -0.99995, -0.009355
24, 3.4800000000000026, -0.76, -1, 3.4798, -0.7599000000000001, -0.99995, -0.009376
24, 3.4800000000000026, -0.75, -1, 3.48025, -0.7503500000000001, -0.99995, -0.009319
24, 3.4800000000000026, -0.74, -1, 3.4801, -0.7400500000000001, -0.99995, -0.009366
24, 3.4800000000000026, -0.73, -1, 3.4794500000000004, -0.72925, -0.99995, -0.009387
24, 3.4800000000000026, -0.72, -1, 3.4798500000000003, -0.7202000000000001, -0.99995, -0.009371
24, 3.4800000000000026, -0.71, -1, 3.47975, -0.7091500000000001, -1.00005, -0.009366
24, 3.4800000000000026, -0.7, -1, 3.4802000000000004, -0.70075, -1.0001, -0.00936
24, 3.4800000000000026, -0.69, -1, 3.4798, -0.68915, -1.0001, -0.009376
24, 3.4800000000000026, -0.6799999999999999, -1, 3.4802000000000004, -0.6796, -1.0001, -0.009345
24, 3.4800000000000026, -0.6699999999999999, -1, 3.4798500000000003, -0.67, -1.0001, -0.009371
24, 3.4800000000000026, -0.6599999999999999, -1, 3.47955, -0.65985, -1.0001, -0.009319
24, 3.4800000000000026, -0.6499999999999999, -1, 3.48025, -0.6496000000000001, -1.0001, -0.00934
24, 3.4800000000000026, -0.6399999999999999, -1, 3.4806500000000002, -0.6399000000000001, -1.00005, -0.009381
24, 3.4800000000000026, -0.6299999999999999, -1, 3.47935, -0.6297, -1.00005, -0.009334
24, 3.4800000000000026, -0.6199999999999999, -1, 3.47925, -0.6198, -0.99995, -0.009329
24, 3.4800000000000026, -0.6099999999999999, -1, 3.4804, -0.6101, -0.9999000000000001, -0.009371
24, 3.4800000000000026, -0.5999999999999999, -1, 3.4803500000000005, -0.59975, -0.9999000000000001, -0.009376
24, 3.4800000000000026, -0.5899999999999999, -1, 3.4796000000000005, -0.59075, -0.9999000000000001, -0.009319
24, 3.4800000000000026, -0.5799999999999998, -1, 3.4794500000000004, -0.5797, -0.9999000000000001, -0.009308
25, 3.4900000000000024, -0.5799999999999998, -1, 3.4898000000000002, -0.57965, -0.9999000000000001, -0.009371
25, 3.500000000000002, -0.5799999999999998, -1, 3.5003500000000005, -0.5800500000000001, -0.9999000000000001, -0.00935
25, 3.510000000000002, -0.5799999999999998, -1, 3.50915, -0.58025, -0.99995, -0.009314
25, 3.520000000000002, -0.5799999999999998, -1, 3.5194500000000004, -0.5802, -1.00005, -0.00936
25, 3.5300000000000016, -0.5799999999999998, -1, 3.52965, -0.5799, -1.0001, -0.00936
25, 3.5400000000000014, -0.5799999999999998, -1, 3.5391500000000002, -0.57965, -1.00005, -0.009345
25, 3.550000000000001, -0.5799999999999998, -1, 3.5494, -0.5799, -1.00005, -0.009324
25, 3.560000000000001, -0.5799999999999998, -1, 3.55995, -0.5801000000000001, -1.00005, -0.009366
25, 3.5700000000000007, -0.5799999999999998, -1, 3.5688500000000003, -0.5802, -1.0001, -0.009319
25, 3.5800000000000005, -0.5799999999999998, -1, 3.57975, -0.5802, -1.0001, -0.009319
25, 3.5900000000000003, -0.5799999999999998, -1, 3.5896000000000003, -0.58, -1.0, -0.009376
25, 3.6, -0.5799999999999998, -1, 3.58955, -0.5800500000000001, -1.00005, -0.00936
25, 3.61, -0.5799999999999998, -1, 3.59005, -0.5800500000000001, -1.00005, -0.009324
25, 3.6199999999999997, -0.5799999999999998, -1, 3.61845, -0.57985, -1.0, -0.009376
25, 3.6299999999999994, -0.5799999999999998, -1, 3.62915, -0.5797, -1.00005, -0.009345
25, 3.6399999999999992, -0.5799999999999998, -1, 3.63945, -0.57985, -1.0, -0.009298
25, 3.649999999999999, -0.5799999999999998, -1, 3.6496000000000004, -0.5801000000000001, -0.99995, -0.00935
25, 3.659999999999999, -0.5799999999999998, -1, 3.6598, -0.5803, -0.9999000000000001, -0.009371
25, 3.6699999999999986, -0.5799999999999998, -1, 3.6697, -0.5801000000000001, -0.9999000000000001, -0.009308
25, 3.6799999999999984, -0.5799999999999998, -1, 3.6798500000000005, -0.58, -0.9999000000000001, -0.009334
25, 3.689999999999998, -0.5799999999999998, -1, 3.69015, -0.5799, -0.9999000000000001, -0.009366
25, 3.699999999999998, -0.5799999999999998, -1, 3.6998500000000005, -0.5797, -0.9999000000000001, -0.009324
25, 3.7099999999999977, -0.5799999999999998, -1, 3.7106500000000002, -0.5798000000000001, -0.9999000000000001, -0.009319
25, 3.7199999999999975, -0.5799999999999998, -1, 3.7208500000000004, -0.58, -0.99995, -0.00936
25, 3.7299999999999973, -0.5799999999999998, -1, 3.72105, -0.58, -0.9999000000000001, -0.009381
25, 3.7299999999999973, -0.5899999999999999, -1, 3.7306500000000002, -0.58965, -1.0, -0.009329
25, 3.7299999999999973, -0.5999999999999999, -1, 3.7309500000000004, -0.5999, -1.0, -0.00936
25, 3.7299999999999973, -0.6099999999999999, -1, 3.7298, -0.6100500000000001, -1.0, -0.009381
25, 3.7299999999999973, -0.6199999999999999, -1, 3.72995, -0.6197, -1.0, -0.009314
25, 3.7299999999999973, -0.6299999999999999, -1, 3.73025, -0.63025, -1.0, -0.009376
25, 3.7299999999999973, -0.6399999999999999, -1, 3.7296000000000005, -0.6395, -1.0, -0.009371
25, 3.7299999999999973, -0.6499999999999999, -1, 3.7305, -0.6507000000000001, -0.99995, -0.009329
25, 3.7299999999999973, -0.6599999999999999, -1, 3.7304, -0.65985, -1.00005, -0.00936
25, 3.7299999999999973, -0.6699999999999999, -1, 3.7306000000000004, -0.6709, -1.00005, -0.009308
25, 3.7299999999999973, -0.6799999999999999, -1, 3.7298, -0.68005, -1.0001, -0.009392
25, 3.7299999999999973, -0.69, -1, 3.73, -0.6899500000000001, -1.00005, -0.009314
25, 3.7299999999999973, -0.7, -1, 3.72965, -0.70125, -1.00005, -0.009366
25, 3.7299999999999973, -0.71, -1, 3.7301, -0.7101500000000001, -1.0001, -0.009308
25, 3.7299999999999973, -0.72, -1, 3.7303500000000005, -0.72035, -1.00005, -0.009371
25, 3.7299999999999973, -0.73, -1, 3.73, -0.72955, -1.00005, -0.009381
25, 3.7299999999999973, -0.74, -1, 3.7301, -0.7402000000000001, -1.0, -0.009314
25, 3.7299999999999973, -0.75, -1, 3.7303, -0.7506, -1.0, -0.00935
25, 3.7299999999999973, -0.76, -1, 3.7299, -0.75975, -0.99995, -0.009308
25, 3.7299999999999973, -0.77, -1, 3.7299, -0.7704000000000001, -0.9999000000000001, -0.009345
25, 3.7299999999999973, -0.78, -1, 3.7296000000000005, -0.77985, -0.9999000000000001, -0.009371
25, 3.7299999999999973, -0.79, -1, 3.7300500000000003, -0.78995, -0.9999000000000001, -0.009319
25, 3.7299999999999973, -0.8, -1, 3.72995, -0.7899, -0.9999000000000001, -0.009314
25, 3.7299999999999973, -0.81, -1, 3.7305, -0.8095, -0.9999000000000001, -0.009381
25, 3.7299999999999973, -0.8200000000000001, -1, 3.73055, -0.8186500000000001, -0.9999000000000001, -0.009334
25, 3.7299999999999973, -0.8300000000000001, -1, 3.73, -0.83015, -0.99995, -0.009324
26, 3.7199999999999975, -0.8300000000000001, -1, 3.7195500000000004, -0.83015, -0.99995, -0.00936
26, 3.7099999999999977, -0.8300000000000001, -1, 3.7093000000000003, -0.83015, -1.00005, -0.009319
26, 3.699999999999998, -0.8300000000000001, -1, 3.69965, -0.8300500000000001, -1.0001, -0.009366
26, 3.689999999999998, -0.8300000000000001, -1, 3.6901, -0.8301000000000001, -1.0001, -0.009324
26, 3.6799999999999984, -0.8300000000000001, -1, 3.6799, -0.83, -1.00005, -0.00934
26, 3.6699999999999986, -0.8300000000000001, -1, 3.6794000000000002, -0.83, -1.0001, -0.009371
26, 3.659999999999999, -0.8300000000000001, -1, 3.6797000000000004, -0.83, -1.0001, -0.009355
26, 3.649999999999999, -0.8300000000000001, -1, 3.67975, -0.83, -1.0001, -0.009314
26, 3.6399999999999992, -0.8300000000000001, -1, 3.6414, -0.8299500000000001, -1.0001, -0.009376
26, 3.6299999999999994, -0.8300000000000001, -1, 3.6305500000000004, -0.8299500000000001, -1.00005, -0.009329
26, 3.6199999999999997, -0.8300000000000001, -1, 3.6195, -0.8299500000000001, -1.00005, -0.009324
26, 3.61, -0.8300000000000001, -1, 3.6109500000000003, -0.8299500000000001, -1.00005, -0.009319
26, 3.6, -0.8300000000000001, -1, 3.6005, -0.8299500000000001, -0.99995, -0.009324
26, 3.5900000000000003, -0.8300000000000001, -1, 3.5904000000000003, -0.83, -0.9999000000000001, -0.009366
26, 3.5800000000000005, -0.8300000000000001, -1, 3.5896000000000003, -0.8299500000000001, -0.9999000000000001, -0.009329
26, 3.5700000000000007, -0.8300000000000001, -1, 3.5714500000000005, -0.83, -0.9999000000000001, -0.00934
26, 3.560000000000001, -0.8300000000000001, -1, 3.5602000000000005, -0.8301000000000001, -0.9999000000000001, -0.009407
26, 3.550000000000001, -0.8300000000000001, -1, 3.55105, -0.8300500000000001, -0.9999000000000001, -0.009345
26, 3.5400000000000014, -0.8300000000000001, -1, 3.5397000000000003, -0.8301000000000001, -0.9999000000000001, -0.009314
26, 3.5300000000000016, -0.8300000000000001, -1, 3.5301000000000005, -0.8301000000000001, -0.99995, -0.009381
26, 3.520000000000002, -0.8300000000000001, -1, 3.52125, -0.8300500000000001, -0.99995, -0.009376
26, 3.510000000000002, -0.8300000000000001, -1, 3.51005, -0.83, -1.0, -0.009314
26, 3.500000000000002, -0.8300000000000001, -1, 3.5095500000000004, -0.83, -1.00005, -0.009319
26, 3.4900000000000024, -0.8300000000000001, -1, 3.50975, -0.83, -1.00005, -0.009392
26, 3.4800000000000026, -0.8300000000000001, -1, 3.50975, -0.83, -1.0, -0.009334
26, 3.470000000000003, -0.8300000000000001, -1, 3.5098000000000003, -0.83, -1.0, -0.009329
26, 3.470000000000003, -0.8200000000000001, -1, 3.4707000000000003, -0.82025, -1.00005, -0.009371
26, 3.470000000000003, -0.81, -1, 3.47065, -0.811, -1.00005, -0.009314
26, 3.470000000000003, -0.8, -1, 3.4691000000000005, -0.7996500000000001, -1.0, -0.009298
26, 3.470000000000003, -0.79, -1, 3.46975, -0.7906, -1.0, -0.009381
26, 3.470000000000003, -0.78, -1, 3.4705500000000002, -0.78, -1.00005, -0.009376
26, 3.470000000000003, -0.77, -1, 3.46975, -0.77, -1.0001, -0.009324
26, 3.470000000000003, -0.76, -1, 3.46965, -0.7598, -1.0001, -0.009376
26, 3.470000000000003, -0.75, -1, 3.4706000000000006, -0.7500500000000001, -1.0001, -0.00935
26, 3.470000000000003, -0.74, -1, 3.4698, -0.7401500000000001, -1.0001, -0.009308
26, 3.470000000000003, -0.73, -1, 3.4699, -0.7292000000000001, -1.0001, -0.009334
26, 3.470000000000003, -0.72, -1, 3.4701000000000004, -0.7202000000000001, -1.0001, -0.00934
26, 3.470000000000003, -0.71, -1, 3.4698, -0.7095, -1.0001, -0.009314
26, 3.470000000000003, -0.7, -1, 3.4699, -0.69975, -1.0, -0.00936
26, 3.470000000000003, -0.69, -1, 3.4695500000000004, -0.6898000000000001, -1.0, -0.009303
26, 3.470000000000003, -0.6799999999999999, -1, 3.4699500000000003, -0.67945, -1.0, -0.009371
26, 3.470000000000003, -0.6699999999999999, -1, 3.47, -0.6703000000000001, -1.0, -0.009303
26, 3.470000000000003, -0.6599999999999999, -1, 3.4695500000000004, -0.6596000000000001, -1.00005, -0.009366
26, 3.470000000000003, -0.6499999999999999, -1, 3.47, -0.6496000000000001, -1.0, -0.00934
26, 3.470000000000003, -0.6399999999999999, -1, 3.4701000000000004, -0.6398, -1.0, -0.009314
26, 3.470000000000003, -0.6299999999999999, -1, 3.4697000000000005, -0.6299000000000001, -1.0, -0.009392
26, 3.470000000000003, -0.6199999999999999, -1, 3.4699500000000003, -0.6197, -1.0, -0.009345
26, 3.470000000000003, -0.6099999999999999, -1, 3.4702, -0.61015, -1.0, -0.009324
26, 3.470000000000003, -0.5999999999999999, -1, 3.4698500000000005, -0.59965, -1.0, -0.009371
26, 3.470000000000003, -0.5899999999999999, -1, 3.47005, -0.5907, -1.0, -0.009376
26, 3.470000000000003, -0.5799999999999998, -1, 3.4698500000000005, -0.5799500000000001, -1.0, -0.009329
26, 3.470000000000003, -0.5699999999999998, -1, 3.469, -0.57035, -1.00005, -0.009376
27, 3.4800000000000026, -0.5699999999999998, -1, 3.4795, -0.57025, -0.99995, -0.00935
27, 3.4900000000000024, -0.5699999999999998, -1, 3.4899500000000003, -0.57, -0.9999000000000001, -0.009314
27, 3.500000000000002, -0.5699999999999998, -1, 3.4902, -0.57, -0.9999000000000001, -0.009376
27, 3.510000000000002, -0.5699999999999998, -1, 3.4905, -0.57, -0.9999000000000001, -0.009371
27, 3.520000000000002, -0.5699999999999998, -1, 3.4904, -0.57, -0.9999000000000001, -0.009319
27, 3.5300000000000016, -0.5699999999999998, -1, 3.49025, -0.5700500000000001, -0.9999000000000001, -0.009324
27, 3.5400000000000014, -0.5699999999999998, -1, 3.53805, -0.56975, -0.99985, -0.009376
27, 3.550000000000001, -0.5699999999999998, -1, 3.5486500000000003, -0.5696, -0.9999000000000001, -0.009324
27, 3.560000000000001, -0.5699999999999998, -1, 3.56015, -0.5701499999999999, -0.9999000000000001, -0.009314
27, 3.5700000000000007, -0.5699999999999998, -1, 3.56955, -0.5702, -0.9999000000000001, -0.009371
27, 3.5800000000000005, -0.5699999999999998, -1, 3.5792, -0.5701, -0.9999000000000001, -0.009355
27, 3.5900000000000003, -0.5699999999999998, -1, 3.5896500000000002, -0.57, -1.0, -0.009319
27, 3.6, -0.5699999999999998, -1, 3.59045, -0.57, -1.0, -0.009366
27, 3.61, -0.5699999999999998, -1, 3.59015, -0.57, -1.0, -0.009371
27, 3.6199999999999997, -0.5699999999999998, -1, 3.5902000000000003, -0.57, -1.0, -0.009314
27, 3.6299999999999994, -0.5699999999999998, -1, 3.59025, -0.57, -1.0, -0.009314
27, 3.6399999999999992, -0.5699999999999998, -1, 3.59025, -0.57, -1.0, -0.009371
27, 3.649999999999999, -0.5699999999999998, -1, 3.5902000000000003, -0.57, -1.0, -0.009381
27, 3.659999999999999, -0.5699999999999998, -1, 3.5902000000000003, -0.57, -1.0, -0.009319
27, 3.6699999999999986, -0.5699999999999998, -1, 3.5902000000000003, -0.57, -1.00005, -0.00936
27, 3.6799999999999984, -0.5699999999999998, -1, 3.5902000000000003, -0.57, -1.0, -0.009324
27, 3.689999999999998, -0.5699999999999998, -1, 3.5902000000000003, -0.57, -1.0, -0.009314
27, 3.699999999999998, -0.5699999999999998, -1, 3.5902000000000003, -0.57, -1.0, -0.00936
27, 3.7099999999999977, -0.5699999999999998, -1, 3.59025, -0.57, -1.0, -0.009366
27, 3.7199999999999975, -0.5699999999999998, -1, 3.7178500000000003, -0.5698000000000001, -1.0, -0.009314
27, 3.7299999999999973, -0.5699999999999998, -1, 3.7308000000000003, -0.5698000000000001, -1.0, -0.009308
27, 3.739999999999997, -0.5699999999999998, -1, 3.74165, -0.5699500000000001, -1.0, -0.00934
27, 3.739999999999997, -0.5799999999999998, -1, 3.74065, -0.57945, -1.0, -0.009329
27, 3.739999999999997, -0.5899999999999999, -1, 3.74065, -0.5898000000000001, -1.0, -0.009371
27, 3.739999999999997, -0.5999999999999999, -1, 3.74025, -0.5997, -1.0, -0.009376
27, 3.739999999999997, -0.6099999999999999, -1, 3.7395, -0.61015, -1.0, -0.009324
27, 3.739999999999997, -0.6199999999999999, -1, 3.7406, -0.6196500000000001, -1.0, -0.009319
27, 3.739999999999997, -0.6299999999999999, -1, 3.74005, -0.63, -1.0, -0.009371
27, 3.739999999999997, -0.6399999999999999, -1, 3.7404, -0.6301500000000001, -1.0, -0.009387
27, 3.739999999999997, -0.6499999999999999, -1, 3.7397000000000005, -0.6504000000000001, -1.0, -0.009329
27, 3.739999999999997, -0.6599999999999999, -1, 3.73905, -0.6595500000000001, -1.00005, -0.00935
27, 3.739999999999997, -0.6699999999999999, -1, 3.741, -0.6707000000000001, -1.00005, -0.009376
27, 3.739999999999997, -0.6799999999999999, -1, 3.7405, -0.6802, -1.00005, -0.009366
27, 3.739999999999997, -0.69, -1, 3.7389, -0.6905500000000001, -1.00005, -0.00936
27, 3.739999999999997, -0.7, -1, 3.7404, -0.7008000000000001, -1.0, -0.009366
27, 3.739999999999997, -0.71, -1, 3.7405, -0.7102, -1.00005, -0.009324
27, 3.739999999999997, -0.72, -1, 3.7396000000000003, -0.7204, -1.0, -0.009381
27, 3.739999999999997, -0.73, -1, 3.739, -0.7301500000000001, -1.00005, -0.00935
27, 3.739999999999997, -0.74, -1, 3.7407000000000004, -0.7401, -1.0, -0.009324
27, 3.739999999999997, -0.75, -1, 3.7396000000000003, -0.74925, -1.0, -0.009381
27, 3.739999999999997, -0.76, -1, 3.73965, -0.7601, -1.0, -0.00934
27, 3.739999999999997, -0.77, -1, 3.7398500000000006, -0.7704500000000001, -1.00005, -0.009314
27, 3.739999999999997, -0.78, -1, 3.7403500000000003, -0.77975, -1.0, -0.00935
27, 3.739999999999997, -0.79, -1, 3.7388500000000002, -0.79005, -0.99995, -0.009314
27, 3.739999999999997, -0.8, -1, 3.74005, -0.7995, -0.9999000000000001, -0.009319
27, 3.739999999999997, -0.81, -1, 3.74065, -0.8098500000000001, -0.9999000000000001, -0.009381
27, 3.739999999999997, -0.8200000000000001, -1, 3.7393500000000004, -0.8195500000000001, -0.9999000000000001, -0.009298
27, 3.739999999999997, -0.8300000000000001, -1, 3.7399, -0.82985, -0.9999000000000001, -0.009314
27, 3.739999999999997, -0.8400000000000001, -1, 3.7405500000000003, -0.8394000000000001, -0.9999000000000001, -0.009366
28, 3.7299999999999973, -0.8400000000000001, -1, 3.7294, -0.8401500000000001, -0.99995, -0.009366
28, 3.7199999999999975, -0.8400000000000001, -1, 3.7191000000000005, -0.8401500000000001, -1.0, -0.009298
28, 3.7099999999999977, -0.8400000000000001, -1, 3.7093000000000003, -0.8401500000000001, -0.99995, -0.009355
28, 3.699999999999998, -0.8400000000000001, -1, 3.6996, -0.8401500000000001, -1.0, -0.00935
28, 3.689999999999998, -0.8400000000000001, -1, 3.6898, -0.8400500000000001, -1.0, -0.009371
28, 3.6799999999999984, -0.8400000000000001, -1, 3.6795500000000003, -0.8398000000000001, -1.0001, -0.009303
28, 3.6699999999999986, -0.8400000000000001, -1, 3.6704, -0.8397, -1.0001, -0.009387
28, 3.659999999999999, -0.8400000000000001, -1, 3.6598500000000005, -0.83985, -1.0001, -0.009345
28, 3.649999999999999, -0.8400000000000001, -1, 3.6507, -0.8400500000000001, -1.0001, -0.009324
28, 3.6399999999999992, -0.8400000000000001, -1, 3.6394, -0.8401500000000001, -1.00015, -0.009392
28, 3.6299999999999994, -0.8400000000000001, -1, 3.6309, -0.8401500000000001, -1.0001, -0.009319
28, 3.6199999999999997, -0.8400000000000001, -1, 3.6201000000000003, -0.8401000000000001, -1.0, -0.009334
28, 3.61, -0.8400000000000001, -1, 3.6108000000000002, -0.8400500000000001, -1.0, -0.009387
28, 3.6, -0.8400000000000001, -1, 3.6014500000000003, -0.84, -1.0, -0.009329
28, 3.5900000000000003, -0.8400000000000001, -1, 3.5899500000000004, -0.83985, -1.0, -0.009319
28, 3.5800000000000005, -0.8400000000000001, -1, 3.5800500000000004, -0.83985, -1.0, -0.009329
28, 3.5700000000000007, -0.8400000000000001, -1, 3.57005, -0.8399000000000001, -0.99995, -0.009381
28, 3.560000000000001, -0.8400000000000001, -1, 3.561, -0.84, -1.0, -0.009376
28, 3.550000000000001, -0.8400000000000001, -1, 3.5607, -0.84, -1.0, -0.009329
28, 3.5400000000000014, -0.8400000000000001, -1, 3.5606000000000004, -0.84, -0.99995, -0.009324
28, 3.5300000000000016, -0.8400000000000001, -1, 3.5604500000000003, -0.84, -1.0, -0.009371
28, 3.520000000000002, -0.8400000000000001, -1, 3.5604, -0.84, -1.0, -0.00936
28, 3.510000000000002, -0.8400000000000001, -1, 3.5604500000000003, -0.84, -1.0, -0.009324
28, 3.500000000000002, -0.8400000000000001, -1, 3.5604, -0.84, -1.0, -0.009366
28, 3.4900000000000024, -0.8400000000000001, -1, 3.5604, -0.84, -1.0, -0.00936
28, 3.4800000000000026, -0.8400000000000001, -1, 3.5604500000000003, -0.84, -1.0, -0.009324
28, 3.470000000000003, -0.8400000000000001, -1, 3.5604, -0.84, -1.0, -0.009303
28, 3.460000000000003, -0.8400000000000001, -1, 3.5604500000000003, -0.84, -0.99995, -0.009345
28, 3.460000000000003, -0.8300000000000001, -1, 3.4627000000000003, -0.83045, -0.99995, -0.00935
28, 3.460000000000003, -0.8200000000000001, -1, 3.45995, -0.8210500000000001, -0.9999000000000001, -0.009293
28, 3.460000000000003, -0.81, -1, 3.46, -0.81035, -0.9999000000000001, -0.009345
28, 3.460000000000003, -0.8, -1, 3.4597, -0.8009000000000001, -0.9999000000000001, -0.009371
28, 3.460000000000003, -0.79, -1, 3.4593000000000003, -0.7891, -0.99995, -0.009334
28, 3.460000000000003, -0.78, -1, 3.4608000000000003, -0.78085, -0.99995, -0.009376
28, 3.460000000000003, -0.77, -1, 3.4603500000000005, -0.7693000000000001, -1.0, -0.009334
28, 3.460000000000003, -0.76, -1, 3.4596000000000005, -0.7601500000000001, -1.0, -0.009376
28, 3.460000000000003, -0.75, -1, 3.45965, -0.7503000000000001, -1.0, -0.009371
28, 3.460000000000003, -0.74, -1, 3.45965, -0.7400500000000001, -1.0, -0.009319
28, 3.460000000000003, -0.73, -1, 3.45995, -0.7291500000000001, -1.0, -0.009366
28, 3.460000000000003, -0.72, -1, 3.46015, -0.7201500000000001, -1.0, -0.009334
28, 3.460000000000003, -0.71, -1, 3.46055, -0.7093, -1.0, -0.009324
28, 3.460000000000003, -0.7, -1, 3.4594500000000004, -0.69985, -1.0, -0.009397
28, 3.460000000000003, -0.69, -1, 3.45995, -0.6899000000000001, -0.99995, -0.009329
28, 3.460000000000003, -0.6799999999999999, -1, 3.45935, -0.67935, -1.0, -0.009329
28, 3.460000000000003, -0.6699999999999999, -1, 3.4606500000000002, -0.6704000000000001, -1.0, -0.00934
28, 3.460000000000003, -0.6599999999999999, -1, 3.45995, -0.65935, -1.0, -0.009308
28, 3.460000000000003, -0.6499999999999999, -1, 3.4602000000000004, -0.6501500000000001, -1.0, -0.009319
28, 3.460000000000003, -0.6399999999999999, -1, 3.45975, -0.6398, -1.0, -0.009324
28, 3.460000000000003, -0.6299999999999999, -1, 3.4598, -0.6293500000000001, -1.00005, -0.009371
28, 3.460000000000003, -0.6199999999999999, -1, 3.4601, -0.6201500000000001, -1.00005, -0.009324
28, 3.460000000000003, -0.6099999999999999, -1, 3.4604500000000002, -0.6096, -1.00005, -0.009329
28, 3.460000000000003, -0.5999999999999999, -1, 3.4593000000000003, -0.6, -1.0001, -0.009376
28, 3.460000000000003, -0.5899999999999999, -1, 3.4598500000000003, -0.59075, -1.0001, -0.009324
28, 3.460000000000003, -0.5799999999999998, -1, 3.4599, -0.59085, -1.00005, -0.009319
28, 3.460000000000003, -0.5699999999999998, -1, 3.46015, -0.5703, -1.00005, -0.009371
28, 3.460000000000003, -0.5599999999999998, -1, 3.4612000000000003, -0.56045, -1.00005, -0.009366
29, 3.470000000000003, -0.5599999999999998, -1, 3.4695, -0.5601, -1.0001, -0.009381
29, 3.4800000000000026, -0.5599999999999998, -1, 3.4794, -0.5601, -1.00005, -0.009381
29, 3.4900000000000024, -0.5599999999999998, -1, 3.48945, -0.56005, -0.99995, -0.009319
29, 3.500000000000002, -0.5599999999999998, -1, 3.5003, -0.56005, -0.9999000000000001, -0.009329
29, 3.510000000000002, -0.5599999999999998, -1, 3.50915, -0.5599500000000001, -0.9999000000000001, -0.009371
29, 3.520000000000002, -0.5599999999999998, -1, 3.5198, -0.5595, -0.9999000000000001, -0.00936
29, 3.5300000000000016, -0.5599999999999998, -1, 3.5294, -0.56, -0.9999000000000001, -0.009308
29, 3.5400000000000014, -0.5599999999999998, -1, 3.52955, -0.5599500000000001, -0.99985, -0.009324
29, 3.550000000000001, -0.5599999999999998, -1, 3.5293500000000004, -0.56, -0.99985, -0.009371
29, 3.560000000000001, -0.5599999999999998, -1, 3.52945, -0.5599500000000001, -0.9999000000000001, -0.009324
29, 3.5700000000000007, -0.5599999999999998, -1, 3.5693, -0.56, -0.9999000000000001, -0.009345
29, 3.5800000000000005, -0.5599999999999998, -1, 3.5687, -0.56, -0.99985, -0.009387
29, 3.5900000000000003, -0.5599999999999998, -1, 3.56875, -0.56, -0.99985, -0.009319
29, 3.6, -0.5599999999999998, -1, 3.5688500000000003, -0.56, -0.9999000000000001, -0.009308
29, 3.61, -0.5599999999999998, -1, 3.5688500000000003, -0.56, -0.9999000000000001, -0.009381
29, 3.6199999999999997, -0.5599999999999998, -1, 3.5688500000000003, -0.56, -0.99985, -0.009371
29, 3.6299999999999994, -0.5599999999999998, -1, 3.5689, -0.5599500000000001, -0.99985, -0.009319
29, 3.6399999999999992, -0.5599999999999998, -1, 3.6364, -0.56005, -0.9999000000000001, -0.009371
29, 3.649999999999999, -0.5599999999999998, -1, 3.6494500000000003, -0.56005, -1.0, -0.00934
29, 3.659999999999999, -0.5599999999999998, -1, 3.6598500000000005, -0.56005, -0.99995, -0.009308
29, 3.6699999999999986, -0.5599999999999998, -1, 3.6691000000000003, -0.56005, -1.00005, -0.009371
29, 3.6799999999999984, -0.5599999999999998, -1, 3.6801000000000004, -0.56005, -1.0001, -0.009334
29, 3.689999999999998, -0.5599999999999998, -1, 3.6898, -0.56, -1.0001, -0.009319
29, 3.699999999999998, -0.5599999999999998, -1, 3.68965, -0.56, -1.0001, -0.00935
29, 3.7099999999999977, -0.5599999999999998, -1, 3.69, -0.56, -1.0001, -0.009371
29, 3.7199999999999975, -0.5599999999999998, -1, 3.69, -0.56005, -1.0001, -0.009324
29, 3.7299999999999973, -0.5599999999999998, -1, 3.733, -0.56, -1.0001, -0.009319
29, 3.739999999999997, -0.5599999999999998, -1, 3.7328500000000004, -0.56, -1.00005, -0.009371
29, 3.749999999999997, -0.5599999999999998, -1, 3.7327000000000004, -0.5599500000000001, -1.0001, -0.00936
29, 3.749999999999997, -0.5699999999999998, -1, 3.75205, -0.5688500000000001, -1.0001, -0.009303
29, 3.749999999999997, -0.5799999999999998, -1, 3.7503, -0.57945, -1.00005, -0.009376
29, 3.749999999999997, -0.5899999999999999, -1, 3.75075, -0.58985, -1.00005, -0.009314
29, 3.749999999999997, -0.5999999999999999, -1, 3.7503500000000005, -0.5999, -1.0, -0.009314
29, 3.749999999999997, -0.6099999999999999, -1, 3.75, -0.6100500000000001, -1.0, -0.009376
29, 3.749999999999997, -0.6199999999999999, -1, 3.7497000000000003, -0.6197, -1.0, -0.00934
29, 3.749999999999997, -0.6299999999999999, -1, 3.7500500000000003, -0.6301, -1.0, -0.009319
29, 3.749999999999997, -0.6399999999999999, -1, 3.75055, -0.6395, -1.0, -0.009376
29, 3.749999999999997, -0.6499999999999999, -1, 3.7501, -0.6506000000000001, -1.0, -0.009376
29, 3.749999999999997, -0.6599999999999999, -1, 3.75025, -0.6598, -1.0, -0.009319
29, 3.749999999999997, -0.6699999999999999, -1, 3.7502000000000004, -0.67075, -0.99995, -0.009371
29, 3.749999999999997, -0.6799999999999999, -1, 3.7497000000000003, -0.6802, -0.99995, -0.009314
29, 3.749999999999997, -0.69, -1, 3.75, -0.6908500000000001, -0.9999000000000001, -0.00936
29, 3.749999999999997, -0.7, -1, 3.7495, -0.6908000000000001, -0.99995, -0.009334
29, 3.749999999999997, -0.71, -1, 3.7504, -0.7106500000000001, -0.9999000000000001, -0.009308
29, 3.749999999999997, -0.72, -1, 3.75, -0.7205, -0.99995, -0.009329
29, 3.749999999999997, -0.73, -1, 3.75, -0.7205, -0.99995, -0.009371
29, 3.749999999999997, -0.74, -1, 3.75, -0.7205, -0.99995, -0.009329
29, 3.749999999999997, -0.75, -1, 3.75, -0.7205, -0.9999000000000001, -0.00935
29, 3.749999999999997, -0.76, -1, 3.75, -0.7205, -0.9999000000000001, -0.009366
29, 3.749999999999997, -0.77, -1, 3.7500500000000003, -0.7205, -0.9999000000000001, -0.009324
29, 3.749999999999997, -0.78, -1, 3.7498, -0.78005, -0.9999000000000001, -0.009376
29, 3.749999999999997, -0.79, -1, 3.74955, -0.7902, -0.99995, -0.00934
29, 3.749999999999997, -0.8, -1, 3.75025, -0.7996500000000001, -0.99995, -0.009324
29, 3.749999999999997, -0.81, -1, 3.7504, -0.8098500000000001, -1.00005, -0.009371
29, 3.749999999999997, -0.8200000000000001, -1, 3.7502000000000004, -0.8197000000000001, -1.00005, -0.009345
29, 3.749999999999997, -0.8300000000000001, -1, 3.74975, -0.8297, -1.0001, -0.009319
29, 3.749999999999997, -0.8400000000000001, -1, 3.75025, -0.83935, -1.0001, -0.00935
29, 3.749999999999997, -0.8500000000000001, -1, 3.7502000000000004, -0.8491500000000001, -1.00005, -0.00936
30, 3.739999999999997, -0.8500000000000001, -1, 3.73965, -0.8504, -1.0001, -0.009345
30, 3.7299999999999973, -0.8500000000000001, -1, 3.7292, -0.8504, -1.0001, -0.009314
30, 3.7199999999999975, -0.8500000000000001, -1, 3.719, -0.8501000000000001, -1.00005, -0.009319
30, 3.7099999999999977, -0.8500000000000001, -1, 3.70935, -0.8499000000000001, -1.0, -0.009371
30, 3.699999999999998, -0.8500000000000001, -1, 3.6995500000000003, -0.8496, -1.0, -0.00936
30, 3.689999999999998, -0.8500000000000001, -1, 3.68925, -0.8496, -1.0, -0.00935
30, 3.6799999999999984, -0.8500000000000001, -1, 3.6805, -0.85025, -1.0, -0.009376
30, 3.6699999999999986, -0.8500000000000001, -1, 3.6698500000000003, -0.8504, -1.0, -0.009376
30, 3.659999999999999, -0.8500000000000001, -1, 3.6601500000000002, -0.8502000000000001, -0.99995, -0.009308
30, 3.649999999999999, -0.8500000000000001, -1, 3.6502000000000003, -0.8499500000000001, -0.9999000000000001, -0.009334
30, 3.6399999999999992, -0.8500000000000001, -1, 3.65055, -0.85, -0.9999000000000001, -0.009381
30, 3.6299999999999994, -0.8500000000000001, -1, 3.6501000000000006, -0.85, -0.9999000000000001, -0.00934
30, 3.6199999999999997, -0.8500000000000001, -1, 3.65, -0.85, -0.99995, -0.009314
30, 3.61, -0.8500000000000001, -1, 3.6502000000000003, -0.85, -0.99995, -0.009319
30, 3.6, -0.8500000000000001, -1, 3.65015, -0.85, -0.9999000000000001, -0.009387
30, 3.5900000000000003, -0.8500000000000001, -1, 3.65015, -0.8499500000000001, -0.9999000000000001, -0.009387
30, 3.5800000000000005, -0.8500000000000001, -1, 3.5823, -0.8496, -0.9999000000000001, -0.009314
30, 3.5700000000000007, -0.8500000000000001, -1, 3.57, -0.8496500000000001, -0.9999000000000001, -0.009366
30, 3.560000000000001, -0.8500000000000001, -1, 3.5605, -0.85035, -0.9999000000000001, -0.009334
30, 3.550000000000001, -0.8500000000000001, -1, 3.5507000000000004, -0.8504, -0.9999000000000001, -0.009314
30, 3.5400000000000014, -0.8500000000000001, -1, 3.5406000000000004, -0.85025, -0.9999000000000001, -0.009387
30, 3.5300000000000016, -0.8500000000000001, -1, 3.5301000000000005, -0.85, -0.99995, -0.009366
30, 3.520000000000002, -0.8500000000000001, -1, 3.5302000000000002, -0.85, -1.0, -0.009314
30, 3.510000000000002, -0.8500000000000001, -1, 3.52985, -0.85, -1.0, -0.009329
30, 3.500000000000002, -0.8500000000000001, -1, 3.53, -0.85, -0.99995, -0.009371
30, 3.4900000000000024, -0.8500000000000001, -1, 3.53005, -0.85, -0.99995, -0.009355
30, 3.4800000000000026, -0.8500000000000001, -1, 3.5301000000000005, -0.85, -1.0, -0.009319
30, 3.470000000000003, -0.8500000000000001, -1, 3.53005, -0.85, -1.0, -0.009371
30, 3.460000000000003, -0.8500000000000001, -1, 3.5301000000000005, -0.85, -1.0, -0.009376
30, 3.4500000000000033, -0.8500000000000001, -1, 3.53005, -0.85, -1.0, -0.009345
30, 3.4500000000000033, -0.8400000000000001, -1, 3.4510500000000004, -0.8406500000000001, -1.0, -0.009345
30, 3.4500000000000033, -0.8300000000000001, -1, 3.4493500000000004, -0.83025, -1.0, -0.009376
30, 3.4500000000000033, -0.8200000000000001, -1, 3.4494000000000002, -0.82025, -1.0, -0.009324
30, 3.4500000000000033, -0.81, -1, 3.4508, -0.8105500000000001, -1.0, -0.009319
30, 3.4500000000000033, -0.8, -1, 3.44965, -0.8001500000000001, -1.0, -0.009376
30, 3.4500000000000033, -0.79, -1, 3.4505, -0.7904500000000001, -1.00005, -0.009345
30, 3.4500000000000033, -0.78, -1, 3.4495500000000003, -0.7798, -1.0, -0.009319
30, 3.4500000000000033, -0.77, -1, 3.4495500000000003, -0.7700500000000001, -1.00005, -0.009381
30, 3.4500000000000033, -0.76, -1, 3.4497000000000004, -0.7598, -1.0, -0.009376
30, 3.4500000000000033, -0.75, -1, 3.4497000000000004, -0.7494500000000001, -1.0, -0.009314
30, 3.4500000000000033, -0.74, -1, 3.45005, -0.7403500000000001, -1.0, -0.009387
30, 3.4500000000000033, -0.73, -1, 3.45, -0.7403000000000001, -1.0, -0.009355
30, 3.4500000000000033, -0.72, -1, 3.45025, -0.7196500000000001, -1.0, -0.009366
30, 3.4500000000000033, -0.71, -1, 3.45025, -0.7096, -1.0, -0.009329
30, 3.4500000000000033, -0.7, -1, 3.4495500000000003, -0.6994000000000001, -1.0, -0.009334
30, 3.4500000000000033, -0.69, -1, 3.44975, -0.6899500000000001, -1.0, -0.009371
30, 3.4500000000000033, -0.6799999999999999, -1, 3.4496, -0.68, -1.0, -0.009314
30, 3.4500000000000033, -0.6699999999999999, -1, 3.4504500000000005, -0.6698500000000001, -1.0, -0.009371
30, 3.4500000000000033, -0.6599999999999999, -1, 3.4503500000000003, -0.65985, -1.0, -0.009387
30, 3.4500000000000033, -0.6499999999999999, -1, 3.4502, -0.6495500000000001, -1.0, -0.009319
30, 3.4500000000000033, -0.6399999999999999, -1, 3.4503000000000004, -0.63995, -1.0, -0.009314
30, 3.4500000000000033, -0.6299999999999999, -1, 3.4494000000000002, -0.6295, -1.0, -0.009371
30, 3.4500000000000033, -0.6199999999999999, -1, 3.4496, -0.6202000000000001, -1.00005, -0.009371
30, 3.4500000000000033, -0.6099999999999999, -1, 3.4503000000000004, -0.60995, -1.00005, -0.009371
30, 3.4500000000000033, -0.5999999999999999, -1, 3.4497000000000004, -0.5999, -1.00005, -0.009314
30, 3.4500000000000033, -0.5899999999999999, -1, 3.44965, -0.5907, -1.0001, -0.00935
30, 3.4500000000000033, -0.5799999999999998, -1, 3.4499, -0.5798000000000001, -1.00005, -0.009387
30, 3.4500000000000033, -0.5699999999999998, -1, 3.4508500000000004, -0.5706, -1.00005, -0.009381
30, 3.4500000000000033, -0.5599999999999998, -1, 3.4495500000000003, -0.56035, -1.0, -0.009308
30, 3.4500000000000033, -0.5499999999999998, -1, 3.4497000000000004, -0.54995, -0.99995, -0.009355
