0, 4, 3, -2, 3.99995, 3.00025, -2.00035, 0.040404
1, 4.1, 3, -2, 4.1035, 3.0002000000000004, -2.0005, 0.03715
1, 4.1, 2.9, -2, 4.101100000000001, 2.8995, -2.00025, 0.041697
2, 3.9999999999999996, 2.9, -2, 3.9973500000000004, 2.8998000000000004, -1.9999500000000001, 0.043491
2, 3.8999999999999995, 2.9, -2, 3.90205, 2.8996500000000003, -1.9999500000000001, 0.045144
2, 3.8999999999999995, 3.0, -2, 3.8994500000000003, 3.00025, -1.9998000000000002, 0.040492
2, 3.8999999999999995, 3.1, -2, 3.8983000000000003, 3.1029, -1.9998500000000001, 0.035017
3, 3.9999999999999996, 3.1, -2, 3.9975500000000004, 3.1003000000000003, -1.9998500000000001, 0.034464
3, 4.1, 3.1, -2, 4.1039, 3.1002, -1.9999, 0.030657
3, 4.199999999999999, 3.1, -2, 4.1995, 3.1001000000000003, -2.0001, 0.026929
3, 4.199999999999999, 3.0, -2, 4.20075, 2.9968500000000002, -2.00015, 0.031174
3, 4.199999999999999, 2.9, -2, 4.20075, 2.8995, -2.00015, 0.035596
3, 4.199999999999999, 2.8, -2, 4.19975, 2.8019000000000003, -2.0001, 0.039888
4, 4.1, 2.8, -2, 4.100350000000001, 2.8005500000000003, -2.0001, 0.043215
4, 3.9999999999999996, 2.8, -2, 3.9979500000000003, 2.8002000000000002, -2.0, 0.047371
4, 3.8999999999999995, 2.8, -2, 3.9009, 2.7990500000000003, -2.0, 0.049185
4, 3.7999999999999994, 2.8, -2, 3.80125, 2.7999, -1.9999500000000001, 0.051501
4, 3.7999999999999994, 2.9, -2, 3.8, 2.89835, -1.9999, 0.046573
4, 3.7999999999999994, 3.0, -2, 3.7999, 3.0004, -1.9999, 0.041389
4, 3.7999999999999994, 3.1, -2, 3.7993, 3.10225, -1.9999, 0.035909
4, 3.7999999999999994, 3.2, -2, 3.7997, 3.19825, -1.9999, 0.030407
5, 3.8999999999999995, 3.2, -2, 3.8982, 3.2004, -1.9999500000000001, 0.02889
5, 3.9999999999999996, 3.2, -2, 3.99805, 3.20025, -2.0, 0.026491
5, 4.1, 3.2, -2, 4.10375, 3.20005, -1.9999500000000001, 0.022768
5, 4.199999999999999, 3.2, -2, 4.199949999999999, 3.1993, -1.9999500000000001, 0.019774
5, 4.299999999999999, 3.2, -2, 4.29425, 3.1998500000000005, -2.0000500000000003, 0.016103
5, 4.299999999999999, 3.1, -2, 4.30045, 3.1015, -2.00015, 0.020118
5, 4.299999999999999, 3.0, -2, 4.3015, 2.99825, -2.0001, 0.024285
5, 4.299999999999999, 2.9, -2, 4.300050000000001, 2.89915, -2.0001, 0.028462
5, 4.299999999999999, 2.8, -2, 4.3, 2.8021000000000003, -2.0001, 0.032582
5, 4.299999999999999, 2.6999999999999997, -2, 4.300050000000001, 2.69865, -2.0, 0.036941
6, 4.199999999999999, 2.6999999999999997, -2, 4.204, 2.6998500000000005, -2.0, 0.041989
6, 4.1, 2.6999999999999997, -2, 4.10175, 2.7001000000000004, -2.0000500000000003, 0.046562
6, 3.9999999999999996, 2.6999999999999997, -2, 4.1017, 2.7001000000000004, -2.0000500000000003, 0.04724
6, 3.8999999999999995, 2.6999999999999997, -2, 3.89955, 2.7001000000000004, -1.9999500000000001, 0.052846
6, 3.7999999999999994, 2.6999999999999997, -2, 3.801, 2.70025, -1.9998500000000001, 0.054802
6, 3.6999999999999993, 2.6999999999999997, -2, 3.6976000000000004, 2.7001500000000003, -1.9998500000000001, 0.056236
6, 3.6999999999999993, 2.8, -2, 3.6998500000000005, 2.8024500000000003, -1.9998500000000001, 0.051683
6, 3.6999999999999993, 2.9, -2, 3.6997000000000004, 2.8971000000000005, -2.0, 0.046933
6, 3.6999999999999993, 3.0, -2, 3.6996, 3.00015, -2.0, 0.041426
6, 3.6999999999999993, 3.1, -2, 3.6996, 3.10265, -2.0, 0.035695
6, 3.6999999999999993, 3.2, -2, 3.6997000000000004, 3.19755, -2.0, 0.03035
6, 3.6999999999999993, 3.3000000000000003, -2, 3.6996, 3.30105, -2.0, 0.024838
7, 3.7999999999999994, 3.3000000000000003, -2, 3.80225, 3.3005, -2.0, 0.022429
7, 3.8999999999999995, 3.3000000000000003, -2, 3.8984, 3.30025, -2.0, 0.021287
7, 3.9999999999999996, 3.3000000000000003, -2, 3.9977000000000005, 3.3, -2.0000500000000003, 0.018956
7, 4.1, 3.3000000000000003, -2, 4.1036, 3.29925, -2.00015, 0.016286
7, 4.199999999999999, 3.3000000000000003, -2, 4.19965, 3.2999500000000004, -2.00015, 0.013292
7, 4.299999999999999, 3.3000000000000003, -2, 4.294449999999999, 3.30005, -2.00015, 0.010346
7, 4.399999999999999, 3.3000000000000003, -2, 4.40655, 3.30015, -2.0000500000000003, 0.006633
7, 4.399999999999999, 3.2, -2, 4.40055, 3.1986000000000003, -1.9998500000000001, 0.010111
7, 4.399999999999999, 3.1, -2, 4.400650000000001, 3.1019500000000004, -1.99975, 0.013647
7, 4.399999999999999, 3.0, -2, 4.4, 2.9984, -1.99975, 0.017365
7, 4.399999999999999, 2.9, -2, 4.39995, 2.89895, -1.9999, 0.020854
7, 4.399999999999999, 2.8, -2, 4.4002, 2.80155, -2.0001, 0.024775
7, 4.399999999999999, 2.6999999999999997, -2, 4.40045, 2.6993500000000004, -2.00015, 0.028785
7, 4.399999999999999, 2.5999999999999996, -2, 4.3997, 2.5993000000000004, -2.00015, 0.032749
8, 4.299999999999999, 2.5999999999999996, -2, 4.29455, 2.5993500000000003, -2.0002, 0.039178
8, 4.199999999999999, 2.5999999999999996, -2, 4.20355, 2.6003000000000003, -2.00015, 0.044935
8, 4.1, 2.5999999999999996, -2, 4.1015500000000005, 2.6004, -2.0, 0.049577
8, 3.9999999999999996, 2.5999999999999996, -2, 3.9975, 2.6, -1.9999500000000001, 0.054061
8, 3.8999999999999995, 2.5999999999999996, -2, 3.9969, 2.6002, -2.0, 0.054562
8, 3.7999999999999994, 2.5999999999999996, -2, 3.80315, 2.59975, -2.0, 0.057842
8, 3.6999999999999993, 2.5999999999999996, -2, 3.7004, 2.5994500000000005, -1.9999500000000001, 0.059584
8, 3.599999999999999, 2.5999999999999996, -2, 3.59995, 2.59995, -1.9998500000000001, 0.058718
8, 3.599999999999999, 2.6999999999999997, -2, 3.5991000000000004, 2.7007000000000003, -1.9998500000000001, 0.054869
8, 3.599999999999999, 2.8, -2, 3.60035, 2.8017000000000003, -1.9998500000000001, 0.049879
8, 3.599999999999999, 2.9, -2, 3.60005, 2.8985, -1.9999500000000001, 0.044539
8, 3.599999999999999, 3.0, -2, 3.59995, 2.99995, -2.00015, 0.039105
8, 3.599999999999999, 3.1, -2, 3.5989500000000003, 3.10225, -2.00025, 0.033442
8, 3.599999999999999, 3.2, -2, 3.5998, 3.1977, -2.00025, 0.02829
8, 3.599999999999999, 3.3000000000000003, -2, 3.5996000000000006, 3.3019000000000003, -2.0001, 0.02308
8, 3.599999999999999, 3.4000000000000004, -2, 3.59965, 3.40055, -1.9999500000000001, 0.018194
9, 3.6999999999999993, 3.4000000000000004, -2, 3.6989, 3.4004000000000003, -1.9998000000000002, 0.017104
9, 3.7999999999999994, 3.4000000000000004, -2, 3.80275, 3.40045, -1.9998000000000002, 0.015832
9, 3.8999999999999995, 3.4000000000000004, -2, 3.89865, 3.4005, -1.99975, 0.01384
9, 3.9999999999999996, 3.4000000000000004, -2, 3.9981000000000004, 3.3994, -1.9999, 0.012474
9, 4.1, 3.4000000000000004, -2, 4.1032, 3.3995, -2.0001, 0.009892
9, 4.199999999999999, 3.4000000000000004, -2, 4.199400000000001, 3.40045, -2.00025, 0.007222
9, 4.299999999999999, 3.4000000000000004, -2, 4.2951500000000005, 3.4004000000000003, -2.0002, 0.00485
9, 4.399999999999999, 3.4000000000000004, -2, 4.40535, 3.3996500000000003, -2.0001, 0.00194
9, 4.499999999999998, 3.4000000000000004, -2, 4.499350000000001, 3.3997, -1.9999500000000001, -0.000574
9, 4.499999999999998, 3.3000000000000003, -2, 4.50105, 3.2994, -1.9998500000000001, 0.002049
9, 4.499999999999998, 3.2, -2, 4.5005500000000005, 3.1978, -1.9998500000000001, 0.005006
9, 4.499999999999998, 3.1, -2, 4.50005, 3.1014500000000003, -1.9998000000000002, 0.008005
9, 4.499999999999998, 3.0, -2, 4.5, 2.9986, -1.9999, 0.011076
9, 4.499999999999998, 2.9, -2, 4.49995, 2.8992000000000004, -2.0, 0.014549
9, 4.499999999999998, 2.8, -2, 4.500100000000001, 2.8017000000000003, -2.0, 0.017714
9, 4.499999999999998, 2.6999999999999997, -2, 4.49985, 2.8018, -2.0000500000000003, 0.017876
9, 4.499999999999998, 2.5999999999999996, -2, 4.50005, 2.5991000000000004, -2.0, 0.025052
9, 4.499999999999998, 2.4999999999999996, -2, 4.50035, 2.59905, -2.0000500000000003, 0.025078
10, 4.399999999999999, 2.4999999999999996, -2, 4.4028, 2.49965, -2.0, 0.034756
10, 4.299999999999999, 2.4999999999999996, -2, 4.29395, 2.4995, -2.0, 0.041932
10, 4.199999999999999, 2.4999999999999996, -2, 4.2032, 2.49975, -2.0000500000000003, 0.047246
10, 4.1, 2.4999999999999996, -2, 4.1019000000000005, 2.4997000000000003, -2.0001, 0.05222
10, 3.9999999999999996, 2.4999999999999996, -2, 3.99725, 2.50015, -2.00015, 0.056679
10, 3.8999999999999995, 2.4999999999999996, -2, 3.90105, 2.5008500000000002, -2.0001, 0.058937
10, 3.7999999999999994, 2.4999999999999996, -2, 3.80155, 2.4998500000000003, -2.00015, 0.060971
10, 3.6999999999999993, 2.4999999999999996, -2, 3.6981, 2.4997000000000003, -2.0000500000000003, 0.061909
10, 3.599999999999999, 2.4999999999999996, -2, 3.6002, 2.49975, -1.9998500000000001, 0.061346
10, 3.499999999999999, 2.4999999999999996, -2, 3.50365, 2.5000500000000003, -1.9998000000000002, 0.06059
10, 3.499999999999999, 2.5999999999999996, -2, 3.49955, 2.6009, -1.99975, 0.057007
10, 3.499999999999999, 2.6999999999999997, -2, 3.49975, 2.70025, -1.9999, 0.052392
10, 3.499999999999999, 2.8, -2, 3.49925, 2.8008, -2.0001, 0.047016
10, 3.499999999999999, 2.9, -2, 3.5, 2.89875, -2.0002, 0.042078
10, 3.499999999999999, 3.0, -2, 3.49975, 3.00015, -2.0002, 0.036263
10, 3.499999999999999, 3.1, -2, 3.4998, 3.1023500000000004, -2.0002, 0.031028
10, 3.499999999999999, 3.2, -2, 3.4994, 3.19775, -2.0001, 0.026084
10, 3.499999999999999, 3.3000000000000003, -2, 3.50015, 3.3019000000000003, -2.0000500000000003, 0.020937
10, 3.499999999999999, 3.4000000000000004, -2, 3.50015, 3.4003, -1.9999, 0.015837
10, 3.499999999999999, 3.5000000000000004, -2, 3.5004, 3.49745, -1.9998500000000001, 0.011295
11, 3.599999999999999, 3.5000000000000004, -2, 3.59655, 3.49995, -1.9998000000000002, 0.010372
11, 3.6999999999999993, 3.5000000000000004, -2, 3.6974, 3.5000500000000003, -1.9998500000000001, 0.009694
11, 3.7999999999999994, 3.5000000000000004, -2, 3.80415, 3.5, -1.9999, 0.00886
11, 3.8999999999999995, 3.5000000000000004, -2, 3.8037, 3.50015, -1.9998500000000001, 0.008385
11, 3.9999999999999996, 3.5000000000000004, -2, 3.9965, 3.50015, -2.0000500000000003, 0.00595
11, 4.1, 3.5000000000000004, -2, 4.1025, 3.5000500000000003, -2.0002, 0.003775
11, 4.199999999999999, 3.5000000000000004, -2, 4.199400000000001, 3.5001, -2.0002, 0.001398
11, 4.299999999999999, 3.5000000000000004, -2, 4.2946, 3.5001, -2.0002, -0.000626
11, 4.399999999999999, 3.5000000000000004, -2, 4.40535, 3.5, -2.0001, -0.002816
11, 4.499999999999998, 3.5000000000000004, -2, 4.4065, 3.4999000000000002, -2.0001, -0.002832
11, 4.599999999999998, 3.5000000000000004, -2, 4.59185, 3.5, -1.9999500000000001, -0.005955
11, 4.599999999999998, 3.4000000000000004, -2, 4.60105, 3.4024500000000004, -1.9998500000000001, -0.004203
11, 4.599999999999998, 3.3000000000000003, -2, 4.60075, 3.29975, -1.9998500000000001, -0.002143
11, 4.599999999999998, 3.2, -2, 4.60055, 3.1978, -1.9998500000000001, 0.00024
11, 4.599999999999998, 3.1, -2, 4.600350000000001, 3.1025500000000004, -1.9999, 0.002566
11, 4.599999999999998, 3.0, -2, 4.6001, 2.9979500000000003, -2.0, 0.00522
11, 4.599999999999998, 2.9, -2, 4.59985, 2.8992000000000004, -2.0000500000000003, 0.008098
11, 4.599999999999998, 2.8, -2, 4.600350000000001, 2.8018, -2.0001, 0.010857
11, 4.599999999999998, 2.6999999999999997, -2, 4.60005, 2.6991000000000005, -2.0001, 0.014059
11, 4.599999999999998, 2.5999999999999996, -2, 4.60005, 2.69915, -2.0001, 0.014075
11, 4.599999999999998, 2.4999999999999996, -2, 4.600350000000001, 2.5, -2.0000500000000003, 0.020353
11, 4.599999999999998, 2.3999999999999995, -2, 4.6, 2.3998000000000004, -2.0001, 0.023346
12, 4.499999999999998, 2.3999999999999995, -2, 4.50365, 2.39955, -2.0000500000000003, 0.029792
12, 4.399999999999999, 2.3999999999999995, -2, 4.4037, 2.3998000000000004, -2.0000500000000003, 0.036644
12, 4.299999999999999, 2.3999999999999995, -2, 4.29415, 2.4, -1.9999500000000001, 0.044138
12, 4.199999999999999, 2.3999999999999995, -2, 4.2938, 2.4001, -2.0, 0.044226
12, 4.1, 2.3999999999999995, -2, 4.105449999999999, 2.4001, -1.9999500000000001, 0.054713
12, 3.9999999999999996, 2.3999999999999995, -2, 3.9973500000000004, 2.40025, -1.9998500000000001, 0.059818
12, 3.8999999999999995, 2.3999999999999995, -2, 3.9012000000000002, 2.4001, -1.9999, 0.062008
12, 3.7999999999999994, 2.3999999999999995, -2, 3.802, 2.39975, -1.9999, 0.063724
12, 3.6999999999999993, 2.3999999999999995, -2, 3.698, 2.3999, -1.9999, 0.064574
12, 3.599999999999999, 2.3999999999999995, -2, 3.60005, 2.3999500000000005, -1.9999500000000001, 0.064037
12, 3.499999999999999, 2.3999999999999995, -2, 3.5042000000000004, 2.3999500000000005, -2.0000500000000003, 0.063469
12, 3.399999999999999, 2.3999999999999995, -2, 3.5036000000000005, 2.4001, -2.0000500000000003, 0.063745
12, 3.399999999999999, 2.4999999999999996, -2, 3.3966000000000003, 2.5031000000000003, -2.00015, 0.057169
12, 3.399999999999999, 2.5999999999999996, -2, 3.39835, 2.5977, -2.00015, 0.053561
12, 3.399999999999999, 2.6999999999999997, -2, 3.39925, 2.7004500000000005, -2.00015, 0.048575
12, 3.399999999999999, 2.8, -2, 3.40045, 2.8012, -2.0000500000000003, 0.043475
12, 3.399999999999999, 2.9, -2, 3.4001000000000006, 2.89865, -1.9999500000000001, 0.038292
12, 3.399999999999999, 3.0, -2, 3.3998500000000003, 2.9994500000000004, -1.9998500000000001, 0.033009
12, 3.399999999999999, 3.1, -2, 3.4003500000000004, 2.99935, -1.9998500000000001, 0.033056
12, 3.399999999999999, 3.2, -2, 3.3988, 3.2008, -1.9998500000000001, 0.022741
12, 3.399999999999999, 3.3000000000000003, -2, 3.39955, 3.3008, -1.9999, 0.018048
12, 3.399999999999999, 3.4000000000000004, -2, 3.3996000000000004, 3.4012000000000002, -1.9999500000000001, 0.013652
12, 3.399999999999999, 3.5000000000000004, -2, 3.3998000000000004, 3.49765, -2.0000500000000003, 0.00922
12, 3.399999999999999, 3.6000000000000005, -2, 3.3999, 3.60215, -2.00015, 0.00485
13, 3.499999999999999, 3.6000000000000005, -2, 3.5043500000000005, 3.6013, -2.00015, 0.003948
13, 3.599999999999999, 3.6000000000000005, -2, 3.5973, 3.5998, -2.00015, 0.003875
13, 3.6999999999999993, 3.6000000000000005, -2, 3.6970500000000004, 3.5989500000000003, -2.0, 0.00327
13, 3.7999999999999994, 3.6000000000000005, -2, 3.8042000000000002, 3.5999, -2.0, 0.002733
13, 3.8999999999999995, 3.6000000000000005, -2, 3.89775, 3.6002, -2.0, 0.001345
13, 3.9999999999999996, 3.6000000000000005, -2, 3.9979500000000003, 3.6002, -2.0, 0.000141
13, 4.1, 3.6000000000000005, -2, 4.103400000000001, 3.60015, -2.0, -0.001491
13, 4.199999999999999, 3.6000000000000005, -2, 4.19975, 3.6001000000000003, -2.0, -0.003045
13, 4.299999999999999, 3.6000000000000005, -2, 4.29495, 3.60005, -2.0, -0.004417
13, 4.399999999999999, 3.6000000000000005, -2, 4.405600000000001, 3.6, -2.0, -0.006127
13, 4.499999999999998, 3.6000000000000005, -2, 4.406350000000001, 3.60005, -2.0, -0.0062
13, 4.599999999999998, 3.6000000000000005, -2, 4.59295, 3.60005, -2.0, -0.007999
13, 4.6999999999999975, 3.6000000000000005, -2, 4.59305, 3.59995, -2.0, -0.007973
13, 4.6999999999999975, 3.5000000000000004, -2, 4.70955, 3.4968000000000004, -1.9998500000000001, -0.007942
13, 4.6999999999999975, 3.4000000000000004, -2, 4.700900000000001, 3.4013, -1.9998000000000002, -0.007139
13, 4.6999999999999975, 3.3000000000000003, -2, 4.70065, 3.3011500000000003, -1.9998000000000002, -0.00571
13, 4.6999999999999975, 3.2, -2, 4.69955, 3.1965, -1.9999, -0.004031
13, 4.6999999999999975, 3.1, -2, 4.70005, 3.1026000000000002, -2.0000500000000003, -0.002154
13, 4.6999999999999975, 3.0, -2, 4.70025, 2.9985500000000003, -2.0001, -4.2e-05
13, 4.6999999999999975, 2.9, -2, 4.70025, 2.8990500000000003, -2.0001, 0.002294
13, 4.6999999999999975, 2.8, -2, 4.70025, 2.8018, -2.0001, 0.004923
13, 4.6999999999999975, 2.6999999999999997, -2, 4.7001, 2.69885, -2.0001, 0.007812
13, 4.6999999999999975, 2.5999999999999996, -2, 4.7003, 2.5992, -2.0001, 0.010633
13, 4.6999999999999975, 2.4999999999999996, -2, 4.700150000000001, 2.4998500000000003, -2.0, 0.013501
13, 4.6999999999999975, 2.3999999999999995, -2, 4.700150000000001, 2.4011, -1.9999500000000001, 0.016051
13, 4.6999999999999975, 2.2999999999999994, -2, 4.7002, 2.29835, -1.9998500000000001, 0.018804
14, 4.599999999999998, 2.2999999999999994, -2, 4.591, 2.29945, -1.9998500000000001, 0.025714
14, 4.499999999999998, 2.2999999999999994, -2, 4.5036000000000005, 2.29955, -1.9999, 0.031841
14, 4.399999999999999, 2.2999999999999994, -2, 4.4033, 2.3005999999999998, -1.9999500000000001, 0.039236
14, 4.299999999999999, 2.2999999999999994, -2, 4.29365, 2.3007000000000004, -2.0000500000000003, 0.046714
14, 4.199999999999999, 2.2999999999999994, -2, 4.2036999999999995, 2.29955, -2.00015, 0.0527
14, 4.1, 2.2999999999999994, -2, 4.1013, 2.2996, -2.00015, 0.058629
14, 3.9999999999999996, 2.2999999999999994, -2, 3.9979500000000003, 2.2999, -2.0001, 0.063229
14, 3.8999999999999995, 2.2999999999999994, -2, 3.90165, 2.3003, -2.0000500000000003, 0.065695
14, 3.7999999999999994, 2.2999999999999994, -2, 3.8013000000000003, 2.3005, -2.0, 0.066832
14, 3.6999999999999993, 2.2999999999999994, -2, 3.69865, 2.2997, -2.0, 0.067552
14, 3.599999999999999, 2.2999999999999994, -2, 3.5998, 2.29965, -2.0, 0.067009
14, 3.499999999999999, 2.2999999999999994, -2, 3.5026, 2.3002000000000002, -2.0, 0.066582
14, 3.399999999999999, 2.2999999999999994, -2, 3.3976, 2.30025, -2.0, 0.064877
14, 3.299999999999999, 2.2999999999999994, -2, 3.29985, 2.3003, -2.0, 0.061565
14, 3.299999999999999, 2.3999999999999995, -2, 3.29925, 2.4011, -2.0000500000000003, 0.058436
14, 3.299999999999999, 2.4999999999999996, -2, 3.29915, 2.5009500000000005, -1.9999500000000001, 0.054426
14, 3.299999999999999, 2.5999999999999996, -2, 3.29985, 2.59975, -1.9998000000000002, 0.05014
14, 3.299999999999999, 2.6999999999999997, -2, 3.3002000000000002, 2.59965, -1.9998000000000002, 0.050296
14, 3.299999999999999, 2.8, -2, 3.29965, 2.80075, -1.9998500000000001, 0.040565
14, 3.299999999999999, 2.9, -2, 3.3002000000000002, 2.89865, -1.9998500000000001, 0.035497
14, 3.299999999999999, 3.0, -2, 3.29965, 3.0001, -2.0, 0.029922
14, 3.299999999999999, 3.1, -2, 3.2993500000000004, 3.1033500000000003, -2.0, 0.024645
14, 3.299999999999999, 3.2, -2, 3.29985, 3.1974500000000003, -2.0000500000000003, 0.020103
14, 3.299999999999999, 3.3000000000000003, -2, 3.2998000000000003, 3.30065, -2.0, 0.015462
14, 3.299999999999999, 3.4000000000000004, -2, 3.29965, 3.4017000000000004, -2.0, 0.010654
14, 3.299999999999999, 3.5000000000000004, -2, 3.3005, 3.49765, -2.0, 0.006492
14, 3.299999999999999, 3.6000000000000005, -2, 3.29985, 3.6019, -2.0, 0.00218
14, 3.299999999999999, 3.7000000000000006, -2, 3.29955, 3.69975, -2.0, -0.001189
15, 3.399999999999999, 3.7000000000000006, -2, 3.3982, 3.69965, -2.0, -0.001679
15, 3.499999999999999, 3.7000000000000006, -2, 3.50545, 3.69975, -2.0, -0.001684
15, 3.599999999999999, 3.7000000000000006, -2, 3.59755, 3.6999500000000003, -1.9999500000000001, -0.00207
15, 3.6999999999999993, 3.7000000000000006, -2, 3.6971000000000003, 3.6999500000000003, -2.0, -0.001971
15, 3.7999999999999994, 3.7000000000000006, -2, 3.8033500000000005, 3.6999500000000003, -2.0, -0.0028
15, 3.8999999999999995, 3.7000000000000006, -2, 3.8033, 3.70005, -1.9999500000000001, -0.002983
15, 3.9999999999999996, 3.7000000000000006, -2, 3.9960500000000003, 3.7002, -2.0001, -0.004453
15, 4.1, 3.7000000000000006, -2, 4.1030500000000005, 3.7002, -2.0002, -0.00583
15, 4.199999999999999, 3.7000000000000006, -2, 4.2006000000000006, 3.7001000000000004, -2.0002, -0.006701
15, 4.299999999999999, 3.7000000000000006, -2, 4.29455, 3.7001000000000004, -2.0002, -0.007452
15, 4.399999999999999, 3.7000000000000006, -2, 4.4058, 3.6999500000000003, -2.00015, -0.008192
15, 4.499999999999998, 3.7000000000000006, -2, 4.49915, 3.6999500000000003, -1.9999, -0.008537
15, 4.599999999999998, 3.7000000000000006, -2, 4.5939499999999995, 3.6999500000000003, -1.99975, -0.008813
15, 4.6999999999999975, 3.7000000000000006, -2, 4.594600000000001, 3.7, -1.99975, -0.008802
15, 4.799999999999997, 3.7000000000000006, -2, 4.80525, 3.70005, -1.9998000000000002, -0.009063
15, 4.799999999999997, 3.6000000000000005, -2, 4.800650000000001, 3.6018000000000003, -1.9998500000000001, -0.00899
15, 4.799999999999997, 3.5000000000000004, -2, 4.7997, 3.4969500000000004, -2.0000500000000003, -0.008792
15, 4.799999999999997, 3.4000000000000004, -2, 4.79985, 3.4015500000000003, -2.0002, -0.008583
15, 4.799999999999997, 3.3000000000000003, -2, 4.79995, 3.3013500000000002, -2.00015, -0.008109
15, 4.799999999999997, 3.2, -2, 4.8007, 3.19625, -2.00015, -0.007394
15, 4.799999999999997, 3.1, -2, 4.80015, 3.1028000000000002, -2.0001, -0.006284
15, 4.799999999999997, 3.0, -2, 4.799600000000001, 2.99865, -1.9999, -0.00474
15, 4.799999999999997, 2.9, -2, 4.8003, 2.8991000000000002, -1.9998000000000002, -0.002753
15, 4.799999999999997, 2.8, -2, 4.80055, 2.8016000000000005, -1.9998000000000002, -0.000626
15, 4.799999999999997, 2.6999999999999997, -2, 4.799600000000001, 2.69885, -1.9998000000000002, 0.001742
15, 4.799999999999997, 2.5999999999999996, -2, 4.8, 2.5993000000000004, -1.9999, 0.003974
15, 4.799999999999997, 2.4999999999999996, -2, 4.799900000000001, 2.5, -2.0, 0.006451
15, 4.799999999999997, 2.3999999999999995, -2, 4.80025, 2.4008499999999997, -2.0, 0.00861
15, 4.799999999999997, 2.2999999999999994, -2, 4.800350000000001, 2.29835, -2.0, 0.011045
15, 4.799999999999997, 2.1999999999999993, -2, 4.800650000000001, 2.20065, -2.0, 0.012969
16, 4.6999999999999975, 2.1999999999999993, -2, 4.7016, 2.2005, -2.0, 0.019733
16, 4.599999999999998, 2.1999999999999993, -2, 4.5935500000000005, 2.1991, -2.0, 0.027357
16, 4.499999999999998, 2.1999999999999993, -2, 4.50305, 2.19945, -2.0, 0.03437
16, 4.399999999999999, 2.1999999999999993, -2, 4.403449999999999, 2.2004, -2.0, 0.041749
16, 4.299999999999999, 2.1999999999999993, -2, 4.294650000000001, 2.2003000000000004, -2.0001, 0.049425
16, 4.199999999999999, 2.1999999999999993, -2, 4.202850000000001, 2.2003000000000004, -2.00015, 0.055568
16, 4.1, 2.1999999999999993, -2, 4.1016, 2.1995500000000003, -2.00015, 0.06156
16, 3.9999999999999996, 2.1999999999999993, -2, 3.9975500000000004, 2.1995500000000003, -2.0001, 0.065904
16, 3.8999999999999995, 2.1999999999999993, -2, 3.9013, 2.2004, -2.0, 0.068162
16, 3.7999999999999994, 2.1999999999999993, -2, 3.8009500000000003, 2.2003000000000004, -2.0, 0.069419
16, 3.6999999999999993, 2.1999999999999993, -2, 3.69915, 2.2001500000000003, -2.0, 0.070253
16, 3.599999999999999, 2.1999999999999993, -2, 3.6003000000000003, 2.1995, -2.0000500000000003, 0.069773
16, 3.499999999999999, 2.1999999999999993, -2, 3.5028500000000005, 2.1995999999999998, -1.9999500000000001, 0.069366
16, 3.399999999999999, 2.1999999999999993, -2, 3.39715, 2.2004500000000005, -1.9998000000000002, 0.06776
16, 3.299999999999999, 2.1999999999999993, -2, 3.2999, 2.2004500000000005, -1.9998500000000001, 0.064616
16, 3.199999999999999, 2.1999999999999993, -2, 3.2027, 2.2, -1.9998500000000001, 0.059954
16, 3.199999999999999, 2.2999999999999994, -2, 3.2, 2.29855, -1.9999, 0.056997
16, 3.199999999999999, 2.3999999999999995, -2, 3.2005500000000002, 2.2985, -1.9999500000000001, 0.057154
16, 3.199999999999999, 2.4999999999999996, -2, 3.1992000000000003, 2.50215, -2.0001, 0.049248
16, 3.199999999999999, 2.5999999999999996, -2, 3.1998, 2.5999, -2.0002, 0.045227
16, 3.199999999999999, 2.6999999999999997, -2, 3.1989, 2.7003500000000003, -2.00025, 0.040435
16, 3.199999999999999, 2.8, -2, 3.2005, 2.80025, -2.0002, 0.035919
16, 3.199999999999999, 2.9, -2, 3.1999500000000003, 2.8989000000000003, -2.0000500000000003, 0.031064
16, 3.199999999999999, 3.0, -2, 3.1998500000000005, 3.00015, -1.9998500000000001, 0.025823
16, 3.199999999999999, 3.1, -2, 3.1999500000000003, 3.1022000000000003, -1.9998000000000002, 0.020895
16, 3.199999999999999, 3.2, -2, 3.1996, 3.1978, -1.9998000000000002, 0.016421
16, 3.199999999999999, 3.3000000000000003, -2, 3.20025, 3.3016000000000005, -1.9998000000000002, 0.011832
16, 3.199999999999999, 3.4000000000000004, -2, 3.1997000000000004, 3.4006000000000003, -2.0, 0.007389
16, 3.199999999999999, 3.5000000000000004, -2, 3.2001500000000003, 3.4005, -1.9999500000000001, 0.007243
16, 3.199999999999999, 3.6000000000000005, -2, 3.1994000000000002, 3.60035, -2.00015, -6.8e-05
16, 3.199999999999999, 3.7000000000000006, -2, 3.1993500000000004, 3.6995, -2.0002, -0.003541
16, 3.199999999999999, 3.8000000000000007, -2, 3.1994000000000002, 3.7989, -2.00025, -0.005893
17, 3.299999999999999, 3.8000000000000007, -2, 3.2983500000000006, 3.7995, -2.0000500000000003, -0.0062
17, 3.399999999999999, 3.8000000000000007, -2, 3.3965, 3.8003, -1.9998500000000001, -0.006122
17, 3.499999999999999, 3.8000000000000007, -2, 3.506, 3.8003, -1.99975, -0.006352
17, 3.599999999999999, 3.8000000000000007, -2, 3.59785, 3.79955, -1.9998000000000002, -0.006179
17, 3.6999999999999993, 3.8000000000000007, -2, 3.6968500000000004, 3.79975, -1.9998500000000001, -0.006644
17, 3.7999999999999994, 3.8000000000000007, -2, 3.80345, 3.79985, -2.0000500000000003, -0.007181
17, 3.8999999999999995, 3.8000000000000007, -2, 3.89825, 3.80015, -2.0002, -0.007541
17, 3.9999999999999996, 3.8000000000000007, -2, 3.9979500000000003, 3.80015, -2.0002, -0.007869
17, 4.1, 3.8000000000000007, -2, 4.1033, 3.80015, -2.0002, -0.008323
17, 4.199999999999999, 3.8000000000000007, -2, 4.200150000000001, 3.7999500000000004, -2.00015, -0.008505
17, 4.299999999999999, 3.8000000000000007, -2, 4.2946, 3.7997, -1.9999500000000001, -0.008714
17, 4.399999999999999, 3.8000000000000007, -2, 4.40585, 3.7998000000000003, -1.99975, -0.008917
17, 4.499999999999998, 3.8000000000000007, -2, 4.499, 3.80005, -1.99975, -0.008943
17, 4.599999999999998, 3.8000000000000007, -2, 4.594600000000001, 3.80015, -1.9998000000000002, -0.009063
17, 4.6999999999999975, 3.8000000000000007, -2, 4.70895, 3.80015, -2.0000500000000003, -0.009048
17, 4.799999999999997, 3.8000000000000007, -2, 4.7972, 3.80005, -2.0002, -0.009131
17, 4.899999999999997, 3.8000000000000007, -2, 4.89595, 3.79975, -2.0002, -0.009095
17, 4.899999999999997, 3.7000000000000006, -2, 4.900600000000001, 3.70075, -2.0002, -0.009131
17, 4.899999999999997, 3.6000000000000005, -2, 4.90075, 3.6015, -2.0001, -0.009063
17, 4.899999999999997, 3.5000000000000004, -2, 4.8997, 3.49675, -1.9999, -0.009068
17, 4.899999999999997, 3.4000000000000004, -2, 4.900150000000001, 3.40265, -1.9998000000000002, -0.008943
17, 4.899999999999997, 3.3000000000000003, -2, 4.899850000000001, 3.2999500000000004, -1.9998000000000002, -0.008886
17, 4.899999999999997, 3.2, -2, 4.90075, 3.19765, -1.9998000000000002, -0.008656
17, 4.899999999999997, 3.1, -2, 4.90045, 3.1026000000000002, -1.9999, -0.008307
17, 4.899999999999997, 3.0, -2, 4.90055, 2.9975, -2.0, -0.007676
17, 4.899999999999997, 2.9, -2, 4.90025, 2.8994, -2.0001, -0.006628
17, 4.899999999999997, 2.8, -2, 4.90045, 2.80195, -2.00015, -0.005272
17, 4.899999999999997, 2.6999999999999997, -2, 4.89975, 2.69885, -2.0001, -0.003515
17, 4.899999999999997, 2.5999999999999996, -2, 4.8997, 2.5994, -2.0001, -0.001601
17, 4.899999999999997, 2.4999999999999996, -2, 4.90005, 2.49995, -2.0001, 0.000276
17, 4.899999999999997, 2.3999999999999995, -2, 4.89975, 2.4011, -1.9999500000000001, 0.002159
17, 4.899999999999997, 2.2999999999999994, -2, 4.900150000000001, 2.29795, -1.9999, 0.004313
17, 4.899999999999997, 2.1999999999999993, -2, 4.901, 2.20065, -1.9998500000000001, 0.005663
17, 4.899999999999997, 2.099999999999999, -2, 4.8998, 2.10155, -1.9998500000000001, 0.007509
18, 4.799999999999997, 2.099999999999999, -2, 4.80255, 2.1, -1.9999, 0.013783
18, 4.6999999999999975, 2.099999999999999, -2, 4.7029499999999995, 2.0999, -2.0, 0.020666
18, 4.599999999999998, 2.099999999999999, -2, 4.5926, 2.0997000000000003, -2.0, 0.028848
18, 4.499999999999998, 2.099999999999999, -2, 4.5033, 2.0997000000000003, -2.0000500000000003, 0.03594
18, 4.399999999999999, 2.099999999999999, -2, 4.40315, 2.1, -2.0001, 0.043444
18, 4.299999999999999, 2.099999999999999, -2, 4.4035, 2.09995, -2.0001, 0.043679
18, 4.199999999999999, 2.099999999999999, -2, 4.198, 2.10005, -2.00015, 0.058572
18, 4.1, 2.099999999999999, -2, 4.1975, 2.1, -2.00015, 0.059161
18, 3.9999999999999996, 2.099999999999999, -2, 4.1976, 2.1, -2.00015, 0.05913
18, 3.8999999999999995, 2.099999999999999, -2, 4.197550000000001, 2.1, -2.00015, 0.059093
18, 3.7999999999999994, 2.099999999999999, -2, 4.1976, 2.1, -2.00015, 0.059182
18, 3.6999999999999993, 2.099999999999999, -2, 4.197550000000001, 2.1, -2.0001, 0.059161
18, 3.599999999999999, 2.099999999999999, -2, 4.1976, 2.1, -2.00015, 0.059151
18, 3.499999999999999, 2.099999999999999, -2, 4.1976, 2.1, -2.00015, 0.059234
18, 3.399999999999999, 2.099999999999999, -2, 4.1976, 2.1, -2.00015, 0.05914
18, 3.299999999999999, 2.099999999999999, -2, 4.197550000000001, 2.1, -2.00015, 0.059224
18, 3.199999999999999, 2.099999999999999, -2, 4.197550000000001, 2.09995, -2.00015, 0.059198
18, 3.0999999999999988, 2.099999999999999, -2, 3.1010500000000003, 2.09995, -2.00015, 0.056815
18, 3.0999999999999988, 2.1999999999999993, -2, 3.09995, 2.20175, -2.00015, 0.054265
18, 3.0999999999999988, 2.2999999999999994, -2, 3.0992, 2.29565, -1.9999500000000001, 0.051031
18, 3.0999999999999988, 2.3999999999999995, -2, 3.0992, 2.4024500000000004, -1.9998000000000002, 0.047131
18, 3.0999999999999988, 2.4999999999999996, -2, 3.0994500000000005, 2.5008000000000004, -1.9998500000000001, 0.0436
18, 3.0999999999999988, 2.5999999999999996, -2, 3.0994500000000005, 2.5999, -1.9998500000000001, 0.039679
18, 3.0999999999999988, 2.6999999999999997, -2, 3.1010500000000003, 2.6996, -1.9999500000000001, 0.035335
18, 3.0999999999999988, 2.8, -2, 3.0994, 2.80195, -2.0001, 0.030272
18, 3.0999999999999988, 2.9, -2, 3.0994500000000005, 2.89875, -2.0002, 0.025933
18, 3.0999999999999988, 3.0, -2, 3.0998500000000004, 2.99875, -2.0002, 0.021417
18, 3.0999999999999988, 3.1, -2, 3.1004500000000004, 2.9986, -2.0002, 0.021469
18, 3.0999999999999988, 3.2, -2, 3.10035, 3.2008500000000004, -2.0002, 0.012234
18, 3.0999999999999988, 3.3000000000000003, -2, 3.09905, 3.3013000000000003, -2.0001, 0.00802
18, 3.0999999999999988, 3.4000000000000004, -2, 3.0996000000000006, 3.4008000000000003, -2.0, 0.003994
18, 3.0999999999999988, 3.5000000000000004, -2, 3.09975, 3.498, -2.0, 0.000548
18, 3.0999999999999988, 3.6000000000000005, -2, 3.09965, 3.60185, -2.0000500000000003, -0.002816
18, 3.0999999999999988, 3.7000000000000006, -2, 3.0999, 3.6999, -1.9999500000000001, -0.00534
18, 3.0999999999999988, 3.8000000000000007, -2, 3.0998, 3.7989500000000005, -1.9998500000000001, -0.007248
18, 3.0999999999999988, 3.900000000000001, -2, 3.0995500000000002, 3.9015, -1.9998000000000002, -0.00837
19, 3.199999999999999, 3.900000000000001, -2, 3.2052000000000005, 3.9000500000000002, -1.9998000000000002, -0.008453
19, 3.299999999999999, 3.900000000000001, -2, 3.2968, 3.9, -1.9999, -0.008464
19, 3.399999999999999, 3.900000000000001, -2, 3.3969, 3.8999, -2.0, -0.008406
19, 3.499999999999999, 3.900000000000001, -2, 3.5063500000000003, 3.9, -2.0, -0.008484
19, 3.599999999999999, 3.900000000000001, -2, 3.5972000000000004, 3.9000500000000002, -2.0000500000000003, -0.0085
19, 3.6999999999999993, 3.900000000000001, -2, 3.6974, 3.8999500000000005, -2.0001, -0.008615
19, 3.7999999999999994, 3.900000000000001, -2, 3.8038000000000003, 3.9000500000000002, -2.0001, -0.008677
19, 3.8999999999999995, 3.900000000000001, -2, 3.898, 3.9000500000000002, -2.0001, -0.008818
19, 3.9999999999999996, 3.900000000000001, -2, 3.99805, 3.9, -2.0001, -0.008839
19, 4.1, 3.900000000000001, -2, 4.10345, 3.9001000000000006, -2.0000500000000003, -0.008985
19, 4.199999999999999, 3.900000000000001, -2, 4.19915, 3.9000500000000002, -2.0000500000000003, -0.008995
19, 4.299999999999999, 3.900000000000001, -2, 4.2957, 3.8999500000000005, -1.9999500000000001, -0.009048
19, 4.399999999999999, 3.900000000000001, -2, 4.2956, 3.9000500000000002, -1.9999500000000001, -0.009074
19, 4.499999999999998, 3.900000000000001, -2, 4.5041, 3.9, -1.9998500000000001, -0.009105
19, 4.599999999999998, 3.900000000000001, -2, 4.595, 3.8999, -1.9998500000000001, -0.009131
19, 4.6999999999999975, 3.900000000000001, -2, 4.70805, 3.8993500000000005, -1.9998500000000001, -0.009079
19, 4.799999999999997, 3.900000000000001, -2, 4.798100000000001, 3.8999500000000005, -1.9999500000000001, -0.009152
19, 4.899999999999997, 3.900000000000001, -2, 4.8956, 3.9, -2.0000500000000003, -0.009131
19, 4.9999999999999964, 3.900000000000001, -2, 4.896, 3.8999500000000005, -2.0000500000000003, -0.009157
19, 4.9999999999999964, 3.8000000000000007, -2, 5.00505, 3.7995, -2.0002, -0.0091
19, 4.9999999999999964, 3.7000000000000006, -2, 5.0009500000000005, 3.69925, -2.00015, -0.009147
19, 4.9999999999999964, 3.6000000000000005, -2, 5.0011, 3.6016500000000002, -2.00015, -0.009079
19, 4.9999999999999964, 3.5000000000000004, -2, 4.999700000000001, 3.4968500000000002, -2.0000500000000003, -0.009136
19, 4.9999999999999964, 3.4000000000000004, -2, 4.9999, 3.40255, -1.9999, -0.009079
19, 4.9999999999999964, 3.3000000000000003, -2, 5.0002, 3.2999500000000004, -1.9998000000000002, -0.009016
19, 4.9999999999999964, 3.2, -2, 5.0002, 3.1978, -1.9998000000000002, -0.00898
19, 4.9999999999999964, 3.1, -2, 4.99985, 3.1026000000000002, -1.9998000000000002, -0.008865
19, 4.9999999999999964, 3.0, -2, 5.0008, 2.9973500000000004, -1.9999, -0.008782
19, 4.9999999999999964, 2.9, -2, 5.000450000000001, 2.8996500000000003, -2.0, -0.008406
19, 4.9999999999999964, 2.8, -2, 5.00065, 2.8019000000000003, -2.0, -0.007911
19, 4.9999999999999964, 2.6999999999999997, -2, 4.999650000000001, 2.6989, -2.0, -0.007035
19, 4.9999999999999964, 2.5999999999999996, -2, 4.99975, 2.5993000000000004, -2.0, -0.005867
19, 4.9999999999999964, 2.4999999999999996, -2, 5.000100000000001, 2.4998500000000003, -1.9999500000000001, -0.004719
19, 4.9999999999999964, 2.3999999999999995, -2, 4.999650000000001, 2.5000500000000003, -2.0, -0.004558
19, 4.9999999999999964, 2.2999999999999994, -2, 5.000400000000001, 2.2993, -1.9999500000000001, -0.001554
19, 4.9999999999999964, 2.1999999999999993, -2, 5.000900000000001, 2.2003000000000004, -2.0000500000000003, -0.000193
19, 4.9999999999999964, 2.099999999999999, -2, 4.999950000000001, 2.1013, -2.0002, 0.001033
19, 4.9999999999999964, 1.9999999999999991, -2, 4.99955, 2.1014, -2.00015, 0.001147
20, 4.899999999999997, 1.9999999999999991, -2, 4.8966, 1.9959500000000001, -2.0002, 0.008505
20, 4.799999999999997, 1.9999999999999991, -2, 4.80075, 1.9998500000000001, -2.0002, 0.014909
20, 4.6999999999999975, 1.9999999999999991, -2, 4.70395, 2.0, -2.0001, 0.02198
20, 4.599999999999998, 1.9999999999999991, -2, 4.5924499999999995, 2.00025, -2.0, 0.030272
20, 4.499999999999998, 1.9999999999999991, -2, 4.503, 2.00015, -2.0, 0.037854
20, 4.399999999999999, 1.9999999999999991, -2, 4.40325, 2.0002, -2.0, 0.045436
20, 4.299999999999999, 1.9999999999999991, -2, 4.2951999999999995, 1.9998000000000002, -2.0, 0.053806
20, 4.199999999999999, 1.9999999999999991, -2, 4.20355, 1.9997, -2.0, 0.060642
20, 4.1, 1.9999999999999991, -2, 4.10085, 1.9999, -2.0, 0.067369
20, 3.9999999999999996, 1.9999999999999991, -2, 3.9967, 2.0000500000000003, -2.0, 0.071901
20, 3.8999999999999995, 1.9999999999999991, -2, 3.90225, 2.0, -2.0, 0.073637
20, 3.7999999999999994, 1.9999999999999991, -2, 3.90175, 2.0001, -2.0, 0.074117
20, 3.6999999999999993, 1.9999999999999991, -2, 3.701, 2.0000500000000003, -2.0, 0.075718
20, 3.599999999999999, 1.9999999999999991, -2, 3.6992000000000003, 2.0000500000000003, -2.0, 0.076302
20, 3.499999999999999, 1.9999999999999991, -2, 3.5048500000000002, 1.9999500000000001, -2.0, 0.075118
20, 3.399999999999999, 1.9999999999999991, -2, 3.3957, 2.00015, -2.0, 0.074206
20, 3.299999999999999, 1.9999999999999991, -2, 3.3007000000000004, 1.9999500000000001, -2.0, 0.070545
20, 3.199999999999999, 1.9999999999999991, -2, 3.2033, 1.9999, -2.0, 0.065492
20, 3.0999999999999988, 1.9999999999999991, -2, 3.0949500000000003, 2.0000500000000003, -1.9999, 0.058645
20, 2.9999999999999987, 1.9999999999999991, -2, 3.0956000000000006, 1.9999, -1.9999500000000001, 0.058801
20, 2.9999999999999987, 2.099999999999999, -2, 3.0025500000000003, 2.1029, -1.9998500000000001, 0.048622
20, 2.9999999999999987, 2.1999999999999993, -2, 2.9991000000000003, 2.2007000000000003, -1.9998500000000001, 0.046291
20, 2.9999999999999987, 2.2999999999999994, -2, 2.9993000000000003, 2.29795, -1.9999, 0.043162
20, 2.9999999999999987, 2.3999999999999995, -2, 2.99965, 2.40125, -1.9999, 0.039961
20, 2.9999999999999987, 2.4999999999999996, -2, 2.9998500000000003, 2.5003500000000005, -2.0, 0.036399
20, 2.9999999999999987, 2.5999999999999996, -2, 3.0000500000000003, 2.6, -2.0, 0.032816
20, 2.9999999999999987, 2.6999999999999997, -2, 3.0002000000000004, 2.7003500000000003, -2.0, 0.028822
20, 2.9999999999999987, 2.8, -2, 2.9998500000000003, 2.8015, -2.0000500000000003, 0.024514
20, 2.9999999999999987, 2.9, -2, 2.99965, 2.8987000000000003, -2.00015, 0.020197
20, 2.9999999999999987, 3.0, -2, 2.99965, 2.99975, -2.00015, 0.015655
20, 2.9999999999999987, 3.1, -2, 2.9998500000000003, 3.1022000000000003, -2.00015, 0.011352
20, 2.9999999999999987, 3.2, -2, 3.00015, 3.1976000000000004, -2.0000500000000003, 0.007196
20, 2.9999999999999987, 3.3000000000000003, -2, 3.0003500000000005, 3.1975, -2.0000500000000003, 0.00717
20, 2.9999999999999987, 3.4000000000000004, -2, 3.0005, 3.40165, -1.9999, -0.000266
20, 2.9999999999999987, 3.5000000000000004, -2, 2.99935, 3.4991000000000003, -1.9998000000000002, -0.003176
20, 2.9999999999999987, 3.6000000000000005, -2, 2.9994, 3.6017, -1.9998000000000002, -0.005486
20, 2.9999999999999987, 3.7000000000000006, -2, 2.99995, 3.69965, -1.9998000000000002, -0.007123
20, 2.9999999999999987, 3.8000000000000007, -2, 3.0000500000000003, 3.7991, -1.9999, -0.008297
20, 2.9999999999999987, 3.900000000000001, -2, 3.00015, 3.90125, -2.0000500000000003, -0.008745
20, 2.9999999999999987, 4.000000000000001, -2, 3.0003, 3.90125, -2.0000500000000003, -0.008823
