0, 1, -0.9, -1, 1.0007000000000001, -0.9, -1.0, 0.011206
1, 1.1, -0.9, -1, 1.09745, -0.90005, -1.00005, 0.020165
1, 1.1, -1.0, -1, 1.1003500000000002, -1.002, -0.9999000000000001, 0.019529
2, 1.0, -1.0, -1, 1.00265, -1.00035, -0.9998, 0.009934
2, 0.9, -1.0, -1, 0.8946500000000001, -1.00025, -0.99975, 0.00145
2, 0.9, -0.9, -1, 0.89925, -0.89935, -0.9998, 0.002587
2, 0.9, -0.8, -1, 0.8994000000000001, -0.8013000000000001, -0.9999000000000001, 0.002717
3, 1.0, -0.8, -1, 1.0053, -0.80075, -0.99995, 0.012223
3, 1.1, -0.8, -1, 1.0981, -0.7995500000000001, -1.0001, 0.021198
3, 1.2000000000000002, -0.8, -1, 1.19725, -0.79975, -1.0001, 0.030266
3, 1.2000000000000002, -0.9, -1, 1.19985, -0.89695, -1.0001, 0.029922
3, 1.2000000000000002, -1.0, -1, 1.19985, -1.0018, -1.0001, 0.02829
3, 1.2000000000000002, -1.1, -1, 1.20065, -1.1004, -1.0001, 0.025041
4, 1.1, -1.1, -1, 1.1026000000000002, -1.1005, -1.00005, 0.01652
4, 1.0, -1.1, -1, 1.00305, -1.1003500000000002, -1.0001, 0.007629
4, 0.9, -1.1, -1, 0.8944500000000001, -1.1001, -1.00005, -0.000151
4, 0.8, -1.1, -1, 0.8038000000000001, -1.09975, -1.0, -0.004886
4, 0.8, -1.0, -1, 0.8005, -0.9988, -1.0, -0.00424
4, 0.8, -0.9, -1, 0.7995, -0.8996000000000001, -0.99995, -0.003822
4, 0.8, -0.8, -1, 0.7996500000000001, -0.8016500000000001, -0.9999000000000001, -0.003802
4, 0.8, -0.7000000000000001, -1, 0.80025, -0.6996, -0.9999000000000001, -0.004099
5, 0.9, -0.7000000000000001, -1, 0.896, -0.6996, -0.99985, 0.001982
5, 1.0, -0.7000000000000001, -1, 1.00405, -0.69985, -0.9999000000000001, 0.011535
5, 1.1, -0.7000000000000001, -1, 1.099, -0.70025, -0.9999000000000001, 0.020285
5, 1.2000000000000002, -0.7000000000000001, -1, 1.1971500000000002, -0.7005500000000001, -0.99995, 0.028733
5, 1.3000000000000003, -0.7000000000000001, -1, 1.3049000000000002, -0.6997000000000001, -1.0, 0.036268
5, 1.3000000000000003, -0.8, -1, 1.30115, -0.8009000000000001, -1.00005, 0.036952
5, 1.3000000000000003, -0.9, -1, 1.29975, -0.89695, -1.00005, 0.036873
5, 1.3000000000000003, -1.0, -1, 1.3001500000000001, -1.00115, -1.00005, 0.03557
5, 1.3000000000000003, -1.1, -1, 1.2996500000000002, -1.0009000000000001, -1.00005, 0.035455
5, 1.3000000000000003, -1.2000000000000002, -1, 1.3001, -1.1991500000000002, -1.00005, 0.027742
6, 1.2000000000000002, -1.2000000000000002, -1, 1.19675, -1.20005, -1.00005, 0.019821
6, 1.1, -1.2000000000000002, -1, 1.1962000000000002, -1.2, -1.00005, 0.019936
6, 1.0, -1.2000000000000002, -1, 1.00455, -1.20015, -1.0, 0.004818
6, 0.9, -1.2000000000000002, -1, 0.8954000000000001, -1.20025, -1.0, -0.001992
6, 0.8, -1.2000000000000002, -1, 0.8036, -1.20025, -1.0, -0.005898
6, 0.7000000000000001, -1.2000000000000002, -1, 0.6999500000000001, -1.2, -1.00005, -0.008098
6, 0.7000000000000001, -1.1, -1, 0.7006500000000001, -1.1018, -1.00005, -0.007687
6, 0.7000000000000001, -1.0, -1, 0.70045, -0.9988, -1.0, -0.007358
6, 0.7000000000000001, -0.9, -1, 0.6997000000000001, -0.8995, -0.99995, -0.007358
6, 0.7000000000000001, -0.8, -1, 0.6991, -0.8015, -1.0, -0.007389
6, 0.7000000000000001, -0.7000000000000001, -1, 0.7002, -0.69975, -1.0, -0.007572
6, 0.7000000000000001, -0.6000000000000001, -1, 0.6996, -0.5982000000000001, -1.0, -0.007775
7, 0.8, -0.6000000000000001, -1, 0.79935, -0.59965, -1.0, -0.004829
7, 0.9, -0.6000000000000001, -1, 0.8955, -0.59975, -1.0, 0.00098
7, 1.0, -0.6000000000000001, -1, 1.00435, -0.59985, -1.0, 0.009939
7, 1.1, -0.6000000000000001, -1, 1.09915, -0.5999, -1.0, 0.018627
7, 1.2000000000000002, -0.6000000000000001, -1, 1.19675, -0.6000500000000001, -1.0, 0.027414
7, 1.3000000000000003, -0.6000000000000001, -1, 1.30325, -0.6002000000000001, -1.0, 0.034365
7, 1.4000000000000004, -0.6000000000000001, -1, 1.39775, -0.60015, -0.99995, 0.038652
7, 1.4000000000000004, -0.7000000000000001, -1, 1.4003, -0.7027, -0.99995, 0.040143
7, 1.4000000000000004, -0.8, -1, 1.4008000000000003, -0.8009000000000001, -0.99995, 0.041202
7, 1.4000000000000004, -0.9, -1, 1.4001000000000001, -0.8964000000000001, -0.99995, 0.041509
7, 1.4000000000000004, -1.0, -1, 1.4, -0.8963000000000001, -0.99995, 0.041473
7, 1.4000000000000004, -1.1, -1, 1.4001000000000001, -0.89635, -0.9999000000000001, 0.041515
7, 1.4000000000000004, -1.2000000000000002, -1, 1.3999000000000001, -1.2005, -0.9999000000000001, 0.033484
7, 1.4000000000000004, -1.3000000000000003, -1, 1.3999000000000001, -1.2999, -0.99995, 0.026757
8, 1.3000000000000003, -1.3000000000000003, -1, 1.3024, -1.2998500000000002, -0.99995, 0.020671
8, 1.2000000000000002, -1.3000000000000003, -1, 1.1972, -1.2998500000000002, -1.0, 0.0136
8, 1.1, -1.3000000000000003, -1, 1.10155, -1.3, -1.0, 0.006863
8, 1.0, -1.3000000000000003, -1, 1.10125, -1.3, -1.0, 0.007092
8, 0.9, -1.3000000000000003, -1, 1.1013, -1.3, -1.0, 0.007087
8, 0.8, -1.3000000000000003, -1, 1.10135, -1.3, -1.0, 0.007134
8, 0.7000000000000001, -1.3000000000000003, -1, 1.1014000000000002, -1.3, -1.0, 0.007087
8, 0.6000000000000001, -1.3000000000000003, -1, 1.10135, -1.3, -1.0, 0.007149
8, 0.6000000000000001, -1.2000000000000002, -1, 0.5979, -1.2014500000000001, -1.0, -0.008912
8, 0.6000000000000001, -1.1, -1, 0.59875, -1.1016000000000001, -1.0, -0.00887
8, 0.6000000000000001, -1.0, -1, 0.5998000000000001, -0.99865, -1.00005, -0.008771
8, 0.6000000000000001, -0.9, -1, 0.5999, -0.8995, -1.0001, -0.008782
8, 0.6000000000000001, -0.8, -1, 0.59985, -0.8016500000000001, -1.00005, -0.008813
8, 0.6000000000000001, -0.7000000000000001, -1, 0.59985, -0.69935, -1.0001, -0.00886
8, 0.6000000000000001, -0.6000000000000001, -1, 0.5999, -0.5983, -1.0001, -0.008975
8, 0.6000000000000001, -0.5000000000000001, -1, 0.6, -0.50255, -1.0001, -0.008985
9, 0.7000000000000001, -0.5000000000000001, -1, 0.7032, -0.5013, -1.00005, -0.008025
9, 0.8, -0.5000000000000001, -1, 0.80005, -0.50005, -1.0, -0.005444
9, 0.9, -0.5000000000000001, -1, 0.89685, -0.5001, -1.0, -0.000349
9, 1.0, -0.5000000000000001, -1, 1.0035, -0.5001, -1.0, 0.007248
9, 1.1, -0.5000000000000001, -1, 1.09955, -0.50005, -1.00005, 0.015743
9, 1.2000000000000002, -0.5000000000000001, -1, 1.19695, -0.50005, -1.0, 0.023904
9, 1.3000000000000003, -0.5000000000000001, -1, 1.3034000000000001, -0.50005, -1.0, 0.031111
9, 1.4000000000000004, -0.5000000000000001, -1, 1.39795, -0.4999, -1.0, 0.035507
9, 1.5000000000000004, -0.5000000000000001, -1, 1.4976, -0.49945000000000006, -1.0, 0.038401
9, 1.5000000000000004, -0.6000000000000001, -1, 1.4999500000000001, -0.59565, -1.0, 0.04079
9, 1.5000000000000004, -0.7000000000000001, -1, 1.5003000000000002, -0.7026500000000001, -1.0, 0.042349
9, 1.5000000000000004, -0.8, -1, 1.5005, -0.8008500000000001, -1.0, 0.043126
9, 1.5000000000000004, -0.9, -1, 1.5001000000000002, -0.8968, -1.0, 0.043621
9, 1.5000000000000004, -1.0, -1, 1.50005, -1.001, -0.99995, 0.04334
9, 1.5000000000000004, -1.1, -1, 1.4998500000000001, -1.1018500000000002, -0.99995, 0.04176
9, 1.5000000000000004, -1.2000000000000002, -1, 1.50045, -1.1979000000000002, -0.9999000000000001, 0.037489
9, 1.5000000000000004, -1.3000000000000003, -1, 1.5004000000000002, -1.2998500000000002, -0.99995, 0.030193
9, 1.5000000000000004, -1.4000000000000004, -1, 1.5001000000000002, -1.4023500000000002, -0.9999000000000001, 0.020364
10, 1.4000000000000004, -1.4000000000000004, -1, 1.4014000000000002, -1.4005, -0.9999000000000001, 0.017151
10, 1.3000000000000003, -1.4000000000000004, -1, 1.30375, -1.3997, -0.99995, 0.013272
10, 1.2000000000000002, -1.4000000000000004, -1, 1.1964000000000001, -1.3995, -1.00005, 0.006722
10, 1.1, -1.4000000000000004, -1, 1.10155, -1.3998000000000002, -1.00005, 0.00171
10, 1.0, -1.4000000000000004, -1, 1.0029000000000001, -1.40015, -1.0001, -0.002821
10, 0.9, -1.4000000000000004, -1, 0.8948, -1.4004, -1.0001, -0.006174
10, 0.8, -1.4000000000000004, -1, 0.803, -1.3999000000000001, -1.0001, -0.007853
10, 0.7000000000000001, -1.4000000000000004, -1, 0.7021000000000001, -1.3999000000000001, -1.00005, -0.008719
10, 0.6000000000000001, -1.4000000000000004, -1, 0.59555, -1.39985, -1.0001, -0.009147
10, 0.5000000000000001, -1.4000000000000004, -1, 0.50285, -1.4, -1.0, -0.009194
10, 0.5000000000000001, -1.3000000000000003, -1, 0.5009, -1.2981, -1.00005, -0.009178
10, 0.5000000000000001, -1.2000000000000002, -1, 0.49995000000000006, -1.2011, -1.0, -0.00923
10, 0.5000000000000001, -1.1, -1, 0.4999, -1.10005, -1.00005, -0.009136
10, 0.5000000000000001, -1.0, -1, 0.49985, -1.00005, -1.0, -0.009178
10, 0.5000000000000001, -0.9, -1, 0.49985, -0.8995, -1.0, -0.009131
10, 0.5000000000000001, -0.8, -1, 0.4998, -0.8016500000000001, -1.0, -0.009173
10, 0.5000000000000001, -0.7000000000000001, -1, 0.49965000000000004, -0.6993, -1.0, -0.009141
10, 0.5000000000000001, -0.6000000000000001, -1, 0.49995000000000006, -0.5981000000000001, -1.0, -0.009204
10, 0.5000000000000001, -0.5000000000000001, -1, 0.5001, -0.5982000000000001, -1.0, -0.00922
10, 0.5000000000000001, -0.40000000000000013, -1, 0.5001, -0.403, -0.99995, -0.009204
11, 0.6000000000000001, -0.40000000000000013, -1, 0.59545, -0.39955, -0.9999000000000001, -0.009068
11, 0.7000000000000001, -0.40000000000000013, -1, 0.7029000000000001, -0.39955, -0.9999000000000001, -0.008359
11, 0.8, -0.40000000000000013, -1, 0.8015, -0.39975, -0.9999000000000001, -0.006242
11, 0.9, -0.40000000000000013, -1, 0.8947, -0.3998, -0.9999000000000001, -0.002341
11, 1.0, -0.40000000000000013, -1, 1.0042, -0.39985000000000004, -0.9999000000000001, 0.004375
11, 1.1, -0.40000000000000013, -1, 1.09885, -0.39990000000000003, -0.9999000000000001, 0.011514
11, 1.2000000000000002, -0.40000000000000013, -1, 1.1974500000000001, -0.401, -1.0, 0.019216
11, 1.3000000000000003, -0.40000000000000013, -1, 1.30325, -0.4, -0.99995, 0.025756
11, 1.4000000000000004, -0.40000000000000013, -1, 1.304, -0.4, -0.99995, 0.025787
11, 1.5000000000000004, -0.40000000000000013, -1, 1.30395, -0.4, -0.99995, 0.025688
11, 1.6000000000000005, -0.40000000000000013, -1, 1.304, -0.4, -0.99995, 0.025636
11, 1.6000000000000005, -0.5000000000000001, -1, 1.5955, -0.50155, -1.0, 0.039392
11, 1.6000000000000005, -0.6000000000000001, -1, 1.6012, -0.5956, -1.0, 0.041713
11, 1.6000000000000005, -0.7000000000000001, -1, 1.60125, -0.70275, -1.0, 0.043058
11, 1.6000000000000005, -0.8, -1, 1.6000500000000002, -0.8007000000000001, -1.0, 0.043689
11, 1.6000000000000005, -0.9, -1, 1.6, -0.8007000000000001, -1.0, 0.043772
11, 1.6000000000000005, -1.0, -1, 1.59965, -0.9979000000000001, -1.0, 0.044294
11, 1.6000000000000005, -1.1, -1, 1.6003500000000002, -1.1010499999999999, -1.0001, 0.043079
11, 1.6000000000000005, -1.2000000000000002, -1, 1.6001, -1.1979000000000002, -1.00005, 0.039742
11, 1.6000000000000005, -1.3000000000000003, -1, 1.6001500000000002, -1.19785, -1.00005, 0.039486
11, 1.6000000000000005, -1.4000000000000004, -1, 1.6, -1.4023500000000002, -1.00005, 0.02247
11, 1.6000000000000005, -1.5000000000000004, -1, 1.6000500000000002, -1.4987000000000001, -1.00005, 0.013167
12, 1.5000000000000004, -1.5000000000000004, -1, 1.499, -1.4996500000000001, -1.00005, 0.011154
12, 1.4000000000000004, -1.5000000000000004, -1, 1.40165, -1.4999, -1.00005, 0.008599
12, 1.3000000000000003, -1.5000000000000004, -1, 1.3035, -1.5, -1.0, 0.004834
12, 1.2000000000000002, -1.5000000000000004, -1, 1.30295, -1.50005, -1.0, 0.005043
12, 1.1, -1.5000000000000004, -1, 1.0982, -1.5001000000000002, -1.0, -0.002383
12, 1.0, -1.5000000000000004, -1, 1.00215, -1.5001000000000002, -1.0, -0.005507
12, 0.9, -1.5000000000000004, -1, 0.8944000000000001, -1.5001000000000002, -1.0, -0.007624
12, 0.8, -1.5000000000000004, -1, 0.80435, -1.5001000000000002, -1.0, -0.008427
12, 0.7000000000000001, -1.5000000000000004, -1, 0.7005500000000001, -1.5001000000000002, -1.0, -0.009011
12, 0.6000000000000001, -1.5000000000000004, -1, 0.59615, -1.50005, -1.0, -0.009152
12, 0.5000000000000001, -1.5000000000000004, -1, 0.50295, -1.4999500000000001, -1.0, -0.009267
12, 0.40000000000000013, -1.5000000000000004, -1, 0.4011, -1.5, -1.00005, -0.00922
12, 0.40000000000000013, -1.4000000000000004, -1, 0.39925, -1.4020500000000002, -1.0, -0.009272
12, 0.40000000000000013, -1.3000000000000003, -1, 0.39945, -1.2978000000000003, -0.99995, -0.009204
12, 0.40000000000000013, -1.2000000000000002, -1, 0.4005, -1.20005, -0.9999000000000001, -0.009251
12, 0.40000000000000013, -1.1, -1, 0.4003, -1.1011000000000002, -0.99995, -0.009209
12, 0.40000000000000013, -1.0, -1, 0.39975, -0.9991500000000001, -0.9999000000000001, -0.009162
12, 0.40000000000000013, -0.9, -1, 0.39905, -0.8995500000000001, -0.9999000000000001, -0.009214
12, 0.40000000000000013, -0.8, -1, 0.4003, -0.80175, -0.9999000000000001, -0.009147
12, 0.40000000000000013, -0.7000000000000001, -1, 0.40020000000000006, -0.6995, -0.9999000000000001, -0.009235
12, 0.40000000000000013, -0.6000000000000001, -1, 0.40015000000000006, -0.5980500000000001, -0.99995, -0.009168
12, 0.40000000000000013, -0.5000000000000001, -1, 0.39975, -0.50265, -1.00005, -0.009235
12, 0.40000000000000013, -0.40000000000000013, -1, 0.39885000000000004, -0.39965000000000006, -1.0001, -0.009199
12, 0.40000000000000013, -0.30000000000000016, -1, 0.40065000000000006, -0.2995, -1.0001, -0.009209
13, 0.5000000000000001, -0.30000000000000016, -1, 0.4999, -0.29955000000000004, -1.0001, -0.009214
13, 0.6000000000000001, -0.30000000000000016, -1, 0.5959500000000001, -0.29969999999999997, -1.0001, -0.009141
13, 0.7000000000000001, -0.30000000000000016, -1, 0.7025, -0.29990000000000006, -1.0001, -0.00863
13, 0.8, -0.30000000000000016, -1, 0.80135, -0.29995, -1.0001, -0.007149
13, 0.9, -0.30000000000000016, -1, 0.89495, -0.3, -1.00005, -0.004172
13, 1.0, -0.30000000000000016, -1, 1.00425, -0.30010000000000003, -1.0, 0.000996
13, 1.1, -0.30000000000000016, -1, 1.0991000000000002, -0.30025, -0.99995, 0.006717
13, 1.2000000000000002, -0.30000000000000016, -1, 1.1967, -0.30015000000000003, -0.9999000000000001, 0.013021
13, 1.3000000000000003, -0.30000000000000016, -1, 1.30375, -0.30005000000000004, -0.9999000000000001, 0.018564
13, 1.4000000000000004, -0.30000000000000016, -1, 1.3975, -0.29995, -0.99985, 0.022429
13, 1.5000000000000004, -0.30000000000000016, -1, 1.4982, -0.29985, -0.9999000000000001, 0.025307
13, 1.6000000000000005, -0.30000000000000016, -1, 1.6001500000000002, -0.29990000000000006, -0.9999000000000001, 0.026199
13, 1.7000000000000006, -0.30000000000000016, -1, 1.7007, -0.29995, -0.99995, 0.026183
13, 1.7000000000000006, -0.40000000000000013, -1, 1.7010500000000002, -0.401, -1.00005, 0.033468
13, 1.7000000000000006, -0.5000000000000001, -1, 1.6995500000000001, -0.5017, -1.0001, 0.038761
13, 1.7000000000000006, -0.6000000000000001, -1, 1.6998000000000002, -0.59565, -1.0001, 0.041749
13, 1.7000000000000006, -0.7000000000000001, -1, 1.70015, -0.7029000000000001, -1.0001, 0.043115
13, 1.7000000000000006, -0.8, -1, 1.7002000000000002, -0.8007000000000001, -1.0001, 0.043767
13, 1.7000000000000006, -0.9, -1, 1.70035, -0.89685, -1.0001, 0.044252
13, 1.7000000000000006, -1.0, -1, 1.70035, -1.001, -1.00005, 0.044284
13, 1.7000000000000006, -1.1, -1, 1.7002000000000002, -1.10055, -1.0, 0.043434
13, 1.7000000000000006, -1.2000000000000002, -1, 1.7000500000000003, -1.1982000000000002, -1.0, 0.040425
13, 1.7000000000000006, -1.3000000000000003, -1, 1.69995, -1.3, -1.0, 0.034125
13, 1.7000000000000006, -1.4000000000000004, -1, 1.69965, -1.4025500000000002, -1.0, 0.023795
13, 1.7000000000000006, -1.5000000000000004, -1, 1.7000500000000003, -1.4986000000000002, -1.0, 0.014247
13, 1.7000000000000006, -1.6000000000000005, -1, 1.7, -1.4986000000000002, -0.99995, 0.013626
14, 1.6000000000000005, -1.6000000000000005, -1, 1.6023000000000003, -1.5984500000000001, -0.9999000000000001, 0.004083
14, 1.5000000000000004, -1.6000000000000005, -1, 1.49805, -1.6005, -0.9999000000000001, 0.002263
14, 1.4000000000000004, -1.6000000000000005, -1, 1.40145, -1.6006000000000002, -0.99995, 0.000782
14, 1.3000000000000003, -1.6000000000000005, -1, 1.3037, -1.5999, -0.9999000000000001, -0.001408
14, 1.2000000000000002, -1.6000000000000005, -1, 1.1967999999999999, -1.5997000000000001, -0.9999000000000001, -0.003796
14, 1.1, -1.6000000000000005, -1, 1.1015, -1.59975, -0.99995, -0.005736
14, 1.0, -1.6000000000000005, -1, 1.002, -1.59995, -0.99995, -0.007426
14, 0.9, -1.6000000000000005, -1, 0.8950500000000001, -1.6001, -1.0, -0.008375
14, 0.8, -1.6000000000000005, -1, 0.8034000000000001, -1.60025, -1.00005, -0.008891
14, 0.7000000000000001, -1.6000000000000005, -1, 0.7019500000000001, -1.6002, -1.00005, -0.00911
14, 0.6000000000000001, -1.6000000000000005, -1, 0.59555, -1.6, -1.0001, -0.00923
14, 0.5000000000000001, -1.6000000000000005, -1, 0.5961000000000001, -1.6000500000000002, -1.0001, -0.009188
14, 0.40000000000000013, -1.6000000000000005, -1, 0.40245000000000003, -1.5999, -1.0001, -0.009272
14, 0.30000000000000016, -1.6000000000000005, -1, 0.29669999999999996, -1.5998500000000002, -1.0001, -0.00923
14, 0.30000000000000016, -1.5000000000000004, -1, 0.29905000000000004, -1.5015500000000002, -1.00015, -0.009261
14, 0.30000000000000016, -1.4000000000000004, -1, 0.30025, -1.4015, -1.00005, -0.009194
14, 0.30000000000000016, -1.3000000000000003, -1, 0.30025, -1.29775, -1.00005, -0.009251
14, 0.30000000000000016, -1.2000000000000002, -1, 0.29995, -1.2011, -1.00005, -0.009188
14, 0.30000000000000016, -1.1, -1, 0.29985, -1.09975, -0.99995, -0.009235
14, 0.30000000000000016, -1.0, -1, 0.29995, -1.00015, -0.9999000000000001, -0.009168
14, 0.30000000000000016, -0.9, -1, 0.29995, -0.8995, -0.9999000000000001, -0.009209
14, 0.30000000000000016, -0.8, -1, 0.29985, -0.80175, -0.9999000000000001, -0.009168
14, 0.30000000000000016, -0.7000000000000001, -1, 0.30005000000000004, -0.6995, -0.9999000000000001, -0.009152
14, 0.30000000000000016, -0.6000000000000001, -1, 0.29955000000000004, -0.59785, -0.9999000000000001, -0.00922
14, 0.30000000000000016, -0.5000000000000001, -1, 0.30005000000000004, -0.5024500000000001, -0.9999000000000001, -0.009183
14, 0.30000000000000016, -0.40000000000000013, -1, 0.29969999999999997, -0.39965000000000006, -0.99995, -0.009246
14, 0.30000000000000016, -0.30000000000000016, -1, 0.29990000000000006, -0.29955000000000004, -1.0, -0.009225
14, 0.30000000000000016, -0.20000000000000015, -1, 0.29985, -0.20395000000000002, -1.00005, -0.009251
15, 0.40000000000000013, -0.20000000000000015, -1, 0.4026, -0.2, -1.0001, -0.009199
15, 0.5000000000000001, -0.20000000000000015, -1, 0.40275, -0.19995000000000002, -1.0001, -0.009225
15, 0.6000000000000001, -0.20000000000000015, -1, 0.59715, -0.19995000000000002, -1.0001, -0.009126
15, 0.7000000000000001, -0.20000000000000015, -1, 0.702, -0.19995000000000002, -1.0001, -0.008933
15, 0.8, -0.20000000000000015, -1, 0.8014000000000001, -0.20010000000000003, -1.0001, -0.007989
15, 0.9, -0.20000000000000015, -1, 0.89585, -0.20010000000000003, -1.0001, -0.006049
15, 1.0, -0.20000000000000015, -1, 1.0036500000000002, -0.20015, -1.00005, -0.002618
15, 1.1, -0.20000000000000015, -1, 1.0999, -0.20010000000000003, -1.0, 0.001611
15, 1.2000000000000002, -0.20000000000000015, -1, 1.19725, -0.20005, -1.0, 0.006414
15, 1.3000000000000003, -0.20000000000000015, -1, 1.3033500000000002, -0.2, -1.0, 0.010836
15, 1.4000000000000004, -0.20000000000000015, -1, 1.397, -0.2, -1.00005, 0.013444
15, 1.5000000000000004, -0.20000000000000015, -1, 1.4984000000000002, -0.20005, -0.99995, 0.015707
15, 1.6000000000000005, -0.20000000000000015, -1, 1.6000500000000002, -0.20005, -0.9999000000000001, 0.016588
15, 1.7000000000000006, -0.20000000000000015, -1, 1.7006000000000001, -0.2, -0.99985, 0.016239
15, 1.8000000000000007, -0.20000000000000015, -1, 1.7010500000000002, -0.2, -0.99985, 0.016572
15, 1.8000000000000007, -0.30000000000000016, -1, 1.8001500000000001, -0.29515, -0.99985, 0.023717
15, 1.8000000000000007, -0.40000000000000013, -1, 1.8000500000000001, -0.40085000000000004, -0.99985, 0.032321
15, 1.8000000000000007, -0.5000000000000001, -1, 1.8, -0.5016, -0.99995, 0.038015
15, 1.8000000000000007, -0.6000000000000001, -1, 1.7998500000000002, -0.50155, -0.99995, 0.038083
15, 1.8000000000000007, -0.7000000000000001, -1, 1.7997, -0.6976, -1.0, 0.042823
15, 1.8000000000000007, -0.8, -1, 1.8001500000000001, -0.8011, -1.00005, 0.043507
15, 1.8000000000000007, -0.9, -1, 1.7999, -0.80095, -1.0001, 0.043616
15, 1.8000000000000007, -1.0, -1, 1.79995, -0.9992000000000001, -1.00005, 0.043851
15, 1.8000000000000007, -1.1, -1, 1.8005, -1.1005, -1.0001, 0.042938
15, 1.8000000000000007, -1.2000000000000002, -1, 1.8003000000000002, -1.1981000000000002, -1.0001, 0.040039
15, 1.8000000000000007, -1.3000000000000003, -1, 1.8004, -1.2999, -1.0001, 0.032926
15, 1.8000000000000007, -1.4000000000000004, -1, 1.7999, -1.4023, -1.0001, 0.023638
15, 1.8000000000000007, -1.5000000000000004, -1, 1.7995500000000002, -1.49875, -1.0001, 0.014476
15, 1.8000000000000007, -1.6000000000000005, -1, 1.7997, -1.5983500000000002, -1.00005, 0.005001
15, 1.8000000000000007, -1.7000000000000006, -1, 1.8006000000000002, -1.704, -0.99995, -0.002305
16, 1.7000000000000006, -1.7000000000000006, -1, 1.7005500000000002, -1.7009, -0.9999000000000001, -0.002086
16, 1.6000000000000005, -1.7000000000000006, -1, 1.6006000000000002, -1.6997, -0.9999000000000001, -0.002284
16, 1.5000000000000004, -1.7000000000000006, -1, 1.4995500000000002, -1.69975, -0.9999000000000001, -0.002852
16, 1.4000000000000004, -1.7000000000000006, -1, 1.4011500000000001, -1.69995, -0.99995, -0.004187
16, 1.3000000000000003, -1.7000000000000006, -1, 1.30295, -1.70025, -0.9999000000000001, -0.005309
16, 1.2000000000000002, -1.7000000000000006, -1, 1.1963500000000002, -1.7003000000000001, -1.0, -0.006586
16, 1.1, -1.7000000000000006, -1, 1.1012, -1.7, -0.99995, -0.007488
16, 1.0, -1.7000000000000006, -1, 1.0033, -1.69985, -1.00005, -0.008318
16, 0.9, -1.7000000000000006, -1, 0.89475, -1.6998000000000002, -1.00005, -0.008797
16, 0.8, -1.7000000000000006, -1, 0.80335, -1.7, -1.0001, -0.009074
16, 0.7000000000000001, -1.7000000000000006, -1, 0.8028000000000001, -1.7, -1.0001, -0.009027
16, 0.6000000000000001, -1.7000000000000006, -1, 0.8029000000000001, -1.7, -1.0001, -0.009042
16, 0.5000000000000001, -1.7000000000000006, -1, 0.8029000000000001, -1.7, -1.0001, -0.009048
16, 0.40000000000000013, -1.7000000000000006, -1, 0.80295, -1.7, -1.0001, -0.009001
16, 0.30000000000000016, -1.7000000000000006, -1, 0.80295, -1.7, -1.0001, -0.009074
16, 0.20000000000000015, -1.7000000000000006, -1, 0.80295, -1.7, -1.00005, -0.009016
16, 0.20000000000000015, -1.6000000000000005, -1, 0.19870000000000002, -1.5965, -1.0001, -0.009267
16, 0.20000000000000015, -1.5000000000000004, -1, 0.19895000000000002, -1.5014, -1.0001, -0.00922
16, 0.20000000000000015, -1.4000000000000004, -1, 0.19995000000000002, -1.4011000000000002, -1.0001, -0.00923
16, 0.20000000000000015, -1.3000000000000003, -1, 0.20015, -1.2978500000000002, -1.0001, -0.009246
16, 0.20000000000000015, -1.2000000000000002, -1, 0.20045000000000002, -1.2013500000000001, -1.00005, -0.009178
16, 0.20000000000000015, -1.1, -1, 0.1998, -1.09975, -1.0, -0.009246
16, 0.20000000000000015, -1.0, -1, 0.2, -1.00005, -1.0, -0.009178
16, 0.20000000000000015, -0.9, -1, 0.19970000000000002, -0.89935, -1.0, -0.009246
16, 0.20000000000000015, -0.8, -1, 0.19985000000000003, -0.8017000000000001, -1.0, -0.009178
16, 0.20000000000000015, -0.7000000000000001, -1, 0.1998, -0.6995, -1.0, -0.009209
16, 0.20000000000000015, -0.6000000000000001, -1, 0.19960000000000003, -0.5980500000000001, -1.0, -0.009188
16, 0.20000000000000015, -0.5000000000000001, -1, 0.20045000000000002, -0.50265, -1.0, -0.009214
16, 0.20000000000000015, -0.40000000000000013, -1, 0.1998, -0.3995, -1.0, -0.009194
16, 0.20000000000000015, -0.30000000000000016, -1, 0.20045000000000002, -0.29960000000000003, -1.0, -0.009194
16, 0.20000000000000015, -0.20000000000000015, -1, 0.1995, -0.2025, -1.0, -0.009261
16, 0.20000000000000015, -0.10000000000000014, -1, 0.19975, -0.09745000000000001, -1.0, -0.009199
17, 0.30000000000000016, -0.10000000000000014, -1, 0.29805000000000004, -0.09930000000000001, -1.0, -0.009251
17, 0.40000000000000013, -0.10000000000000014, -1, 0.40290000000000004, -0.10030000000000001, -1.0, -0.00923
17, 0.5000000000000001, -0.10000000000000014, -1, 0.49920000000000003, -0.1004, -1.0, -0.009199
17, 0.6000000000000001, -0.10000000000000014, -1, 0.59665, -0.10025, -1.0, -0.009214
17, 0.7000000000000001, -0.10000000000000014, -1, 0.7025, -0.0999, -1.0, -0.009105
17, 0.8, -0.10000000000000014, -1, 0.80205, -0.0997, -1.0, -0.008662
17, 0.9, -0.10000000000000014, -1, 0.8959000000000001, -0.0997, -1.0, -0.007441
17, 1.0, -0.10000000000000014, -1, 1.00455, -0.10010000000000001, -1.0, -0.005376
17, 1.1, -0.10000000000000014, -1, 1.0984500000000001, -0.10025, -1.0, -0.002998
17, 1.2000000000000002, -0.10000000000000014, -1, 1.19705, -0.1002, -1.00005, 0.000115
17, 1.3000000000000003, -0.10000000000000014, -1, 1.3035, -0.10005000000000001, -1.0, 0.002759
17, 1.4000000000000004, -0.10000000000000014, -1, 1.3981000000000001, -0.09985000000000001, -0.99995, 0.005006
17, 1.5000000000000004, -0.10000000000000014, -1, 1.4976, -0.0997, -0.9999000000000001, 0.006717
17, 1.6000000000000005, -0.10000000000000014, -1, 1.6003500000000002, -0.09975, -0.9999000000000001, 0.006873
17, 1.7000000000000006, -0.10000000000000014, -1, 1.69965, -0.10015, -0.99985, 0.006649
17, 1.8000000000000007, -0.10000000000000014, -1, 1.79975, -0.10030000000000001, -0.99985, 0.005736
17, 1.9000000000000008, -0.10000000000000014, -1, 1.8991000000000002, -0.1002, -0.9999000000000001, 0.003708
17, 1.9000000000000008, -0.20000000000000015, -1, 1.9001000000000001, -0.20295000000000002, -1.0, 0.011801
17, 1.9000000000000008, -0.30000000000000016, -1, 1.9003, -0.29545, -1.0, 0.019821
17, 1.9000000000000008, -0.40000000000000013, -1, 1.9003, -0.40070000000000006, -1.0, 0.029375
17, 1.9000000000000008, -0.5000000000000001, -1, 1.9000500000000002, -0.5014500000000001, -1.00005, 0.035231
17, 1.9000000000000008, -0.6000000000000001, -1, 1.9001000000000001, -0.5015, -1.0, 0.035199
17, 1.9000000000000008, -0.7000000000000001, -1, 1.8998000000000002, -0.69785, -1.00005, 0.041374
17, 1.9000000000000008, -0.8, -1, 1.9001000000000001, -0.8011500000000001, -1.00005, 0.042422
17, 1.9000000000000008, -0.9, -1, 1.9000500000000002, -0.80105, -1.00005, 0.042516
17, 1.9000000000000008, -1.0, -1, 1.9003500000000002, -0.9994000000000001, -1.00005, 0.042464
17, 1.9000000000000008, -1.1, -1, 1.9002000000000001, -1.1004, -1.00005, 0.041384
17, 1.9000000000000008, -1.2000000000000002, -1, 1.9006, -1.1987, -1.0, 0.03788
17, 1.9000000000000008, -1.3000000000000003, -1, 1.8995, -1.2997, -1.0, 0.031919
17, 1.9000000000000008, -1.4000000000000004, -1, 1.9000500000000002, -1.4024, -1.00005, 0.022648
17, 1.9000000000000008, -1.5000000000000004, -1, 1.8998000000000002, -1.4023500000000002, -1.00005, 0.022069
17, 1.9000000000000008, -1.6000000000000005, -1, 1.90015, -1.59765, -1.00005, 0.003974
17, 1.9000000000000008, -1.7000000000000006, -1, 1.90015, -1.70385, -1.0, -0.002065
17, 1.9000000000000008, -1.8000000000000007, -1, 1.9000500000000002, -1.7966000000000002, -1.0, -0.005929
18, 1.8000000000000007, -1.8000000000000007, -1, 1.8002, -1.7993500000000002, -1.0, -0.005908
18, 1.7000000000000006, -1.8000000000000007, -1, 1.7014, -1.7996, -1.0, -0.005976
18, 1.6000000000000005, -1.8000000000000007, -1, 1.6014000000000002, -1.80065, -1.0, -0.006232
18, 1.5000000000000004, -1.8000000000000007, -1, 1.49875, -1.80055, -1.0, -0.006664
18, 1.4000000000000004, -1.8000000000000007, -1, 1.4011000000000002, -1.7998500000000002, -1.00005, -0.006998
18, 1.3000000000000003, -1.8000000000000007, -1, 1.30395, -1.7998500000000002, -1.0, -0.007478
18, 1.2000000000000002, -1.8000000000000007, -1, 1.1967999999999999, -1.7998000000000003, -1.0, -0.008025
18, 1.1, -1.8000000000000007, -1, 1.0996000000000001, -1.7998000000000003, -1.0, -0.008443
18, 1.0, -1.8000000000000007, -1, 1.0029000000000001, -1.7998000000000003, -0.9999000000000001, -0.008813
18, 0.9, -1.8000000000000007, -1, 0.89495, -1.79995, -0.9999000000000001, -0.009016
18, 0.8, -1.8000000000000007, -1, 0.8034000000000001, -1.8007, -0.99985, -0.009183
18, 0.7000000000000001, -1.8000000000000007, -1, 0.7008000000000001, -1.8, -0.99985, -0.00923
18, 0.6000000000000001, -1.8000000000000007, -1, 0.70085, -1.79995, -0.99985, -0.009235
18, 0.5000000000000001, -1.8000000000000007, -1, 0.49915000000000004, -1.7999, -0.99985, -0.009214
18, 0.40000000000000013, -1.8000000000000007, -1, 0.4006, -1.7999, -1.0, -0.009282
18, 0.30000000000000016, -1.8000000000000007, -1, 0.29655000000000004, -1.7999, -0.99995, -0.00923
18, 0.20000000000000015, -1.8000000000000007, -1, 0.20070000000000002, -1.7998500000000002, -0.99995, -0.00923
18, 0.10000000000000014, -1.8000000000000007, -1, 0.102, -1.79995, -1.00005, -0.009272
18, 0.10000000000000014, -1.7000000000000006, -1, 0.10030000000000001, -1.7037, -1.0001, -0.00922
18, 0.10000000000000014, -1.6000000000000005, -1, 0.10010000000000001, -1.5964, -1.0001, -0.009256
18, 0.10000000000000014, -1.5000000000000004, -1, 0.09985000000000001, -1.5015, -1.0001, -0.009199
18, 0.10000000000000014, -1.4000000000000004, -1, 0.09960000000000001, -1.4008000000000003, -1.0001, -0.009246
18, 0.10000000000000014, -1.3000000000000003, -1, 0.0999, -1.2980500000000001, -1.0001, -0.009235
18, 0.10000000000000014, -1.2000000000000002, -1, 0.09985000000000001, -1.2981, -1.0001, -0.009188
18, 0.10000000000000014, -1.1, -1, 0.1, -1.10135, -1.0001, -0.009241
18, 0.10000000000000014, -1.0, -1, 0.09985000000000001, -1.00005, -1.0001, -0.009168
18, 0.10000000000000014, -0.9, -1, 0.10010000000000001, -0.8994500000000001, -1.00005, -0.009178
18, 0.10000000000000014, -0.8, -1, 0.10010000000000001, -0.80145, -0.99995, -0.009168
18, 0.10000000000000014, -0.7000000000000001, -1, 0.1004, -0.6996500000000001, -0.9999000000000001, -0.009209
18, 0.10000000000000014, -0.6000000000000001, -1, 0.0997, -0.5979500000000001, -0.9999000000000001, -0.009209
18, 0.10000000000000014, -0.5000000000000001, -1, 0.10005000000000001, -0.50255, -0.9999000000000001, -0.009214
18, 0.10000000000000014, -0.40000000000000013, -1, 0.09965, -0.39970000000000006, -0.9999000000000001, -0.009246
18, 0.10000000000000014, -0.30000000000000016, -1, 0.09985000000000001, -0.2995, -0.9999000000000001, -0.009204
18, 0.10000000000000014, -0.20000000000000015, -1, 0.10005000000000001, -0.2029, -0.9999000000000001, -0.009241
18, 0.10000000000000014, -0.10000000000000014, -1, 0.10005000000000001, -0.0976, -0.99995, -0.009199
18, 0.10000000000000014, -1.3877787807814457e-16, -1, 0.0997, -0.00035000000000000005, -1.0, -0.009261
19, 0.20000000000000015, -1.3877787807814457e-16, -1, 0.19875, -0.00030000000000000003, -1.0, -0.009209
19, 0.30000000000000016, -1.3877787807814457e-16, -1, 0.2988, 0.0001, -1.0001, -0.009261
19, 0.40000000000000013, -1.3877787807814457e-16, -1, 0.40245000000000003, 0.00045, -1.0001, -0.009194
19, 0.5000000000000001, -1.3877787807814457e-16, -1, 0.49945000000000006, 0.00015000000000000001, -1.0001, -0.009251
19, 0.6000000000000001, -1.3877787807814457e-16, -1, 0.5973999999999999, -0.0, -1.0001, -0.009194
19, 0.7000000000000001, -1.3877787807814457e-16, -1, 0.59745, -0.0, -1.0001, -0.009188
19, 0.8, -1.3877787807814457e-16, -1, 0.5973999999999999, -0.0, -1.0001, -0.009209
19, 0.9, -1.3877787807814457e-16, -1, 0.59745, -0.0, -1.0001, -0.009178
19, 1.0, -1.3877787807814457e-16, -1, 0.59745, 5e-05, -1.0001, -0.009256
19, 1.1, -1.3877787807814457e-16, -1, 1.1023, -0.0001, -1.0001, -0.006445
19, 1.2000000000000002, -1.3877787807814457e-16, -1, 1.1972, -0.00015000000000000001, -1.00005, -0.004985
19, 1.3000000000000003, -1.3877787807814457e-16, -1, 1.30515, -0.00015000000000000001, -1.0, -0.003452
19, 1.4000000000000004, -1.3877787807814457e-16, -1, 1.3978000000000002, -5e-05, -1.0, -0.002248
19, 1.5000000000000004, -1.3877787807814457e-16, -1, 1.4979500000000001, 0.0001, -0.99995, -0.001371
19, 1.6000000000000005, -1.3877787807814457e-16, -1, 1.6, 0.0001, -0.99995, -0.001398
19, 1.7000000000000006, -1.3877787807814457e-16, -1, 1.69975, 0.00015000000000000001, -1.0, -0.001956
19, 1.8000000000000007, -1.3877787807814457e-16, -1, 1.7995500000000002, 0.00015000000000000001, -1.0, -0.002388
19, 1.9000000000000008, -1.3877787807814457e-16, -1, 1.89925, -0.0, -1.0, -0.003541
19, 2.000000000000001, -1.3877787807814457e-16, -1, 2.004, -0.0001, -0.99995, -0.004688
19, 2.000000000000001, -0.10000000000000014, -1, 2.00035, -0.09930000000000001, -0.99995, 0.000933
19, 2.000000000000001, -0.20000000000000015, -1, 2.00045, -0.20320000000000002, -0.99995, 0.007634
19, 2.000000000000001, -0.30000000000000016, -1, 1.9998500000000001, -0.29660000000000003, -0.99995, 0.016275
19, 2.000000000000001, -0.40000000000000013, -1, 1.9993500000000002, -0.4006, -0.99995, 0.024426
19, 2.000000000000001, -0.5000000000000001, -1, 2.0006500000000003, -0.502, -1.0, 0.030684
19, 2.000000000000001, -0.6000000000000001, -1, 2.0002, -0.5956, -1.0, 0.035179
19, 2.000000000000001, -0.7000000000000001, -1, 2.00015, -0.70275, -1.0, 0.038229
19, 2.000000000000001, -0.8, -1, 2.0002, -0.8008500000000001, -1.0, 0.039595
19, 2.000000000000001, -0.9, -1, 2.0000500000000003, -0.8969000000000001, -1.0, 0.039825
19, 2.000000000000001, -1.0, -1, 2.00025, -1.00115, -1.0, 0.039236
19, 2.000000000000001, -1.1, -1, 1.9999500000000001, -1.1004500000000002, -0.99995, 0.037739
19, 2.000000000000001, -1.2000000000000002, -1, 2.00035, -1.19895, -1.00005, 0.034464
19, 2.000000000000001, -1.3000000000000003, -1, 2.00015, -1.2998000000000003, -1.00005, 0.028186
19, 2.000000000000001, -1.4000000000000004, -1, 2.0, -1.2996500000000002, -1.00005, 0.027727
19, 2.000000000000001, -1.5000000000000004, -1, 2.0, -1.2996500000000002, -1.0001, 0.027909
19, 2.000000000000001, -1.6000000000000005, -1, 1.9999, -1.5998500000000002, -1.0001, 0.002925
19, 2.000000000000001, -1.7000000000000006, -1, 2.0001, -1.70385, -1.0001, -0.002847
19, 2.000000000000001, -1.8000000000000007, -1, 1.9998500000000001, -1.79645, -1.0001, -0.006226
19, 2.000000000000001, -1.9000000000000008, -1, 2.00025, -1.9006500000000002, -1.00005, -0.007958
20, 1.9000000000000008, -1.9000000000000008, -1, 1.8983500000000002, -1.90015, -1.0001, -0.007786
20, 1.8000000000000007, -1.9000000000000008, -1, 1.79895, -1.9000500000000002, -1.00005, -0.007733
20, 1.7000000000000006, -1.9000000000000008, -1, 1.7014500000000001, -1.89955, -0.99995, -0.00776
20, 1.6000000000000005, -1.9000000000000008, -1, 1.6008000000000002, -1.89965, -0.9999000000000001, -0.007796
20, 1.5000000000000004, -1.9000000000000008, -1, 1.4988000000000001, -1.90025, -0.9999000000000001, -0.007989
20, 1.4000000000000004, -1.9000000000000008, -1, 1.4011000000000002, -1.9003500000000002, -0.9999000000000001, -0.008187
20, 1.3000000000000003, -1.9000000000000008, -1, 1.30375, -1.9001000000000001, -0.9999000000000001, -0.008448
20, 1.2000000000000002, -1.9000000000000008, -1, 1.19625, -1.8998000000000002, -0.9999000000000001, -0.00874
20, 1.1, -1.9000000000000008, -1, 1.1013, -1.8997, -0.9999000000000001, -0.008849
20, 1.0, -1.9000000000000008, -1, 1.00265, -1.8998000000000002, -1.0, -0.009079
20, 0.9, -1.9000000000000008, -1, 0.8952, -1.9000500000000002, -0.99995, -0.009173
20, 0.8, -1.9000000000000008, -1, 0.8034000000000001, -1.9002000000000001, -1.00005, -0.009256
20, 0.7000000000000001, -1.9000000000000008, -1, 0.701, -1.90025, -1.0001, -0.00923
20, 0.6000000000000001, -1.9000000000000008, -1, 0.59635, -1.90015, -1.0001, -0.009251
20, 0.5000000000000001, -1.9000000000000008, -1, 0.5024500000000001, -1.8998000000000002, -1.0001, -0.009277
20, 0.40000000000000013, -1.9000000000000008, -1, 0.40015000000000006, -1.8995, -1.0001, -0.009241
20, 0.30000000000000016, -1.9000000000000008, -1, 0.29695, -1.90015, -1.0001, -0.009298
20, 0.20000000000000015, -1.9000000000000008, -1, 0.20220000000000002, -1.90025, -1.0001, -0.00922
20, 0.10000000000000014, -1.9000000000000008, -1, 0.102, -1.9002000000000001, -1.00005, -0.009282
20, 1.3877787807814457e-16, -1.9000000000000008, -1, -0.00455, -1.9, -1.0, -0.00922
20, 1.3877787807814457e-16, -1.8000000000000007, -1, -0.0008, -1.7996, -1.0, -0.009272
20, 1.3877787807814457e-16, -1.7000000000000006, -1, -0.00055, -1.70225, -1.0, -0.009209
20, 1.3877787807814457e-16, -1.6000000000000005, -1, 0.00025, -1.5965, -1.0, -0.009214
20, 1.3877787807814457e-16, -1.5000000000000004, -1, -5e-05, -1.5017, -1.0, -0.00923
20, 1.3877787807814457e-16, -1.4000000000000004, -1, 5e-05, -1.4008500000000002, -1.00005, -0.009204
20, 1.3877787807814457e-16, -1.3000000000000003, -1, -0.00025, -1.2978500000000002, -0.99995, -0.009256
20, 1.3877787807814457e-16, -1.2000000000000002, -1, -0.0001, -1.2013500000000001, -0.9999000000000001, -0.009183
20, 1.3877787807814457e-16, -1.1, -1, -0.0004, -1.0998500000000002, -0.9999000000000001, -0.009251
20, 1.3877787807814457e-16, -1.0, -1, 0.0002, -1.0002, -0.9999000000000001, -0.009188
20, 1.3877787807814457e-16, -0.9, -1, 0.0002, -0.8994500000000001, -0.9999000000000001, -0.009235
20, 1.3877787807814457e-16, -0.8, -1, -0.0, -0.8015500000000001, -0.9999000000000001, -0.00922
20, 1.3877787807814457e-16, -0.7000000000000001, -1, -0.0001, -0.6995500000000001, -0.9999000000000001, -0.009256
20, 1.3877787807814457e-16, -0.6000000000000001, -1, -0.00025, -0.5981000000000001, -0.99995, -0.009251
20, 1.3877787807814457e-16, -0.5000000000000001, -1, -0.0002, -0.50265, -1.00005, -0.00922
20, 1.3877787807814457e-16, -0.40000000000000013, -1, -0.0001, -0.3996, -1.00005, -0.009277
20, 1.3877787807814457e-16, -0.30000000000000016, -1, -0.0, -0.39975, -1.00005, -0.009209
20, 1.3877787807814457e-16, -0.20000000000000015, -1, -5e-05, -0.3998, -1.0, -0.009241
20, 1.3877787807814457e-16, -0.10000000000000014, -1, -5e-05, -0.0992, -1.00005, -0.009272
20, 1.3877787807814457e-16, -1.3877787807814457e-16, -1, -0.00015000000000000001, -0.00045, -1.0001, -0.009293
20, 1.3877787807814457e-16, 0.09999999999999987, -1, 0.00015000000000000001, -0.00055, -1.0001, -0.009225
