Voltage = 2.9, Current = 10.3, Pinhole = 15um 
0, 2.8, 1.6, -5, 2.7925, 1.60165, -5.006, -0.00936
1, 2.9, 1.6, -5, 2.9055, 1.60075, -5.000700000000001, -0.009319
1, 2.9, 1.5, -5, 2.9007, 1.499, -5.00025, -0.009371
2, 2.8, 1.5, -5, 2.79575, 1.49925, -5.0, -0.009319
2, 2.6999999999999997, 1.5, -5, 2.7023, 1.4996500000000001, -4.999950000000001, -0.009392
2, 2.6999999999999997, 1.6, -5, 2.69925, 1.6052, -5.0, -0.00934
2, 2.6999999999999997, 1.7000000000000002, -5, 2.6995, 1.6941000000000002, -5.00005, -0.009387
3, 2.8, 1.7000000000000002, -5, 2.7979000000000003, 1.6998000000000002, -4.99985, -0.009308
3, 2.9, 1.7000000000000002, -5, 2.9034500000000003, 1.70025, -4.999700000000001, -0.009387
3, 3.0, 1.7000000000000002, -5, 2.9991000000000003, 1.70035, -4.99975, -0.009329
3, 3.0, 1.6, -5, 3.0008000000000004, 1.60325, -4.99985, -0.009397
3, 3.0, 1.5, -5, 3.0013500000000004, 1.4976500000000001, -4.999950000000001, -0.009324
3, 3.0, 1.4, -5, 2.9998, 1.4003, -5.000100000000001, -0.009376
4, 2.9, 1.4, -5, 2.901, 1.40025, -5.0002, -0.009334
4, 2.8, 1.4, -5, 2.7964, 1.4, -5.0001500000000005, -0.009334
4, 2.6999999999999997, 1.4, -5, 2.7013500000000006, 1.39985, -5.0002, -0.00936
4, 2.5999999999999996, 1.4, -5, 2.6016000000000004, 1.3998000000000002, -5.0001500000000005, -0.00934
4, 2.5999999999999996, 1.5, -5, 2.5994, 1.4996, -5.0, -0.009397
4, 2.5999999999999996, 1.6, -5, 2.59905, 1.6036000000000001, -5.00005, -0.009324
4, 2.5999999999999996, 1.7000000000000002, -5, 2.59865, 1.69525, -4.9999, -0.009387
4, 2.5999999999999996, 1.8000000000000003, -5, 2.5989500000000003, 1.8018500000000002, -4.99985, -0.009345
5, 2.6999999999999997, 1.8000000000000003, -5, 2.70155, 1.80045, -4.9998000000000005, -0.009371
5, 2.8, 1.8000000000000003, -5, 2.79605, 1.7999, -4.9998000000000005, -0.009397
5, 2.9, 1.8000000000000003, -5, 2.9043, 1.7999, -4.99985, -0.009397
5, 3.0, 1.8000000000000003, -5, 2.9988500000000005, 1.79975, -5.0, -0.009381
5, 3.1, 1.8000000000000003, -5, 3.09595, 1.79975, -5.0, -0.009366
5, 3.1, 1.7000000000000002, -5, 3.1002, 1.6994, -5.0, -0.009407
5, 3.1, 1.6, -5, 3.10095, 1.6020500000000002, -4.999950000000001, -0.009319
5, 3.1, 1.5, -5, 3.1013, 1.49895, -5.000100000000001, -0.009402
5, 3.1, 1.4, -5, 3.10055, 1.3993000000000002, -5.0001500000000005, -0.00934
5, 3.1, 1.2999999999999998, -5, 3.10055, 1.3018000000000003, -5.0001500000000005, -0.009376
6, 3.0, 1.2999999999999998, -5, 3.0021000000000004, 1.30075, -5.0002, -0.009381
6, 2.9, 1.2999999999999998, -5, 2.90265, 1.2996500000000002, -5.000100000000001, -0.009334
6, 2.8, 1.2999999999999998, -5, 2.7957, 1.2997, -5.00005, -0.009381
6, 2.6999999999999997, 1.2999999999999998, -5, 2.7018500000000003, 1.2996500000000002, -4.999950000000001, -0.009345
6, 2.5999999999999996, 1.2999999999999998, -5, 2.6007000000000002, 1.3, -4.9999, -0.009397
6, 2.4999999999999996, 1.2999999999999998, -5, 2.49955, 1.3002, -4.99985, -0.009345
6, 2.4999999999999996, 1.4, -5, 2.4989, 1.3985, -4.99985, -0.009397
6, 2.4999999999999996, 1.5, -5, 2.49905, 1.50005, -4.999950000000001, -0.00934
6, 2.4999999999999996, 1.6, -5, 2.4998, 1.6028000000000002, -5.00005, -0.009366
6, 2.4999999999999996, 1.7000000000000002, -5, 2.49975, 1.69695, -5.0001500000000005, -0.009355
6, 2.4999999999999996, 1.8000000000000003, -5, 2.4994500000000004, 1.8005, -5.0001500000000005, -0.009324
6, 2.4999999999999996, 1.9000000000000004, -5, 2.5001, 1.9016000000000002, -5.0001500000000005, -0.009413
7, 2.5999999999999996, 1.9000000000000004, -5, 2.60155, 1.90015, -5.00005, -0.009345
7, 2.6999999999999997, 1.9000000000000004, -5, 2.70005, 1.9002000000000001, -4.999950000000001, -0.009397
7, 2.8, 1.9000000000000004, -5, 2.797, 1.9002000000000001, -4.9999, -0.009345
7, 2.9, 1.9000000000000004, -5, 2.9035, 1.9000500000000002, -4.9999, -0.009392
7, 3.0, 1.9000000000000004, -5, 3.0, 1.89975, -4.9999, -0.009329
7, 3.1, 1.9000000000000004, -5, 3.09475, 1.89965, -4.9999, -0.009397
7, 3.2, 1.9000000000000004, -5, 3.2061, 1.89975, -4.9999, -0.009376
7, 3.2, 1.8000000000000003, -5, 3.2015, 1.7993500000000002, -4.999950000000001, -0.009355
7, 3.2, 1.7000000000000002, -5, 3.2009000000000003, 1.6973500000000001, -5.0, -0.009402
7, 3.2, 1.6, -5, 3.1999500000000003, 1.6026500000000001, -5.0, -0.009345
7, 3.2, 1.5, -5, 3.1998, 1.4994, -4.999950000000001, -0.009413
7, 3.2, 1.4, -5, 3.2001000000000004, 1.39945, -4.999950000000001, -0.009324
7, 3.2, 1.2999999999999998, -5, 3.2002, 1.3015500000000002, -5.000100000000001, -0.009392
7, 3.2, 1.1999999999999997, -5, 3.2, 1.1997, -5.0001500000000005, -0.009387
8, 3.1, 1.1999999999999997, -5, 3.0948500000000005, 1.19955, -5.0001500000000005, -0.009371
8, 3.0, 1.1999999999999997, -5, 3.003, 1.1996000000000002, -5.0001500000000005, -0.009402
8, 2.9, 1.1999999999999997, -5, 2.9019, 1.20005, -5.000100000000001, -0.009308
8, 2.8, 1.1999999999999997, -5, 2.7964, 1.20025, -5.00005, -0.009381
8, 2.6999999999999997, 1.1999999999999997, -5, 2.7019, 1.2001000000000002, -5.0, -0.00934
8, 2.5999999999999996, 1.1999999999999997, -5, 2.6005, 1.19995, -5.0, -0.009402
8, 2.4999999999999996, 1.1999999999999997, -5, 2.49935, 1.19995, -5.0, -0.009324
8, 2.3999999999999995, 1.1999999999999997, -5, 2.3998000000000004, 1.19995, -5.00005, -0.009402
8, 2.3999999999999995, 1.2999999999999998, -5, 2.3986, 1.30345, -4.999950000000001, -0.009334
8, 2.3999999999999995, 1.4, -5, 2.39935, 1.3959000000000001, -5.0, -0.009371
8, 2.3999999999999995, 1.5, -5, 2.3995, 1.5005500000000003, -5.00005, -0.009397
8, 2.3999999999999995, 1.6, -5, 2.3996, 1.6033000000000002, -4.999950000000001, -0.00934
8, 2.3999999999999995, 1.7000000000000002, -5, 2.39975, 1.6953500000000001, -4.99985, -0.009392
8, 2.3999999999999995, 1.8000000000000003, -5, 2.3999500000000005, 1.8013500000000002, -4.99985, -0.009381
8, 2.3999999999999995, 1.9000000000000004, -5, 2.39955, 1.9023, -4.9999, -0.009314
8, 2.3999999999999995, 2.0000000000000004, -5, 2.39985, 1.9967000000000001, -4.999950000000001, -0.009387
9, 2.4999999999999996, 2.0000000000000004, -5, 2.49975, 1.9993, -4.9999, -0.009319
9, 2.5999999999999996, 2.0000000000000004, -5, 2.6019500000000004, 1.9993500000000002, -4.999950000000001, -0.009397
9, 2.6999999999999997, 2.0000000000000004, -5, 2.7005500000000002, 2.0005, -5.0, -0.009345
9, 2.8, 2.0000000000000004, -5, 2.7971000000000004, 2.0003, -4.999950000000001, -0.009366
9, 2.9, 2.0000000000000004, -5, 2.9031000000000002, 2.0, -5.000100000000001, -0.00934
9, 3.0, 2.0000000000000004, -5, 2.9030500000000004, 2.0000500000000003, -5.000100000000001, -0.009345
9, 3.1, 2.0000000000000004, -5, 3.0948, 1.9997, -5.0002, -0.009334
9, 3.2, 2.0000000000000004, -5, 3.20565, 1.9996500000000001, -5.0002, -0.009345
9, 3.3000000000000003, 2.0000000000000004, -5, 3.298, 1.9999, -5.0002, -0.009376
9, 3.3000000000000003, 1.9000000000000004, -5, 3.30105, 1.9041000000000001, -5.0001500000000005, -0.00934
9, 3.3000000000000003, 1.8000000000000003, -5, 3.30005, 1.79875, -5.0, -0.009397
9, 3.3000000000000003, 1.7000000000000002, -5, 3.3, 1.6975, -4.999950000000001, -0.009334
9, 3.3000000000000003, 1.6, -5, 3.3002000000000002, 1.6027, -4.99985, -0.009397
9, 3.3000000000000003, 1.5, -5, 3.30045, 1.49925, -4.9998000000000005, -0.009334
9, 3.3000000000000003, 1.4, -5, 3.3002000000000002, 1.3997, -4.9998000000000005, -0.009381
9, 3.3000000000000003, 1.2999999999999998, -5, 3.3001000000000005, 1.3013000000000001, -4.99985, -0.00935
9, 3.3000000000000003, 1.1999999999999997, -5, 3.30015, 1.1996000000000002, -5.0, -0.009366
9, 3.3000000000000003, 1.0999999999999996, -5, 3.2995, 1.19975, -5.0, -0.009413
10, 3.2, 1.0999999999999996, -5, 3.20315, 1.0987, -5.0, -0.009366
10, 3.1, 1.0999999999999996, -5, 3.0946000000000002, 1.1002, -5.0, -0.009381
10, 3.0, 1.0999999999999996, -5, 3.0028, 1.1002, -5.000100000000001, -0.009334
10, 2.9, 1.0999999999999996, -5, 2.90225, 1.1001500000000002, -5.0002, -0.009392
10, 2.8, 1.0999999999999996, -5, 2.79575, 1.1003, -5.0001500000000005, -0.00934
10, 2.6999999999999997, 1.0999999999999996, -5, 2.7016000000000004, 1.10005, -5.0001500000000005, -0.00934
10, 2.5999999999999996, 1.0999999999999996, -5, 2.70165, 1.09995, -5.0001500000000005, -0.009387
10, 2.4999999999999996, 1.0999999999999996, -5, 2.70165, 1.1, -5.000100000000001, -0.009334
10, 2.3999999999999995, 1.0999999999999996, -5, 2.7016000000000004, 1.1, -5.0001500000000005, -0.009402
10, 2.2999999999999994, 1.0999999999999996, -5, 2.7016000000000004, 1.1, -5.0001500000000005, -0.00934
10, 2.2999999999999994, 1.1999999999999997, -5, 2.3008, 1.2001000000000002, -5.000100000000001, -0.00935
10, 2.2999999999999994, 1.2999999999999998, -5, 2.2999, 1.3022, -5.00005, -0.00934
10, 2.2999999999999994, 1.4, -5, 2.2992000000000004, 1.3974000000000002, -4.999950000000001, -0.009402
10, 2.2999999999999994, 1.5, -5, 2.2989500000000005, 1.49945, -4.99985, -0.009334
10, 2.2999999999999994, 1.6, -5, 2.29955, 1.60295, -4.99985, -0.009407
10, 2.2999999999999994, 1.7000000000000002, -5, 2.3002000000000002, 1.6967, -4.9999, -0.00935
10, 2.2999999999999994, 1.8000000000000003, -5, 2.2999500000000004, 1.80125, -4.999950000000001, -0.00936
10, 2.2999999999999994, 1.9000000000000004, -5, 2.2999, 1.90185, -5.00005, -0.009392
10, 2.2999999999999994, 2.0000000000000004, -5, 2.29975, 1.9967000000000001, -5.000100000000001, -0.009345
10, 2.2999999999999994, 2.1000000000000005, -5, 2.2995, 2.10285, -5.000100000000001, -0.009397
11, 2.3999999999999995, 2.1000000000000005, -5, 2.39915, 2.0999, -5.0, -0.00934
11, 2.4999999999999996, 2.1000000000000005, -5, 2.49955, 2.09975, -4.999950000000001, -0.009381
11, 2.5999999999999996, 2.1000000000000005, -5, 2.6021000000000005, 2.09985, -4.999950000000001, -0.009376
11, 2.6999999999999997, 2.1000000000000005, -5, 2.70005, 2.10005, -4.999950000000001, -0.009314
11, 2.8, 2.1000000000000005, -5, 2.7968, 2.10025, -4.999950000000001, -0.009397
11, 2.9, 2.1000000000000005, -5, 2.9042000000000003, 2.1, -4.999950000000001, -0.009324
11, 3.0, 2.1000000000000005, -5, 2.904, 2.10005, -5.0, -0.009387
11, 3.1, 2.1000000000000005, -5, 3.0949, 2.1, -5.0, -0.00935
11, 3.2, 2.1000000000000005, -5, 3.2052000000000005, 2.1001, -5.0, -0.009407
11, 3.3000000000000003, 2.1000000000000005, -5, 3.29755, 2.10005, -5.0, -0.009345
11, 3.4000000000000004, 2.1000000000000005, -5, 3.3959500000000005, 2.0999, -5.0, -0.009392
11, 3.4000000000000004, 2.0000000000000004, -5, 3.40205, 1.9976500000000001, -5.0, -0.009366
11, 3.4000000000000004, 1.9000000000000004, -5, 3.3997, 1.9011500000000001, -5.0, -0.00936
11, 3.4000000000000004, 1.8000000000000003, -5, 3.4005, 1.8005, -5.0, -0.009366
11, 3.4000000000000004, 1.7000000000000002, -5, 3.40075, 1.6973500000000001, -4.999950000000001, -0.009355
11, 3.4000000000000004, 1.6, -5, 3.40025, 1.6025, -5.0, -0.009407
11, 3.4000000000000004, 1.5, -5, 3.40055, 1.4995500000000002, -4.999950000000001, -0.009334
11, 3.4000000000000004, 1.4, -5, 3.40045, 1.3988500000000001, -4.999950000000001, -0.009397
11, 3.4000000000000004, 1.2999999999999998, -5, 3.39975, 1.30225, -4.999950000000001, -0.009355
11, 3.4000000000000004, 1.1999999999999997, -5, 3.3997, 1.1993500000000001, -5.00005, -0.009355
11, 3.4000000000000004, 1.0999999999999996, -5, 3.40025, 1.0987, -5.00005, -0.009407
11, 3.4000000000000004, 0.9999999999999997, -5, 3.4003500000000004, 1.0013, -5.000100000000001, -0.009355
12, 3.3000000000000003, 0.9999999999999997, -5, 3.3020500000000004, 1.00005, -5.000100000000001, -0.009402
12, 3.2, 0.9999999999999997, -5, 3.204, 0.99995, -5.000100000000001, -0.00935
12, 3.1, 0.9999999999999997, -5, 3.0946000000000002, 0.9996, -5.000100000000001, -0.009381
12, 3.0, 0.9999999999999997, -5, 3.003, 1.0, -5.000100000000001, -0.009392
12, 2.9, 0.9999999999999997, -5, 3.0018000000000002, 1.00015, -5.000100000000001, -0.009324
12, 2.8, 0.9999999999999997, -5, 2.80005, 1.0, -5.00005, -0.009402
12, 2.6999999999999997, 0.9999999999999997, -5, 2.7996000000000003, 1.00015, -5.00005, -0.00934
12, 2.5999999999999996, 0.9999999999999997, -5, 2.60245, 1.0, -5.0, -0.009397
12, 2.4999999999999996, 0.9999999999999997, -5, 2.49935, 1.00015, -4.999950000000001, -0.00934
12, 2.3999999999999995, 0.9999999999999997, -5, 2.3995, 1.0003, -5.0, -0.009387
12, 2.2999999999999994, 0.9999999999999997, -5, 2.3008, 1.00015, -5.0, -0.009397
12, 2.1999999999999993, 0.9999999999999997, -5, 2.2004, 0.9997, -5.0, -0.009329
12, 2.1999999999999993, 1.0999999999999996, -5, 2.1995, 1.099, -5.0, -0.009407
12, 2.1999999999999993, 1.1999999999999997, -5, 2.19825, 1.2, -5.00005, -0.00934
12, 2.1999999999999993, 1.2999999999999998, -5, 2.19975, 1.3020500000000002, -4.999950000000001, -0.009407
12, 2.1999999999999993, 1.4, -5, 2.2, 1.3978000000000002, -4.9999, -0.00935
12, 2.1999999999999993, 1.5, -5, 2.19985, 1.4993, -4.9999, -0.009334
12, 2.1999999999999993, 1.6, -5, 2.2003000000000004, 1.6024500000000002, -4.9999, -0.009366
12, 2.1999999999999993, 1.7000000000000002, -5, 2.1995500000000003, 1.6971, -4.9999, -0.009334
12, 2.1999999999999993, 1.8000000000000003, -5, 2.19965, 1.80115, -4.999950000000001, -0.009397
12, 2.1999999999999993, 1.9000000000000004, -5, 2.1995500000000003, 1.9016000000000002, -5.0, -0.009324
12, 2.1999999999999993, 2.0000000000000004, -5, 2.20025, 1.9969000000000001, -5.0, -0.009334
12, 2.1999999999999993, 2.1000000000000005, -5, 2.1998, 2.1029500000000003, -5.0, -0.009371
12, 2.1999999999999993, 2.2000000000000006, -5, 2.19985, 2.1998, -5.0, -0.009324
13, 2.2999999999999994, 2.2000000000000006, -5, 2.30005, 2.20005, -4.9999, -0.009402
13, 2.3999999999999995, 2.2000000000000006, -5, 2.39785, 2.20025, -4.9999, -0.009345
13, 2.4999999999999996, 2.2000000000000006, -5, 2.4997000000000003, 2.2, -4.999950000000001, -0.009397
13, 2.5999999999999996, 2.2000000000000006, -5, 2.4994500000000004, 2.2001500000000003, -4.999950000000001, -0.009334
13, 2.6999999999999997, 2.2000000000000006, -5, 2.702, 2.2001, -5.00005, -0.009397
13, 2.8, 2.2000000000000006, -5, 2.7972, 2.1995999999999998, -5.0001500000000005, -0.009324
13, 2.9, 2.2000000000000006, -5, 2.9040500000000002, 2.1995500000000003, -5.000100000000001, -0.009397
13, 3.0, 2.2000000000000006, -5, 2.9988500000000005, 2.20025, -5.0001500000000005, -0.009402
13, 3.1, 2.2000000000000006, -5, 3.09625, 2.2001500000000003, -5.0001500000000005, -0.009329
13, 3.2, 2.2000000000000006, -5, 3.2057, 2.2001500000000003, -5.00005, -0.009407
13, 3.3000000000000003, 2.2000000000000006, -5, 3.29765, 2.2001, -4.999950000000001, -0.009329
13, 3.4000000000000004, 2.2000000000000006, -5, 3.396, 2.19975, -4.99985, -0.009402
13, 3.5000000000000004, 2.2000000000000006, -5, 3.50645, 2.19965, -4.99985, -0.009334
13, 3.5000000000000004, 2.1000000000000005, -5, 3.50075, 2.10015, -4.99985, -0.009392
13, 3.5000000000000004, 2.0000000000000004, -5, 3.5003, 1.9975500000000002, -4.999950000000001, -0.009345
13, 3.5000000000000004, 1.9000000000000004, -5, 3.5004, 1.9022000000000001, -4.999950000000001, -0.00935
13, 3.5000000000000004, 1.8000000000000003, -5, 3.50075, 1.8003500000000001, -5.00005, -0.009392
13, 3.5000000000000004, 1.7000000000000002, -5, 3.5000500000000003, 1.6973500000000001, -5.0001500000000005, -0.009334
13, 3.5000000000000004, 1.6, -5, 3.5008000000000004, 1.6023500000000002, -5.000100000000001, -0.009387
13, 3.5000000000000004, 1.5, -5, 3.5, 1.4995500000000002, -5.000100000000001, -0.00934
13, 3.5000000000000004, 1.4, -5, 3.49975, 1.3983, -5.000100000000001, -0.009402
13, 3.5000000000000004, 1.2999999999999998, -5, 3.5000500000000003, 1.30245, -5.000100000000001, -0.009345
13, 3.5000000000000004, 1.1999999999999997, -5, 3.4995, 1.3026000000000002, -5.00005, -0.009402
13, 3.5000000000000004, 1.0999999999999996, -5, 3.5008000000000004, 1.0985, -5.0, -0.009334
13, 3.5000000000000004, 0.9999999999999997, -5, 3.5007, 1.00005, -5.0, -0.009402
13, 3.5000000000000004, 0.8999999999999997, -5, 3.50015, 0.9006500000000001, -5.0, -0.009397
14, 3.4000000000000004, 0.8999999999999997, -5, 3.3958000000000004, 0.90035, -5.00005, -0.00934
14, 3.3000000000000003, 0.8999999999999997, -5, 3.3011000000000004, 0.89995, -5.0, -0.009407
14, 3.2, 0.8999999999999997, -5, 3.2034000000000002, 0.8995500000000001, -4.999950000000001, -0.009329
14, 3.1, 0.8999999999999997, -5, 3.0949500000000003, 0.9001500000000001, -4.9999, -0.009376
14, 3.0, 0.8999999999999997, -5, 3.0023500000000003, 0.90005, -4.99985, -0.009334
14, 2.9, 0.8999999999999997, -5, 2.9021000000000003, 0.9001, -4.9999, -0.009397
14, 2.8, 0.8999999999999997, -5, 2.7969500000000003, 0.8999000000000001, -4.9999, -0.009334
14, 2.6999999999999997, 0.8999999999999997, -5, 2.70075, 0.9001500000000001, -4.999950000000001, -0.009381
14, 2.5999999999999996, 0.8999999999999997, -5, 2.6008500000000003, 0.9, -5.0, -0.00934
14, 2.4999999999999996, 0.8999999999999997, -5, 2.6005, 0.9, -5.0, -0.009345
14, 2.3999999999999995, 0.8999999999999997, -5, 2.60065, 0.9, -4.999950000000001, -0.009381
14, 2.2999999999999994, 0.8999999999999997, -5, 2.6006000000000005, 0.9, -5.0, -0.009324
14, 2.1999999999999993, 0.8999999999999997, -5, 2.60065, 0.90005, -5.0, -0.009402
14, 2.099999999999999, 0.8999999999999997, -5, 2.0976, 0.90005, -4.999950000000001, -0.009366
14, 2.099999999999999, 0.9999999999999997, -5, 2.0986, 1.0017, -5.000100000000001, -0.009355
14, 2.099999999999999, 1.0999999999999996, -5, 2.09985, 1.0973, -5.0001500000000005, -0.009392
14, 2.099999999999999, 1.1999999999999997, -5, 2.0997000000000003, 1.19975, -5.0001500000000005, -0.009355
14, 2.099999999999999, 1.2999999999999998, -5, 2.0997000000000003, 1.30255, -5.0002, -0.009387
14, 2.099999999999999, 1.4, -5, 2.09995, 1.39765, -5.0001500000000005, -0.00934
14, 2.099999999999999, 1.5, -5, 2.1001, 1.4991, -5.00005, -0.00934
14, 2.099999999999999, 1.6, -5, 2.1005, 1.60275, -4.99985, -0.00936
14, 2.099999999999999, 1.7000000000000002, -5, 2.09905, 1.69695, -4.99985, -0.009355
14, 2.099999999999999, 1.8000000000000003, -5, 2.0995500000000002, 1.8004, -4.99985, -0.009407
14, 2.099999999999999, 1.9000000000000004, -5, 2.09965, 1.90185, -4.99985, -0.009345
14, 2.099999999999999, 2.0000000000000004, -5, 2.1002, 1.997, -5.0, -0.009402
14, 2.099999999999999, 2.1000000000000005, -5, 2.0999, 2.103, -5.0, -0.00936
14, 2.099999999999999, 2.2000000000000006, -5, 2.10055, 2.1029, -5.0, -0.009387
14, 2.099999999999999, 2.3000000000000007, -5, 2.0995999999999997, 2.2986, -5.0, -0.009355
15, 2.1999999999999993, 2.3000000000000007, -5, 2.2011, 2.29955, -4.9999, -0.009334
15, 2.2999999999999994, 2.3000000000000007, -5, 2.3025, 2.29935, -4.99985, -0.009407
15, 2.3999999999999995, 2.3000000000000007, -5, 2.3989000000000003, 2.30045, -4.999950000000001, -0.009329
15, 2.4999999999999996, 2.3000000000000007, -5, 2.4984, 2.3005, -5.00005, -0.009402
15, 2.5999999999999996, 2.3000000000000007, -5, 2.60225, 2.29925, -5.000100000000001, -0.009345
15, 2.6999999999999997, 2.3000000000000007, -5, 2.70025, 2.3001, -5.0001500000000005, -0.009392
15, 2.8, 2.3000000000000007, -5, 2.7971000000000004, 2.30015, -5.000100000000001, -0.009329
15, 2.9, 2.3000000000000007, -5, 2.9032000000000004, 2.30015, -5.0001500000000005, -0.009397
15, 3.0, 2.3000000000000007, -5, 3.00015, 2.2999500000000004, -5.0001500000000005, -0.00935
15, 3.1, 2.3000000000000007, -5, 3.00025, 2.2999500000000004, -5.0001500000000005, -0.009397
15, 3.2, 2.3000000000000007, -5, 3.2005, 2.29975, -5.000100000000001, -0.00934
15, 3.3000000000000003, 2.3000000000000007, -5, 3.2984500000000003, 2.2997, -4.999950000000001, -0.009397
15, 3.4000000000000004, 2.3000000000000007, -5, 3.39645, 2.2998499999999997, -4.99985, -0.00935
15, 3.5000000000000004, 2.3000000000000007, -5, 3.5053500000000004, 2.30015, -4.9999, -0.00935
15, 3.6000000000000005, 2.3000000000000007, -5, 3.598, 2.30025, -4.99985, -0.009392
15, 3.6000000000000005, 2.2000000000000006, -5, 3.6002, 2.2013499999999997, -4.9999, -0.009319
15, 3.6000000000000005, 2.1000000000000005, -5, 3.60035, 2.1009, -4.999950000000001, -0.009387
15, 3.6000000000000005, 2.0000000000000004, -5, 3.6005, 1.9963000000000002, -5.0, -0.009334
15, 3.6000000000000005, 1.9000000000000004, -5, 3.60005, 1.9026500000000002, -5.0, -0.009371
15, 3.6000000000000005, 1.8000000000000003, -5, 3.6005, 1.80055, -4.9999, -0.009381
15, 3.6000000000000005, 1.7000000000000002, -5, 3.60035, 1.6973500000000001, -5.0, -0.009329
15, 3.6000000000000005, 1.6, -5, 3.6, 1.6027, -5.0, -0.009397
15, 3.6000000000000005, 1.5, -5, 3.6001000000000003, 1.4995500000000002, -4.999950000000001, -0.009376
15, 3.6000000000000005, 1.4, -5, 3.6001000000000003, 1.39815, -5.000100000000001, -0.009329
15, 3.6000000000000005, 1.2999999999999998, -5, 3.6002, 1.30245, -5.000100000000001, -0.009397
15, 3.6000000000000005, 1.1999999999999997, -5, 3.60035, 1.1986, -5.000100000000001, -0.009324
15, 3.6000000000000005, 1.0999999999999996, -5, 3.6005, 1.0997999999999999, -5.000100000000001, -0.009402
15, 3.6000000000000005, 0.9999999999999997, -5, 3.6, 0.99995, -5.000100000000001, -0.00935
15, 3.6000000000000005, 0.8999999999999997, -5, 3.60005, 0.90195, -5.000100000000001, -0.009381
15, 3.6000000000000005, 0.7999999999999997, -5, 3.6, 0.799, -5.000100000000001, -0.009402
16, 3.5000000000000004, 0.7999999999999997, -5, 3.5035, 0.79875, -5.000100000000001, -0.009334
16, 3.4000000000000004, 0.7999999999999997, -5, 3.3962000000000003, 0.80035, -5.00005, -0.009413
16, 3.3000000000000003, 0.7999999999999997, -5, 3.3011000000000004, 0.8003000000000001, -5.00005, -0.009355
16, 3.2, 0.7999999999999997, -5, 3.20255, 0.8002, -5.0, -0.009371
16, 3.1, 0.7999999999999997, -5, 3.095, 0.8001500000000001, -5.0, -0.009376
16, 3.0, 0.7999999999999997, -5, 3.0024, 0.79995, -5.0, -0.009345
16, 2.9, 0.7999999999999997, -5, 2.9024500000000004, 0.7998000000000001, -5.0, -0.009407
16, 2.8, 0.7999999999999997, -5, 2.79615, 0.8, -5.0, -0.009334
16, 2.6999999999999997, 0.7999999999999997, -5, 2.796, 0.7998500000000001, -4.999950000000001, -0.009397
16, 2.5999999999999996, 0.7999999999999997, -5, 2.60205, 0.8, -4.9999, -0.009381
16, 2.4999999999999996, 0.7999999999999997, -5, 2.4998, 0.79995, -4.9999, -0.009392
16, 2.3999999999999995, 0.7999999999999997, -5, 2.3992000000000004, 0.8001500000000001, -4.9999, -0.009334
16, 2.2999999999999994, 0.7999999999999997, -5, 2.30085, 0.80005, -4.9999, -0.009387
16, 2.1999999999999993, 0.7999999999999997, -5, 2.3005999999999998, 0.80005, -4.9999, -0.009355
16, 2.099999999999999, 0.7999999999999997, -5, 2.09695, 0.8, -4.999950000000001, -0.009397
16, 1.9999999999999991, 0.7999999999999997, -5, 2.0038, 0.79995, -4.999950000000001, -0.009329
16, 1.9999999999999991, 0.8999999999999997, -5, 1.99945, 0.9011500000000001, -5.0, -0.009392
16, 1.9999999999999991, 0.9999999999999997, -5, 1.999, 1.0002, -5.0, -0.009345
16, 1.9999999999999991, 1.0999999999999996, -5, 1.9999, 1.09885, -5.00005, -0.009381
16, 1.9999999999999991, 1.1999999999999997, -5, 1.9998000000000002, 1.09885, -5.00005, -0.009407
16, 1.9999999999999991, 1.2999999999999998, -5, 1.9994, 1.3021500000000001, -5.000100000000001, -0.009324
16, 1.9999999999999991, 1.4, -5, 1.99975, 1.39785, -5.000100000000001, -0.009407
16, 1.9999999999999991, 1.5, -5, 1.9998000000000002, 1.4991, -5.000100000000001, -0.009334
16, 1.9999999999999991, 1.6, -5, 1.99975, 1.6028000000000002, -5.0001500000000005, -0.009413
16, 1.9999999999999991, 1.7000000000000002, -5, 1.9997, 1.6970500000000002, -5.0001500000000005, -0.00934
16, 1.9999999999999991, 1.8000000000000003, -5, 1.9996500000000001, 1.8004, -5.00005, -0.009345
16, 1.9999999999999991, 1.9000000000000004, -5, 1.99975, 1.90185, -4.999950000000001, -0.009371
16, 1.9999999999999991, 2.0000000000000004, -5, 1.9999500000000001, 1.9970500000000002, -4.99985, -0.00934
16, 1.9999999999999991, 2.1000000000000005, -5, 1.9999, 2.103, -4.99985, -0.009402
16, 1.9999999999999991, 2.2000000000000006, -5, 1.9998000000000002, 2.1992000000000003, -4.99985, -0.009376
16, 1.9999999999999991, 2.3000000000000007, -5, 1.9996500000000001, 2.29965, -4.999950000000001, -0.009387
16, 1.9999999999999991, 2.400000000000001, -5, 2.0, 2.3996, -5.000100000000001, -0.00936
17, 2.099999999999999, 2.400000000000001, -5, 2.098, 2.40025, -4.9999, -0.009397
17, 2.1999999999999993, 2.400000000000001, -5, 2.2014500000000004, 2.40015, -4.9999, -0.009345
17, 2.2999999999999994, 2.400000000000001, -5, 2.3026, 2.4001, -4.999950000000001, -0.009407
17, 2.3999999999999995, 2.400000000000001, -5, 2.3987000000000003, 2.3998000000000004, -5.00005, -0.009329
17, 2.4999999999999996, 2.400000000000001, -5, 2.4991000000000003, 2.3996500000000003, -5.000100000000001, -0.009397
17, 2.5999999999999996, 2.400000000000001, -5, 2.60215, 2.3998000000000004, -5.000100000000001, -0.009329
17, 2.6999999999999997, 2.400000000000001, -5, 2.6995500000000003, 2.4002000000000003, -5.000100000000001, -0.009345
17, 2.8, 2.400000000000001, -5, 2.7973000000000003, 2.4002000000000003, -5.000100000000001, -0.00935
17, 2.9, 2.400000000000001, -5, 2.9042000000000003, 2.40025, -5.0001500000000005, -0.009329
17, 3.0, 2.400000000000001, -5, 2.99955, 2.3999500000000005, -5.0001500000000005, -0.009397
17, 3.1, 2.400000000000001, -5, 2.99955, 2.4, -5.0001500000000005, -0.009345
17, 3.2, 2.400000000000001, -5, 2.99955, 2.4, -5.0001500000000005, -0.009355
17, 3.3000000000000003, 2.400000000000001, -5, 2.99955, 2.3999500000000005, -5.0001500000000005, -0.009413
17, 3.4000000000000004, 2.400000000000001, -5, 2.99955, 2.4, -5.0002, -0.00934
17, 3.5000000000000004, 2.400000000000001, -5, 2.99955, 2.3999500000000005, -5.0001500000000005, -0.009392
17, 3.6000000000000005, 2.400000000000001, -5, 3.59785, 2.39975, -5.000100000000001, -0.009376
17, 3.7000000000000006, 2.400000000000001, -5, 3.69715, 2.3999500000000005, -5.0, -0.00935
17, 3.7000000000000006, 2.3000000000000007, -5, 3.70075, 2.2999, -5.0, -0.009392
17, 3.7000000000000006, 2.2000000000000006, -5, 3.70065, 2.2002, -4.99985, -0.009334
17, 3.7000000000000006, 2.1000000000000005, -5, 3.7003000000000004, 2.101, -4.99985, -0.009397
17, 3.7000000000000006, 2.0000000000000004, -5, 3.7004, 1.99635, -4.99985, -0.009334
17, 3.7000000000000006, 1.9000000000000004, -5, 3.7003000000000004, 1.9025, -4.9999, -0.009355
17, 3.7000000000000006, 1.8000000000000003, -5, 3.7004, 1.8008000000000002, -5.0, -0.009397
17, 3.7000000000000006, 1.7000000000000002, -5, 3.69915, 1.6974, -5.0, -0.009324
17, 3.7000000000000006, 1.6, -5, 3.7003000000000004, 1.6026000000000002, -5.0, -0.009402
17, 3.7000000000000006, 1.5, -5, 3.7007000000000003, 1.4996, -5.0, -0.00934
17, 3.7000000000000006, 1.4, -5, 3.6995500000000003, 1.39825, -5.0, -0.009387
17, 3.7000000000000006, 1.2999999999999998, -5, 3.6998, 1.30245, -5.0, -0.00934
17, 3.7000000000000006, 1.1999999999999997, -5, 3.7008500000000004, 1.1984000000000001, -5.0, -0.00935
17, 3.7000000000000006, 1.0999999999999996, -5, 3.7001000000000004, 1.0998500000000002, -5.0, -0.009355
17, 3.7000000000000006, 0.9999999999999997, -5, 3.6998, 1.00005, -5.0, -0.009319
17, 3.7000000000000006, 0.8999999999999997, -5, 3.7003500000000003, 0.90185, -5.0, -0.009397
17, 3.7000000000000006, 0.7999999999999997, -5, 3.7004500000000005, 0.799, -5.0, -0.009324
17, 3.7000000000000006, 0.6999999999999997, -5, 3.7001000000000004, 0.69975, -5.0, -0.009392
18, 3.6000000000000005, 0.6999999999999997, -5, 3.6011, 0.6998000000000001, -5.00005, -0.00934
18, 3.5000000000000004, 0.6999999999999997, -5, 3.504, 0.6998000000000001, -5.000100000000001, -0.009381
18, 3.4000000000000004, 0.6999999999999997, -5, 3.397, 0.6999500000000001, -5.000100000000001, -0.009366
18, 3.3000000000000003, 0.6999999999999997, -5, 3.2997, 0.7001000000000001, -5.000100000000001, -0.00936
18, 3.2, 0.6999999999999997, -5, 3.20375, 0.7002, -5.000100000000001, -0.009423
18, 3.1, 0.6999999999999997, -5, 3.0949500000000003, 0.7003, -5.000100000000001, -0.009334
18, 3.0, 0.6999999999999997, -5, 3.00205, 0.7002, -5.000100000000001, -0.009407
18, 2.9, 0.6999999999999997, -5, 2.90225, 0.7002, -5.00005, -0.009329
18, 2.8, 0.6999999999999997, -5, 2.79625, 0.7002, -5.0, -0.009387
18, 2.6999999999999997, 0.6999999999999997, -5, 2.70165, 0.6999000000000001, -5.0, -0.009371
18, 2.5999999999999996, 0.6999999999999997, -5, 2.60065, 0.6994000000000001, -5.0, -0.009324
18, 2.4999999999999996, 0.6999999999999997, -5, 2.4991000000000003, 0.70015, -4.999950000000001, -0.009387
18, 2.3999999999999995, 0.6999999999999997, -5, 2.3990500000000003, 0.70035, -4.9999, -0.009319
18, 2.2999999999999994, 0.6999999999999997, -5, 2.3009500000000003, 0.7002, -4.999950000000001, -0.009371
18, 2.1999999999999993, 0.6999999999999997, -5, 2.1999500000000003, 0.70035, -4.9999, -0.009413
18, 2.099999999999999, 0.6999999999999997, -5, 2.09615, 0.69985, -4.9999, -0.009334
18, 1.9999999999999991, 0.6999999999999997, -5, 2.00365, 0.69945, -4.9999, -0.009407
18, 1.899999999999999, 0.6999999999999997, -5, 1.89945, 0.7003, -4.999950000000001, -0.009345
18, 1.899999999999999, 0.7999999999999997, -5, 1.8986500000000002, 0.7986, -5.00005, -0.009392
18, 1.899999999999999, 0.8999999999999997, -5, 1.8999000000000001, 0.90225, -5.000100000000001, -0.009324
18, 1.899999999999999, 0.9999999999999997, -5, 1.9, 0.9999000000000001, -5.000100000000001, -0.009334
18, 1.899999999999999, 1.0999999999999996, -5, 1.89965, 1.09885, -5.0001500000000005, -0.009402
18, 1.899999999999999, 1.1999999999999997, -5, 1.89945, 1.19965, -5.0001500000000005, -0.009334
18, 1.899999999999999, 1.2999999999999998, -5, 1.89955, 1.3021, -5.000100000000001, -0.009397
18, 1.899999999999999, 1.4, -5, 1.8996000000000002, 1.3981000000000001, -5.00005, -0.00935
18, 1.899999999999999, 1.5, -5, 1.89995, 1.4990500000000002, -5.0, -0.009314
18, 1.899999999999999, 1.6, -5, 1.90015, 1.6027, -5.00005, -0.009407
18, 1.899999999999999, 1.7000000000000002, -5, 1.9, 1.6971500000000002, -4.999950000000001, -0.009319
18, 1.899999999999999, 1.8000000000000003, -5, 1.9004, 1.6970500000000002, -4.999950000000001, -0.009407
18, 1.899999999999999, 1.9000000000000004, -5, 1.89985, 1.90175, -4.99985, -0.009329
18, 1.899999999999999, 2.0000000000000004, -5, 1.89955, 1.99825, -4.99985, -0.009392
18, 1.899999999999999, 2.1000000000000005, -5, 1.899, 2.10155, -4.9999, -0.009334
18, 1.899999999999999, 2.2000000000000006, -5, 1.9003, 2.2004500000000005, -4.9999, -0.009329
18, 1.899999999999999, 2.3000000000000007, -5, 1.9001000000000001, 2.29885, -5.0, -0.009397
18, 1.899999999999999, 2.400000000000001, -5, 1.89995, 2.40065, -5.0, -0.00934
18, 1.899999999999999, 2.500000000000001, -5, 1.90025, 2.50015, -5.00005, -0.009392
19, 1.9999999999999991, 2.500000000000001, -5, 2.00045, 2.5002000000000004, -4.9998000000000005, -0.009324
19, 2.099999999999999, 2.500000000000001, -5, 2.0961, 2.5003500000000005, -4.99985, -0.009392
19, 2.1999999999999993, 2.500000000000001, -5, 2.2015, 2.5000500000000003, -5.0, -0.00934
19, 2.2999999999999994, 2.500000000000001, -5, 2.3024, 2.5000500000000003, -5.0, -0.009387
19, 2.3999999999999995, 2.500000000000001, -5, 2.3986, 2.49995, -5.000100000000001, -0.009345
19, 2.4999999999999996, 2.500000000000001, -5, 2.49905, 2.49955, -5.0001500000000005, -0.009376
19, 2.5999999999999996, 2.500000000000001, -5, 2.60185, 2.5, -5.0001500000000005, -0.009366
19, 2.6999999999999997, 2.500000000000001, -5, 2.6017, 2.5000500000000003, -5.0001500000000005, -0.009329
19, 2.8, 2.500000000000001, -5, 2.7967000000000004, 2.5, -5.0001500000000005, -0.009329
19, 2.9, 2.500000000000001, -5, 2.9046000000000003, 2.5, -5.0001500000000005, -0.009376
19, 3.0, 2.500000000000001, -5, 2.9996000000000005, 2.5001, -5.00005, -0.009392
19, 3.1, 2.500000000000001, -5, 3.09575, 2.5000500000000003, -4.9999, -0.009314
19, 3.2, 2.500000000000001, -5, 3.20595, 2.49995, -4.9998000000000005, -0.009423
19, 3.3000000000000003, 2.500000000000001, -5, 3.2973500000000002, 2.49955, -4.9998000000000005, -0.00934
19, 3.4000000000000004, 2.500000000000001, -5, 3.39615, 2.49995, -4.99985, -0.009392
19, 3.5000000000000004, 2.500000000000001, -5, 3.50665, 2.5000500000000003, -4.9999, -0.009319
19, 3.6000000000000005, 2.500000000000001, -5, 3.5969, 2.5000500000000003, -5.0, -0.009407
19, 3.7000000000000006, 2.500000000000001, -5, 3.6972000000000005, 2.50015, -5.0, -0.009381
19, 3.8000000000000007, 2.500000000000001, -5, 3.80315, 2.5, -5.0, -0.009366
19, 3.8000000000000007, 2.400000000000001, -5, 3.8021000000000003, 2.39895, -4.999950000000001, -0.009387
19, 3.8000000000000007, 2.3000000000000007, -5, 3.7993500000000004, 2.2999, -5.0, -0.009407
19, 3.8000000000000007, 2.2000000000000006, -5, 3.79975, 2.2004, -5.0, -0.009381
19, 3.8000000000000007, 2.1000000000000005, -5, 3.8011000000000004, 2.10065, -5.0, -0.009329
19, 3.8000000000000007, 2.0000000000000004, -5, 3.80005, 1.9963000000000002, -4.999950000000001, -0.009376
19, 3.8000000000000007, 1.9000000000000004, -5, 3.8005500000000003, 1.9023500000000002, -5.00005, -0.00935
19, 3.8000000000000007, 1.8000000000000003, -5, 3.8003500000000003, 1.80085, -5.0001500000000005, -0.009324
19, 3.8000000000000007, 1.7000000000000002, -5, 3.8003500000000003, 1.6974500000000001, -5.000100000000001, -0.009397
19, 3.8000000000000007, 1.6, -5, 3.8003, 1.6026500000000001, -5.000100000000001, -0.00934
19, 3.8000000000000007, 1.5, -5, 3.80015, 1.4995, -5.000100000000001, -0.009376
19, 3.8000000000000007, 1.4, -5, 3.7995, 1.3983, -5.00005, -0.00934
19, 3.8000000000000007, 1.2999999999999998, -5, 3.80005, 1.30245, -5.0, -0.009392
19, 3.8000000000000007, 1.1999999999999997, -5, 3.80025, 1.1984000000000001, -4.999950000000001, -0.00934
19, 3.8000000000000007, 1.0999999999999996, -5, 3.8003, 1.09995, -4.9998000000000005, -0.009381
19, 3.8000000000000007, 0.9999999999999997, -5, 3.8, 1.0002, -4.9998000000000005, -0.009381
19, 3.8000000000000007, 0.8999999999999997, -5, 3.79955, 1.0003, -4.99985, -0.009324
19, 3.8000000000000007, 0.7999999999999997, -5, 3.80025, 0.8002, -4.99985, -0.009387
19, 3.8000000000000007, 0.6999999999999997, -5, 3.8004000000000002, 0.69985, -4.9999, -0.009314
19, 3.8000000000000007, 0.5999999999999998, -5, 3.80025, 0.6019500000000001, -4.999950000000001, -0.009387
20, 3.7000000000000006, 0.5999999999999998, -5, 3.69715, 0.6002000000000001, -5.000100000000001, -0.00934
20, 3.6000000000000005, 0.5999999999999998, -5, 3.6968, 0.6001000000000001, -5.000100000000001, -0.00936
20, 3.5000000000000004, 0.5999999999999998, -5, 3.50565, 0.5999, -5.0001500000000005, -0.009329
20, 3.4000000000000004, 0.5999999999999998, -5, 3.39575, 0.5999, -5.0001500000000005, -0.009366
20, 3.3000000000000003, 0.5999999999999998, -5, 3.30015, 0.6000500000000001, -5.0001500000000005, -0.009413
20, 3.2, 0.5999999999999998, -5, 3.3002000000000002, 0.6, -5.0001500000000005, -0.009355
20, 3.1, 0.5999999999999998, -5, 3.3003500000000003, 0.5999500000000001, -5.0001500000000005, -0.009413
20, 3.0, 0.5999999999999998, -5, 3.00105, 0.6001000000000001, -5.0001500000000005, -0.00935
20, 2.9, 0.5999999999999998, -5, 2.9029000000000003, 0.60015, -5.0, -0.009392
20, 2.8, 0.5999999999999998, -5, 2.7956000000000003, 0.60025, -5.0, -0.009355
20, 2.6999999999999997, 0.5999999999999998, -5, 2.70175, 0.6000500000000001, -5.0, -0.009397
20, 2.5999999999999996, 0.5999999999999998, -5, 2.60075, 0.5999500000000001, -5.0, -0.00936
20, 2.4999999999999996, 0.5999999999999998, -5, 2.4988, 0.5999, -5.0, -0.009345
20, 2.3999999999999995, 0.5999999999999998, -5, 2.4001, 0.5999, -5.0, -0.009387
20, 2.2999999999999994, 0.5999999999999998, -5, 2.3009500000000003, 0.59985, -5.0, -0.009334
20, 2.1999999999999993, 0.5999999999999998, -5, 2.2004500000000005, 0.6002000000000001, -4.999950000000001, -0.009413
20, 2.099999999999999, 0.5999999999999998, -5, 2.0955500000000002, 0.60035, -4.9999, -0.00934
20, 1.9999999999999991, 0.5999999999999998, -5, 2.00345, 0.6002000000000001, -4.9999, -0.00936
20, 1.899999999999999, 0.5999999999999998, -5, 1.8991500000000001, 0.6002000000000001, -4.9999, -0.009428
20, 1.799999999999999, 0.5999999999999998, -5, 1.7974, 0.5999500000000001, -4.9999, -0.009329
20, 1.799999999999999, 0.6999999999999997, -5, 1.79885, 0.7007000000000001, -4.9999, -0.009381
20, 1.799999999999999, 0.7999999999999997, -5, 1.7997, 0.7966500000000001, -4.999950000000001, -0.009345
20, 1.799999999999999, 0.8999999999999997, -5, 1.79975, 0.9016000000000001, -5.0, -0.009397
20, 1.799999999999999, 0.9999999999999997, -5, 1.7998000000000003, 1.00045, -5.00005, -0.009381
20, 1.799999999999999, 1.0999999999999996, -5, 1.7995, 1.09885, -5.0001500000000005, -0.00934
20, 1.799999999999999, 1.1999999999999997, -5, 1.7995500000000002, 1.1995, -5.0001500000000005, -0.009397
20, 1.799999999999999, 1.2999999999999998, -5, 1.79975, 1.30225, -5.0001500000000005, -0.00934
20, 1.799999999999999, 1.4, -5, 1.79975, 1.3980500000000002, -5.000100000000001, -0.009387
20, 1.799999999999999, 1.5, -5, 1.8, 1.499, -5.0, -0.009371
20, 1.799999999999999, 1.6, -5, 1.80025, 1.6027, -5.0, -0.009319
20, 1.799999999999999, 1.7000000000000002, -5, 1.7998500000000002, 1.6971500000000002, -5.0, -0.009387
20, 1.799999999999999, 1.8000000000000003, -5, 1.7995500000000002, 1.8005, -5.00005, -0.009329
20, 1.799999999999999, 1.9000000000000004, -5, 1.7994, 1.9019000000000001, -4.999950000000001, -0.009407
20, 1.799999999999999, 2.0000000000000004, -5, 1.7996500000000002, 1.9971, -4.99985, -0.009329
20, 1.799999999999999, 2.1000000000000005, -5, 1.7998500000000002, 2.1028000000000002, -4.99985, -0.009392
20, 1.799999999999999, 2.2000000000000006, -5, 1.7998000000000003, 2.1991, -4.99985, -0.009376
20, 1.799999999999999, 2.3000000000000007, -5, 1.7998000000000003, 2.2997, -4.999950000000001, -0.009371
20, 1.799999999999999, 2.400000000000001, -5, 1.7996500000000002, 2.40015, -4.999950000000001, -0.009413
20, 1.799999999999999, 2.500000000000001, -5, 1.7997, 2.5005, -5.0, -0.009345
20, 1.799999999999999, 2.600000000000001, -5, 1.7998000000000003, 2.6006000000000005, -5.00005, -0.009413
21, 1.899999999999999, 2.600000000000001, -5, 1.9013000000000002, 2.6002, -4.9998000000000005, -0.00934
21, 1.9999999999999991, 2.600000000000001, -5, 2.00335, 2.60005, -4.99975, -0.009402
21, 2.099999999999999, 2.600000000000001, -5, 2.0976, 2.59995, -4.999950000000001, -0.009334
21, 2.1999999999999993, 2.600000000000001, -5, 2.20095, 2.5999, -5.00005, -0.009376
21, 2.2999999999999994, 2.600000000000001, -5, 2.30255, 2.5998500000000004, -5.000100000000001, -0.00935
21, 2.3999999999999995, 2.600000000000001, -5, 2.39855, 2.5998500000000004, -5.000100000000001, -0.009376
21, 2.4999999999999996, 2.600000000000001, -5, 2.4989500000000002, 2.5999, -5.000100000000001, -0.00934
21, 2.5999999999999996, 2.600000000000001, -5, 2.6018000000000003, 2.59995, -5.0001500000000005, -0.00934
21, 2.6999999999999997, 2.600000000000001, -5, 2.6016000000000004, 2.60005, -5.0001500000000005, -0.009387
21, 2.8, 2.600000000000001, -5, 2.7965, 2.60015, -5.0001500000000005, -0.009334
21, 2.9, 2.600000000000001, -5, 2.90465, 2.59995, -5.0001500000000005, -0.009407
21, 3.0, 2.600000000000001, -5, 2.90455, 2.60005, -5.0001500000000005, -0.009355
21, 3.1, 2.600000000000001, -5, 3.0954500000000005, 2.60005, -5.00005, -0.009397
21, 3.2, 2.600000000000001, -5, 3.2058, 2.5999, -4.999950000000001, -0.00935
21, 3.3000000000000003, 2.600000000000001, -5, 3.2981000000000003, 2.5999, -4.9999, -0.009381
21, 3.4000000000000004, 2.600000000000001, -5, 3.3958500000000003, 2.59995, -4.9999, -0.009407
21, 3.5000000000000004, 2.600000000000001, -5, 3.506, 2.5998500000000004, -4.9999, -0.00934
21, 3.6000000000000005, 2.600000000000001, -5, 3.59715, 2.59995, -4.9999, -0.009402
21, 3.7000000000000006, 2.600000000000001, -5, 3.69815, 2.59995, -4.9999, -0.00934
21, 3.8000000000000007, 2.600000000000001, -5, 3.80315, 2.60005, -4.9999, -0.009371
21, 3.900000000000001, 2.600000000000001, -5, 3.8973500000000003, 2.60015, -5.00005, -0.009387
21, 3.900000000000001, 2.500000000000001, -5, 3.90145, 2.4999000000000002, -5.0, -0.009334
21, 3.900000000000001, 2.400000000000001, -5, 3.9009500000000004, 2.39885, -5.0, -0.009397
21, 3.900000000000001, 2.3000000000000007, -5, 3.8996000000000004, 2.2996, -5.0, -0.00935
21, 3.900000000000001, 2.2000000000000006, -5, 3.9003, 2.2013000000000003, -4.999950000000001, -0.009392
21, 3.900000000000001, 2.1000000000000005, -5, 3.9004000000000003, 2.09995, -5.0, -0.009345
21, 3.900000000000001, 2.0000000000000004, -5, 3.9005, 1.99725, -4.999950000000001, -0.009397
21, 3.900000000000001, 1.9000000000000004, -5, 3.90015, 1.9027, -4.999950000000001, -0.009371
21, 3.900000000000001, 1.8000000000000003, -5, 3.8997, 1.9028000000000003, -4.999950000000001, -0.00934
21, 3.900000000000001, 1.7000000000000002, -5, 3.9001000000000006, 1.6974500000000001, -4.999950000000001, -0.009355
21, 3.900000000000001, 1.6, -5, 3.9004000000000003, 1.6026500000000001, -5.0, -0.009376
21, 3.900000000000001, 1.5, -5, 3.90065, 1.4985500000000003, -5.0, -0.009387
21, 3.900000000000001, 1.4, -5, 3.8996500000000003, 1.39985, -5.0, -0.00934
21, 3.900000000000001, 1.2999999999999998, -5, 3.90015, 1.3016, -5.0, -0.009407
21, 3.900000000000001, 1.1999999999999997, -5, 3.9003500000000004, 1.1985, -5.0, -0.00934
21, 3.900000000000001, 1.0999999999999996, -5, 3.9001000000000006, 1.0999, -5.0, -0.009376
21, 3.900000000000001, 0.9999999999999997, -5, 3.9003, 1.00025, -4.999950000000001, -0.009381
21, 3.900000000000001, 0.8999999999999997, -5, 3.9002000000000003, 0.9016000000000001, -5.00005, -0.009329
21, 3.900000000000001, 0.7999999999999997, -5, 3.90015, 0.799, -5.000100000000001, -0.009407
21, 3.900000000000001, 0.6999999999999997, -5, 3.8998000000000004, 0.7991500000000001, -5.000100000000001, -0.009392
21, 3.900000000000001, 0.5999999999999998, -5, 3.8995, 0.60155, -5.000100000000001, -0.009387
21, 3.900000000000001, 0.4999999999999998, -5, 3.9005, 0.49645000000000006, -5.00005, -0.009329
22, 3.8000000000000007, 0.4999999999999998, -5, 3.80175, 0.49985, -5.000100000000001, -0.009402
22, 3.7000000000000006, 0.4999999999999998, -5, 3.6984, 0.5, -5.000100000000001, -0.009345
22, 3.6000000000000005, 0.4999999999999998, -5, 3.6008500000000003, 0.5003, -5.000100000000001, -0.009392
22, 3.5000000000000004, 0.4999999999999998, -5, 3.5035, 0.50025, -5.000100000000001, -0.009355
22, 3.4000000000000004, 0.4999999999999998, -5, 3.39765, 0.5002000000000001, -5.0, -0.009319
22, 3.3000000000000003, 0.4999999999999998, -5, 3.29925, 0.5001, -5.00005, -0.009381
22, 3.2, 0.4999999999999998, -5, 3.2032000000000003, 0.49995000000000006, -4.999950000000001, -0.009329
22, 3.1, 0.4999999999999998, -5, 3.0942000000000003, 0.4999, -4.9999, -0.009392
22, 3.0, 0.4999999999999998, -5, 3.0024, 0.4998, -4.99985, -0.009381
22, 2.9, 0.4999999999999998, -5, 2.90235, 0.50005, -4.9999, -0.009345
22, 2.8, 0.4999999999999998, -5, 2.90205, 0.50005, -4.9999, -0.009392
22, 2.6999999999999997, 0.4999999999999998, -5, 2.69905, 0.5, -4.999950000000001, -0.009329
22, 2.5999999999999996, 0.4999999999999998, -5, 2.5993500000000003, 0.50015, -4.999950000000001, -0.009371
22, 2.4999999999999996, 0.4999999999999998, -5, 2.49915, 0.5002000000000001, -5.0, -0.009355
22, 2.3999999999999995, 0.4999999999999998, -5, 2.4005, 0.5, -5.0, -0.009314
22, 2.2999999999999994, 0.4999999999999998, -5, 2.3997, 0.5001, -5.00005, -0.009387
22, 2.1999999999999993, 0.4999999999999998, -5, 2.202, 0.49995000000000006, -5.00005, -0.009334
22, 2.099999999999999, 0.4999999999999998, -5, 2.0956, 0.5001, -5.0, -0.009387
22, 1.9999999999999991, 0.4999999999999998, -5, 2.0033000000000003, 0.49995000000000006, -5.0, -0.009345
22, 1.899999999999999, 0.4999999999999998, -5, 1.89965, 0.5, -5.0, -0.009387
22, 1.799999999999999, 0.4999999999999998, -5, 1.7975500000000002, 0.5, -5.00005, -0.009345
22, 1.6999999999999988, 0.4999999999999998, -5, 1.70225, 0.5001, -5.0, -0.009392
22, 1.6999999999999988, 0.5999999999999998, -5, 1.7009, 0.60285, -5.00005, -0.009402
22, 1.6999999999999988, 0.6999999999999997, -5, 1.6991, 0.7007000000000001, -5.00005, -0.009334
22, 1.6999999999999988, 0.7999999999999997, -5, 1.6988500000000002, 0.7972, -5.00005, -0.009423
22, 1.6999999999999988, 0.8999999999999997, -5, 1.6998000000000002, 0.9016500000000001, -5.00005, -0.00934
22, 1.6999999999999988, 0.9999999999999997, -5, 1.7003000000000001, 1.00015, -5.00005, -0.009345
22, 1.6999999999999988, 1.0999999999999996, -5, 1.70015, 1.0989, -5.0, -0.00934
22, 1.6999999999999988, 1.1999999999999997, -5, 1.7003000000000001, 1.09885, -5.0, -0.00935
22, 1.6999999999999988, 1.2999999999999998, -5, 1.69965, 1.3021500000000001, -5.00005, -0.00934
22, 1.6999999999999988, 1.4, -5, 1.6993500000000001, 1.3983, -4.999950000000001, -0.009402
22, 1.6999999999999988, 1.5, -5, 1.6997, 1.4985500000000003, -4.9999, -0.009324
22, 1.6999999999999988, 1.6, -5, 1.7002000000000002, 1.6026500000000001, -4.9999, -0.00936
22, 1.6999999999999988, 1.7000000000000002, -5, 1.7002000000000002, 1.69725, -4.9999, -0.00936
22, 1.6999999999999988, 1.8000000000000003, -5, 1.6999000000000002, 1.8, -4.999950000000001, -0.00934
22, 1.6999999999999988, 1.9000000000000004, -5, 1.6997, 1.9021000000000001, -4.999950000000001, -0.009397
22, 1.6999999999999988, 2.0000000000000004, -5, 1.6995, 1.9973500000000002, -5.0, -0.00935
22, 1.6999999999999988, 2.1000000000000005, -5, 1.6995, 2.10265, -5.00005, -0.009387
22, 1.6999999999999988, 2.2000000000000006, -5, 1.6999000000000002, 2.1999, -5.000100000000001, -0.009381
22, 1.6999999999999988, 2.3000000000000007, -5, 1.7001000000000002, 2.19985, -5.000100000000001, -0.009345
22, 1.6999999999999988, 2.400000000000001, -5, 1.70015, 2.3995, -5.0001500000000005, -0.009329
22, 1.6999999999999988, 2.500000000000001, -5, 1.6995500000000001, 2.5006000000000004, -5.000100000000001, -0.009381
22, 1.6999999999999988, 2.600000000000001, -5, 1.6995, 2.6005, -5.00005, -0.009381
22, 1.6999999999999988, 2.700000000000001, -5, 1.69965, 2.6995500000000003, -5.00005, -0.009308
23, 1.799999999999999, 2.700000000000001, -5, 1.79795, 2.7001500000000003, -4.99975, -0.009397
23, 1.899999999999999, 2.700000000000001, -5, 1.8998000000000002, 2.7, -4.999650000000001, -0.00935
23, 1.9999999999999991, 2.700000000000001, -5, 2.00345, 2.70005, -4.99975, -0.00935
23, 2.099999999999999, 2.700000000000001, -5, 2.09755, 2.7001000000000004, -4.9999, -0.009387
23, 2.1999999999999993, 2.700000000000001, -5, 2.2014500000000004, 2.6998500000000005, -5.00005, -0.009324
23, 2.2999999999999994, 2.700000000000001, -5, 2.30285, 2.6998, -5.000100000000001, -0.009402
23, 2.3999999999999995, 2.700000000000001, -5, 2.3979, 2.6999, -5.000100000000001, -0.00936
23, 2.4999999999999996, 2.700000000000001, -5, 2.4994, 2.6999, -5.000100000000001, -0.009381
23, 2.5999999999999996, 2.700000000000001, -5, 2.60205, 2.6999500000000003, -5.000100000000001, -0.009418
23, 2.6999999999999997, 2.700000000000001, -5, 2.6016500000000002, 2.70005, -5.0001500000000005, -0.009329
23, 2.8, 2.700000000000001, -5, 2.6017, 2.70005, -5.0001500000000005, -0.009387
23, 2.9, 2.700000000000001, -5, 2.90115, 2.7001000000000004, -5.0001500000000005, -0.00934
23, 3.0, 2.700000000000001, -5, 2.9985, 2.7002, -5.000100000000001, -0.009397
23, 3.1, 2.700000000000001, -5, 3.09665, 2.6999500000000003, -5.0, -0.009324
23, 3.2, 2.700000000000001, -5, 3.0964, 2.70005, -5.0, -0.009392
23, 3.3000000000000003, 2.700000000000001, -5, 3.30345, 2.6999, -5.0, -0.00934
23, 3.4000000000000004, 2.700000000000001, -5, 3.3037, 2.6999500000000003, -4.999950000000001, -0.009392
23, 3.5000000000000004, 2.700000000000001, -5, 3.502, 2.6995500000000003, -4.99985, -0.009334
23, 3.6000000000000005, 2.700000000000001, -5, 3.59675, 2.6998500000000005, -4.9999, -0.009402
23, 3.7000000000000006, 2.700000000000001, -5, 3.69855, 2.6999500000000003, -4.9999, -0.00934
23, 3.8000000000000007, 2.700000000000001, -5, 3.6983, 2.70005, -4.9999, -0.009381
23, 3.900000000000001, 2.700000000000001, -5, 3.9007, 2.7002, -4.9999, -0.009345
23, 4.000000000000001, 2.700000000000001, -5, 3.9978500000000006, 2.7002, -4.999950000000001, -0.009392
23, 4.000000000000001, 2.600000000000001, -5, 4.00015, 2.6, -4.999950000000001, -0.009334
23, 4.000000000000001, 2.500000000000001, -5, 4.0008, 2.49905, -5.0, -0.009345
23, 4.000000000000001, 2.400000000000001, -5, 4.00065, 2.3996500000000003, -5.00005, -0.009392
23, 4.000000000000001, 2.3000000000000007, -5, 4.0003, 2.2994, -5.00005, -0.009319
23, 4.000000000000001, 2.2000000000000006, -5, 4.00025, 2.2012000000000005, -5.0, -0.009387
23, 4.000000000000001, 2.1000000000000005, -5, 4.0002, 2.1001, -5.00005, -0.009355
23, 4.000000000000001, 2.0000000000000004, -5, 4.00005, 1.9977, -5.0, -0.009345
23, 4.000000000000001, 1.9000000000000004, -5, 4.00025, 1.9015, -5.0, -0.009407
23, 4.000000000000001, 1.8000000000000003, -5, 4.00045, 1.801, -5.0, -0.00935
23, 4.000000000000001, 1.7000000000000002, -5, 4.0003, 1.6972, -5.0, -0.009387
23, 4.000000000000001, 1.6, -5, 4.0002, 1.60275, -4.999950000000001, -0.009371
23, 4.000000000000001, 1.5, -5, 4.000100000000001, 1.60275, -5.0, -0.009334
23, 4.000000000000001, 1.4, -5, 4.00005, 1.3984, -5.0, -0.009392
23, 4.000000000000001, 1.2999999999999998, -5, 4.00015, 1.3985, -5.0, -0.00935
23, 4.000000000000001, 1.1999999999999997, -5, 4.0005, 1.2013, -5.0, -0.009392
23, 4.000000000000001, 1.0999999999999996, -5, 3.9995, 1.09855, -4.999950000000001, -0.009376
23, 4.000000000000001, 0.9999999999999997, -5, 4.000100000000001, 1.0006, -4.999950000000001, -0.009319
23, 4.000000000000001, 0.8999999999999997, -5, 3.9998500000000003, 1.0007000000000001, -5.0, -0.009392
23, 4.000000000000001, 0.7999999999999997, -5, 4.00015, 0.8005, -4.999950000000001, -0.00934
23, 4.000000000000001, 0.6999999999999997, -5, 4.000100000000001, 0.8006, -4.999950000000001, -0.009387
23, 4.000000000000001, 0.5999999999999998, -5, 4.00065, 0.6012000000000001, -4.9999, -0.009329
23, 4.000000000000001, 0.4999999999999998, -5, 4.00005, 0.49725, -4.999950000000001, -0.009334
23, 4.000000000000001, 0.3999999999999998, -5, 4.0002, 0.402, -4.9999, -0.009392
24, 3.900000000000001, 0.3999999999999998, -5, 3.9027000000000003, 0.40025, -4.999950000000001, -0.00935
24, 3.8000000000000007, 0.3999999999999998, -5, 3.8011500000000003, 0.40020000000000006, -5.0, -0.009397
24, 3.7000000000000006, 0.3999999999999998, -5, 3.6984500000000002, 0.4, -5.0, -0.009329
24, 3.6000000000000005, 0.3999999999999998, -5, 3.6001000000000003, 0.4, -5.0, -0.009407
24, 3.5000000000000004, 0.3999999999999998, -5, 3.5998500000000004, 0.4, -5.00005, -0.009407
24, 3.4000000000000004, 0.3999999999999998, -5, 3.59995, 0.4, -5.00005, -0.00935
24, 3.3000000000000003, 0.3999999999999998, -5, 3.59995, 0.4, -5.00005, -0.009381
24, 3.2, 0.3999999999999998, -5, 3.59995, 0.4, -5.00005, -0.009345
24, 3.1, 0.3999999999999998, -5, 3.59995, 0.4, -5.00005, -0.009329
24, 3.0, 0.3999999999999998, -5, 3.59995, 0.39995, -5.0, -0.009345
24, 2.9, 0.3999999999999998, -5, 2.90445, 0.39995, -5.00005, -0.009392
24, 2.8, 0.3999999999999998, -5, 2.7957, 0.40005, -5.000100000000001, -0.009366
24, 2.6999999999999997, 0.3999999999999998, -5, 2.70195, 0.39990000000000003, -5.0001500000000005, -0.00934
24, 2.5999999999999996, 0.3999999999999998, -5, 2.5994500000000005, 0.4001, -5.000100000000001, -0.009392
24, 2.4999999999999996, 0.3999999999999998, -5, 2.5994500000000005, 0.40005, -5.0001500000000005, -0.00934
24, 2.3999999999999995, 0.3999999999999998, -5, 2.40045, 0.40005, -5.000100000000001, -0.009387
24, 2.2999999999999994, 0.3999999999999998, -5, 2.3997, 0.4001, -5.000100000000001, -0.009329
24, 2.1999999999999993, 0.3999999999999998, -5, 2.2013000000000003, 0.4, -5.0, -0.009402
24, 2.099999999999999, 0.3999999999999998, -5, 2.0968, 0.4, -5.00005, -0.009345
24, 1.9999999999999991, 0.3999999999999998, -5, 2.0028, 0.4001, -5.0, -0.009387
24, 1.899999999999999, 0.3999999999999998, -5, 2.0025, 0.4001, -5.0, -0.009345
24, 1.799999999999999, 0.3999999999999998, -5, 1.7983500000000001, 0.39995, -4.9999, -0.009371
24, 1.6999999999999988, 0.3999999999999998, -5, 1.7028, 0.40005, -4.99985, -0.009371
24, 1.5999999999999988, 0.3999999999999998, -5, 1.59765, 0.4001, -4.99985, -0.009355
24, 1.5999999999999988, 0.4999999999999998, -5, 1.5989, 0.49775, -4.9999, -0.009381
24, 1.5999999999999988, 0.5999999999999998, -5, 1.5998, 0.6026, -5.0, -0.009308
24, 1.5999999999999988, 0.6999999999999997, -5, 1.5998, 0.7006500000000001, -5.00005, -0.009397
24, 1.5999999999999988, 0.7999999999999997, -5, 1.5998, 0.7973000000000001, -5.000100000000001, -0.009324
24, 1.5999999999999988, 0.8999999999999997, -5, 1.59975, 0.901, -5.000100000000001, -0.009402
24, 1.5999999999999988, 0.9999999999999997, -5, 1.6001, 1.0004000000000002, -5.000100000000001, -0.009345
24, 1.5999999999999988, 1.0999999999999996, -5, 1.6001, 1.09945, -5.000100000000001, -0.009381
24, 1.5999999999999988, 1.1999999999999997, -5, 1.6001, 1.1993, -5.000100000000001, -0.009387
24, 1.5999999999999988, 1.2999999999999998, -5, 1.5997000000000001, 1.302, -5.00005, -0.009334
24, 1.5999999999999988, 1.4, -5, 1.5988000000000002, 1.3984, -5.00005, -0.009397
24, 1.5999999999999988, 1.5, -5, 1.6001, 1.4991, -5.0, -0.009314
24, 1.5999999999999988, 1.6, -5, 1.6003000000000003, 1.6025500000000001, -5.0, -0.009371
24, 1.5999999999999988, 1.7000000000000002, -5, 1.6, 1.6970500000000002, -5.0, -0.009324
24, 1.5999999999999988, 1.8000000000000003, -5, 1.6004, 1.6969, -5.0, -0.009324
24, 1.5999999999999988, 1.9000000000000004, -5, 1.5997000000000001, 1.9023500000000002, -5.0, -0.009355
24, 1.5999999999999988, 2.0000000000000004, -5, 1.59995, 1.9970500000000002, -5.0, -0.009397
24, 1.5999999999999988, 2.1000000000000005, -5, 1.59925, 2.1026, -5.00005, -0.009345
24, 1.5999999999999988, 2.2000000000000006, -5, 1.59915, 2.2003000000000004, -5.0, -0.009366
24, 1.5999999999999988, 2.3000000000000007, -5, 1.5994000000000002, 2.2986, -4.999950000000001, -0.009413
24, 1.5999999999999988, 2.400000000000001, -5, 1.6002, 2.4011, -4.9999, -0.009345
24, 1.5999999999999988, 2.500000000000001, -5, 1.60025, 2.5004500000000003, -4.9999, -0.009392
24, 1.5999999999999988, 2.600000000000001, -5, 1.6002, 2.6006000000000005, -4.99985, -0.009329
24, 1.5999999999999988, 2.700000000000001, -5, 1.5994000000000002, 2.69905, -4.999950000000001, -0.009392
24, 1.5999999999999988, 2.800000000000001, -5, 1.59935, 2.80195, -4.999950000000001, -0.00934
25, 1.6999999999999988, 2.800000000000001, -5, 1.7024000000000001, 2.8002000000000002, -4.99975, -0.009407
25, 1.799999999999999, 2.800000000000001, -5, 1.797, 2.8, -4.9999, -0.00935
25, 1.899999999999999, 2.800000000000001, -5, 1.899, 2.79925, -5.0, -0.009376
25, 1.9999999999999991, 2.800000000000001, -5, 2.0035, 2.7998000000000003, -5.00005, -0.009387
25, 2.099999999999999, 2.800000000000001, -5, 2.0982000000000003, 2.7998000000000003, -5.000100000000001, -0.009334
25, 2.1999999999999993, 2.800000000000001, -5, 2.20075, 2.80015, -5.000100000000001, -0.009381
25, 2.2999999999999994, 2.800000000000001, -5, 2.3024, 2.8002000000000002, -5.000100000000001, -0.009324
25, 2.3999999999999995, 2.800000000000001, -5, 2.3985, 2.80015, -5.000100000000001, -0.009402
25, 2.4999999999999996, 2.800000000000001, -5, 2.4994500000000004, 2.80005, -5.000100000000001, -0.009334
25, 2.5999999999999996, 2.800000000000001, -5, 2.6015, 2.7996000000000003, -5.0001500000000005, -0.00934
25, 2.6999999999999997, 2.800000000000001, -5, 2.7, 2.7997, -5.000100000000001, -0.009418
25, 2.8, 2.800000000000001, -5, 2.79675, 2.8003, -4.999950000000001, -0.00934
25, 2.9, 2.800000000000001, -5, 2.9049500000000004, 2.80005, -4.999950000000001, -0.009371
25, 3.0, 2.800000000000001, -5, 2.9997000000000003, 2.80025, -4.999950000000001, -0.009407
25, 3.1, 2.800000000000001, -5, 3.09635, 2.7997, -4.999950000000001, -0.009376
25, 3.2, 2.800000000000001, -5, 3.20465, 2.79955, -4.999950000000001, -0.009381
25, 3.3000000000000003, 2.800000000000001, -5, 3.29815, 2.8002000000000002, -5.0, -0.00936
25, 3.4000000000000004, 2.800000000000001, -5, 3.3959, 2.8003500000000003, -5.0, -0.009413
25, 3.5000000000000004, 2.800000000000001, -5, 3.5063, 2.8001000000000005, -5.0, -0.009345
25, 3.6000000000000005, 2.800000000000001, -5, 3.5969, 2.7997, -5.00005, -0.009402
25, 3.7000000000000006, 2.800000000000001, -5, 3.69795, 2.7996000000000003, -5.0, -0.009319
25, 3.8000000000000007, 2.800000000000001, -5, 3.80325, 2.80015, -5.0, -0.009397
25, 3.900000000000001, 2.800000000000001, -5, 3.89805, 2.80015, -5.00005, -0.009345
25, 4.000000000000001, 2.800000000000001, -5, 3.99745, 2.80025, -5.00005, -0.009392
25, 4.1000000000000005, 2.800000000000001, -5, 4.10345, 2.7999, -5.00005, -0.00935
25, 4.1000000000000005, 2.700000000000001, -5, 4.101400000000001, 2.6982000000000004, -5.00005, -0.009407
25, 4.1000000000000005, 2.600000000000001, -5, 4.1004000000000005, 2.5996000000000006, -5.0, -0.009355
25, 4.1000000000000005, 2.500000000000001, -5, 4.1002, 2.5008000000000004, -4.999950000000001, -0.009324
25, 4.1000000000000005, 2.400000000000001, -5, 4.09955, 2.3998000000000004, -4.999950000000001, -0.00935
25, 4.1000000000000005, 2.3000000000000007, -5, 4.099900000000001, 2.29855, -4.9999, -0.00934
25, 4.1000000000000005, 2.2000000000000006, -5, 4.1005, 2.2010500000000004, -4.9999, -0.009392
25, 4.1000000000000005, 2.1000000000000005, -5, 4.1004000000000005, 2.1004, -4.99985, -0.009329
25, 4.1000000000000005, 2.0000000000000004, -5, 4.10015, 1.9976500000000001, -4.9999, -0.009397
25, 4.1000000000000005, 1.9000000000000004, -5, 4.0998, 1.9017, -4.999950000000001, -0.00936
25, 4.1000000000000005, 1.8000000000000003, -5, 4.1003, 1.80085, -5.0, -0.00934
25, 4.1000000000000005, 1.7000000000000002, -5, 4.1004499999999995, 1.6960500000000003, -5.0, -0.009392
25, 4.1000000000000005, 1.6, -5, 4.1003, 1.60305, -5.0, -0.009329
25, 4.1000000000000005, 1.5, -5, 4.1004499999999995, 1.4999500000000001, -5.00005, -0.009402
25, 4.1000000000000005, 1.4, -5, 4.1, 1.39875, -5.0, -0.009345
25, 4.1000000000000005, 1.2999999999999998, -5, 4.10005, 1.3018000000000003, -5.0, -0.009366
25, 4.1000000000000005, 1.1999999999999997, -5, 4.1003, 1.19955, -5.0, -0.009392
25, 4.1000000000000005, 1.0999999999999996, -5, 4.1003, 1.0986000000000002, -5.0, -0.00934
25, 4.1000000000000005, 0.9999999999999997, -5, 4.1004000000000005, 1.0018500000000001, -5.00005, -0.009387
25, 4.1000000000000005, 0.8999999999999997, -5, 4.1005, 0.90075, -5.000100000000001, -0.009334
25, 4.1000000000000005, 0.7999999999999997, -5, 4.09955, 0.7989, -5.000100000000001, -0.009397
25, 4.1000000000000005, 0.6999999999999997, -5, 4.0996500000000005, 0.6996500000000001, -5.00005, -0.009371
25, 4.1000000000000005, 0.5999999999999998, -5, 4.1004000000000005, 0.6012000000000001, -5.00005, -0.00935
25, 4.1000000000000005, 0.4999999999999998, -5, 4.10055, 0.49745000000000006, -5.00005, -0.009407
25, 4.1000000000000005, 0.3999999999999998, -5, 4.09975, 0.40205, -5.00005, -0.009334
25, 4.1000000000000005, 0.2999999999999998, -5, 4.09995, 0.30105, -5.00005, -0.009407
26, 4.000000000000001, 0.2999999999999998, -5, 3.9969500000000004, 0.29960000000000003, -5.00005, -0.009345
26, 3.900000000000001, 0.2999999999999998, -5, 3.9024, 0.29969999999999997, -5.00005, -0.009392
26, 3.8000000000000007, 0.2999999999999998, -5, 3.80125, 0.30075, -5.0, -0.009355
26, 3.7000000000000006, 0.2999999999999998, -5, 3.69865, 0.30069999999999997, -5.0, -0.009345
26, 3.6000000000000005, 0.2999999999999998, -5, 3.6, 0.29940000000000005, -5.0, -0.00936
26, 3.5000000000000004, 0.2999999999999998, -5, 3.5032, 0.29935, -5.0, -0.009319
26, 3.4000000000000004, 0.2999999999999998, -5, 3.3967, 0.3005, -5.0, -0.009397
26, 3.3000000000000003, 0.2999999999999998, -5, 3.30065, 0.30065000000000003, -5.0, -0.009345
26, 3.2, 0.2999999999999998, -5, 3.203, 0.2995, -5.0, -0.009397
26, 3.1, 0.2999999999999998, -5, 3.0952, 0.2995, -5.0, -0.009355
26, 3.0, 0.2999999999999998, -5, 3.0017000000000005, 0.30060000000000003, -5.0, -0.009345
26, 2.9, 0.2999999999999998, -5, 2.90165, 0.30065000000000003, -5.0, -0.009402
26, 2.8, 0.2999999999999998, -5, 2.7969, 0.29940000000000005, -5.0, -0.009334
26, 2.6999999999999997, 0.2999999999999998, -5, 2.70195, 0.29945, -5.0, -0.009397
26, 2.5999999999999996, 0.2999999999999998, -5, 2.59905, 0.30069999999999997, -5.0, -0.00935
26, 2.4999999999999996, 0.2999999999999998, -5, 2.4998, 0.30065000000000003, -5.00005, -0.009392
26, 2.3999999999999995, 0.2999999999999998, -5, 2.3991, 0.2995, -4.999950000000001, -0.009329
26, 2.2999999999999994, 0.2999999999999998, -5, 2.30105, 0.29940000000000005, -4.99985, -0.009392
26, 2.1999999999999993, 0.2999999999999998, -5, 2.2004, 0.30065000000000003, -4.99985, -0.00934
26, 2.099999999999999, 0.2999999999999998, -5, 2.09595, 0.3, -4.99985, -0.00936
26, 1.9999999999999991, 0.2999999999999998, -5, 2.0032, 0.29965, -4.999950000000001, -0.009366
26, 1.899999999999999, 0.2999999999999998, -5, 1.89975, 0.29995, -5.0, -0.009324
26, 1.799999999999999, 0.2999999999999998, -5, 1.7973500000000002, 0.3005, -5.0, -0.009407
26, 1.6999999999999988, 0.2999999999999998, -5, 1.70295, 0.30060000000000003, -4.999950000000001, -0.00934
26, 1.5999999999999988, 0.2999999999999998, -5, 1.5976000000000001, 0.29955000000000004, -5.00005, -0.009376
26, 1.4999999999999987, 0.2999999999999998, -5, 1.4979500000000001, 0.29969999999999997, -5.00005, -0.009413
26, 1.4999999999999987, 0.3999999999999998, -5, 1.4987000000000001, 0.40245000000000003, -5.000100000000001, -0.009324
26, 1.4999999999999987, 0.4999999999999998, -5, 1.4995500000000002, 0.49470000000000003, -5.0001500000000005, -0.009397
26, 1.4999999999999987, 0.5999999999999998, -5, 1.49975, 0.60245, -5.0001500000000005, -0.00935
26, 1.4999999999999987, 0.6999999999999997, -5, 1.4998000000000002, 0.7009500000000001, -5.0001500000000005, -0.009355
26, 1.4999999999999987, 0.7999999999999997, -5, 1.49975, 0.79735, -5.00005, -0.00935
26, 1.4999999999999987, 0.8999999999999997, -5, 1.4998500000000001, 0.9017000000000001, -5.0, -0.009376
26, 1.4999999999999987, 0.9999999999999997, -5, 1.50005, 1.0002, -5.00005, -0.009366
26, 1.4999999999999987, 1.0999999999999996, -5, 1.5002, 1.0995, -4.9999, -0.009334
26, 1.4999999999999987, 1.1999999999999997, -5, 1.4998000000000002, 1.1989, -4.9998000000000005, -0.009392
26, 1.4999999999999987, 1.2999999999999998, -5, 1.4996, 1.3017, -4.9998000000000005, -0.009334
26, 1.4999999999999987, 1.4, -5, 1.4997, 1.3986, -4.9998000000000005, -0.009392
26, 1.4999999999999987, 1.5, -5, 1.5002, 1.4993, -4.9999, -0.009345
26, 1.4999999999999987, 1.6, -5, 1.50005, 1.6025500000000001, -5.0, -0.009345
26, 1.4999999999999987, 1.7000000000000002, -5, 1.4998500000000001, 1.69695, -5.0, -0.009345
26, 1.4999999999999987, 1.8000000000000003, -5, 1.4996, 1.8011000000000001, -5.00005, -0.009381
26, 1.4999999999999987, 1.9000000000000004, -5, 1.4995, 1.9009, -5.00005, -0.009392
26, 1.4999999999999987, 2.0000000000000004, -5, 1.4997, 1.9977, -5.000100000000001, -0.009319
26, 1.4999999999999987, 2.1000000000000005, -5, 1.4996500000000001, 2.1025500000000004, -5.000100000000001, -0.009397
26, 1.4999999999999987, 2.2000000000000006, -5, 1.4998000000000002, 2.1998, -5.000100000000001, -0.009324
26, 1.4999999999999987, 2.3000000000000007, -5, 1.50005, 2.2986500000000003, -5.000100000000001, -0.009397
26, 1.4999999999999987, 2.400000000000001, -5, 1.50005, 2.4011, -5.000100000000001, -0.009329
26, 1.4999999999999987, 2.500000000000001, -5, 1.5001000000000002, 2.5004500000000003, -5.00005, -0.009387
26, 1.4999999999999987, 2.600000000000001, -5, 1.49975, 2.6004, -5.0, -0.009329
26, 1.4999999999999987, 2.700000000000001, -5, 1.49975, 2.6998500000000005, -4.999950000000001, -0.009376
26, 1.4999999999999987, 2.800000000000001, -5, 1.4994, 2.8008500000000005, -4.99985, -0.009355
26, 1.4999999999999987, 2.9000000000000012, -5, 1.4998000000000002, 2.8993, -4.9999, -0.009376
27, 1.5999999999999988, 2.9000000000000012, -5, 1.6007, 2.90015, -4.9996, -0.009392
27, 1.6999999999999988, 2.9000000000000012, -5, 1.705, 2.8999500000000005, -4.999700000000001, -0.009329
27, 1.799999999999999, 2.9000000000000012, -5, 1.797, 2.9001000000000006, -4.9999, -0.009402
27, 1.899999999999999, 2.9000000000000012, -5, 1.8995, 2.9001000000000006, -5.00005, -0.009334
27, 1.9999999999999991, 2.9000000000000012, -5, 2.0037000000000003, 2.8998500000000003, -5.00005, -0.009397
27, 2.099999999999999, 2.9000000000000012, -5, 2.09665, 2.8998500000000003, -5.00005, -0.009355
27, 2.1999999999999993, 2.9000000000000012, -5, 2.20125, 2.8998000000000004, -5.00005, -0.009366
27, 2.2999999999999994, 2.9000000000000012, -5, 2.3012, 2.9, -5.000100000000001, -0.009402
27, 2.3999999999999995, 2.9000000000000012, -5, 2.3019000000000003, 2.9, -5.00005, -0.009355
27, 2.4999999999999996, 2.9000000000000012, -5, 2.3018, 2.9, -5.000100000000001, -0.009376
27, 2.5999999999999996, 2.9000000000000012, -5, 2.3018, 2.9, -5.00005, -0.00935
27, 2.6999999999999997, 2.9000000000000012, -5, 2.3018, 2.8999500000000005, -5.00005, -0.009345
27, 2.8, 2.9000000000000012, -5, 2.79545, 2.9000500000000002, -5.000100000000001, -0.009334
27, 2.9, 2.9000000000000012, -5, 2.90455, 2.9001000000000006, -5.000100000000001, -0.009407
27, 3.0, 2.9000000000000012, -5, 2.9999000000000002, 2.9001000000000006, -5.000100000000001, -0.009334
27, 3.1, 2.9000000000000012, -5, 3.0954, 2.8999, -5.000100000000001, -0.009413
27, 3.2, 2.9000000000000012, -5, 3.2056000000000004, 2.9, -5.0, -0.009387
27, 3.3000000000000003, 2.9000000000000012, -5, 3.2058500000000003, 2.8999500000000005, -5.00005, -0.009355
27, 3.4000000000000004, 2.9000000000000012, -5, 3.39465, 2.9, -4.999950000000001, -0.009355
27, 3.5000000000000004, 2.9000000000000012, -5, 3.5046000000000004, 2.9000500000000002, -4.99985, -0.009371
27, 3.6000000000000005, 2.9000000000000012, -5, 3.5968500000000003, 2.9, -4.99985, -0.009381
27, 3.7000000000000006, 2.9000000000000012, -5, 3.59715, 2.9, -4.9999, -0.009345
27, 3.8000000000000007, 2.9000000000000012, -5, 3.59715, 2.9, -4.9999, -0.009381
27, 3.900000000000001, 2.9000000000000012, -5, 3.8993, 2.9, -4.9999, -0.009324
27, 4.000000000000001, 2.9000000000000012, -5, 3.8993500000000005, 2.9, -4.9999, -0.009324
27, 4.1000000000000005, 2.9000000000000012, -5, 3.8993500000000005, 2.9, -4.9999, -0.009402
27, 4.2, 2.9000000000000012, -5, 3.8994, 2.9, -4.9999, -0.009376
27, 4.2, 2.800000000000001, -5, 4.20025, 2.8024500000000003, -4.999950000000001, -0.009345
27, 4.2, 2.700000000000001, -5, 4.20085, 2.6968500000000004, -4.999950000000001, -0.009355
27, 4.2, 2.600000000000001, -5, 4.20065, 2.6004, -5.0, -0.009345
27, 4.2, 2.500000000000001, -5, 4.1998500000000005, 2.5006500000000003, -4.999950000000001, -0.009366
27, 4.2, 2.400000000000001, -5, 4.200150000000001, 2.3996, -5.0, -0.009387
27, 4.2, 2.3000000000000007, -5, 4.199949999999999, 2.2981, -5.0, -0.009345
27, 4.2, 2.2000000000000006, -5, 4.20025, 2.2014500000000004, -4.999950000000001, -0.009381
27, 4.2, 2.1000000000000005, -5, 4.2008, 2.1003000000000003, -5.00005, -0.009371
27, 4.2, 2.0000000000000004, -5, 4.200150000000001, 1.9975500000000002, -5.000100000000001, -0.009329
27, 4.2, 1.9000000000000004, -5, 4.20035, 1.9016000000000002, -5.000100000000001, -0.009413
27, 4.2, 1.8000000000000003, -5, 4.2, 1.80115, -5.000100000000001, -0.009355
27, 4.2, 1.7000000000000002, -5, 4.2, 1.69565, -5.000100000000001, -0.009345
27, 4.2, 1.6, -5, 4.199949999999999, 1.60325, -5.000100000000001, -0.009392
27, 4.2, 1.5, -5, 4.2004, 1.5, -5.00005, -0.009324
27, 4.2, 1.4, -5, 4.2003, 1.3986500000000002, -5.0, -0.009413
27, 4.2, 1.2999999999999998, -5, 4.20025, 1.3017, -5.0, -0.009345
27, 4.2, 1.1999999999999997, -5, 4.20005, 1.1994500000000001, -5.0, -0.009376
27, 4.2, 1.0999999999999996, -5, 4.1997, 1.0986500000000001, -4.999950000000001, -0.009397
27, 4.2, 0.9999999999999997, -5, 4.2002, 1.0018, -4.9999, -0.009329
27, 4.2, 0.8999999999999997, -5, 4.2004, 0.90105, -4.9999, -0.009376
27, 4.2, 0.7999999999999997, -5, 4.2002, 0.7975, -4.9999, -0.009319
27, 4.2, 0.6999999999999997, -5, 4.2, 0.6999000000000001, -4.9999, -0.009397
27, 4.2, 0.5999999999999998, -5, 4.1999, 0.6026, -4.9999, -0.009355
27, 4.2, 0.4999999999999998, -5, 4.2, 0.4965, -4.9999, -0.009376
27, 4.2, 0.3999999999999998, -5, 4.1998, 0.40215, -4.999950000000001, -0.009397
27, 4.2, 0.2999999999999998, -5, 4.1997, 0.3013, -5.0, -0.009329
27, 4.2, 0.19999999999999982, -5, 4.201, 0.19675, -5.0, -0.009407
28, 4.1000000000000005, 0.19999999999999982, -5, 4.1007, 0.19955, -5.00005, -0.009324
28, 4.000000000000001, 0.19999999999999982, -5, 3.99655, 0.20035000000000003, -5.00005, -0.009407
28, 3.900000000000001, 0.19999999999999982, -5, 3.9018500000000005, 0.2003, -5.000100000000001, -0.00935
28, 3.8000000000000007, 0.19999999999999982, -5, 3.8008, 0.2003, -5.000100000000001, -0.009376
28, 3.7000000000000006, 0.19999999999999982, -5, 3.6993500000000004, 0.20005, -5.000100000000001, -0.009387
28, 3.6000000000000005, 0.19999999999999982, -5, 3.60035, 0.1995, -5.000100000000001, -0.009334
28, 3.5000000000000004, 0.19999999999999982, -5, 3.5024, 0.20010000000000003, -5.00005, -0.009402
28, 3.4000000000000004, 0.19999999999999982, -5, 3.3967, 0.20010000000000003, -5.00005, -0.009345
28, 3.3000000000000003, 0.19999999999999982, -5, 3.3007000000000004, 0.20010000000000003, -5.00005, -0.009392
28, 3.2, 0.19999999999999982, -5, 3.2036000000000002, 0.2, -4.999950000000001, -0.009355
28, 3.1, 0.19999999999999982, -5, 3.20275, 0.20010000000000003, -4.999950000000001, -0.00934
28, 3.0, 0.19999999999999982, -5, 2.9991000000000003, 0.19995000000000002, -4.99985, -0.009381
28, 2.9, 0.19999999999999982, -5, 2.9013500000000003, 0.2, -4.99985, -0.009319
28, 2.8, 0.19999999999999982, -5, 2.79615, 0.20005, -4.9999, -0.009418
28, 2.6999999999999997, 0.19999999999999982, -5, 2.7014500000000004, 0.20010000000000003, -4.9999, -0.009319
28, 2.5999999999999996, 0.19999999999999982, -5, 2.701, 0.20005, -4.9999, -0.009376
28, 2.4999999999999996, 0.19999999999999982, -5, 2.4991000000000003, 0.20010000000000003, -4.999950000000001, -0.00934
28, 2.3999999999999995, 0.19999999999999982, -5, 2.40075, 0.2, -5.0, -0.009402
28, 2.2999999999999994, 0.19999999999999982, -5, 2.30105, 0.1999, -5.0, -0.009319
28, 2.1999999999999993, 0.19999999999999982, -5, 2.2011, 0.1999, -5.0, -0.009402
28, 2.099999999999999, 0.19999999999999982, -5, 2.09565, 0.19995000000000002, -4.999950000000001, -0.009355
28, 1.9999999999999991, 0.19999999999999982, -5, 2.00245, 0.2, -5.00005, -0.009397
28, 1.899999999999999, 0.19999999999999982, -5, 2.0026, 0.2, -5.00005, -0.009324
28, 1.799999999999999, 0.19999999999999982, -5, 2.00265, 0.20005, -5.00005, -0.009387
28, 1.6999999999999988, 0.19999999999999982, -5, 1.7010500000000002, 0.20005, -5.000100000000001, -0.009329
28, 1.5999999999999988, 0.19999999999999982, -5, 1.59825, 0.2, -5.000100000000001, -0.009376
28, 1.4999999999999987, 0.19999999999999982, -5, 1.4984000000000002, 0.2, -5.00005, -0.009418
28, 1.3999999999999986, 0.19999999999999982, -5, 1.4981000000000002, 0.2, -5.00005, -0.009324
28, 1.3999999999999986, 0.2999999999999998, -5, 1.4025500000000002, 0.30169999999999997, -5.00005, -0.009397
28, 1.3999999999999986, 0.3999999999999998, -5, 1.3988000000000003, 0.40295000000000003, -5.000100000000001, -0.009345
28, 1.3999999999999986, 0.4999999999999998, -5, 1.3991500000000001, 0.49510000000000004, -5.000100000000001, -0.009319
28, 1.3999999999999986, 0.5999999999999998, -5, 1.39925, 0.60275, -5.000100000000001, -0.009392
28, 1.3999999999999986, 0.6999999999999997, -5, 1.4002000000000001, 0.7006500000000001, -5.00005, -0.009334
28, 1.3999999999999986, 0.7999999999999997, -5, 1.40015, 0.7975500000000001, -5.00005, -0.009402
28, 1.3999999999999986, 0.8999999999999997, -5, 1.3995, 0.9021, -5.0, -0.009334
28, 1.3999999999999986, 0.9999999999999997, -5, 1.3997, 0.99995, -4.999950000000001, -0.009381
28, 1.3999999999999986, 1.0999999999999996, -5, 1.39935, 1.09945, -4.99985, -0.009366
28, 1.3999999999999986, 1.1999999999999997, -5, 1.39975, 1.19905, -4.99985, -0.009355
28, 1.3999999999999986, 1.2999999999999998, -5, 1.39995, 1.3018500000000002, -4.99985, -0.009392
28, 1.3999999999999986, 1.4, -5, 1.3998000000000002, 1.3988000000000003, -4.999950000000001, -0.009334
28, 1.3999999999999986, 1.5, -5, 1.39985, 1.4992, -5.0, -0.009381
28, 1.3999999999999986, 1.6, -5, 1.3997, 1.6026500000000001, -5.00005, -0.009345
28, 1.3999999999999986, 1.7000000000000002, -5, 1.3997, 1.69695, -5.000100000000001, -0.009319
28, 1.3999999999999986, 1.8000000000000003, -5, 1.3994000000000002, 1.8000500000000001, -5.000100000000001, -0.009397
28, 1.3999999999999986, 1.9000000000000004, -5, 1.4001000000000001, 1.9021000000000001, -5.0001500000000005, -0.009376
28, 1.3999999999999986, 2.0000000000000004, -5, 1.39985, 1.99725, -5.0001500000000005, -0.009381
28, 1.3999999999999986, 2.1000000000000005, -5, 1.39965, 2.1026, -5.000100000000001, -0.00935
28, 1.3999999999999986, 2.2000000000000006, -5, 1.39995, 2.2, -5.00005, -0.009371
28, 1.3999999999999986, 2.3000000000000007, -5, 1.40015, 2.29855, -4.999950000000001, -0.009387
28, 1.3999999999999986, 2.400000000000001, -5, 1.4000500000000002, 2.4011, -4.99985, -0.009334
28, 1.3999999999999986, 2.500000000000001, -5, 1.3999000000000001, 2.5006000000000004, -4.9999, -0.009407
28, 1.3999999999999986, 2.600000000000001, -5, 1.40025, 2.5005, -4.9999, -0.009345
28, 1.3999999999999986, 2.700000000000001, -5, 1.39975, 2.7003500000000003, -4.9999, -0.009387
28, 1.3999999999999986, 2.800000000000001, -5, 1.3991500000000001, 2.8009, -4.999950000000001, -0.009371
28, 1.3999999999999986, 2.9000000000000012, -5, 1.3999000000000001, 2.8991000000000002, -5.0, -0.009345
28, 1.3999999999999986, 3.0000000000000013, -5, 1.39965, 2.99865, -5.0, -0.009397
29, 1.4999999999999987, 3.0000000000000013, -5, 1.49725, 3.0, -4.999700000000001, -0.009334
29, 1.5999999999999988, 3.0000000000000013, -5, 1.60085, 2.99995, -4.99975, -0.009418
29, 1.6999999999999988, 3.0000000000000013, -5, 1.70395, 2.99995, -5.00005, -0.009329
29, 1.799999999999999, 3.0000000000000013, -5, 1.7035, 3.00015, -5.0, -0.009387
29, 1.899999999999999, 3.0000000000000013, -5, 1.8965, 3.00015, -4.999950000000001, -0.009334
29, 1.9999999999999991, 3.0000000000000013, -5, 2.0041, 3.0, -5.000100000000001, -0.009392
29, 2.099999999999999, 3.0000000000000013, -5, 2.09725, 2.9999000000000002, -5.0001500000000005, -0.00935
29, 2.1999999999999993, 3.0000000000000013, -5, 2.2014, 2.9998500000000003, -5.000100000000001, -0.009381
29, 2.2999999999999994, 3.0000000000000013, -5, 2.3013000000000003, 2.99995, -5.0001500000000005, -0.009381
29, 2.3999999999999995, 3.0000000000000013, -5, 2.3981500000000002, 3.0000500000000003, -5.0001500000000005, -0.009329
29, 2.4999999999999996, 3.0000000000000013, -5, 2.49965, 2.99995, -5.0001500000000005, -0.009387
29, 2.5999999999999996, 3.0000000000000013, -5, 2.60185, 3.0, -5.00005, -0.00934
29, 2.6999999999999997, 3.0000000000000013, -5, 2.6017, 3.0000500000000003, -5.00005, -0.009397
29, 2.8, 3.0000000000000013, -5, 2.7966, 3.0000500000000003, -5.0, -0.009324
29, 2.9, 3.0000000000000013, -5, 2.90465, 3.0, -5.00005, -0.009392
29, 3.0, 3.0000000000000013, -5, 2.9044, 3.0001, -5.00005, -0.009345
29, 3.1, 3.0000000000000013, -5, 3.0942000000000003, 3.0001, -4.999950000000001, -0.009402
29, 3.2, 3.0000000000000013, -5, 3.2066500000000002, 2.9999000000000002, -4.9999, -0.00934
29, 3.3000000000000003, 3.0000000000000013, -5, 3.2979000000000003, 2.99995, -4.9999, -0.009397
29, 3.4000000000000004, 3.0000000000000013, -5, 3.2977000000000003, 3.0, -4.9999, -0.009334
29, 3.5000000000000004, 3.0000000000000013, -5, 3.29775, 3.0, -4.9999, -0.009376
29, 3.6000000000000005, 3.0000000000000013, -5, 3.59875, 3.0, -4.9999, -0.009324
29, 3.7000000000000006, 3.0000000000000013, -5, 3.5989500000000003, 3.0000500000000003, -4.99985, -0.009413
29, 3.8000000000000007, 3.0000000000000013, -5, 3.80045, 3.0000500000000003, -4.9999, -0.009319
29, 3.900000000000001, 3.0000000000000013, -5, 3.8975, 3.00015, -5.0, -0.00934
29, 4.000000000000001, 3.0000000000000013, -5, 3.9989500000000002, 2.99995, -5.0, -0.009387
29, 4.1000000000000005, 3.0000000000000013, -5, 4.1025, 3.00015, -5.0, -0.009345
29, 4.2, 3.0000000000000013, -5, 4.199949999999999, 3.0001, -5.00005, -0.009407
29, 4.3, 3.0000000000000013, -5, 4.29545, 2.9998500000000003, -5.00005, -0.009329
29, 4.3, 2.9000000000000012, -5, 4.30025, 2.8999, -5.00005, -0.009392
29, 4.3, 2.800000000000001, -5, 4.30075, 2.80255, -5.0, -0.009381
29, 4.3, 2.700000000000001, -5, 4.300400000000001, 2.69715, -5.0, -0.009334
29, 4.3, 2.600000000000001, -5, 4.300350000000001, 2.5995, -5.0, -0.009407
29, 4.3, 2.500000000000001, -5, 4.300400000000001, 2.5005, -5.00005, -0.009319
29, 4.3, 2.400000000000001, -5, 4.300400000000001, 2.3999, -5.00005, -0.009402
29, 4.3, 2.3000000000000007, -5, 4.3006, 2.2993, -5.0, -0.009345
29, 4.3, 2.2000000000000006, -5, 4.29905, 2.2001, -5.0, -0.009387
29, 4.3, 2.1000000000000005, -5, 4.30055, 2.1015, -5.0, -0.00934
29, 4.3, 2.0000000000000004, -5, 4.30055, 1.9962, -4.999950000000001, -0.00934
29, 4.3, 1.9000000000000004, -5, 4.29985, 1.9029500000000001, -4.999950000000001, -0.009392
29, 4.3, 1.8000000000000003, -5, 4.29985, 1.8000500000000001, -4.999950000000001, -0.009329
29, 4.3, 1.7000000000000002, -5, 4.3003, 1.6972, -4.999950000000001, -0.009407
29, 4.3, 1.6, -5, 4.300350000000001, 1.6028000000000002, -4.999950000000001, -0.009355
29, 4.3, 1.5, -5, 4.3002, 1.5, -5.0, -0.00934
29, 4.3, 1.4, -5, 4.2998, 1.3987, -4.999950000000001, -0.009381
29, 4.3, 1.2999999999999998, -5, 4.30015, 1.3015500000000002, -5.0, -0.009345
29, 4.3, 1.1999999999999997, -5, 4.3003, 1.1989, -5.0, -0.009397
29, 4.3, 1.0999999999999996, -5, 4.3002, 1.0995, -5.0, -0.009334
29, 4.3, 0.9999999999999997, -5, 4.3002, 1.0006, -4.999950000000001, -0.009392
29, 4.3, 0.8999999999999997, -5, 4.300350000000001, 0.9013000000000001, -5.00005, -0.009366
29, 4.3, 0.7999999999999997, -5, 4.29955, 0.79935, -5.000100000000001, -0.009324
29, 4.3, 0.6999999999999997, -5, 4.29975, 0.6996500000000001, -5.000100000000001, -0.009407
29, 4.3, 0.5999999999999998, -5, 4.300400000000001, 0.6012000000000001, -5.000100000000001, -0.00934
29, 4.3, 0.4999999999999998, -5, 4.3005, 0.4974, -5.00005, -0.009413
29, 4.3, 0.3999999999999998, -5, 4.3002, 0.4021, -5.00005, -0.009319
29, 4.3, 0.2999999999999998, -5, 4.30025, 0.30105, -5.00005, -0.009387
29, 4.3, 0.19999999999999982, -5, 4.300050000000001, 0.19585000000000002, -5.0, -0.00934
29, 4.3, 0.09999999999999981, -5, 4.299900000000001, 0.10315, -5.00005, -0.009366
30, 4.2, 0.09999999999999981, -5, 4.20395, 0.1007, -4.999950000000001, -0.009392
30, 4.1000000000000005, 0.09999999999999981, -5, 4.1011999999999995, 0.09985000000000001, -4.9999, -0.009345
30, 4.000000000000001, 0.09999999999999981, -5, 3.99625, 0.09960000000000001, -4.999950000000001, -0.009397
30, 3.900000000000001, 0.09999999999999981, -5, 3.9023000000000003, 0.09975, -4.999950000000001, -0.009355
30, 3.8000000000000007, 0.09999999999999981, -5, 3.8011000000000004, 0.10005000000000001, -4.999950000000001, -0.009324
30, 3.7000000000000006, 0.09999999999999981, -5, 3.69725, 0.10035000000000001, -4.999950000000001, -0.009402
30, 3.6000000000000005, 0.09999999999999981, -5, 3.6010500000000003, 0.1002, -4.999950000000001, -0.00935
30, 3.5000000000000004, 0.09999999999999981, -5, 3.50325, 0.10015, -5.00005, -0.009397
30, 3.4000000000000004, 0.09999999999999981, -5, 3.3957, 0.10015, -5.00005, -0.009329
30, 3.3000000000000003, 0.09999999999999981, -5, 3.3014, 0.0999, -5.000100000000001, -0.009392
30, 3.2, 0.09999999999999981, -5, 3.20375, 0.09980000000000001, -5.000100000000001, -0.009324
30, 3.1, 0.09999999999999981, -5, 3.0948500000000005, 0.09995, -5.00005, -0.009397
30, 3.0, 0.09999999999999981, -5, 3.0014000000000003, 0.1, -5.00005, -0.00936
30, 2.9, 0.09999999999999981, -5, 3.00145, 0.09995, -5.00005, -0.00934
30, 2.8, 0.09999999999999981, -5, 2.7990500000000003, 0.10005000000000001, -5.0, -0.009413
30, 2.6999999999999997, 0.09999999999999981, -5, 2.70115, 0.10025, -5.0, -0.00935
30, 2.5999999999999996, 0.09999999999999981, -5, 2.6009, 0.09995, -5.0, -0.009381
30, 2.4999999999999996, 0.09999999999999981, -5, 2.4985500000000003, 0.10015, -4.999950000000001, -0.009324
30, 2.3999999999999995, 0.09999999999999981, -5, 2.4006, 0.10005000000000001, -4.9999, -0.009397
30, 2.2999999999999994, 0.09999999999999981, -5, 2.3005999999999998, 0.10005000000000001, -4.9999, -0.009345
30, 2.1999999999999993, 0.09999999999999981, -5, 2.3004000000000002, 0.1, -4.999950000000001, -0.00934
30, 2.099999999999999, 0.09999999999999981, -5, 2.3005, 0.1, -4.9999, -0.009418
30, 1.9999999999999991, 0.09999999999999981, -5, 2.3005, 0.1, -4.999950000000001, -0.00934
30, 1.899999999999999, 0.09999999999999981, -5, 2.3005, 0.1, -4.9999, -0.009397
30, 1.799999999999999, 0.09999999999999981, -5, 2.3005, 0.1, -4.9999, -0.009366
30, 1.6999999999999988, 0.09999999999999981, -5, 2.3005, 0.1, -4.9999, -0.009366
30, 1.5999999999999988, 0.09999999999999981, -5, 2.3005500000000003, 0.1, -4.9999, -0.009402
30, 1.4999999999999987, 0.09999999999999981, -5, 2.3005500000000003, 0.1, -4.9999, -0.009329
30, 1.3999999999999986, 0.09999999999999981, -5, 2.3005500000000003, 0.1, -4.9999, -0.009407
30, 1.2999999999999985, 0.09999999999999981, -5, 2.3005, 0.1, -4.9999, -0.00935
30, 1.2999999999999985, 0.19999999999999982, -5, 1.2998500000000002, 0.19625, -4.99985, -0.009397
30, 1.2999999999999985, 0.2999999999999998, -5, 1.2990500000000003, 0.30155, -4.9999, -0.009345
30, 1.2999999999999985, 0.3999999999999998, -5, 1.2994, 0.40275, -4.999950000000001, -0.009413
30, 1.2999999999999985, 0.4999999999999998, -5, 1.30045, 0.49645000000000006, -5.00005, -0.009319
30, 1.2999999999999985, 0.5999999999999998, -5, 1.2993500000000002, 0.60225, -5.000100000000001, -0.009381
30, 1.2999999999999985, 0.6999999999999997, -5, 1.29995, 0.70015, -5.000100000000001, -0.009366
30, 1.2999999999999985, 0.7999999999999997, -5, 1.29995, 0.79895, -5.000100000000001, -0.009324
30, 1.2999999999999985, 0.8999999999999997, -5, 1.2996, 0.9008, -5.000100000000001, -0.009387
30, 1.2999999999999985, 0.9999999999999997, -5, 1.3002, 0.9997, -5.000100000000001, -0.009355
30, 1.2999999999999985, 1.0999999999999996, -5, 1.29945, 1.09965, -5.00005, -0.009324
30, 1.2999999999999985, 1.1999999999999997, -5, 1.2995, 1.1994, -5.00005, -0.009345
30, 1.2999999999999985, 1.2999999999999998, -5, 1.2998500000000002, 1.3017, -4.999950000000001, -0.00934
30, 1.2999999999999985, 1.4, -5, 1.3001, 1.3986, -4.9999, -0.009387
30, 1.2999999999999985, 1.5, -5, 1.3002, 1.4991, -4.99985, -0.009355
30, 1.2999999999999985, 1.6, -5, 1.2999, 1.6026000000000002, -4.9999, -0.009381
30, 1.2999999999999985, 1.7000000000000002, -5, 1.29995, 1.697, -4.9999, -0.009319
30, 1.2999999999999985, 1.8000000000000003, -5, 1.2995500000000002, 1.80055, -5.0, -0.009402
30, 1.2999999999999985, 1.9000000000000004, -5, 1.2995500000000002, 1.90225, -5.00005, -0.00934
30, 1.2999999999999985, 2.0000000000000004, -5, 1.29975, 1.99725, -5.00005, -0.009387
30, 1.2999999999999985, 2.1000000000000005, -5, 1.2997, 2.1018499999999998, -5.000100000000001, -0.009334
30, 1.2999999999999985, 2.2000000000000006, -5, 1.29995, 2.2002, -5.000100000000001, -0.009413
30, 1.2999999999999985, 2.3000000000000007, -5, 1.3001500000000001, 2.29855, -5.000100000000001, -0.009329
30, 1.2999999999999985, 2.400000000000001, -5, 1.3, 2.40105, -5.000100000000001, -0.009355
30, 1.2999999999999985, 2.500000000000001, -5, 1.29995, 2.5004500000000003, -5.000100000000001, -0.009397
30, 1.2999999999999985, 2.600000000000001, -5, 1.2998000000000003, 2.6004500000000004, -5.000100000000001, -0.009345
30, 1.2999999999999985, 2.700000000000001, -5, 1.3002, 2.6003000000000003, -5.00005, -0.009397
30, 1.2999999999999985, 2.800000000000001, -5, 1.2996, 2.80075, -5.00005, -0.009366
30, 1.2999999999999985, 2.9000000000000012, -5, 1.2993500000000002, 2.89925, -5.0, -0.009407
30, 1.2999999999999985, 3.0000000000000013, -5, 1.29995, 2.999, -5.0, -0.009345
30, 1.2999999999999985, 3.1000000000000014, -5, 1.29975, 3.10395, -5.0, -0.009371
