Voltage = 3.7, Current = 19.3, Pinhole = 10um, Objective = 50x, NA = 0.55 
0, 6.6, -1.55, 1.55, 6.6003, -1.5502, 1.5490500000000003, -0.009329
1, 6.6499999999999995, -1.55, 1.55, 6.64935, -1.5503000000000002, 1.5498000000000003, -0.00936
1, 6.6499999999999995, -1.6, 1.55, 6.65055, -1.6000500000000002, 1.55, -0.00935
2, 6.6, -1.6, 1.55, 6.59875, -1.6001, 1.5502, -0.009319
2, 6.55, -1.6, 1.55, 6.54955, -1.6002, 1.5501, -0.009308
2, 6.55, -1.55, 1.55, 6.5485500000000005, -1.5507, 1.55, -0.009225
2, 6.55, -1.5, 1.55, 6.54865, -1.49915, 1.55, -0.009204
3, 6.6, -1.5, 1.55, 6.5982, -1.5005, 1.54995, -0.009308
3, 6.6499999999999995, -1.5, 1.55, 6.6503000000000005, -1.4999500000000001, 1.5499, -0.00936
3, 6.699999999999999, -1.5, 1.55, 6.701, -1.5, 1.54995, -0.009355
3, 6.699999999999999, -1.55, 1.55, 6.6998, -1.54995, 1.55, -0.009397
3, 6.699999999999999, -1.6, 1.55, 6.698900000000001, -1.6003500000000002, 1.55, -0.00936
3, 6.699999999999999, -1.6500000000000001, 1.55, 6.69825, -1.6501000000000001, 1.5501, -0.009397
4, 6.6499999999999995, -1.6500000000000001, 1.55, 6.649400000000001, -1.6501000000000001, 1.5501, -0.009402
4, 6.6, -1.6500000000000001, 1.55, 6.601400000000001, -1.6501000000000001, 1.5501, -0.00935
4, 6.55, -1.6500000000000001, 1.55, 6.55105, -1.64995, 1.5501, -0.00934
4, 6.5, -1.6500000000000001, 1.55, 6.5005500000000005, -1.6499000000000001, 1.55, -0.009324
4, 6.5, -1.6, 1.55, 6.498200000000001, -1.5998500000000002, 1.5500500000000001, -0.009214
4, 6.5, -1.55, 1.55, 6.501600000000001, -1.551, 1.55, -0.009235
4, 6.5, -1.5, 1.55, 6.49795, -1.4991, 1.54995, -0.009194
4, 6.5, -1.45, 1.55, 6.5011, -1.4505500000000002, 1.5499, -0.009277
5, 6.55, -1.45, 1.55, 6.54875, -1.45035, 1.5499, -0.009267
5, 6.6, -1.45, 1.55, 6.6005, -1.4495, 1.5498500000000002, -0.009366
5, 6.6499999999999995, -1.45, 1.55, 6.651350000000001, -1.45015, 1.5500500000000001, -0.009355
5, 6.699999999999999, -1.45, 1.55, 6.69955, -1.4499000000000002, 1.5501, -0.009366
5, 6.749999999999999, -1.45, 1.55, 6.74855, -1.4501000000000002, 1.5501, -0.009397
5, 6.749999999999999, -1.5, 1.55, 6.75135, -1.49975, 1.5498000000000003, -0.009381
5, 6.749999999999999, -1.55, 1.55, 6.748900000000001, -1.5503000000000002, 1.5498000000000003, -0.009355
5, 6.749999999999999, -1.6, 1.55, 6.74955, -1.6001, 1.5502, -0.009355
5, 6.749999999999999, -1.6500000000000001, 1.55, 6.75, -1.6498000000000002, 1.5502, -0.009387
5, 6.749999999999999, -1.7000000000000002, 1.55, 6.74775, -1.7001000000000002, 1.5500500000000001, -0.009366
6, 6.699999999999999, -1.7000000000000002, 1.55, 6.6995, -1.7003000000000001, 1.5498000000000003, -0.009345
6, 6.6499999999999995, -1.7000000000000002, 1.55, 6.65025, -1.70015, 1.5499, -0.009413
6, 6.6, -1.7000000000000002, 1.55, 6.59975, -1.7, 1.54995, -0.00936
6, 6.55, -1.7000000000000002, 1.55, 6.550650000000001, -1.6999000000000002, 1.5500500000000001, -0.009407
6, 6.5, -1.7000000000000002, 1.55, 6.501, -1.6998000000000002, 1.5502, -0.009355
6, 6.45, -1.7000000000000002, 1.55, 6.45025, -1.7001000000000002, 1.5500500000000001, -0.009407
6, 6.45, -1.6500000000000001, 1.55, 6.45025, -1.65, 1.5498000000000003, -0.009381
6, 6.45, -1.6, 1.55, 6.44995, -1.5999, 1.5498000000000003, -0.009256
6, 6.45, -1.55, 1.55, 6.44825, -1.5497, 1.5498000000000003, -0.009251
6, 6.45, -1.5, 1.55, 6.4481, -1.4996, 1.55, -0.009256
6, 6.45, -1.45, 1.55, 6.44875, -1.4500500000000003, 1.5501, -0.009293
6, 6.45, -1.4, 1.55, 6.448200000000001, -1.40025, 1.5500500000000001, -0.009371
7, 6.5, -1.4, 1.55, 6.50135, -1.4003500000000002, 1.5501, -0.009381
7, 6.55, -1.4, 1.55, 6.54755, -1.3993000000000002, 1.5501500000000001, -0.009345
7, 6.6, -1.4, 1.55, 6.6011500000000005, -1.4003, 1.55, -0.009355
7, 6.6499999999999995, -1.4, 1.55, 6.651200000000001, -1.4000500000000002, 1.54995, -0.00936
7, 6.699999999999999, -1.4, 1.55, 6.6998, -1.4, 1.5498000000000003, -0.009397
7, 6.749999999999999, -1.4, 1.55, 6.751900000000001, -1.4003500000000002, 1.5498000000000003, -0.00936
7, 6.799999999999999, -1.4, 1.55, 6.799900000000001, -1.39975, 1.5501500000000001, -0.009381
7, 6.799999999999999, -1.45, 1.55, 6.80185, -1.4499000000000002, 1.55025, -0.009407
7, 6.799999999999999, -1.5, 1.55, 6.800050000000001, -1.5004000000000002, 1.5500500000000001, -0.009381
7, 6.799999999999999, -1.55, 1.55, 6.7995, -1.5496, 1.5498000000000003, -0.009366
7, 6.799999999999999, -1.6, 1.55, 6.801, -1.5999, 1.55, -0.009355
7, 6.799999999999999, -1.6500000000000001, 1.55, 6.8014, -1.6497, 1.5500500000000001, -0.009397
7, 6.799999999999999, -1.7000000000000002, 1.55, 6.799150000000001, -1.7002000000000002, 1.5501, -0.009397
7, 6.799999999999999, -1.7500000000000002, 1.55, 6.800800000000001, -1.74975, 1.55, -0.009355
8, 6.749999999999999, -1.7500000000000002, 1.55, 6.74975, -1.7497, 1.5498500000000002, -0.00934
8, 6.699999999999999, -1.7500000000000002, 1.55, 6.70235, -1.74975, 1.5498500000000002, -0.009402
8, 6.6499999999999995, -1.7500000000000002, 1.55, 6.6498, -1.7497, 1.5498500000000002, -0.009355
8, 6.6, -1.7500000000000002, 1.55, 6.599, -1.7495500000000002, 1.5503500000000001, -0.00936
8, 6.55, -1.7500000000000002, 1.55, 6.55, -1.7495, 1.5503000000000002, -0.009392
8, 6.5, -1.7500000000000002, 1.55, 6.498900000000001, -1.7506000000000002, 1.5501500000000001, -0.009366
8, 6.45, -1.7500000000000002, 1.55, 6.4495, -1.74945, 1.5498500000000002, -0.009402
8, 6.4, -1.7500000000000002, 1.55, 6.40085, -1.7494, 1.54995, -0.009345
8, 6.4, -1.7000000000000002, 1.55, 6.3998, -1.69965, 1.5501, -0.009407
8, 6.4, -1.6500000000000001, 1.55, 6.3995500000000005, -1.64995, 1.5501500000000001, -0.009397
8, 6.4, -1.6, 1.55, 6.40055, -1.59925, 1.55, -0.00934
8, 6.4, -1.55, 1.55, 6.399700000000001, -1.55, 1.5499, -0.009329
8, 6.4, -1.5, 1.55, 6.4008, -1.4998000000000002, 1.5499, -0.009371
8, 6.4, -1.45, 1.55, 6.399700000000001, -1.4491, 1.55, -0.009387
8, 6.4, -1.4, 1.55, 6.3995, -1.40015, 1.55, -0.009366
8, 6.4, -1.3499999999999999, 1.55, 6.402150000000001, -1.35025, 1.55, -0.009387
9, 6.45, -1.3499999999999999, 1.55, 6.451200000000001, -1.3494000000000002, 1.5502, -0.00936
9, 6.5, -1.3499999999999999, 1.55, 6.501, -1.3505, 1.5501500000000001, -0.009407
9, 6.55, -1.3499999999999999, 1.55, 6.548700000000001, -1.3505500000000001, 1.5501, -0.009355
9, 6.6, -1.3499999999999999, 1.55, 6.60045, -1.3504, 1.5498000000000003, -0.009387
9, 6.6499999999999995, -1.3499999999999999, 1.55, 6.65035, -1.3505, 1.5498000000000003, -0.00936
9, 6.699999999999999, -1.3499999999999999, 1.55, 6.6998500000000005, -1.3497000000000001, 1.5499, -0.009366
9, 6.749999999999999, -1.3499999999999999, 1.55, 6.7502, -1.3504, 1.5502, -0.009381
9, 6.799999999999999, -1.3499999999999999, 1.55, 6.800800000000001, -1.3498500000000002, 1.5499, -0.009345
9, 6.849999999999999, -1.3499999999999999, 1.55, 6.849450000000001, -1.3504, 1.5498500000000002, -0.009402
9, 6.849999999999999, -1.4, 1.55, 6.8488, -1.39975, 1.5498000000000003, -0.009345
9, 6.849999999999999, -1.45, 1.55, 6.8498, -1.4499000000000002, 1.5501, -0.00935
9, 6.849999999999999, -1.5, 1.55, 6.8511500000000005, -1.49975, 1.5498500000000002, -0.009355
9, 6.849999999999999, -1.55, 1.55, 6.84835, -1.5508000000000002, 1.5498500000000002, -0.009392
9, 6.849999999999999, -1.6, 1.55, 6.85005, -1.5995, 1.5501500000000001, -0.009387
9, 6.849999999999999, -1.6500000000000001, 1.55, 6.85175, -1.64975, 1.5501500000000001, -0.00935
9, 6.849999999999999, -1.7000000000000002, 1.55, 6.850200000000001, -1.7001000000000002, 1.5498500000000002, -0.009387
9, 6.849999999999999, -1.7500000000000002, 1.55, 6.84955, -1.7499, 1.5501500000000001, -0.009397
9, 6.849999999999999, -1.8000000000000003, 1.55, 6.85205, -1.7995500000000002, 1.5501500000000001, -0.00935
10, 6.799999999999999, -1.8000000000000003, 1.55, 6.79865, -1.8003500000000001, 1.5501500000000001, -0.009397
10, 6.749999999999999, -1.8000000000000003, 1.55, 6.7491, -1.7997, 1.5500500000000001, -0.00935
10, 6.699999999999999, -1.8000000000000003, 1.55, 6.6984, -1.7997, 1.5498500000000002, -0.009397
10, 6.6499999999999995, -1.8000000000000003, 1.55, 6.6508, -1.7998000000000003, 1.55, -0.009381
10, 6.6, -1.8000000000000003, 1.55, 6.6001, -1.79975, 1.5501, -0.009397
10, 6.55, -1.8000000000000003, 1.55, 6.55025, -1.80055, 1.55025, -0.00935
10, 6.5, -1.8000000000000003, 1.55, 6.500850000000001, -1.8003500000000001, 1.5503000000000002, -0.009387
10, 6.45, -1.8000000000000003, 1.55, 6.44955, -1.79975, 1.5501, -0.009345
10, 6.4, -1.8000000000000003, 1.55, 6.4004, -1.7997, 1.5499, -0.009392
10, 6.3500000000000005, -1.8000000000000003, 1.55, 6.349950000000001, -1.7998000000000003, 1.5498500000000002, -0.009397
10, 6.3500000000000005, -1.7500000000000002, 1.55, 6.350200000000001, -1.7498000000000002, 1.5501, -0.009397
10, 6.3500000000000005, -1.7000000000000002, 1.55, 6.349900000000001, -1.70045, 1.5503000000000002, -0.009397
10, 6.3500000000000005, -1.6500000000000001, 1.55, 6.347600000000001, -1.6505, 1.5501, -0.009397
10, 6.3500000000000005, -1.6, 1.55, 6.349150000000001, -1.6001, 1.5499, -0.009355
10, 6.3500000000000005, -1.55, 1.55, 6.350650000000001, -1.5499, 1.5498000000000003, -0.009381
10, 6.3500000000000005, -1.5, 1.55, 6.34785, -1.49925, 1.5499, -0.009387
10, 6.3500000000000005, -1.45, 1.55, 6.3509, -1.45, 1.55, -0.009387
10, 6.3500000000000005, -1.4, 1.55, 6.35055, -1.4006500000000002, 1.5501, -0.00935
10, 6.3500000000000005, -1.3499999999999999, 1.55, 6.34905, -1.34965, 1.5501, -0.009366
10, 6.3500000000000005, -1.2999999999999998, 1.55, 6.3512, -1.30025, 1.5500500000000001, -0.009366
11, 6.4, -1.2999999999999998, 1.55, 6.3995, -1.3001, 1.54995, -0.00935
11, 6.45, -1.2999999999999998, 1.55, 6.44885, -1.3002, 1.54995, -0.009366
11, 6.5, -1.2999999999999998, 1.55, 6.5, -1.2995500000000002, 1.5499, -0.009387
11, 6.55, -1.2999999999999998, 1.55, 6.549300000000001, -1.3002, 1.54995, -0.009366
11, 6.6, -1.2999999999999998, 1.55, 6.5988, -1.3003000000000002, 1.5500500000000001, -0.009345
11, 6.6499999999999995, -1.2999999999999998, 1.55, 6.64975, -1.30025, 1.5501, -0.009407
11, 6.699999999999999, -1.2999999999999998, 1.55, 6.69925, -1.2996500000000002, 1.5501, -0.009366
11, 6.749999999999999, -1.2999999999999998, 1.55, 6.7495, -1.2998500000000002, 1.5501500000000001, -0.009397
11, 6.799999999999999, -1.2999999999999998, 1.55, 6.8003, -1.30025, 1.5501, -0.009345
11, 6.849999999999999, -1.2999999999999998, 1.55, 6.849900000000001, -1.2998500000000002, 1.5499, -0.009413
11, 6.899999999999999, -1.2999999999999998, 1.55, 6.90035, -1.2998000000000003, 1.5498500000000002, -0.009355
11, 6.899999999999999, -1.3499999999999999, 1.55, 6.9004, -1.35, 1.5502, -0.009381
11, 6.899999999999999, -1.4, 1.55, 6.899400000000001, -1.39975, 1.5500500000000001, -0.00934
11, 6.899999999999999, -1.45, 1.55, 6.899900000000001, -1.44965, 1.5498000000000003, -0.00935
11, 6.899999999999999, -1.5, 1.55, 6.901350000000001, -1.5008500000000002, 1.55, -0.009381
11, 6.899999999999999, -1.55, 1.55, 6.900450000000001, -1.54995, 1.5500500000000001, -0.009392
11, 6.899999999999999, -1.6, 1.55, 6.9004, -1.6, 1.5501500000000001, -0.009407
11, 6.899999999999999, -1.6500000000000001, 1.55, 6.90225, -1.651, 1.5500500000000001, -0.00935
11, 6.899999999999999, -1.7000000000000002, 1.55, 6.9005, -1.7002000000000002, 1.5498000000000003, -0.009371
11, 6.899999999999999, -1.7500000000000002, 1.55, 6.90125, -1.74975, 1.5498000000000003, -0.009345
11, 6.899999999999999, -1.8000000000000003, 1.55, 6.900950000000001, -1.8001, 1.5500500000000001, -0.009407
11, 6.899999999999999, -1.8500000000000003, 1.55, 6.9015, -1.8504, 1.5502, -0.009355
12, 6.849999999999999, -1.8500000000000003, 1.55, 6.8483, -1.8503000000000003, 1.5502, -0.009355
12, 6.799999999999999, -1.8500000000000003, 1.55, 6.799300000000001, -1.8499, 1.5501, -0.009392
12, 6.749999999999999, -1.8500000000000003, 1.55, 6.7501500000000005, -1.8500500000000002, 1.5498500000000002, -0.009397
12, 6.699999999999999, -1.8500000000000003, 1.55, 6.70185, -1.8500500000000002, 1.5498000000000003, -0.00935
12, 6.6499999999999995, -1.8500000000000003, 1.55, 6.6498, -1.8502, 1.5498000000000003, -0.00935
12, 6.6, -1.8500000000000003, 1.55, 6.59955, -1.85, 1.5499, -0.009366
12, 6.55, -1.8500000000000003, 1.55, 6.549150000000001, -1.8498, 1.5501500000000001, -0.009387
12, 6.5, -1.8500000000000003, 1.55, 6.50125, -1.8498, 1.55025, -0.009366
12, 6.45, -1.8500000000000003, 1.55, 6.4504, -1.8500500000000002, 1.5502, -0.009402
12, 6.4, -1.8500000000000003, 1.55, 6.3996, -1.8501, 1.5498500000000002, -0.009387
12, 6.3500000000000005, -1.8500000000000003, 1.55, 6.35075, -1.84995, 1.5498000000000003, -0.00935
12, 6.300000000000001, -1.8500000000000003, 1.55, 6.29925, -1.8500500000000002, 1.5500500000000001, -0.009407
12, 6.300000000000001, -1.8000000000000003, 1.55, 6.3006, -1.7998000000000003, 1.5502, -0.009366
12, 6.300000000000001, -1.7500000000000002, 1.55, 6.300350000000001, -1.7498000000000002, 1.54995, -0.009345
12, 6.300000000000001, -1.7000000000000002, 1.55, 6.299300000000001, -1.7002000000000002, 1.5498000000000003, -0.009402
12, 6.300000000000001, -1.6500000000000001, 1.55, 6.2978000000000005, -1.6501000000000001, 1.5498500000000002, -0.009345
12, 6.300000000000001, -1.6, 1.55, 6.3009, -1.6004500000000002, 1.55, -0.009407
12, 6.300000000000001, -1.55, 1.55, 6.301200000000001, -1.5496, 1.55, -0.00935
12, 6.300000000000001, -1.5, 1.55, 6.3018, -1.5, 1.54995, -0.00936
12, 6.300000000000001, -1.45, 1.55, 6.300800000000001, -1.4497, 1.55025, -0.009366
12, 6.300000000000001, -1.4, 1.55, 6.30105, -1.39935, 1.54995, -0.009407
12, 6.300000000000001, -1.3499999999999999, 1.55, 6.299, -1.3498500000000002, 1.5498000000000003, -0.009392
12, 6.300000000000001, -1.2999999999999998, 1.55, 6.301, -1.3001, 1.55, -0.00936
12, 6.300000000000001, -1.2499999999999998, 1.55, 6.29715, -1.2506000000000002, 1.5500500000000001, -0.009371
13, 6.3500000000000005, -1.2499999999999998, 1.55, 6.348, -1.24975, 1.5501500000000001, -0.00935
13, 6.4, -1.2499999999999998, 1.55, 6.4003000000000005, -1.25, 1.5501, -0.009355
13, 6.45, -1.2499999999999998, 1.55, 6.44955, -1.2501000000000002, 1.55, -0.00935
13, 6.5, -1.2499999999999998, 1.55, 6.5001500000000005, -1.2499500000000001, 1.5498500000000002, -0.009392
13, 6.55, -1.2499999999999998, 1.55, 6.549450000000001, -1.2501000000000002, 1.5499, -0.009366
13, 6.6, -1.2499999999999998, 1.55, 6.6006, -1.25015, 1.5499, -0.009418
13, 6.6499999999999995, -1.2499999999999998, 1.55, 6.6505, -1.25, 1.5500500000000001, -0.00935
13, 6.699999999999999, -1.2499999999999998, 1.55, 6.70035, -1.2499500000000001, 1.5501500000000001, -0.00936
13, 6.749999999999999, -1.2499999999999998, 1.55, 6.7495, -1.2501000000000002, 1.5501500000000001, -0.009355
13, 6.799999999999999, -1.2499999999999998, 1.55, 6.800200000000001, -1.25015, 1.55, -0.009418
13, 6.849999999999999, -1.2499999999999998, 1.55, 6.848700000000001, -1.25, 1.5501, -0.009355
13, 6.899999999999999, -1.2499999999999998, 1.55, 6.90035, -1.2499, 1.5498500000000002, -0.00936
13, 6.949999999999998, -1.2499999999999998, 1.55, 6.95005, -1.25005, 1.5498500000000002, -0.009413
13, 6.949999999999998, -1.2999999999999998, 1.55, 6.95115, -1.3001, 1.55, -0.009397
13, 6.949999999999998, -1.3499999999999999, 1.55, 6.9483500000000005, -1.3496000000000001, 1.5501, -0.009355
13, 6.949999999999998, -1.4, 1.55, 6.950900000000001, -1.39995, 1.5501, -0.00935
13, 6.949999999999998, -1.45, 1.55, 6.95005, -1.4496000000000002, 1.54995, -0.009397
13, 6.949999999999998, -1.5, 1.55, 6.94975, -1.5002, 1.5498000000000003, -0.009407
13, 6.949999999999998, -1.55, 1.55, 6.9523, -1.55045, 1.5500500000000001, -0.009366
13, 6.949999999999998, -1.6, 1.55, 6.9496, -1.6003500000000002, 1.5501500000000001, -0.009376
13, 6.949999999999998, -1.6500000000000001, 1.55, 6.9515, -1.65025, 1.5501500000000001, -0.00936
13, 6.949999999999998, -1.7000000000000002, 1.55, 6.948200000000001, -1.69995, 1.5498500000000002, -0.00935
13, 6.949999999999998, -1.7500000000000002, 1.55, 6.9488, -1.75015, 1.5501500000000001, -0.009392
13, 6.949999999999998, -1.8000000000000003, 1.55, 6.952100000000001, -1.8, 1.5502, -0.009402
13, 6.949999999999998, -1.8500000000000003, 1.55, 6.951200000000001, -1.8500500000000002, 1.5498500000000002, -0.00936
13, 6.949999999999998, -1.9000000000000004, 1.55, 6.949450000000001, -1.9, 1.5498500000000002, -0.009402
14, 6.899999999999999, -1.9000000000000004, 1.55, 6.899400000000001, -1.90025, 1.5498500000000002, -0.009355
14, 6.849999999999999, -1.9000000000000004, 1.55, 6.84925, -1.9000500000000002, 1.5501, -0.009381
14, 6.799999999999999, -1.9000000000000004, 1.55, 6.799300000000001, -1.89995, 1.55025, -0.009371
14, 6.749999999999999, -1.9000000000000004, 1.55, 6.749950000000001, -1.8999000000000001, 1.5501500000000001, -0.009387
14, 6.699999999999999, -1.9000000000000004, 1.55, 6.7016, -1.8999000000000001, 1.54995, -0.009366
14, 6.6499999999999995, -1.9000000000000004, 1.55, 6.6495500000000005, -1.90015, 1.5498500000000002, -0.009407
14, 6.6, -1.9000000000000004, 1.55, 6.600200000000001, -1.9001000000000001, 1.54995, -0.00935
14, 6.55, -1.9000000000000004, 1.55, 6.551200000000001, -1.9, 1.55, -0.009402
14, 6.5, -1.9000000000000004, 1.55, 6.5006, -1.89995, 1.5501500000000001, -0.00935
14, 6.45, -1.9000000000000004, 1.55, 6.4493, -1.89995, 1.5502, -0.009397
14, 6.4, -1.9000000000000004, 1.55, 6.3996, -1.90015, 1.5498500000000002, -0.009402
14, 6.3500000000000005, -1.9000000000000004, 1.55, 6.35125, -1.9000500000000002, 1.5498000000000003, -0.009355
14, 6.300000000000001, -1.9000000000000004, 1.55, 6.3003, -1.89975, 1.5502, -0.009397
14, 6.250000000000001, -1.9000000000000004, 1.55, 6.250400000000001, -1.9002000000000001, 1.5501, -0.00936
14, 6.250000000000001, -1.8500000000000003, 1.55, 6.248450000000001, -1.8499, 1.54995, -0.009413
14, 6.250000000000001, -1.8000000000000003, 1.55, 6.248950000000001, -1.79895, 1.5498500000000002, -0.00935
14, 6.250000000000001, -1.7500000000000002, 1.55, 6.2494000000000005, -1.749, 1.5498500000000002, -0.009397
14, 6.250000000000001, -1.7000000000000002, 1.55, 6.24975, -1.6997, 1.54995, -0.009387
14, 6.250000000000001, -1.6500000000000001, 1.55, 6.25105, -1.64925, 1.5501500000000001, -0.00935
14, 6.250000000000001, -1.6, 1.55, 6.2508, -1.5998500000000002, 1.5501, -0.00935
14, 6.250000000000001, -1.55, 1.55, 6.250900000000001, -1.54995, 1.5498500000000002, -0.009355
14, 6.250000000000001, -1.5, 1.55, 6.2501500000000005, -1.49915, 1.5498500000000002, -0.00936
14, 6.250000000000001, -1.45, 1.55, 6.25075, -1.4493000000000003, 1.54995, -0.009397
14, 6.250000000000001, -1.4, 1.55, 6.2503, -1.40015, 1.5501500000000001, -0.009402
14, 6.250000000000001, -1.3499999999999999, 1.55, 6.25125, -1.3504500000000002, 1.5499, -0.009387
14, 6.250000000000001, -1.2999999999999998, 1.55, 6.2502, -1.29995, 1.5498500000000002, -0.009366
14, 6.250000000000001, -1.2499999999999998, 1.55, 6.2513000000000005, -1.2497, 1.5500500000000001, -0.009355
14, 6.250000000000001, -1.1999999999999997, 1.55, 6.247450000000001, -1.1991, 1.5501500000000001, -0.00936
15, 6.300000000000001, -1.1999999999999997, 1.55, 6.3021, -1.2004000000000001, 1.5501500000000001, -0.009413
15, 6.3500000000000005, -1.1999999999999997, 1.55, 6.3504000000000005, -1.1997, 1.55, -0.009392
15, 6.4, -1.1999999999999997, 1.55, 6.39975, -1.2003, 1.5498000000000003, -0.00935
15, 6.45, -1.1999999999999997, 1.55, 6.450150000000001, -1.2001000000000002, 1.5498500000000002, -0.009366
15, 6.5, -1.1999999999999997, 1.55, 6.50025, -1.19955, 1.5498000000000003, -0.009407
15, 6.55, -1.1999999999999997, 1.55, 6.54905, -1.20005, 1.5499, -0.009345
15, 6.6, -1.1999999999999997, 1.55, 6.5997, -1.20015, 1.5500500000000001, -0.009397
15, 6.6499999999999995, -1.1999999999999997, 1.55, 6.64975, -1.19995, 1.5501, -0.009392
15, 6.699999999999999, -1.1999999999999997, 1.55, 6.70075, -1.20005, 1.5501500000000001, -0.009397
15, 6.749999999999999, -1.1999999999999997, 1.55, 6.7498000000000005, -1.2002000000000002, 1.55, -0.00934
15, 6.799999999999999, -1.1999999999999997, 1.55, 6.80075, -1.1999000000000002, 1.54995, -0.009371
15, 6.849999999999999, -1.1999999999999997, 1.55, 6.84835, -1.1998, 1.54995, -0.009407
15, 6.899999999999999, -1.1999999999999997, 1.55, 6.9018500000000005, -1.1999000000000002, 1.5498000000000003, -0.009371
15, 6.949999999999998, -1.1999999999999997, 1.55, 6.951350000000001, -1.2001000000000002, 1.5498000000000003, -0.00936
15, 6.999999999999998, -1.1999999999999997, 1.55, 6.99975, -1.20005, 1.54995, -0.009402
15, 6.999999999999998, -1.2499999999999998, 1.55, 6.9983, -1.2505500000000003, 1.5501500000000001, -0.009392
15, 6.999999999999998, -1.2999999999999998, 1.55, 7.0017000000000005, -1.3001, 1.5501, -0.00936
15, 6.999999999999998, -1.3499999999999999, 1.55, 6.99955, -1.35, 1.5501, -0.009413
15, 6.999999999999998, -1.4, 1.55, 6.99805, -1.39995, 1.55, -0.009392
15, 6.999999999999998, -1.45, 1.55, 6.9995, -1.4498000000000002, 1.54995, -0.009407
15, 6.999999999999998, -1.5, 1.55, 6.997400000000001, -1.50005, 1.5498500000000002, -0.00936
15, 6.999999999999998, -1.55, 1.55, 7.0008, -1.5500500000000001, 1.5501500000000001, -0.009355
15, 6.999999999999998, -1.6, 1.55, 6.998600000000001, -1.6001500000000002, 1.5501, -0.009366
15, 6.999999999999998, -1.6500000000000001, 1.55, 7.0005, -1.65045, 1.5498500000000002, -0.009407
15, 6.999999999999998, -1.7000000000000002, 1.55, 6.9988, -1.70025, 1.5500500000000001, -0.009402
15, 6.999999999999998, -1.7500000000000002, 1.55, 7.0002, -1.7503000000000002, 1.5501500000000001, -0.009387
15, 6.999999999999998, -1.8000000000000003, 1.55, 6.99915, -1.8000500000000001, 1.5502, -0.00936
15, 6.999999999999998, -1.8500000000000003, 1.55, 7.0011, -1.8504, 1.54995, -0.009402
15, 6.999999999999998, -1.9000000000000004, 1.55, 7.001200000000001, -1.9000500000000002, 1.5498500000000002, -0.009355
15, 6.999999999999998, -1.9500000000000004, 1.55, 7.00105, -1.9493500000000001, 1.5498000000000003, -0.009402
16, 6.949999999999998, -1.9500000000000004, 1.55, 6.9495, -1.95065, 1.5501, -0.009355
16, 6.899999999999999, -1.9500000000000004, 1.55, 6.9004, -1.9494500000000001, 1.5501, -0.009402
16, 6.849999999999999, -1.9500000000000004, 1.55, 6.8496500000000005, -1.9495500000000001, 1.5502, -0.009381
16, 6.799999999999999, -1.9500000000000004, 1.55, 6.80135, -1.9506000000000001, 1.5501500000000001, -0.009402
16, 6.749999999999999, -1.9500000000000004, 1.55, 6.7486500000000005, -1.9495500000000001, 1.5501, -0.00936
16, 6.699999999999999, -1.9500000000000004, 1.55, 6.7018, -1.9496000000000002, 1.5500500000000001, -0.00936
16, 6.6499999999999995, -1.9500000000000004, 1.55, 6.65035, -1.9505500000000002, 1.54995, -0.009392
16, 6.6, -1.9500000000000004, 1.55, 6.599600000000001, -1.9505500000000002, 1.5498500000000002, -0.00935
16, 6.55, -1.9500000000000004, 1.55, 6.5511, -1.95045, 1.5498500000000002, -0.009392
16, 6.5, -1.9500000000000004, 1.55, 6.498950000000001, -1.9497, 1.5501, -0.009355
16, 6.45, -1.9500000000000004, 1.55, 6.4503, -1.9506000000000001, 1.54995, -0.009381
16, 6.4, -1.9500000000000004, 1.55, 6.39965, -1.9498000000000002, 1.5498500000000002, -0.00936
16, 6.3500000000000005, -1.9500000000000004, 1.55, 6.3513, -1.94975, 1.5500500000000001, -0.009366
16, 6.300000000000001, -1.9500000000000004, 1.55, 6.299300000000001, -1.94975, 1.5502, -0.00935
16, 6.250000000000001, -1.9500000000000004, 1.55, 6.25, -1.9504000000000001, 1.5502, -0.009381
16, 6.200000000000001, -1.9500000000000004, 1.55, 6.1998500000000005, -1.9497, 1.5500500000000001, -0.009387
16, 6.200000000000001, -1.9000000000000004, 1.55, 6.2014000000000005, -1.8995, 1.5499, -0.00936
16, 6.200000000000001, -1.8500000000000003, 1.55, 6.1993, -1.8502, 1.54995, -0.009355
16, 6.200000000000001, -1.8000000000000003, 1.55, 6.19875, -1.799, 1.5500500000000001, -0.009402
16, 6.200000000000001, -1.7500000000000002, 1.55, 6.199400000000001, -1.74895, 1.5501500000000001, -0.00935
16, 6.200000000000001, -1.7000000000000002, 1.55, 6.199350000000001, -1.7002000000000002, 1.5501, -0.00935
16, 6.200000000000001, -1.6500000000000001, 1.55, 6.2007, -1.65, 1.5499, -0.009407
16, 6.200000000000001, -1.6, 1.55, 6.202100000000001, -1.5999, 1.5498500000000002, -0.009355
16, 6.200000000000001, -1.55, 1.55, 6.20115, -1.5503500000000001, 1.55, -0.00936
16, 6.200000000000001, -1.5, 1.55, 6.20035, -1.50035, 1.5501, -0.009392
16, 6.200000000000001, -1.45, 1.55, 6.20115, -1.4495, 1.5501, -0.009355
16, 6.200000000000001, -1.4, 1.55, 6.2016, -1.401, 1.5500500000000001, -0.009371
16, 6.200000000000001, -1.3499999999999999, 1.55, 6.20145, -1.34975, 1.5498500000000002, -0.00936
16, 6.200000000000001, -1.2999999999999998, 1.55, 6.199050000000001, -1.3001, 1.5499, -0.009387
16, 6.200000000000001, -1.2499999999999998, 1.55, 6.1985, -1.2498000000000002, 1.5501, -0.00936
16, 6.200000000000001, -1.1999999999999997, 1.55, 6.1996, -1.19895, 1.5501, -0.009397
16, 6.200000000000001, -1.1499999999999997, 1.55, 6.1985, -1.15045, 1.5500500000000001, -0.009397
17, 6.250000000000001, -1.1499999999999997, 1.55, 6.248900000000001, -1.15045, 1.55, -0.009402
17, 6.300000000000001, -1.1499999999999997, 1.55, 6.298700000000001, -1.15015, 1.54995, -0.009366
17, 6.3500000000000005, -1.1499999999999997, 1.55, 6.3488500000000005, -1.14965, 1.5499, -0.009397
17, 6.4, -1.1499999999999997, 1.55, 6.3995, -1.1501000000000001, 1.5498500000000002, -0.009407
17, 6.45, -1.1499999999999997, 1.55, 6.4499, -1.14995, 1.55, -0.009407
17, 6.5, -1.1499999999999997, 1.55, 6.5001500000000005, -1.15005, 1.5501500000000001, -0.009387
17, 6.55, -1.1499999999999997, 1.55, 6.550800000000001, -1.15, 1.5500500000000001, -0.00935
17, 6.6, -1.1499999999999997, 1.55, 6.600200000000001, -1.15, 1.5499, -0.00934
17, 6.6499999999999995, -1.1499999999999997, 1.55, 6.650600000000001, -1.15015, 1.5498500000000002, -0.00935
17, 6.699999999999999, -1.1499999999999997, 1.55, 6.6988, -1.14995, 1.5499, -0.009397
17, 6.749999999999999, -1.1499999999999997, 1.55, 6.7494000000000005, -1.1499000000000001, 1.54995, -0.009355
17, 6.799999999999999, -1.1499999999999997, 1.55, 6.800350000000001, -1.15005, 1.5502, -0.009407
17, 6.849999999999999, -1.1499999999999997, 1.55, 6.84905, -1.15015, 1.5502, -0.009355
17, 6.899999999999999, -1.1499999999999997, 1.55, 6.89885, -1.1501000000000001, 1.55025, -0.009387
17, 6.949999999999998, -1.1499999999999997, 1.55, 6.9511, -1.15, 1.5501, -0.009392
17, 6.999999999999998, -1.1499999999999997, 1.55, 7.00065, -1.14985, 1.54995, -0.009402
17, 7.049999999999998, -1.1499999999999997, 1.55, 7.0498, -1.1499000000000001, 1.5499, -0.009334
17, 7.049999999999998, -1.1999999999999997, 1.55, 7.0508500000000005, -1.2002000000000002, 1.5498500000000002, -0.00935
17, 7.049999999999998, -1.2499999999999998, 1.55, 7.050200000000001, -1.25045, 1.5501500000000001, -0.009355
17, 7.049999999999998, -1.2999999999999998, 1.55, 7.049600000000001, -1.2997, 1.5498500000000002, -0.009392
17, 7.049999999999998, -1.3499999999999999, 1.55, 7.05215, -1.3503500000000002, 1.5498000000000003, -0.009366
17, 7.049999999999998, -1.4, 1.55, 7.04985, -1.40015, 1.5499, -0.009407
17, 7.049999999999998, -1.45, 1.55, 7.0491, -1.4500500000000003, 1.5501500000000001, -0.009397
17, 7.049999999999998, -1.5, 1.55, 7.052200000000001, -1.5012, 1.5502, -0.00935
17, 7.049999999999998, -1.55, 1.55, 7.0482000000000005, -1.55095, 1.5502, -0.009392
17, 7.049999999999998, -1.6, 1.55, 7.04925, -1.6005, 1.55, -0.009392
17, 7.049999999999998, -1.6500000000000001, 1.55, 7.050650000000001, -1.6497, 1.55, -0.00936
17, 7.049999999999998, -1.7000000000000002, 1.55, 7.049600000000001, -1.6999000000000002, 1.54995, -0.00936
17, 7.049999999999998, -1.7500000000000002, 1.55, 7.049, -1.7502, 1.5498500000000002, -0.00934
17, 7.049999999999998, -1.8000000000000003, 1.55, 7.051, -1.7999, 1.5501, -0.009407
17, 7.049999999999998, -1.8500000000000003, 1.55, 7.04775, -1.8506000000000002, 1.5502, -0.009345
17, 7.049999999999998, -1.9000000000000004, 1.55, 7.0516000000000005, -1.9003, 1.55025, -0.009402
17, 7.049999999999998, -1.9500000000000004, 1.55, 7.05, -1.9504000000000001, 1.54995, -0.009413
17, 7.049999999999998, -2.0000000000000004, 1.55, 7.0509, -2.0003, 1.5499, -0.009345
18, 6.999999999999998, -2.0000000000000004, 1.55, 6.99945, -1.9999, 1.5499, -0.00936
18, 6.949999999999998, -2.0000000000000004, 1.55, 6.9505, -1.9998000000000002, 1.54995, -0.009397
18, 6.899999999999999, -2.0000000000000004, 1.55, 6.8999500000000005, -1.9999, 1.5501, -0.009371
18, 6.849999999999999, -2.0000000000000004, 1.55, 6.8504000000000005, -2.0001, 1.5501, -0.009366
18, 6.799999999999999, -2.0000000000000004, 1.55, 6.799300000000001, -2.0000500000000003, 1.5501, -0.009355
18, 6.749999999999999, -2.0000000000000004, 1.55, 6.7498000000000005, -1.9998500000000001, 1.55, -0.009355
18, 6.699999999999999, -2.0000000000000004, 1.55, 6.70005, -1.9999500000000001, 1.5499, -0.00936
18, 6.6499999999999995, -2.0000000000000004, 1.55, 6.650650000000001, -2.0001, 1.5499, -0.009413
18, 6.6, -2.0000000000000004, 1.55, 6.599200000000001, -2.0001, 1.5499, -0.009397
18, 6.55, -2.0000000000000004, 1.55, 6.5506, -2.0, 1.54995, -0.009402
18, 6.5, -2.0000000000000004, 1.55, 6.50125, -1.9998500000000001, 1.5501, -0.009355
18, 6.45, -2.0000000000000004, 1.55, 6.45085, -1.9999500000000001, 1.5502, -0.00934
18, 6.4, -2.0000000000000004, 1.55, 6.400650000000001, -1.9999500000000001, 1.5502, -0.009345
18, 6.3500000000000005, -2.0000000000000004, 1.55, 6.35135, -2.0001, 1.5500500000000001, -0.009366
18, 6.300000000000001, -2.0000000000000004, 1.55, 6.3004500000000005, -2.00015, 1.5498000000000003, -0.009381
18, 6.250000000000001, -2.0000000000000004, 1.55, 6.25025, -2.0, 1.5498000000000003, -0.009345
18, 6.200000000000001, -2.0000000000000004, 1.55, 6.199, -1.9998500000000001, 1.5500500000000001, -0.009407
18, 6.150000000000001, -2.0000000000000004, 1.55, 6.1495500000000005, -1.9998500000000001, 1.55025, -0.009376
18, 6.150000000000001, -1.9500000000000004, 1.55, 6.15055, -1.9509, 1.55, -0.009366
18, 6.150000000000001, -1.9000000000000004, 1.55, 6.15075, -1.899, 1.5500500000000001, -0.00936
18, 6.150000000000001, -1.8500000000000003, 1.55, 6.151950000000001, -1.84975, 1.5498000000000003, -0.00935
18, 6.150000000000001, -1.8000000000000003, 1.55, 6.152700000000001, -1.79945, 1.54975, -0.009381
18, 6.150000000000001, -1.7500000000000002, 1.55, 6.15055, -1.75015, 1.5502, -0.009381
18, 6.150000000000001, -1.7000000000000002, 1.55, 6.1507000000000005, -1.69995, 1.54995, -0.009392
18, 6.150000000000001, -1.6500000000000001, 1.55, 6.15205, -1.6496000000000002, 1.5498500000000002, -0.009371
18, 6.150000000000001, -1.6, 1.55, 6.1514500000000005, -1.5998, 1.5498500000000002, -0.009381
18, 6.150000000000001, -1.55, 1.55, 6.1495, -1.5495, 1.5500500000000001, -0.00936
18, 6.150000000000001, -1.5, 1.55, 6.148950000000001, -1.4999500000000001, 1.5501, -0.00934
18, 6.150000000000001, -1.45, 1.55, 6.15085, -1.44975, 1.5498500000000002, -0.009392
18, 6.150000000000001, -1.4, 1.55, 6.1519, -1.39995, 1.54995, -0.009402
18, 6.150000000000001, -1.3499999999999999, 1.55, 6.1501, -1.3507, 1.5501500000000001, -0.009392
18, 6.150000000000001, -1.2999999999999998, 1.55, 6.15025, -1.3, 1.5501, -0.009355
18, 6.150000000000001, -1.2499999999999998, 1.55, 6.15125, -1.2498500000000001, 1.5498000000000003, -0.00936
18, 6.150000000000001, -1.1999999999999997, 1.55, 6.1508, -1.19895, 1.5498000000000003, -0.009397
18, 6.150000000000001, -1.1499999999999997, 1.55, 6.1485, -1.1505, 1.5501500000000001, -0.009407
18, 6.150000000000001, -1.0999999999999996, 1.55, 6.1513, -1.1004500000000002, 1.55025, -0.009413
19, 6.200000000000001, -1.0999999999999996, 1.55, 6.202, -1.09995, 1.5502, -0.009371
19, 6.250000000000001, -1.0999999999999996, 1.55, 6.250400000000001, -1.0995, 1.55, -0.009392
19, 6.300000000000001, -1.0999999999999996, 1.55, 6.299900000000001, -1.1003500000000002, 1.54995, -0.009371
19, 6.3500000000000005, -1.0999999999999996, 1.55, 6.349900000000001, -1.10005, 1.5498500000000002, -0.009402
19, 6.4, -1.0999999999999996, 1.55, 6.400650000000001, -1.0997999999999999, 1.5498500000000002, -0.009376
19, 6.45, -1.0999999999999996, 1.55, 6.45075, -1.0997999999999999, 1.5498500000000002, -0.009387
19, 6.5, -1.0999999999999996, 1.55, 6.5, -1.1003, 1.55, -0.00935
19, 6.55, -1.0999999999999996, 1.55, 6.55125, -1.0998500000000002, 1.5501, -0.009392
19, 6.6, -1.0999999999999996, 1.55, 6.60015, -1.09995, 1.5501, -0.00936
19, 6.6499999999999995, -1.0999999999999996, 1.55, 6.650950000000001, -1.1003500000000002, 1.5501, -0.009392
19, 6.699999999999999, -1.0999999999999996, 1.55, 6.699200000000001, -1.09995, 1.55, -0.009355
19, 6.749999999999999, -1.0999999999999996, 1.55, 6.74945, -1.0998500000000002, 1.55, -0.00934
19, 6.799999999999999, -1.0999999999999996, 1.55, 6.8004500000000005, -1.1004, 1.5498500000000002, -0.00935
19, 6.849999999999999, -1.0999999999999996, 1.55, 6.84955, -1.1, 1.5499, -0.009387
19, 6.899999999999999, -1.0999999999999996, 1.55, 6.89965, -1.0999, 1.54995, -0.009345
19, 6.949999999999998, -1.0999999999999996, 1.55, 6.9498, -1.1003, 1.5502, -0.009366
19, 6.999999999999998, -1.0999999999999996, 1.55, 6.9993, -1.0999, 1.5502, -0.009387
19, 7.049999999999998, -1.0999999999999996, 1.55, 7.0501000000000005, -1.0997999999999999, 1.54995, -0.00935
19, 7.099999999999998, -1.0999999999999996, 1.55, 7.099150000000001, -1.10025, 1.5498500000000002, -0.009407
19, 7.099999999999998, -1.1499999999999997, 1.55, 7.1018, -1.1495499999999998, 1.5498000000000003, -0.009355
19, 7.099999999999998, -1.1999999999999997, 1.55, 7.10045, -1.19995, 1.54995, -0.009366
19, 7.099999999999998, -1.2499999999999998, 1.55, 7.1021, -1.2499, 1.5501500000000001, -0.009423
19, 7.099999999999998, -1.2999999999999998, 1.55, 7.1015500000000005, -1.3005, 1.5501500000000001, -0.009355
19, 7.099999999999998, -1.3499999999999999, 1.55, 7.097300000000001, -1.3503000000000003, 1.54995, -0.009371
19, 7.099999999999998, -1.4, 1.55, 7.09975, -1.4001000000000001, 1.5498500000000002, -0.009397
19, 7.099999999999998, -1.45, 1.55, 7.101700000000001, -1.4500500000000003, 1.54995, -0.009381
19, 7.099999999999998, -1.5, 1.55, 7.10075, -1.5009000000000001, 1.5501, -0.009397
19, 7.099999999999998, -1.55, 1.55, 7.101400000000001, -1.5512000000000001, 1.5502, -0.00935
19, 7.099999999999998, -1.6, 1.55, 7.10005, -1.6005, 1.5502, -0.00936
19, 7.099999999999998, -1.6500000000000001, 1.55, 7.099150000000001, -1.65015, 1.54995, -0.009402
19, 7.099999999999998, -1.7000000000000002, 1.55, 7.1015, -1.6999000000000002, 1.5498500000000002, -0.00935
19, 7.099999999999998, -1.7500000000000002, 1.55, 7.1003, -1.75005, 1.5498500000000002, -0.00935
19, 7.099999999999998, -1.8000000000000003, 1.55, 7.1003, -1.8001, 1.5501500000000001, -0.00934
19, 7.099999999999998, -1.8500000000000003, 1.55, 7.10165, -1.8509, 1.5501500000000001, -0.009397
19, 7.099999999999998, -1.9000000000000004, 1.55, 7.1018, -1.9001000000000001, 1.5502, -0.009355
19, 7.099999999999998, -1.9500000000000004, 1.55, 7.0996500000000005, -1.94925, 1.55, -0.009387
19, 7.099999999999998, -2.0000000000000004, 1.55, 7.09835, -2.0004, 1.5498500000000002, -0.009345
19, 7.099999999999998, -2.0500000000000003, 1.55, 7.09755, -2.0490500000000003, 1.5498500000000002, -0.009392
20, 7.049999999999998, -2.0500000000000003, 1.55, 7.04835, -2.0495, 1.5499, -0.009355
20, 6.999999999999998, -2.0500000000000003, 1.55, 7.0009500000000005, -2.0497, 1.55, -0.009392
20, 6.949999999999998, -2.0500000000000003, 1.55, 6.95005, -2.0503, 1.5501, -0.009345
20, 6.899999999999999, -2.0500000000000003, 1.55, 6.90005, -2.0496, 1.5500500000000001, -0.009397
20, 6.849999999999999, -2.0500000000000003, 1.55, 6.8511500000000005, -2.04955, 1.5500500000000001, -0.00935
20, 6.799999999999999, -2.0500000000000003, 1.55, 6.801, -2.05035, 1.5501, -0.009402
20, 6.749999999999999, -2.0500000000000003, 1.55, 6.75005, -2.0499, 1.55, -0.00936
20, 6.699999999999999, -2.0500000000000003, 1.55, 6.70175, -2.0493, 1.5498000000000003, -0.009381
20, 6.6499999999999995, -2.0500000000000003, 1.55, 6.650950000000001, -2.0498000000000003, 1.5498500000000002, -0.009366
20, 6.6, -2.0500000000000003, 1.55, 6.601, -2.05, 1.5498000000000003, -0.00934
20, 6.55, -2.0500000000000003, 1.55, 6.550200000000001, -2.0499500000000004, 1.5498500000000002, -0.009402
20, 6.5, -2.0500000000000003, 1.55, 6.50025, -2.05, 1.5501500000000001, -0.009355
20, 6.45, -2.0500000000000003, 1.55, 6.45065, -2.05, 1.5501500000000001, -0.009355
20, 6.4, -2.0500000000000003, 1.55, 6.400450000000001, -2.0499, 1.5501, -0.009392
20, 6.3500000000000005, -2.0500000000000003, 1.55, 6.34895, -2.05005, 1.5501, -0.00936
20, 6.300000000000001, -2.0500000000000003, 1.55, 6.29985, -2.05, 1.55, -0.009366
20, 6.250000000000001, -2.0500000000000003, 1.55, 6.2508, -2.0501, 1.5498500000000002, -0.009345
20, 6.200000000000001, -2.0500000000000003, 1.55, 6.20065, -2.05, 1.54975, -0.009397
20, 6.150000000000001, -2.0500000000000003, 1.55, 6.1493, -2.05, 1.5498000000000003, -0.00935
20, 6.100000000000001, -2.0500000000000003, 1.55, 6.1006, -2.04975, 1.5498000000000003, -0.009345
20, 6.100000000000001, -2.0000000000000004, 1.55, 6.09925, -1.9997, 1.5502, -0.009397
20, 6.100000000000001, -1.9500000000000004, 1.55, 6.1005, -1.94975, 1.5502, -0.00936
20, 6.100000000000001, -1.9000000000000004, 1.55, 6.0982, -1.8993000000000002, 1.54995, -0.009397
20, 6.100000000000001, -1.8500000000000003, 1.55, 6.09855, -1.8506500000000001, 1.5498500000000002, -0.009345
20, 6.100000000000001, -1.8000000000000003, 1.55, 6.09875, -1.79945, 1.5498500000000002, -0.009402
20, 6.100000000000001, -1.7500000000000002, 1.55, 6.0998, -1.7499, 1.5499, -0.009355
20, 6.100000000000001, -1.7000000000000002, 1.55, 6.1001, -1.69975, 1.54995, -0.009381
20, 6.100000000000001, -1.6500000000000001, 1.55, 6.101100000000001, -1.64965, 1.5501500000000001, -0.009355
20, 6.100000000000001, -1.6, 1.55, 6.101, -1.5999, 1.5500500000000001, -0.009355
20, 6.100000000000001, -1.55, 1.55, 6.1008000000000004, -1.55045, 1.5499, -0.009392
20, 6.100000000000001, -1.5, 1.55, 6.10015, -1.4992, 1.5498500000000002, -0.00936
20, 6.100000000000001, -1.45, 1.55, 6.1001, -1.4494, 1.5498500000000002, -0.009402
20, 6.100000000000001, -1.4, 1.55, 6.1008000000000004, -1.39995, 1.55, -0.009345
20, 6.100000000000001, -1.3499999999999999, 1.55, 6.0993, -1.3499, 1.5501500000000001, -0.009355
20, 6.100000000000001, -1.2999999999999998, 1.55, 6.1005, -1.2998500000000002, 1.5501, -0.009397
20, 6.100000000000001, -1.2499999999999998, 1.55, 6.101400000000001, -1.24945, 1.5498500000000002, -0.009397
20, 6.100000000000001, -1.1999999999999997, 1.55, 6.1, -1.1991500000000002, 1.5499, -0.009371
20, 6.100000000000001, -1.1499999999999997, 1.55, 6.1003, -1.1491000000000002, 1.5499, -0.009392
20, 6.100000000000001, -1.0999999999999996, 1.55, 6.100700000000001, -1.0996000000000001, 1.5501, -0.009355
20, 6.100000000000001, -1.0499999999999996, 1.55, 6.099450000000001, -1.05025, 1.5501, -0.00936
0, 6, -1.55, 1.6500000000000001, 6.0997, -1.0501500000000001, 1.5501, -0.009392
