Voltage = 3.8, Current = 20.0, Pinhole = 10um 
0, 9.4, -2.8, 5.4, 9.4002, -2.79965, 5.4001, -0.009079
1, 9.405000000000001, -2.8, 5.4, 9.40485, -2.7995, 5.4001, -0.009079
1, 9.405000000000001, -2.8049999999999997, 5.4, 9.40525, -2.80505, 5.4001, -0.009058
2, 9.4, -2.8049999999999997, 5.4, 9.400450000000001, -2.8051500000000003, 5.4001, -0.009063
2, 9.395, -2.8049999999999997, 5.4, 9.39535, -2.8051500000000003, 5.4001, -0.009074
2, 9.395, -2.8, 5.4, 9.394800000000002, -2.8003500000000003, 5.4001, -0.009131
2, 9.395, -2.795, 5.4, 9.3946, -2.7949, 5.4, -0.009037
3, 9.4, -2.795, 5.4, 9.4, -2.7948000000000004, 5.4, -0.009126
3, 9.405000000000001, -2.795, 5.4, 9.40485, -2.7948000000000004, 5.4, -0.009063
3, 9.410000000000002, -2.795, 5.4, 9.41, -2.7949, 5.3999500000000005, -0.009136
3, 9.410000000000002, -2.8, 5.4, 9.41025, -2.80045, 5.399900000000001, -0.009042
3, 9.410000000000002, -2.8049999999999997, 5.4, 9.41025, -2.8051000000000004, 5.399900000000001, -0.009121
3, 9.410000000000002, -2.8099999999999996, 5.4, 9.4099, -2.80995, 5.399900000000001, -0.009058
4, 9.405000000000001, -2.8099999999999996, 5.4, 9.405149999999999, -2.80995, 5.399900000000001, -0.00911
4, 9.4, -2.8099999999999996, 5.4, 9.4002, -2.8100500000000004, 5.399900000000001, -0.009079
4, 9.395, -2.8099999999999996, 5.4, 9.39465, -2.8100500000000004, 5.399900000000001, -0.009063
4, 9.389999999999999, -2.8099999999999996, 5.4, 9.39, -2.8100500000000004, 5.4, -0.009115
4, 9.389999999999999, -2.8049999999999997, 5.4, 9.389850000000001, -2.8053000000000003, 5.4, -0.0091
4, 9.389999999999999, -2.8, 5.4, 9.389800000000001, -2.79985, 5.4, -0.009131
4, 9.389999999999999, -2.795, 5.4, 9.38995, -2.7948000000000004, 5.3999500000000005, -0.009058
4, 9.389999999999999, -2.79, 5.4, 9.39005, -2.7902000000000005, 5.40005, -0.009141
5, 9.395, -2.79, 5.4, 9.3947, -2.79, 5.40005, -0.009058
5, 9.4, -2.79, 5.4, 9.40025, -2.79, 5.40005, -0.009121
5, 9.405000000000001, -2.79, 5.4, 9.4049, -2.7900500000000004, 5.40005, -0.009063
5, 9.410000000000002, -2.79, 5.4, 9.41025, -2.7899000000000003, 5.40005, -0.009121
5, 9.415000000000003, -2.79, 5.4, 9.4149, -2.7898, 5.40005, -0.009053
5, 9.415000000000003, -2.795, 5.4, 9.415, -2.79455, 5.40005, -0.009095
5, 9.415000000000003, -2.8, 5.4, 9.41505, -2.8002000000000002, 5.40005, -0.009037
5, 9.415000000000003, -2.8049999999999997, 5.4, 9.4151, -2.80505, 5.3999500000000005, -0.009053
5, 9.415000000000003, -2.8099999999999996, 5.4, 9.415149999999999, -2.8098, 5.399900000000001, -0.009068
5, 9.415000000000003, -2.8149999999999995, 5.4, 9.4151, -2.8147, 5.399900000000001, -0.009089
6, 9.410000000000002, -2.8149999999999995, 5.4, 9.4104, -2.8154, 5.399900000000001, -0.009053
6, 9.405000000000001, -2.8149999999999995, 5.4, 9.4046, -2.81475, 5.399900000000001, -0.009079
6, 9.4, -2.8149999999999995, 5.4, 9.400300000000001, -2.8147, 5.399900000000001, -0.009053
6, 9.395, -2.8149999999999995, 5.4, 9.394950000000001, -2.8148, 5.3999500000000005, -0.00911
6, 9.389999999999999, -2.8149999999999995, 5.4, 9.39, -2.8150500000000003, 5.40005, -0.009079
6, 9.384999999999998, -2.8149999999999995, 5.4, 9.385200000000001, -2.8153, 5.4001, -0.00911
6, 9.384999999999998, -2.8099999999999996, 5.4, 9.3851, -2.8100500000000004, 5.4001, -0.009126
6, 9.384999999999998, -2.8049999999999997, 5.4, 9.38495, -2.8051500000000003, 5.4001, -0.009068
6, 9.384999999999998, -2.8, 5.4, 9.38485, -2.80015, 5.4001, -0.009105
6, 9.384999999999998, -2.795, 5.4, 9.38485, -2.7946500000000003, 5.4001, -0.009084
6, 9.384999999999998, -2.79, 5.4, 9.38485, -2.7900500000000004, 5.4001, -0.009121
6, 9.384999999999998, -2.785, 5.4, 9.385, -2.7851500000000002, 5.40005, -0.009058
7, 9.389999999999999, -2.785, 5.4, 9.389700000000001, -2.78505, 5.4, -0.009121
7, 9.395, -2.785, 5.4, 9.3952, -2.7849500000000003, 5.3999500000000005, -0.009074
7, 9.4, -2.785, 5.4, 9.399899999999999, -2.7848, 5.399900000000001, -0.009126
7, 9.405000000000001, -2.785, 5.4, 9.40485, -2.7848500000000005, 5.399900000000001, -0.009068
7, 9.410000000000002, -2.785, 5.4, 9.410200000000001, -2.7849, 5.399900000000001, -0.009042
7, 9.415000000000003, -2.785, 5.4, 9.41485, -2.78505, 5.399900000000001, -0.009063
7, 9.420000000000003, -2.785, 5.4, 9.41975, -2.78505, 5.399900000000001, -0.009084
7, 9.420000000000003, -2.79, 5.4, 9.4199, -2.78975, 5.399900000000001, -0.009058
7, 9.420000000000003, -2.795, 5.4, 9.42015, -2.79545, 5.4, -0.00911
7, 9.420000000000003, -2.8, 5.4, 9.42, -2.80025, 5.40005, -0.009089
7, 9.420000000000003, -2.8049999999999997, 5.4, 9.4199, -2.805, 5.4, -0.009063
7, 9.420000000000003, -2.8099999999999996, 5.4, 9.4199, -2.8103000000000002, 5.4, -0.009079
7, 9.420000000000003, -2.8149999999999995, 5.4, 9.41995, -2.815, 5.4, -0.009037
7, 9.420000000000003, -2.8199999999999994, 5.4, 9.41995, -2.82005, 5.4, -0.00911
8, 9.415000000000003, -2.8199999999999994, 5.4, 9.4151, -2.8202000000000003, 5.40005, -0.009053
8, 9.410000000000002, -2.8199999999999994, 5.4, 9.410350000000001, -2.8201000000000005, 5.40005, -0.0091
8, 9.405000000000001, -2.8199999999999994, 5.4, 9.4047, -2.82, 5.40005, -0.009048
8, 9.4, -2.8199999999999994, 5.4, 9.4002, -2.8199, 5.40005, -0.009074
8, 9.395, -2.8199999999999994, 5.4, 9.394950000000001, -2.8199, 5.40005, -0.009063
8, 9.389999999999999, -2.8199999999999994, 5.4, 9.38995, -2.8199500000000004, 5.4001, -0.009068
8, 9.384999999999998, -2.8199999999999994, 5.4, 9.38525, -2.8199500000000004, 5.4001, -0.009048
8, 9.379999999999997, -2.8199999999999994, 5.4, 9.3805, -2.82, 5.40005, -0.009126
8, 9.379999999999997, -2.8149999999999995, 5.4, 9.3796, -2.815, 5.4, -0.009053
8, 9.379999999999997, -2.8099999999999996, 5.4, 9.38015, -2.8098500000000004, 5.4, -0.009115
8, 9.379999999999997, -2.8049999999999997, 5.4, 9.38015, -2.8051000000000004, 5.4, -0.009058
8, 9.379999999999997, -2.8, 5.4, 9.38015, -2.8002000000000002, 5.4, -0.009126
8, 9.379999999999997, -2.795, 5.4, 9.38015, -2.7946500000000003, 5.4, -0.009074
8, 9.379999999999997, -2.79, 5.4, 9.379950000000001, -2.79, 5.40005, -0.009141
8, 9.379999999999997, -2.785, 5.4, 9.38, -2.7849, 5.399850000000001, -0.009095
8, 9.379999999999997, -2.7800000000000002, 5.4, 9.379950000000001, -2.78015, 5.399850000000001, -0.009147
9, 9.384999999999998, -2.7800000000000002, 5.4, 9.3848, -2.77985, 5.399850000000001, -0.009115
9, 9.389999999999999, -2.7800000000000002, 5.4, 9.3902, -2.78005, 5.3999500000000005, -0.00911
9, 9.395, -2.7800000000000002, 5.4, 9.39485, -2.78015, 5.4, -0.009084
9, 9.4, -2.7800000000000002, 5.4, 9.39995, -2.7801000000000005, 5.4, -0.00911
9, 9.405000000000001, -2.7800000000000002, 5.4, 9.404950000000001, -2.78005, 5.40005, -0.009063
9, 9.410000000000002, -2.7800000000000002, 5.4, 9.41015, -2.78, 5.40005, -0.009095
9, 9.415000000000003, -2.7800000000000002, 5.4, 9.41475, -2.7799, 5.4, -0.009053
9, 9.420000000000003, -2.7800000000000002, 5.4, 9.4197, -2.7799, 5.40005, -0.00911
9, 9.425000000000004, -2.7800000000000002, 5.4, 9.425300000000002, -2.7799, 5.40005, -0.009053
9, 9.425000000000004, -2.785, 5.4, 9.4254, -2.78475, 5.40005, -0.00911
9, 9.425000000000004, -2.79, 5.4, 9.424850000000001, -2.7904500000000003, 5.40005, -0.009063
9, 9.425000000000004, -2.795, 5.4, 9.42475, -2.7948500000000003, 5.40005, -0.009089
9, 9.425000000000004, -2.8, 5.4, 9.424800000000001, -2.7998000000000003, 5.4, -0.00911
9, 9.425000000000004, -2.8049999999999997, 5.4, 9.425, -2.80475, 5.3999500000000005, -0.009042
9, 9.425000000000004, -2.8099999999999996, 5.4, 9.4252, -2.8098500000000004, 5.3999500000000005, -0.009074
9, 9.425000000000004, -2.8149999999999995, 5.4, 9.424850000000001, -2.8154500000000002, 5.399850000000001, -0.00911
9, 9.425000000000004, -2.8199999999999994, 5.4, 9.42475, -2.8201000000000005, 5.399900000000001, -0.009053
9, 9.425000000000004, -2.8249999999999993, 5.4, 9.424850000000001, -2.82465, 5.399900000000001, -0.00911
10, 9.420000000000003, -2.8249999999999993, 5.4, 9.41985, -2.8249, 5.40005, -0.009048
10, 9.415000000000003, -2.8249999999999993, 5.4, 9.415, -2.82475, 5.4001, -0.009074
10, 9.410000000000002, -2.8249999999999993, 5.4, 9.4105, -2.8248500000000005, 5.40005, -0.009063
10, 9.405000000000001, -2.8249999999999993, 5.4, 9.40465, -2.8249, 5.4001, -0.009105
10, 9.4, -2.8249999999999993, 5.4, 9.40015, -2.825, 5.40005, -0.009048
10, 9.395, -2.8249999999999993, 5.4, 9.39485, -2.825, 5.3999500000000005, -0.009053
10, 9.389999999999999, -2.8249999999999993, 5.4, 9.3902, -2.825, 5.4, -0.009126
10, 9.384999999999998, -2.8249999999999993, 5.4, 9.38535, -2.8249500000000003, 5.4, -0.009136
10, 9.379999999999997, -2.8249999999999993, 5.4, 9.3804, -2.8249500000000003, 5.4, -0.009068
10, 9.374999999999996, -2.8249999999999993, 5.4, 9.374600000000001, -2.8249500000000003, 5.4, -0.009126
10, 9.374999999999996, -2.8199999999999994, 5.4, 9.3749, -2.82025, 5.4, -0.009079
10, 9.374999999999996, -2.8149999999999995, 5.4, 9.375050000000002, -2.8152000000000004, 5.4, -0.009126
10, 9.374999999999996, -2.8099999999999996, 5.4, 9.37515, -2.8098500000000004, 5.40005, -0.0091
10, 9.374999999999996, -2.8049999999999997, 5.4, 9.3751, -2.8052, 5.3999500000000005, -0.009136
10, 9.374999999999996, -2.8, 5.4, 9.375, -2.7996000000000003, 5.399850000000001, -0.009095
10, 9.374999999999996, -2.795, 5.4, 9.37485, -2.7949500000000005, 5.399850000000001, -0.009141
10, 9.374999999999996, -2.79, 5.4, 9.37485, -2.7901000000000002, 5.399850000000001, -0.009084
10, 9.374999999999996, -2.785, 5.4, 9.37495, -2.785, 5.399900000000001, -0.009115
10, 9.374999999999996, -2.7800000000000002, 5.4, 9.37515, -2.7801000000000005, 5.4, -0.00911
10, 9.374999999999996, -2.7750000000000004, 5.4, 9.375, -2.77515, 5.4001, -0.009126
11, 9.379999999999997, -2.7750000000000004, 5.4, 9.3801, -2.775, 5.4001, -0.009074
11, 9.384999999999998, -2.7750000000000004, 5.4, 9.38475, -2.7748000000000004, 5.4001, -0.009121
11, 9.389999999999999, -2.7750000000000004, 5.4, 9.39, -2.7747, 5.4001, -0.009095
11, 9.395, -2.7750000000000004, 5.4, 9.395100000000001, -2.7748500000000003, 5.40005, -0.009115
11, 9.4, -2.7750000000000004, 5.4, 9.399899999999999, -2.7751000000000006, 5.40005, -0.009136
11, 9.405000000000001, -2.7750000000000004, 5.4, 9.405, -2.7753500000000004, 5.4, -0.009042
11, 9.410000000000002, -2.7750000000000004, 5.4, 9.41, -2.77515, 5.3999500000000005, -0.009121
11, 9.415000000000003, -2.7750000000000004, 5.4, 9.41475, -2.7749, 5.399900000000001, -0.009074
11, 9.420000000000003, -2.7750000000000004, 5.4, 9.41975, -2.7747, 5.399900000000001, -0.009121
11, 9.425000000000004, -2.7750000000000004, 5.4, 9.42525, -2.77475, 5.399900000000001, -0.009053
11, 9.430000000000005, -2.7750000000000004, 5.4, 9.42985, -2.7751000000000006, 5.399900000000001, -0.009115
11, 9.430000000000005, -2.7800000000000002, 5.4, 9.43, -2.78005, 5.399900000000001, -0.009068
11, 9.430000000000005, -2.785, 5.4, 9.43015, -2.78465, 5.399900000000001, -0.009105
11, 9.430000000000005, -2.79, 5.4, 9.4301, -2.7904500000000003, 5.40005, -0.009063
11, 9.430000000000005, -2.795, 5.4, 9.4299, -2.7953500000000004, 5.40005, -0.009042
11, 9.430000000000005, -2.8, 5.4, 9.429950000000002, -2.7999, 5.40005, -0.009115
11, 9.430000000000005, -2.8049999999999997, 5.4, 9.4299, -2.8054, 5.40005, -0.009048
11, 9.430000000000005, -2.8099999999999996, 5.4, 9.430050000000001, -2.8104500000000003, 5.40005, -0.0091
11, 9.430000000000005, -2.8149999999999995, 5.4, 9.43015, -2.8151, 5.3999500000000005, -0.009037
11, 9.430000000000005, -2.8199999999999994, 5.4, 9.430200000000001, -2.8199500000000004, 5.399900000000001, -0.009084
11, 9.430000000000005, -2.8249999999999993, 5.4, 9.430200000000001, -2.8246, 5.399900000000001, -0.009053
11, 9.430000000000005, -2.829999999999999, 5.4, 9.430050000000001, -2.8295, 5.399900000000001, -0.009037
12, 9.425000000000004, -2.829999999999999, 5.4, 9.424700000000001, -2.82975, 5.399900000000001, -0.009053
12, 9.420000000000003, -2.829999999999999, 5.4, 9.42, -2.82975, 5.4, -0.009105
12, 9.415000000000003, -2.829999999999999, 5.4, 9.4152, -2.8304500000000004, 5.3999500000000005, -0.009048
12, 9.410000000000002, -2.829999999999999, 5.4, 9.41015, -2.82975, 5.4001, -0.0091
12, 9.405000000000001, -2.829999999999999, 5.4, 9.4045, -2.8300500000000004, 5.4001, -0.0091
12, 9.4, -2.829999999999999, 5.4, 9.4004, -2.8299000000000003, 5.40005, -0.009068
12, 9.395, -2.829999999999999, 5.4, 9.3952, -2.82975, 5.40005, -0.009095
12, 9.389999999999999, -2.829999999999999, 5.4, 9.389850000000001, -2.82975, 5.3999500000000005, -0.009121
12, 9.384999999999998, -2.829999999999999, 5.4, 9.3851, -2.8299000000000003, 5.399900000000001, -0.009063
12, 9.379999999999997, -2.829999999999999, 5.4, 9.3804, -2.83035, 5.399900000000001, -0.009068
12, 9.374999999999996, -2.829999999999999, 5.4, 9.374600000000001, -2.8304, 5.399900000000001, -0.009105
12, 9.369999999999996, -2.829999999999999, 5.4, 9.37005, -2.8299000000000003, 5.399900000000001, -0.009115
12, 9.369999999999996, -2.8249999999999993, 5.4, 9.3699, -2.8251000000000004, 5.399900000000001, -0.009115
12, 9.369999999999996, -2.8199999999999994, 5.4, 9.36985, -2.82045, 5.399900000000001, -0.009141
12, 9.369999999999996, -2.8149999999999995, 5.4, 9.36975, -2.8148, 5.3999500000000005, -0.009095
12, 9.369999999999996, -2.8099999999999996, 5.4, 9.36985, -2.8101000000000003, 5.4, -0.009131
12, 9.369999999999996, -2.8049999999999997, 5.4, 9.369950000000001, -2.8052, 5.4, -0.009079
12, 9.369999999999996, -2.8, 5.4, 9.37005, -2.7996000000000003, 5.4, -0.009157
12, 9.369999999999996, -2.795, 5.4, 9.37005, -2.795, 5.4, -0.00911
12, 9.369999999999996, -2.79, 5.4, 9.37005, -2.7900500000000004, 5.4, -0.009131
12, 9.369999999999996, -2.785, 5.4, 9.37005, -2.78505, 5.4, -0.009141
12, 9.369999999999996, -2.7800000000000002, 5.4, 9.37, -2.7801000000000005, 5.40005, -0.009084
12, 9.369999999999996, -2.7750000000000004, 5.4, 9.36985, -2.7753, 5.40005, -0.009079
12, 9.369999999999996, -2.7700000000000005, 5.4, 9.3699, -2.76995, 5.40005, -0.009115
13, 9.374999999999996, -2.7700000000000005, 5.4, 9.3751, -2.7697000000000003, 5.40005, -0.009141
13, 9.379999999999997, -2.7700000000000005, 5.4, 9.3799, -2.76965, 5.40005, -0.009068
13, 9.384999999999998, -2.7700000000000005, 5.4, 9.3848, -2.7704, 5.4, -0.009136
13, 9.389999999999999, -2.7700000000000005, 5.4, 9.39015, -2.7705, 5.4, -0.009089
13, 9.395, -2.7700000000000005, 5.4, 9.395050000000001, -2.76965, 5.4, -0.0091
13, 9.4, -2.7700000000000005, 5.4, 9.399899999999999, -2.76965, 5.4, -0.009131
13, 9.405000000000001, -2.7700000000000005, 5.4, 9.404950000000001, -2.76975, 5.4, -0.009074
13, 9.410000000000002, -2.7700000000000005, 5.4, 9.41015, -2.7704500000000003, 5.4, -0.009131
13, 9.415000000000003, -2.7700000000000005, 5.4, 9.41465, -2.7696000000000005, 5.4, -0.009084
13, 9.420000000000003, -2.7700000000000005, 5.4, 9.4198, -2.7696000000000005, 5.4, -0.009136
13, 9.425000000000004, -2.7700000000000005, 5.4, 9.42525, -2.76975, 5.4, -0.009084
13, 9.430000000000005, -2.7700000000000005, 5.4, 9.4299, -2.77055, 5.4, -0.0091
13, 9.435000000000006, -2.7700000000000005, 5.4, 9.434700000000001, -2.7704, 5.4, -0.009068
13, 9.435000000000006, -2.7750000000000004, 5.4, 9.43535, -2.7753, 5.3999500000000005, -0.009136
13, 9.435000000000006, -2.7800000000000002, 5.4, 9.43535, -2.7798000000000003, 5.399900000000001, -0.009126
13, 9.435000000000006, -2.785, 5.4, 9.434899999999999, -2.7845, 5.399900000000001, -0.009048
13, 9.435000000000006, -2.79, 5.4, 9.43475, -2.7903500000000006, 5.399900000000001, -0.009126
13, 9.435000000000006, -2.795, 5.4, 9.434800000000001, -2.795, 5.399900000000001, -0.009053
13, 9.435000000000006, -2.8, 5.4, 9.434899999999999, -2.79965, 5.399900000000001, -0.009136
13, 9.435000000000006, -2.8049999999999997, 5.4, 9.43525, -2.80465, 5.3999500000000005, -0.009048
13, 9.435000000000006, -2.8099999999999996, 5.4, 9.435, -2.80975, 5.4, -0.0091
13, 9.435000000000006, -2.8149999999999995, 5.4, 9.43485, -2.8154500000000002, 5.40005, -0.00911
13, 9.435000000000006, -2.8199999999999994, 5.4, 9.43485, -2.82045, 5.40005, -0.009042
13, 9.435000000000006, -2.8249999999999993, 5.4, 9.435, -2.8249, 5.40005, -0.0091
13, 9.435000000000006, -2.829999999999999, 5.4, 9.43525, -2.8297000000000003, 5.40005, -0.009053
13, 9.435000000000006, -2.834999999999999, 5.4, 9.43485, -2.83525, 5.3999500000000005, -0.009037
14, 9.430000000000005, -2.834999999999999, 5.4, 9.4303, -2.83475, 5.399900000000001, -0.009105
14, 9.425000000000004, -2.834999999999999, 5.4, 9.425300000000002, -2.8345, 5.399900000000001, -0.009037
14, 9.420000000000003, -2.834999999999999, 5.4, 9.4199, -2.835, 5.399900000000001, -0.009105
14, 9.415000000000003, -2.834999999999999, 5.4, 9.4152, -2.83525, 5.399900000000001, -0.009115
14, 9.410000000000002, -2.834999999999999, 5.4, 9.410350000000001, -2.8352000000000004, 5.399900000000001, -0.009063
14, 9.405000000000001, -2.834999999999999, 5.4, 9.40475, -2.835, 5.3999500000000005, -0.0091
14, 9.4, -2.834999999999999, 5.4, 9.40015, -2.8348, 5.3999500000000005, -0.0091
14, 9.395, -2.834999999999999, 5.4, 9.395, -2.8347, 5.40005, -0.009058
14, 9.389999999999999, -2.834999999999999, 5.4, 9.39, -2.8348, 5.4001, -0.00911
14, 9.384999999999998, -2.834999999999999, 5.4, 9.38525, -2.8350500000000003, 5.4001, -0.009048
14, 9.379999999999997, -2.834999999999999, 5.4, 9.38, -2.8352000000000004, 5.4001, -0.009131
14, 9.374999999999996, -2.834999999999999, 5.4, 9.374649999999999, -2.835, 5.4001, -0.009079
14, 9.369999999999996, -2.834999999999999, 5.4, 9.3702, -2.8348, 5.4001, -0.009074
14, 9.364999999999995, -2.834999999999999, 5.4, 9.365050000000002, -2.8347, 5.4001, -0.009157
14, 9.364999999999995, -2.829999999999999, 5.4, 9.3648, -2.8302000000000005, 5.4, -0.009079
14, 9.364999999999995, -2.8249999999999993, 5.4, 9.364700000000001, -2.8251000000000004, 5.4, -0.009157
14, 9.364999999999995, -2.8199999999999994, 5.4, 9.3648, -2.8205, 5.3999500000000005, -0.0091
14, 9.364999999999995, -2.8149999999999995, 5.4, 9.36485, -2.81465, 5.399850000000001, -0.009095
14, 9.364999999999995, -2.8099999999999996, 5.4, 9.365050000000002, -2.80995, 5.399850000000001, -0.009162
14, 9.364999999999995, -2.8049999999999997, 5.4, 9.3651, -2.8052, 5.399850000000001, -0.009095
14, 9.364999999999995, -2.8, 5.4, 9.3651, -2.79945, 5.3999500000000005, -0.009131
14, 9.364999999999995, -2.795, 5.4, 9.36495, -2.7947, 5.3999500000000005, -0.009079
14, 9.364999999999995, -2.79, 5.4, 9.36485, -2.7898500000000004, 5.40005, -0.009162
14, 9.364999999999995, -2.785, 5.4, 9.36485, -2.7849500000000003, 5.40005, -0.009105
14, 9.364999999999995, -2.7800000000000002, 5.4, 9.3649, -2.78015, 5.40005, -0.009152
14, 9.364999999999995, -2.7750000000000004, 5.4, 9.3651, -2.77525, 5.40005, -0.009152
14, 9.364999999999995, -2.7700000000000005, 5.4, 9.3651, -2.77015, 5.40005, -0.00911
14, 9.364999999999995, -2.7650000000000006, 5.4, 9.3651, -2.7648, 5.40005, -0.009131
15, 9.369999999999996, -2.7650000000000006, 5.4, 9.36955, -2.7646, 5.4, -0.009131
15, 9.374999999999996, -2.7650000000000006, 5.4, 9.37515, -2.7648, 5.4, -0.009095
15, 9.379999999999997, -2.7650000000000006, 5.4, 9.379800000000001, -2.7649, 5.4, -0.009152
15, 9.384999999999998, -2.7650000000000006, 5.4, 9.38485, -2.76505, 5.3999500000000005, -0.009084
15, 9.389999999999999, -2.7650000000000006, 5.4, 9.39015, -2.7652, 5.399900000000001, -0.009136
15, 9.395, -2.7650000000000006, 5.4, 9.395050000000001, -2.76515, 5.399900000000001, -0.009079
15, 9.4, -2.7650000000000006, 5.4, 9.39985, -2.76505, 5.399900000000001, -0.009147
15, 9.405000000000001, -2.7650000000000006, 5.4, 9.405050000000001, -2.7649, 5.399900000000001, -0.009089
15, 9.410000000000002, -2.7650000000000006, 5.4, 9.41, -2.7648, 5.399900000000001, -0.009084
15, 9.415000000000003, -2.7650000000000006, 5.4, 9.41485, -2.7648, 5.399900000000001, -0.009084
15, 9.420000000000003, -2.7650000000000006, 5.4, 9.4197, -2.7649, 5.399900000000001, -0.009079
15, 9.425000000000004, -2.7650000000000006, 5.4, 9.42525, -2.765, 5.4, -0.009084
15, 9.430000000000005, -2.7650000000000006, 5.4, 9.4297, -2.7652, 5.40005, -0.009147
15, 9.435000000000006, -2.7650000000000006, 5.4, 9.43475, -2.76515, 5.4001, -0.009074
15, 9.440000000000007, -2.7650000000000006, 5.4, 9.4399, -2.765, 5.4001, -0.009126
15, 9.440000000000007, -2.7700000000000005, 5.4, 9.44015, -2.7704500000000003, 5.4001, -0.009074
15, 9.440000000000007, -2.7750000000000004, 5.4, 9.44015, -2.7748500000000003, 5.4001, -0.00911
15, 9.440000000000007, -2.7800000000000002, 5.4, 9.440050000000001, -2.7804, 5.40005, -0.009089
15, 9.440000000000007, -2.785, 5.4, 9.439950000000001, -2.7851500000000002, 5.40005, -0.009063
15, 9.440000000000007, -2.79, 5.4, 9.43985, -2.7899000000000003, 5.399900000000001, -0.009126
15, 9.440000000000007, -2.795, 5.4, 9.4399, -2.7948000000000004, 5.399900000000001, -0.009074
15, 9.440000000000007, -2.8, 5.4, 9.439950000000001, -2.80045, 5.399900000000001, -0.009131
15, 9.440000000000007, -2.8049999999999997, 5.4, 9.440050000000001, -2.8046, 5.399900000000001, -0.009058
15, 9.440000000000007, -2.8099999999999996, 5.4, 9.4402, -2.8105, 5.399900000000001, -0.009126
15, 9.440000000000007, -2.8149999999999995, 5.4, 9.4399, -2.8153500000000005, 5.4, -0.009058
15, 9.440000000000007, -2.8199999999999994, 5.4, 9.4397, -2.82045, 5.4, -0.009121
15, 9.440000000000007, -2.8249999999999993, 5.4, 9.44, -2.8249500000000003, 5.40005, -0.009048
15, 9.440000000000007, -2.829999999999999, 5.4, 9.44015, -2.8297000000000003, 5.4, -0.009063
15, 9.440000000000007, -2.834999999999999, 5.4, 9.440050000000001, -2.8348, 5.40005, -0.009115
15, 9.440000000000007, -2.839999999999999, 5.4, 9.4397, -2.8403500000000004, 5.40005, -0.009058
16, 9.435000000000006, -2.839999999999999, 5.4, 9.43475, -2.8402000000000003, 5.40005, -0.009121
16, 9.430000000000005, -2.839999999999999, 5.4, 9.43025, -2.84005, 5.40005, -0.009053
16, 9.425000000000004, -2.839999999999999, 5.4, 9.4251, -2.8398000000000003, 5.40005, -0.009105
16, 9.420000000000003, -2.839999999999999, 5.4, 9.42, -2.8396500000000002, 5.40005, -0.009058
16, 9.415000000000003, -2.839999999999999, 5.4, 9.41525, -2.8399, 5.40005, -0.009048
16, 9.410000000000002, -2.839999999999999, 5.4, 9.4104, -2.84005, 5.4, -0.009126
16, 9.405000000000001, -2.839999999999999, 5.4, 9.4047, -2.8401000000000005, 5.4, -0.009037
16, 9.4, -2.839999999999999, 5.4, 9.4001, -2.8401000000000005, 5.4, -0.009115
16, 9.395, -2.839999999999999, 5.4, 9.3947, -2.8401000000000005, 5.4, -0.009115
16, 9.389999999999999, -2.839999999999999, 5.4, 9.39005, -2.84005, 5.40005, -0.009063
16, 9.384999999999998, -2.839999999999999, 5.4, 9.3851, -2.84005, 5.3999500000000005, -0.009115
16, 9.379999999999997, -2.839999999999999, 5.4, 9.380450000000002, -2.8399, 5.399850000000001, -0.009095
16, 9.374999999999996, -2.839999999999999, 5.4, 9.37475, -2.8398000000000003, 5.399900000000001, -0.009115
16, 9.369999999999996, -2.839999999999999, 5.4, 9.37, -2.8398000000000003, 5.399900000000001, -0.00911
16, 9.364999999999995, -2.839999999999999, 5.4, 9.3651, -2.8399, 5.399900000000001, -0.0091
16, 9.359999999999994, -2.839999999999999, 5.4, 9.3602, -2.84005, 5.399900000000001, -0.009168
16, 9.359999999999994, -2.834999999999999, 5.4, 9.3596, -2.83465, 5.40005, -0.0091
16, 9.359999999999994, -2.829999999999999, 5.4, 9.360050000000001, -2.8299000000000003, 5.40005, -0.009157
16, 9.359999999999994, -2.8249999999999993, 5.4, 9.360100000000001, -2.8252, 5.40005, -0.009084
16, 9.359999999999994, -2.8199999999999994, 5.4, 9.360050000000001, -2.8204000000000002, 5.40005, -0.009168
16, 9.359999999999994, -2.8149999999999995, 5.4, 9.360050000000001, -2.81465, 5.40005, -0.009115
16, 9.359999999999994, -2.8099999999999996, 5.4, 9.36, -2.80995, 5.40005, -0.009168
16, 9.359999999999994, -2.8049999999999997, 5.4, 9.35985, -2.8051000000000004, 5.40005, -0.009105
16, 9.359999999999994, -2.8, 5.4, 9.359950000000001, -2.79945, 5.40005, -0.009162
16, 9.359999999999994, -2.795, 5.4, 9.360100000000001, -2.7946500000000003, 5.399900000000001, -0.009084
16, 9.359999999999994, -2.79, 5.4, 9.360100000000001, -2.7899000000000003, 5.399900000000001, -0.009131
16, 9.359999999999994, -2.785, 5.4, 9.360050000000001, -2.7849500000000003, 5.399900000000001, -0.00911
16, 9.359999999999994, -2.7800000000000002, 5.4, 9.360050000000001, -2.78015, 5.399900000000001, -0.009168
16, 9.359999999999994, -2.7750000000000004, 5.4, 9.359950000000001, -2.7747, 5.399900000000001, -0.009152
16, 9.359999999999994, -2.7700000000000005, 5.4, 9.3599, -2.7695, 5.399900000000001, -0.009168
16, 9.359999999999994, -2.7650000000000006, 5.4, 9.3599, -2.7647000000000004, 5.4, -0.009105
16, 9.359999999999994, -2.7600000000000007, 5.4, 9.3599, -2.7598000000000003, 5.4, -0.009178
17, 9.364999999999995, -2.7600000000000007, 5.4, 9.36485, -2.7596000000000003, 5.3999500000000005, -0.009095
17, 9.369999999999996, -2.7600000000000007, 5.4, 9.3699, -2.7598500000000006, 5.40005, -0.009173
17, 9.374999999999996, -2.7600000000000007, 5.4, 9.37525, -2.76, 5.40005, -0.009105
17, 9.379999999999997, -2.7600000000000007, 5.4, 9.379850000000001, -2.7602, 5.40005, -0.009141
17, 9.384999999999998, -2.7600000000000007, 5.4, 9.38475, -2.7602, 5.4001, -0.009063
17, 9.389999999999999, -2.7600000000000007, 5.4, 9.39025, -2.76, 5.4001, -0.009136
17, 9.395, -2.7600000000000007, 5.4, 9.39485, -2.7598000000000003, 5.4001, -0.009089
17, 9.4, -2.7600000000000007, 5.4, 9.39985, -2.7598500000000006, 5.40005, -0.009131
17, 9.405000000000001, -2.7600000000000007, 5.4, 9.405, -2.7599500000000003, 5.4, -0.009058
17, 9.410000000000002, -2.7600000000000007, 5.4, 9.41, -2.76015, 5.4, -0.009131
17, 9.415000000000003, -2.7600000000000007, 5.4, 9.41475, -2.7603, 5.4, -0.009079
17, 9.420000000000003, -2.7600000000000007, 5.4, 9.41975, -2.7601000000000004, 5.4, -0.009063
17, 9.425000000000004, -2.7600000000000007, 5.4, 9.4252, -2.7599, 5.4, -0.009089
17, 9.430000000000005, -2.7600000000000007, 5.4, 9.429800000000002, -2.7598000000000003, 5.4, -0.009115
17, 9.435000000000006, -2.7600000000000007, 5.4, 9.434700000000001, -2.7598000000000003, 5.4, -0.009089
17, 9.440000000000007, -2.7600000000000007, 5.4, 9.4399, -2.7599, 5.3999500000000005, -0.009068
17, 9.445000000000007, -2.7600000000000007, 5.4, 9.4448, -2.76015, 5.399900000000001, -0.009152
17, 9.445000000000007, -2.7650000000000006, 5.4, 9.445050000000002, -2.7649500000000002, 5.399900000000001, -0.009074
17, 9.445000000000007, -2.7700000000000005, 5.4, 9.445200000000002, -2.76965, 5.399900000000001, -0.009147
17, 9.445000000000007, -2.7750000000000004, 5.4, 9.445, -2.7754000000000003, 5.3999500000000005, -0.009084
17, 9.445000000000007, -2.7800000000000002, 5.4, 9.4448, -2.78025, 5.4, -0.0091
17, 9.445000000000007, -2.785, 5.4, 9.4448, -2.7851000000000004, 5.4, -0.009095
17, 9.445000000000007, -2.79, 5.4, 9.4449, -2.79015, 5.4, -0.009068
17, 9.445000000000007, -2.795, 5.4, 9.4451, -2.7948500000000003, 5.4, -0.009131
17, 9.445000000000007, -2.8, 5.4, 9.44515, -2.79965, 5.4, -0.009063
17, 9.445000000000007, -2.8049999999999997, 5.4, 9.445050000000002, -2.80505, 5.4, -0.009115
17, 9.445000000000007, -2.8099999999999996, 5.4, 9.4449, -2.8098, 5.4, -0.009063
17, 9.445000000000007, -2.8149999999999995, 5.4, 9.4449, -2.8153500000000005, 5.4, -0.0091
17, 9.445000000000007, -2.8199999999999994, 5.4, 9.44495, -2.8201000000000005, 5.4, -0.009058
17, 9.445000000000007, -2.8249999999999993, 5.4, 9.4451, -2.82525, 5.40005, -0.009121
17, 9.445000000000007, -2.829999999999999, 5.4, 9.44515, -2.8299000000000003, 5.40005, -0.009068
17, 9.445000000000007, -2.834999999999999, 5.4, 9.44495, -2.83475, 5.40005, -0.009068
17, 9.445000000000007, -2.839999999999999, 5.4, 9.44495, -2.8404000000000003, 5.40005, -0.009084
17, 9.445000000000007, -2.844999999999999, 5.4, 9.445, -2.8448500000000005, 5.4, -0.009121
18, 9.440000000000007, -2.844999999999999, 5.4, 9.4405, -2.8449, 5.4, -0.009058
18, 9.435000000000006, -2.844999999999999, 5.4, 9.435300000000002, -2.84505, 5.3999500000000005, -0.009084
18, 9.430000000000005, -2.844999999999999, 5.4, 9.430200000000001, -2.8451000000000004, 5.399900000000001, -0.009063
18, 9.425000000000004, -2.844999999999999, 5.4, 9.425, -2.84505, 5.399900000000001, -0.009115
18, 9.420000000000003, -2.844999999999999, 5.4, 9.420200000000001, -2.84505, 5.3999500000000005, -0.009048
18, 9.415000000000003, -2.844999999999999, 5.4, 9.4151, -2.84505, 5.3999500000000005, -0.009079
18, 9.410000000000002, -2.844999999999999, 5.4, 9.410350000000001, -2.845, 5.3999500000000005, -0.009079
18, 9.405000000000001, -2.844999999999999, 5.4, 9.4047, -2.8449, 5.4, -0.009105
18, 9.4, -2.844999999999999, 5.4, 9.4001, -2.8449, 5.40005, -0.009058
18, 9.395, -2.844999999999999, 5.4, 9.3947, -2.8449500000000003, 5.40005, -0.009131
18, 9.389999999999999, -2.844999999999999, 5.4, 9.39005, -2.845, 5.4001, -0.009048
18, 9.384999999999998, -2.844999999999999, 5.4, 9.3853, -2.845, 5.40005, -0.009068
18, 9.379999999999997, -2.844999999999999, 5.4, 9.38005, -2.8451000000000004, 5.40005, -0.009126
18, 9.374999999999996, -2.844999999999999, 5.4, 9.3745, -2.845, 5.4001, -0.009121
18, 9.369999999999996, -2.844999999999999, 5.4, 9.3699, -2.84505, 5.40005, -0.009105
18, 9.364999999999995, -2.844999999999999, 5.4, 9.36515, -2.845, 5.40005, -0.00911
18, 9.359999999999994, -2.844999999999999, 5.4, 9.3604, -2.8449500000000003, 5.4, -0.009168
18, 9.354999999999993, -2.844999999999999, 5.4, 9.35475, -2.8449500000000003, 5.4, -0.009095
18, 9.354999999999993, -2.839999999999999, 5.4, 9.35475, -2.8402000000000003, 5.399900000000001, -0.009115
18, 9.354999999999993, -2.834999999999999, 5.4, 9.355, -2.8347, 5.399900000000001, -0.009136
18, 9.354999999999993, -2.829999999999999, 5.4, 9.3552, -2.8298500000000004, 5.399900000000001, -0.009126
18, 9.354999999999993, -2.8249999999999993, 5.4, 9.3552, -2.8251500000000003, 5.399900000000001, -0.009105
18, 9.354999999999993, -2.8199999999999994, 5.4, 9.35505, -2.82045, 5.399900000000001, -0.009194
18, 9.354999999999993, -2.8149999999999995, 5.4, 9.35485, -2.8146000000000004, 5.399900000000001, -0.009105
18, 9.354999999999993, -2.8099999999999996, 5.4, 9.354800000000001, -2.80995, 5.3999500000000005, -0.009157
18, 9.354999999999993, -2.8049999999999997, 5.4, 9.354800000000001, -2.8051000000000004, 5.4, -0.009126
18, 9.354999999999993, -2.8, 5.4, 9.35505, -2.79955, 5.4, -0.009168
18, 9.354999999999993, -2.795, 5.4, 9.35515, -2.79455, 5.4, -0.009084
18, 9.354999999999993, -2.79, 5.4, 9.355, -2.7898500000000004, 5.4, -0.009162
18, 9.354999999999993, -2.785, 5.4, 9.354800000000001, -2.7849, 5.4, -0.009178
18, 9.354999999999993, -2.7800000000000002, 5.4, 9.35475, -2.78005, 5.4, -0.009115
18, 9.354999999999993, -2.7750000000000004, 5.4, 9.35485, -2.7749500000000005, 5.4, -0.009141
18, 9.354999999999993, -2.7700000000000005, 5.4, 9.3552, -2.7705, 5.4, -0.009121
18, 9.354999999999993, -2.7650000000000006, 5.4, 9.354800000000001, -2.7646, 5.40005, -0.009162
18, 9.354999999999993, -2.7600000000000007, 5.4, 9.3551, -2.7595500000000004, 5.40005, -0.009126
18, 9.354999999999993, -2.755000000000001, 5.4, 9.35525, -2.7546500000000003, 5.40005, -0.009105
19, 9.359999999999994, -2.755000000000001, 5.4, 9.360050000000001, -2.7548000000000004, 5.40005, -0.009162
19, 9.364999999999995, -2.755000000000001, 5.4, 9.36485, -2.7549500000000005, 5.4, -0.009095
19, 9.369999999999996, -2.755000000000001, 5.4, 9.369800000000001, -2.7553500000000004, 5.4, -0.009141
19, 9.374999999999996, -2.755000000000001, 5.4, 9.375300000000001, -2.7554000000000003, 5.4, -0.009089
19, 9.379999999999997, -2.755000000000001, 5.4, 9.379950000000001, -2.7548000000000004, 5.3999500000000005, -0.009141
19, 9.384999999999998, -2.755000000000001, 5.4, 9.38475, -2.75475, 5.399900000000001, -0.009068
19, 9.389999999999999, -2.755000000000001, 5.4, 9.3902, -2.7548000000000004, 5.399900000000001, -0.009141
19, 9.395, -2.755000000000001, 5.4, 9.39485, -2.755, 5.399900000000001, -0.009121
19, 9.4, -2.755000000000001, 5.4, 9.39965, -2.75525, 5.399900000000001, -0.009157
19, 9.405000000000001, -2.755000000000001, 5.4, 9.405100000000001, -2.7553, 5.399900000000001, -0.009079
19, 9.410000000000002, -2.755000000000001, 5.4, 9.4099, -2.755, 5.399900000000001, -0.009136
19, 9.415000000000003, -2.755000000000001, 5.4, 9.4147, -2.7548500000000002, 5.399900000000001, -0.009115
19, 9.420000000000003, -2.755000000000001, 5.4, 9.4198, -2.75475, 5.3999500000000005, -0.009115
19, 9.425000000000004, -2.755000000000001, 5.4, 9.42525, -2.7549, 5.4, -0.009131
19, 9.430000000000005, -2.755000000000001, 5.4, 9.429800000000002, -2.755, 5.4, -0.009074
19, 9.435000000000006, -2.755000000000001, 5.4, 9.434700000000001, -2.75515, 5.4, -0.009084
19, 9.440000000000007, -2.755000000000001, 5.4, 9.4399, -2.75525, 5.4, -0.009074
19, 9.445000000000007, -2.755000000000001, 5.4, 9.4448, -2.75515, 5.4, -0.009136
19, 9.450000000000008, -2.755000000000001, 5.4, 9.45025, -2.7549, 5.40005, -0.009079
19, 9.450000000000008, -2.7600000000000007, 5.4, 9.4503, -2.7596000000000003, 5.4001, -0.009115
19, 9.450000000000008, -2.7650000000000006, 5.4, 9.45025, -2.76465, 5.4001, -0.009136
19, 9.450000000000008, -2.7700000000000005, 5.4, 9.45, -2.7698500000000004, 5.4001, -0.009074
19, 9.450000000000008, -2.7750000000000004, 5.4, 9.449800000000002, -2.7752000000000003, 5.4001, -0.009074
19, 9.450000000000008, -2.7800000000000002, 5.4, 9.44975, -2.77985, 5.4001, -0.009115
19, 9.450000000000008, -2.785, 5.4, 9.44975, -2.785, 5.4001, -0.009074
19, 9.450000000000008, -2.79, 5.4, 9.45025, -2.79, 5.4, -0.009105
19, 9.450000000000008, -2.795, 5.4, 9.45025, -2.7948000000000004, 5.4, -0.009068
19, 9.450000000000008, -2.8, 5.4, 9.4499, -2.80025, 5.4, -0.009121
19, 9.450000000000008, -2.8049999999999997, 5.4, 9.449800000000002, -2.8049500000000003, 5.4, -0.009058
19, 9.450000000000008, -2.8099999999999996, 5.4, 9.4499, -2.8101000000000003, 5.4, -0.009115
19, 9.450000000000008, -2.8149999999999995, 5.4, 9.450050000000001, -2.8147, 5.3999500000000005, -0.009048
19, 9.450000000000008, -2.8199999999999994, 5.4, 9.45025, -2.82025, 5.399900000000001, -0.0091
19, 9.450000000000008, -2.8249999999999993, 5.4, 9.44985, -2.8253000000000004, 5.3999500000000005, -0.009053
19, 9.450000000000008, -2.829999999999999, 5.4, 9.44975, -2.83, 5.3999500000000005, -0.009053
19, 9.450000000000008, -2.834999999999999, 5.4, 9.449800000000002, -2.8350500000000003, 5.3999500000000005, -0.009068
19, 9.450000000000008, -2.839999999999999, 5.4, 9.449950000000001, -2.84045, 5.4, -0.009048
19, 9.450000000000008, -2.844999999999999, 5.4, 9.4502, -2.8446000000000002, 5.3999500000000005, -0.009095
19, 9.450000000000008, -2.8499999999999988, 5.4, 9.4503, -2.84965, 5.4, -0.009032
20, 9.445000000000007, -2.8499999999999988, 5.4, 9.44525, -2.84975, 5.4, -0.009105
20, 9.440000000000007, -2.8499999999999988, 5.4, 9.440050000000001, -2.84995, 5.40005, -0.009053
20, 9.435000000000006, -2.8499999999999988, 5.4, 9.43515, -2.8498500000000004, 5.40005, -0.009105
20, 9.430000000000005, -2.8499999999999988, 5.4, 9.43025, -2.8498500000000004, 5.40005, -0.009042
20, 9.425000000000004, -2.8499999999999988, 5.4, 9.42505, -2.8498500000000004, 5.40005, -0.0091
20, 9.420000000000003, -2.8499999999999988, 5.4, 9.420050000000002, -2.84995, 5.40005, -0.009105
20, 9.415000000000003, -2.8499999999999988, 5.4, 9.415, -2.85015, 5.40005, -0.009095
20, 9.410000000000002, -2.8499999999999988, 5.4, 9.410050000000002, -2.8499, 5.4, -0.009037
20, 9.405000000000001, -2.8499999999999988, 5.4, 9.40485, -2.8498500000000004, 5.4, -0.009053
20, 9.4, -2.8499999999999988, 5.4, 9.40015, -2.8498500000000004, 5.40005, -0.009105
20, 9.395, -2.8499999999999988, 5.4, 9.39485, -2.8498500000000004, 5.3999500000000005, -0.009053
20, 9.389999999999999, -2.8499999999999988, 5.4, 9.38995, -2.8499, 5.399900000000001, -0.009121
20, 9.384999999999998, -2.8499999999999988, 5.4, 9.38515, -2.8502, 5.399900000000001, -0.009063
20, 9.379999999999997, -2.8499999999999988, 5.4, 9.380300000000002, -2.84995, 5.399900000000001, -0.009115
20, 9.374999999999996, -2.8499999999999988, 5.4, 9.3748, -2.8498500000000004, 5.3999500000000005, -0.009079
20, 9.369999999999996, -2.8499999999999988, 5.4, 9.369950000000001, -2.8503000000000003, 5.4001, -0.009121
20, 9.364999999999995, -2.8499999999999988, 5.4, 9.365050000000002, -2.8505, 5.4001, -0.009105
20, 9.359999999999994, -2.8499999999999988, 5.4, 9.3603, -2.8499, 5.4001, -0.00911
20, 9.354999999999993, -2.8499999999999988, 5.4, 9.354800000000001, -2.8499, 5.4001, -0.009095
20, 9.349999999999993, -2.8499999999999988, 5.4, 9.350200000000001, -2.8498500000000004, 5.4001, -0.009183
20, 9.349999999999993, -2.844999999999999, 5.4, 9.35, -2.8453500000000003, 5.4001, -0.0091
20, 9.349999999999993, -2.839999999999999, 5.4, 9.349950000000002, -2.84005, 5.3999500000000005, -0.009147
20, 9.349999999999993, -2.834999999999999, 5.4, 9.34985, -2.8347, 5.399900000000001, -0.00911
20, 9.349999999999993, -2.829999999999999, 5.4, 9.34975, -2.8298, 5.399900000000001, -0.009173
20, 9.349999999999993, -2.8249999999999993, 5.4, 9.34975, -2.8251500000000003, 5.399900000000001, -0.009115
20, 9.349999999999993, -2.8199999999999994, 5.4, 9.350200000000001, -2.82045, 5.4, -0.009105
20, 9.349999999999993, -2.8149999999999995, 5.4, 9.350100000000001, -2.8147, 5.4, -0.009131
20, 9.349999999999993, -2.8099999999999996, 5.4, 9.35, -2.80995, 5.4, -0.009131
20, 9.349999999999993, -2.8049999999999997, 5.4, 9.3499, -2.8051000000000004, 5.40005, -0.009162
20, 9.349999999999993, -2.8, 5.4, 9.34985, -2.7995, 5.40005, -0.009105
20, 9.349999999999993, -2.795, 5.4, 9.349800000000002, -2.7950500000000003, 5.40005, -0.009173
20, 9.349999999999993, -2.79, 5.4, 9.349800000000002, -2.78975, 5.40005, -0.00911
20, 9.349999999999993, -2.785, 5.4, 9.3499, -2.7848, 5.40005, -0.00911
20, 9.349999999999993, -2.7800000000000002, 5.4, 9.350050000000001, -2.78, 5.40005, -0.009126
20, 9.349999999999993, -2.7750000000000004, 5.4, 9.350100000000001, -2.775, 5.4, -0.009121
20, 9.349999999999993, -2.7700000000000005, 5.4, 9.350100000000001, -2.76935, 5.4, -0.009141
20, 9.349999999999993, -2.7650000000000006, 5.4, 9.349950000000002, -2.7651000000000003, 5.4, -0.00911
20, 9.349999999999993, -2.7600000000000007, 5.4, 9.3499, -2.76015, 5.4, -0.009178
20, 9.349999999999993, -2.755000000000001, 5.4, 9.350050000000001, -2.7548500000000002, 5.4, -0.009095
20, 9.349999999999993, -2.750000000000001, 5.4, 9.35015, -2.7497000000000003, 5.4, -0.009162
21, 9.354999999999993, -2.750000000000001, 5.4, 9.35475, -2.74965, 5.4, -0.009152
21, 9.359999999999994, -2.750000000000001, 5.4, 9.359950000000001, -2.7497000000000003, 5.399900000000001, -0.009141
21, 9.364999999999995, -2.750000000000001, 5.4, 9.36475, -2.74975, 5.399900000000001, -0.009115
21, 9.369999999999996, -2.750000000000001, 5.4, 9.3703, -2.7503500000000005, 5.399900000000001, -0.009131
21, 9.374999999999996, -2.750000000000001, 5.4, 9.3748, -2.7496000000000005, 5.399900000000001, -0.009121
21, 9.379999999999997, -2.750000000000001, 5.4, 9.379800000000001, -2.7496000000000005, 5.399900000000001, -0.009126
21, 9.384999999999998, -2.750000000000001, 5.4, 9.38535, -2.74965, 5.4, -0.009136
21, 9.389999999999999, -2.750000000000001, 5.4, 9.39005, -2.7504, 5.4, -0.009121
21, 9.395, -2.750000000000001, 5.4, 9.394950000000001, -2.7496000000000005, 5.40005, -0.0091
21, 9.4, -2.750000000000001, 5.4, 9.39975, -2.74955, 5.40005, -0.009126
21, 9.405000000000001, -2.750000000000001, 5.4, 9.40535, -2.7503500000000005, 5.4, -0.009136
21, 9.410000000000002, -2.750000000000001, 5.4, 9.4099, -2.7505, 5.40005, -0.009089
21, 9.415000000000003, -2.750000000000001, 5.4, 9.41475, -2.74975, 5.40005, -0.009131
21, 9.420000000000003, -2.750000000000001, 5.4, 9.42, -2.74955, 5.4, -0.009074
21, 9.425000000000004, -2.750000000000001, 5.4, 9.4251, -2.7503, 5.4, -0.009131
21, 9.430000000000005, -2.750000000000001, 5.4, 9.429800000000002, -2.7504, 5.4, -0.009079
21, 9.435000000000006, -2.750000000000001, 5.4, 9.43485, -2.7499000000000002, 5.4, -0.009126
21, 9.440000000000007, -2.750000000000001, 5.4, 9.4399, -2.7497000000000003, 5.40005, -0.009089
21, 9.445000000000007, -2.750000000000001, 5.4, 9.4448, -2.7497000000000003, 5.4, -0.009115
21, 9.450000000000008, -2.750000000000001, 5.4, 9.4501, -2.75025, 5.4, -0.009058
21, 9.455000000000009, -2.750000000000001, 5.4, 9.4547, -2.7504, 5.4, -0.009058
21, 9.455000000000009, -2.755000000000001, 5.4, 9.4551, -2.7549, 5.4, -0.009089
21, 9.455000000000009, -2.7600000000000007, 5.4, 9.45515, -2.76025, 5.4, -0.00911
21, 9.455000000000009, -2.7650000000000006, 5.4, 9.45515, -2.76535, 5.40005, -0.009131
21, 9.455000000000009, -2.7700000000000005, 5.4, 9.45515, -2.76995, 5.3999500000000005, -0.009084
21, 9.455000000000009, -2.7750000000000004, 5.4, 9.4551, -2.7748500000000003, 5.4, -0.009126
21, 9.455000000000009, -2.7800000000000002, 5.4, 9.455050000000002, -2.77975, 5.4, -0.009074
21, 9.455000000000009, -2.785, 5.4, 9.45495, -2.7854500000000004, 5.4, -0.009126
21, 9.455000000000009, -2.79, 5.4, 9.45495, -2.78995, 5.4, -0.009095
21, 9.455000000000009, -2.795, 5.4, 9.455, -2.7950500000000003, 5.4, -0.009126
21, 9.455000000000009, -2.8, 5.4, 9.455, -2.80025, 5.4, -0.009152
21, 9.455000000000009, -2.8049999999999997, 5.4, 9.455050000000002, -2.8051500000000003, 5.4, -0.009063
21, 9.455000000000009, -2.8099999999999996, 5.4, 9.45515, -2.81015, 5.4, -0.009115
21, 9.455000000000009, -2.8149999999999995, 5.4, 9.45515, -2.8151, 5.4, -0.009053
21, 9.455000000000009, -2.8199999999999994, 5.4, 9.4551, -2.8203500000000004, 5.4, -0.009105
21, 9.455000000000009, -2.8249999999999993, 5.4, 9.4549, -2.8253500000000003, 5.4, -0.009095
21, 9.455000000000009, -2.829999999999999, 5.4, 9.4549, -2.8301000000000003, 5.4, -0.009058
21, 9.455000000000009, -2.834999999999999, 5.4, 9.45495, -2.835, 5.4, -0.009105
21, 9.455000000000009, -2.839999999999999, 5.4, 9.45495, -2.8396000000000003, 5.4, -0.009063
21, 9.455000000000009, -2.844999999999999, 5.4, 9.455, -2.84525, 5.4, -0.009084
21, 9.455000000000009, -2.8499999999999988, 5.4, 9.455050000000002, -2.84975, 5.4, -0.009084
21, 9.455000000000009, -2.8549999999999986, 5.4, 9.4551, -2.85475, 5.3999500000000005, -0.009095
22, 9.450000000000008, -2.8549999999999986, 5.4, 9.4497, -2.8548500000000003, 5.4, -0.0091
22, 9.445000000000007, -2.8549999999999986, 5.4, 9.4454, -2.85475, 5.4, -0.009095
22, 9.440000000000007, -2.8549999999999986, 5.4, 9.44035, -2.85475, 5.4, -0.009053
22, 9.435000000000006, -2.8549999999999986, 5.4, 9.435, -2.85495, 5.3999500000000005, -0.009115
22, 9.430000000000005, -2.8549999999999986, 5.4, 9.430200000000001, -2.8554500000000003, 5.4, -0.009058
22, 9.425000000000004, -2.8549999999999986, 5.4, 9.424850000000001, -2.8547000000000002, 5.4, -0.0091
22, 9.420000000000003, -2.8549999999999986, 5.4, 9.4201, -2.8547000000000002, 5.4, -0.009037
22, 9.415000000000003, -2.8549999999999986, 5.4, 9.4151, -2.85475, 5.4, -0.009095
22, 9.410000000000002, -2.8549999999999986, 5.4, 9.4097, -2.8549, 5.4, -0.009074
22, 9.405000000000001, -2.8549999999999986, 5.4, 9.4049, -2.8554500000000003, 5.40005, -0.009058
22, 9.4, -2.8549999999999986, 5.4, 9.40025, -2.8547000000000002, 5.40005, -0.009115
22, 9.395, -2.8549999999999986, 5.4, 9.394800000000002, -2.85465, 5.40005, -0.009068
22, 9.389999999999999, -2.8549999999999986, 5.4, 9.39, -2.85475, 5.40005, -0.009131
22, 9.384999999999998, -2.8549999999999986, 5.4, 9.3851, -2.85525, 5.4, -0.009063
22, 9.379999999999997, -2.8549999999999986, 5.4, 9.38015, -2.8550500000000003, 5.4, -0.009131
22, 9.374999999999996, -2.8549999999999986, 5.4, 9.374450000000001, -2.8548500000000003, 5.4, -0.009084
22, 9.369999999999996, -2.8549999999999986, 5.4, 9.369950000000001, -2.85475, 5.4, -0.009089
22, 9.364999999999995, -2.8549999999999986, 5.4, 9.3651, -2.8548, 5.40005, -0.009141
22, 9.359999999999994, -2.8549999999999986, 5.4, 9.3602, -2.8549, 5.3999500000000005, -0.009105
22, 9.354999999999993, -2.8549999999999986, 5.4, 9.35465, -2.85525, 5.399900000000001, -0.009168
22, 9.349999999999993, -2.8549999999999986, 5.4, 9.35015, -2.8553500000000005, 5.399900000000001, -0.009147
22, 9.344999999999992, -2.8549999999999986, 5.4, 9.34535, -2.85515, 5.399900000000001, -0.009136
22, 9.344999999999992, -2.8499999999999988, 5.4, 9.344550000000002, -2.8498, 5.399900000000001, -0.009141
22, 9.344999999999992, -2.844999999999999, 5.4, 9.345, -2.8451000000000004, 5.399900000000001, -0.009173
22, 9.344999999999992, -2.839999999999999, 5.4, 9.3451, -2.84045, 5.3999500000000005, -0.009126
22, 9.344999999999992, -2.834999999999999, 5.4, 9.34515, -2.83465, 5.4, -0.009136
22, 9.344999999999992, -2.829999999999999, 5.4, 9.34505, -2.82975, 5.4, -0.009126
22, 9.344999999999992, -2.8249999999999993, 5.4, 9.34495, -2.8251000000000004, 5.4, -0.009168
22, 9.344999999999992, -2.8199999999999994, 5.4, 9.344899999999999, -2.8204000000000002, 5.4, -0.009152
22, 9.344999999999992, -2.8149999999999995, 5.4, 9.344850000000001, -2.81455, 5.4, -0.009115
22, 9.344999999999992, -2.8099999999999996, 5.4, 9.344850000000001, -2.8098500000000004, 5.40005, -0.009157
22, 9.344999999999992, -2.8049999999999997, 5.4, 9.344899999999999, -2.80505, 5.40005, -0.0091
22, 9.344999999999992, -2.8, 5.4, 9.34495, -2.79965, 5.4001, -0.009178
22, 9.344999999999992, -2.795, 5.4, 9.345, -2.79475, 5.4001, -0.009126
22, 9.344999999999992, -2.79, 5.4, 9.34515, -2.7898500000000004, 5.40005, -0.009188
22, 9.344999999999992, -2.785, 5.4, 9.34515, -2.7849500000000003, 5.40005, -0.009126
22, 9.344999999999992, -2.7800000000000002, 5.4, 9.3451, -2.78, 5.4, -0.009162
22, 9.344999999999992, -2.7750000000000004, 5.4, 9.34495, -2.7750500000000002, 5.40005, -0.009141
22, 9.344999999999992, -2.7700000000000005, 5.4, 9.344899999999999, -2.76955, 5.3999500000000005, -0.009168
22, 9.344999999999992, -2.7650000000000006, 5.4, 9.34495, -2.76505, 5.399900000000001, -0.009126
22, 9.344999999999992, -2.7600000000000007, 5.4, 9.34495, -2.7595500000000004, 5.3999500000000005, -0.009162
22, 9.344999999999992, -2.755000000000001, 5.4, 9.34505, -2.75515, 5.399900000000001, -0.009178
22, 9.344999999999992, -2.750000000000001, 5.4, 9.3451, -2.7496000000000005, 5.4, -0.009136
22, 9.344999999999992, -2.745000000000001, 5.4, 9.34505, -2.7447000000000004, 5.4, -0.009194
23, 9.349999999999993, -2.745000000000001, 5.4, 9.34955, -2.74465, 5.3999500000000005, -0.009105
23, 9.354999999999993, -2.745000000000001, 5.4, 9.35525, -2.7448, 5.4, -0.009147
23, 9.359999999999994, -2.745000000000001, 5.4, 9.3597, -2.7449, 5.4, -0.009157
23, 9.364999999999995, -2.745000000000001, 5.4, 9.3648, -2.745, 5.40005, -0.009095
23, 9.369999999999996, -2.745000000000001, 5.4, 9.3695, -2.74535, 5.4, -0.009168
23, 9.374999999999996, -2.745000000000001, 5.4, 9.375200000000001, -2.7454, 5.40005, -0.009121
23, 9.379999999999997, -2.745000000000001, 5.4, 9.379850000000001, -2.7447000000000004, 5.40005, -0.009141
23, 9.384999999999998, -2.745000000000001, 5.4, 9.385399999999999, -2.7447000000000004, 5.40005, -0.009136
23, 9.389999999999999, -2.745000000000001, 5.4, 9.38975, -2.7448500000000005, 5.40005, -0.009058
23, 9.395, -2.745000000000001, 5.4, 9.394950000000001, -2.74515, 5.40005, -0.009115
23, 9.4, -2.745000000000001, 5.4, 9.399700000000001, -2.7455, 5.40005, -0.009084
23, 9.405000000000001, -2.745000000000001, 5.4, 9.40535, -2.7448, 5.3999500000000005, -0.009126
23, 9.410000000000002, -2.745000000000001, 5.4, 9.40995, -2.7447000000000004, 5.399900000000001, -0.0091
23, 9.415000000000003, -2.745000000000001, 5.4, 9.414800000000001, -2.7448500000000005, 5.399900000000001, -0.00911
23, 9.420000000000003, -2.745000000000001, 5.4, 9.42015, -2.7451000000000003, 5.399900000000001, -0.009136
23, 9.425000000000004, -2.745000000000001, 5.4, 9.425, -2.7454, 5.399900000000001, -0.009048
23, 9.430000000000005, -2.745000000000001, 5.4, 9.4297, -2.7451000000000003, 5.399900000000001, -0.009147
23, 9.435000000000006, -2.745000000000001, 5.4, 9.434800000000001, -2.7448500000000005, 5.399900000000001, -0.009079
23, 9.440000000000007, -2.745000000000001, 5.4, 9.439950000000001, -2.7447000000000004, 5.3999500000000005, -0.009131
23, 9.445000000000007, -2.745000000000001, 5.4, 9.444700000000001, -2.7449, 5.4, -0.009079
23, 9.450000000000008, -2.745000000000001, 5.4, 9.4503, -2.7451000000000003, 5.4, -0.009147
23, 9.455000000000009, -2.745000000000001, 5.4, 9.4547, -2.74525, 5.4, -0.009089
23, 9.46000000000001, -2.745000000000001, 5.4, 9.4595, -2.74515, 5.4, -0.009141
23, 9.46000000000001, -2.750000000000001, 5.4, 9.4604, -2.7500500000000003, 5.4001, -0.009079
23, 9.46000000000001, -2.755000000000001, 5.4, 9.459850000000001, -2.75455, 5.4001, -0.009136
23, 9.46000000000001, -2.7600000000000007, 5.4, 9.4601, -2.76025, 5.40005, -0.009079
23, 9.46000000000001, -2.7650000000000006, 5.4, 9.460300000000002, -2.7653000000000003, 5.4, -0.009147
23, 9.46000000000001, -2.7700000000000005, 5.4, 9.46035, -2.77, 5.3999500000000005, -0.009095
23, 9.46000000000001, -2.7750000000000004, 5.4, 9.46005, -2.7749, 5.399900000000001, -0.009079
23, 9.46000000000001, -2.7800000000000002, 5.4, 9.459850000000001, -2.78025, 5.3999500000000005, -0.009089
23, 9.46000000000001, -2.785, 5.4, 9.459850000000001, -2.785, 5.3999500000000005, -0.009079
23, 9.46000000000001, -2.79, 5.4, 9.4599, -2.7904500000000003, 5.399900000000001, -0.009105
23, 9.46000000000001, -2.795, 5.4, 9.46, -2.7953500000000004, 5.3999500000000005, -0.009068
23, 9.46000000000001, -2.8, 5.4, 9.4601, -2.80025, 5.4, -0.009068
23, 9.46000000000001, -2.8049999999999997, 5.4, 9.46015, -2.8053000000000003, 5.4, -0.009136
23, 9.46000000000001, -2.8099999999999996, 5.4, 9.4602, -2.8101000000000003, 5.4, -0.009074
23, 9.46000000000001, -2.8149999999999995, 5.4, 9.4601, -2.81495, 5.4, -0.009068
23, 9.46000000000001, -2.8199999999999994, 5.4, 9.459950000000001, -2.8197, 5.4, -0.009136
23, 9.46000000000001, -2.8249999999999993, 5.4, 9.459950000000001, -2.8247000000000004, 5.4, -0.009105
23, 9.46000000000001, -2.829999999999999, 5.4, 9.459950000000001, -2.82995, 5.4, -0.009063
23, 9.46000000000001, -2.834999999999999, 5.4, 9.459950000000001, -2.835, 5.4, -0.009089
23, 9.46000000000001, -2.839999999999999, 5.4, 9.46, -2.8396500000000002, 5.4, -0.009079
23, 9.46000000000001, -2.844999999999999, 5.4, 9.4601, -2.84525, 5.4, -0.009115
23, 9.46000000000001, -2.8499999999999988, 5.4, 9.4601, -2.84975, 5.4, -0.009079
23, 9.46000000000001, -2.8549999999999986, 5.4, 9.46015, -2.85475, 5.4, -0.00911
23, 9.46000000000001, -2.8599999999999985, 5.4, 9.46005, -2.86045, 5.40005, -0.009115
24, 9.455000000000009, -2.8599999999999985, 5.4, 9.455300000000001, -2.85975, 5.40005, -0.009095
24, 9.450000000000008, -2.8599999999999985, 5.4, 9.4502, -2.85955, 5.4, -0.00911
24, 9.445000000000007, -2.8599999999999985, 5.4, 9.44515, -2.86005, 5.4, -0.009074
24, 9.440000000000007, -2.8599999999999985, 5.4, 9.44015, -2.8602000000000003, 5.4, -0.009105
24, 9.435000000000006, -2.8599999999999985, 5.4, 9.4352, -2.8602000000000003, 5.4001, -0.009027
24, 9.430000000000005, -2.8599999999999985, 5.4, 9.430399999999999, -2.86, 5.4001, -0.009115
24, 9.425000000000004, -2.8599999999999985, 5.4, 9.42495, -2.85975, 5.400150000000001, -0.00911
24, 9.420000000000003, -2.8599999999999985, 5.4, 9.4201, -2.8598000000000003, 5.4001, -0.009063
24, 9.415000000000003, -2.8599999999999985, 5.4, 9.4151, -2.86, 5.4001, -0.0091
24, 9.410000000000002, -2.8599999999999985, 5.4, 9.409550000000001, -2.8602000000000003, 5.3999500000000005, -0.009115
24, 9.405000000000001, -2.8599999999999985, 5.4, 9.4055, -2.86, 5.399900000000001, -0.009105
24, 9.4, -2.8599999999999985, 5.4, 9.400300000000001, -2.85975, 5.399900000000001, -0.009068
24, 9.395, -2.8599999999999985, 5.4, 9.395050000000001, -2.8596000000000004, 5.399900000000001, -0.009121
24, 9.389999999999999, -2.8599999999999985, 5.4, 9.389899999999999, -2.86, 5.399900000000001, -0.009068
24, 9.384999999999998, -2.8599999999999985, 5.4, 9.38515, -2.86015, 5.399900000000001, -0.009136
24, 9.379999999999997, -2.8599999999999985, 5.4, 9.3804, -2.86025, 5.3999500000000005, -0.009084
24, 9.374999999999996, -2.8599999999999985, 5.4, 9.374550000000001, -2.86015, 5.3999500000000005, -0.009131
24, 9.369999999999996, -2.8599999999999985, 5.4, 9.37, -2.86, 5.40005, -0.009068
24, 9.364999999999995, -2.8599999999999985, 5.4, 9.3651, -2.85975, 5.40005, -0.009079
24, 9.359999999999994, -2.8599999999999985, 5.4, 9.36025, -2.8598000000000003, 5.40005, -0.009162
24, 9.354999999999993, -2.8599999999999985, 5.4, 9.35475, -2.8599500000000004, 5.4001, -0.009136
24, 9.349999999999993, -2.8599999999999985, 5.4, 9.35015, -2.86015, 5.40005, -0.009089
24, 9.344999999999992, -2.8599999999999985, 5.4, 9.34535, -2.86025, 5.40005, -0.009194
24, 9.339999999999991, -2.8599999999999985, 5.4, 9.3398, -2.86015, 5.40005, -0.009157
24, 9.339999999999991, -2.8549999999999986, 5.4, 9.339550000000001, -2.85455, 5.40005, -0.009136
24, 9.339999999999991, -2.8499999999999988, 5.4, 9.33975, -2.8498, 5.40005, -0.009173
24, 9.339999999999991, -2.844999999999999, 5.4, 9.34, -2.8451500000000003, 5.4, -0.009168
24, 9.339999999999991, -2.839999999999999, 5.4, 9.34015, -2.8404000000000003, 5.4, -0.009183
24, 9.339999999999991, -2.834999999999999, 5.4, 9.340200000000001, -2.83465, 5.4, -0.009183
24, 9.339999999999991, -2.829999999999999, 5.4, 9.340200000000001, -2.8297000000000003, 5.4, -0.009152
24, 9.339999999999991, -2.8249999999999993, 5.4, 9.34, -2.8251500000000003, 5.4, -0.009183
24, 9.339999999999991, -2.8199999999999994, 5.4, 9.33985, -2.82045, 5.4, -0.009173
24, 9.339999999999991, -2.8149999999999995, 5.4, 9.3397, -2.81455, 5.4, -0.009126
24, 9.339999999999991, -2.8099999999999996, 5.4, 9.33975, -2.8098500000000004, 5.4, -0.009157
24, 9.339999999999991, -2.8049999999999997, 5.4, 9.340050000000002, -2.8051000000000004, 5.3999500000000005, -0.009121
24, 9.339999999999991, -2.8, 5.4, 9.340200000000001, -2.7999, 5.3999500000000005, -0.009115
24, 9.339999999999991, -2.795, 5.4, 9.340200000000001, -2.7945, 5.3999500000000005, -0.009188
24, 9.339999999999991, -2.79, 5.4, 9.340050000000002, -2.79, 5.3999500000000005, -0.009126
24, 9.339999999999991, -2.785, 5.4, 9.3399, -2.7849500000000003, 5.3999500000000005, -0.009178
24, 9.339999999999991, -2.7800000000000002, 5.4, 9.3398, -2.7799500000000004, 5.3999500000000005, -0.009126
24, 9.339999999999991, -2.7750000000000004, 5.4, 9.33975, -2.7749500000000005, 5.4, -0.009173
24, 9.339999999999991, -2.7700000000000005, 5.4, 9.340050000000002, -2.76955, 5.4, -0.009121
24, 9.339999999999991, -2.7650000000000006, 5.4, 9.340200000000001, -2.76505, 5.4, -0.009157
24, 9.339999999999991, -2.7600000000000007, 5.4, 9.3399, -2.7596000000000003, 5.3999500000000005, -0.009126
24, 9.339999999999991, -2.755000000000001, 5.4, 9.3398, -2.75525, 5.40005, -0.009162
24, 9.339999999999991, -2.750000000000001, 5.4, 9.340050000000002, -2.74955, 5.40005, -0.009168
24, 9.339999999999991, -2.745000000000001, 5.4, 9.3401, -2.7445500000000003, 5.40005, -0.009115
24, 9.339999999999991, -2.740000000000001, 5.4, 9.33985, -2.7399500000000003, 5.399900000000001, -0.009141
25, 9.344999999999992, -2.740000000000001, 5.4, 9.344800000000001, -2.7402, 5.399900000000001, -0.009141
25, 9.349999999999993, -2.740000000000001, 5.4, 9.34985, -2.7403500000000003, 5.399900000000001, -0.00911
25, 9.354999999999993, -2.740000000000001, 5.4, 9.35515, -2.7398500000000006, 5.399900000000001, -0.009157
25, 9.359999999999994, -2.740000000000001, 5.4, 9.3597, -2.73965, 5.399900000000001, -0.009095
25, 9.364999999999995, -2.740000000000001, 5.4, 9.36485, -2.74005, 5.3999500000000005, -0.009141
25, 9.369999999999996, -2.740000000000001, 5.4, 9.37005, -2.74025, 5.40005, -0.009095
25, 9.374999999999996, -2.740000000000001, 5.4, 9.37495, -2.7401000000000004, 5.40005, -0.009157
25, 9.379999999999997, -2.740000000000001, 5.4, 9.379850000000001, -2.7398500000000006, 5.40005, -0.009121
25, 9.384999999999998, -2.740000000000001, 5.4, 9.3853, -2.7397000000000005, 5.40005, -0.0091
25, 9.389999999999999, -2.740000000000001, 5.4, 9.389899999999999, -2.7399500000000003, 5.40005, -0.009126
25, 9.395, -2.740000000000001, 5.4, 9.3949, -2.7401500000000003, 5.40005, -0.009079
25, 9.4, -2.740000000000001, 5.4, 9.3998, -2.7403000000000004, 5.4, -0.009095
25, 9.405000000000001, -2.740000000000001, 5.4, 9.4055, -2.74005, 5.4, -0.009058
25, 9.410000000000002, -2.740000000000001, 5.4, 9.4099, -2.7398000000000002, 5.4, -0.009141
25, 9.415000000000003, -2.740000000000001, 5.4, 9.41485, -2.73965, 5.40005, -0.009084
25, 9.420000000000003, -2.740000000000001, 5.4, 9.4201, -2.74, 5.3999500000000005, -0.009105
25, 9.425000000000004, -2.740000000000001, 5.4, 9.4249, -2.7402, 5.3999500000000005, -0.009136
25, 9.430000000000005, -2.740000000000001, 5.4, 9.42975, -2.7401500000000003, 5.3999500000000005, -0.009079
25, 9.435000000000006, -2.740000000000001, 5.4, 9.435, -2.74, 5.3999500000000005, -0.009068
25, 9.440000000000007, -2.740000000000001, 5.4, 9.4396, -2.7397000000000005, 5.3999500000000005, -0.009115
25, 9.445000000000007, -2.740000000000001, 5.4, 9.4448, -2.7398000000000002, 5.3999500000000005, -0.009079
25, 9.450000000000008, -2.740000000000001, 5.4, 9.4501, -2.74005, 5.3999500000000005, -0.009126
25, 9.455000000000009, -2.740000000000001, 5.4, 9.4547, -2.74025, 5.399900000000001, -0.009136
25, 9.46000000000001, -2.740000000000001, 5.4, 9.459550000000002, -2.7401500000000003, 5.4, -0.009115
25, 9.46500000000001, -2.740000000000001, 5.4, 9.465, -2.74, 5.4, -0.009136
25, 9.46500000000001, -2.745000000000001, 5.4, 9.465200000000001, -2.74535, 5.4, -0.009089
25, 9.46500000000001, -2.750000000000001, 5.4, 9.465, -2.7504500000000003, 5.4001, -0.009152
25, 9.46500000000001, -2.755000000000001, 5.4, 9.46475, -2.75525, 5.4001, -0.009152
25, 9.46500000000001, -2.7600000000000007, 5.4, 9.465, -2.76015, 5.40005, -0.009079
25, 9.46500000000001, -2.7650000000000006, 5.4, 9.46515, -2.7653000000000003, 5.4, -0.009147
25, 9.46500000000001, -2.7700000000000005, 5.4, 9.46515, -2.7703500000000005, 5.4, -0.009074
25, 9.46500000000001, -2.7750000000000004, 5.4, 9.46515, -2.7747, 5.4, -0.009136
25, 9.46500000000001, -2.7800000000000002, 5.4, 9.465050000000002, -2.7799, 5.4, -0.009068
25, 9.46500000000001, -2.785, 5.4, 9.46485, -2.78535, 5.4, -0.009079
25, 9.46500000000001, -2.79, 5.4, 9.4648, -2.7902000000000005, 5.4, -0.009063
25, 9.46500000000001, -2.795, 5.4, 9.46485, -2.79525, 5.4, -0.00911
25, 9.46500000000001, -2.8, 5.4, 9.46495, -2.8002000000000002, 5.4, -0.009068
25, 9.46500000000001, -2.8049999999999997, 5.4, 9.465050000000002, -2.8054500000000004, 5.4, -0.009089
25, 9.46500000000001, -2.8099999999999996, 5.4, 9.46515, -2.8101000000000003, 5.399900000000001, -0.009126
25, 9.46500000000001, -2.8149999999999995, 5.4, 9.465050000000002, -2.8149, 5.399900000000001, -0.009105
25, 9.46500000000001, -2.8199999999999994, 5.4, 9.46495, -2.81975, 5.3999500000000005, -0.009042
25, 9.46500000000001, -2.8249999999999993, 5.4, 9.46485, -2.8247000000000004, 5.3999500000000005, -0.009126
25, 9.46500000000001, -2.829999999999999, 5.4, 9.46485, -2.8304, 5.3999500000000005, -0.009048
25, 9.46500000000001, -2.834999999999999, 5.4, 9.4649, -2.83515, 5.40005, -0.009121
25, 9.46500000000001, -2.839999999999999, 5.4, 9.46495, -2.8398000000000003, 5.40005, -0.009063
25, 9.46500000000001, -2.844999999999999, 5.4, 9.4651, -2.8453500000000003, 5.40005, -0.009105
25, 9.46500000000001, -2.8499999999999988, 5.4, 9.465200000000001, -2.84975, 5.40005, -0.009105
25, 9.46500000000001, -2.8549999999999986, 5.4, 9.465200000000001, -2.8548500000000003, 5.40005, -0.009053
25, 9.46500000000001, -2.8599999999999985, 5.4, 9.4651, -2.8604000000000003, 5.40005, -0.0091
25, 9.46500000000001, -2.8649999999999984, 5.4, 9.4647, -2.8653000000000004, 5.4, -0.009058
26, 9.46000000000001, -2.8649999999999984, 5.4, 9.4604, -2.8654, 5.4, -0.009115
26, 9.455000000000009, -2.8649999999999984, 5.4, 9.455300000000001, -2.8652, 5.4, -0.009053
26, 9.450000000000008, -2.8649999999999984, 5.4, 9.4501, -2.865, 5.4, -0.009089
26, 9.445000000000007, -2.8649999999999984, 5.4, 9.445350000000001, -2.8648500000000006, 5.4, -0.009105
26, 9.440000000000007, -2.8649999999999984, 5.4, 9.44035, -2.8646000000000003, 5.399900000000001, -0.009068
26, 9.435000000000006, -2.8649999999999984, 5.4, 9.4351, -2.8648500000000006, 5.3999500000000005, -0.009042
26, 9.430000000000005, -2.8649999999999984, 5.4, 9.43045, -2.86505, 5.3999500000000005, -0.009095
26, 9.425000000000004, -2.8649999999999984, 5.4, 9.4249, -2.8652, 5.3999500000000005, -0.009053
26, 9.420000000000003, -2.8649999999999984, 5.4, 9.42025, -2.8652, 5.3999500000000005, -0.0091
26, 9.415000000000003, -2.8649999999999984, 5.4, 9.4149, -2.8651500000000003, 5.3999500000000005, -0.009084
26, 9.410000000000002, -2.8649999999999984, 5.4, 9.40995, -2.8649500000000003, 5.4, -0.00911
26, 9.405000000000001, -2.8649999999999984, 5.4, 9.405050000000001, -2.8648000000000002, 5.4, -0.009089
26, 9.4, -2.8649999999999984, 5.4, 9.400300000000001, -2.8648000000000002, 5.4, -0.009105
26, 9.395, -2.8649999999999984, 5.4, 9.39465, -2.8649500000000003, 5.4, -0.009089
26, 9.389999999999999, -2.8649999999999984, 5.4, 9.39005, -2.86505, 5.4, -0.009068
26, 9.384999999999998, -2.8649999999999984, 5.4, 9.3851, -2.8651500000000003, 5.4, -0.009131
26, 9.379999999999997, -2.8649999999999984, 5.4, 9.3804, -2.8651000000000004, 5.4, -0.009053
26, 9.374999999999996, -2.8649999999999984, 5.4, 9.3745, -2.8651000000000004, 5.4, -0.009131
26, 9.369999999999996, -2.8649999999999984, 5.4, 9.369950000000001, -2.865, 5.4, -0.009063
26, 9.364999999999995, -2.8649999999999984, 5.4, 9.36485, -2.8649, 5.4, -0.009136
26, 9.359999999999994, -2.8649999999999984, 5.4, 9.3603, -2.8649, 5.4, -0.009084
26, 9.354999999999993, -2.8649999999999984, 5.4, 9.3546, -2.8649, 5.4, -0.009141
26, 9.349999999999993, -2.8649999999999984, 5.4, 9.35015, -2.8649, 5.4, -0.009105
26, 9.344999999999992, -2.8649999999999984, 5.4, 9.34525, -2.8649500000000003, 5.4, -0.009162
26, 9.339999999999991, -2.8649999999999984, 5.4, 9.3399, -2.86505, 5.40005, -0.009173
26, 9.33499999999999, -2.8649999999999984, 5.4, 9.33525, -2.8651500000000003, 5.4, -0.009115
26, 9.33499999999999, -2.8599999999999985, 5.4, 9.335, -2.8603, 5.4, -0.009183
26, 9.33499999999999, -2.8549999999999986, 5.4, 9.33475, -2.85455, 5.4, -0.009173
26, 9.33499999999999, -2.8499999999999988, 5.4, 9.335, -2.84965, 5.4, -0.009136
26, 9.33499999999999, -2.844999999999999, 5.4, 9.33505, -2.8451000000000004, 5.4, -0.009183
26, 9.33499999999999, -2.839999999999999, 5.4, 9.33515, -2.8404000000000003, 5.4, -0.009136
26, 9.33499999999999, -2.834999999999999, 5.4, 9.33515, -2.83455, 5.3999500000000005, -0.009178
26, 9.33499999999999, -2.829999999999999, 5.4, 9.33505, -2.82975, 5.4, -0.009147
26, 9.33499999999999, -2.8249999999999993, 5.4, 9.3349, -2.8251000000000004, 5.4, -0.009126
26, 9.33499999999999, -2.8199999999999994, 5.4, 9.3349, -2.8204000000000002, 5.4, -0.009152
26, 9.33499999999999, -2.8149999999999995, 5.4, 9.334850000000001, -2.81455, 5.3999500000000005, -0.009121
26, 9.33499999999999, -2.8099999999999996, 5.4, 9.334800000000001, -2.8098500000000004, 5.40005, -0.009188
26, 9.33499999999999, -2.8049999999999997, 5.4, 9.334850000000001, -2.80505, 5.40005, -0.009126
26, 9.33499999999999, -2.8, 5.4, 9.335, -2.79965, 5.40005, -0.009178
26, 9.33499999999999, -2.795, 5.4, 9.33515, -2.7947, 5.40005, -0.009183
26, 9.33499999999999, -2.79, 5.4, 9.33525, -2.7898500000000004, 5.4001, -0.009121
26, 9.33499999999999, -2.785, 5.4, 9.33515, -2.7849, 5.40005, -0.009168
26, 9.33499999999999, -2.7800000000000002, 5.4, 9.335, -2.78, 5.4001, -0.009121
26, 9.33499999999999, -2.7750000000000004, 5.4, 9.334850000000001, -2.7749500000000005, 5.40005, -0.009131
26, 9.33499999999999, -2.7700000000000005, 5.4, 9.33475, -2.7695, 5.40005, -0.009183
26, 9.33499999999999, -2.7650000000000006, 5.4, 9.3352, -2.7649500000000002, 5.399850000000001, -0.009183
26, 9.33499999999999, -2.7600000000000007, 5.4, 9.33515, -2.75965, 5.399850000000001, -0.009131
26, 9.33499999999999, -2.755000000000001, 5.4, 9.335, -2.75515, 5.399900000000001, -0.009168
26, 9.33499999999999, -2.750000000000001, 5.4, 9.334950000000001, -2.7502000000000004, 5.4001, -0.009121
26, 9.33499999999999, -2.745000000000001, 5.4, 9.33515, -2.7445500000000003, 5.40005, -0.009178
26, 9.33499999999999, -2.740000000000001, 5.4, 9.334950000000001, -2.7395, 5.40005, -0.009152
26, 9.33499999999999, -2.735000000000001, 5.4, 9.334950000000001, -2.7349, 5.40005, -0.009194
27, 9.339999999999991, -2.735000000000001, 5.4, 9.339550000000001, -2.73475, 5.4, -0.0091
27, 9.344999999999992, -2.735000000000001, 5.4, 9.34495, -2.7348500000000002, 5.4, -0.009173
27, 9.349999999999993, -2.735000000000001, 5.4, 9.349800000000002, -2.7351000000000005, 5.4, -0.009136
27, 9.354999999999993, -2.735000000000001, 5.4, 9.35515, -2.7353, 5.3999500000000005, -0.009157
27, 9.359999999999994, -2.735000000000001, 5.4, 9.359800000000002, -2.7352000000000003, 5.399900000000001, -0.009121
27, 9.364999999999995, -2.735000000000001, 5.4, 9.36485, -2.7349, 5.399900000000001, -0.009121
27, 9.369999999999996, -2.735000000000001, 5.4, 9.37, -2.7347, 5.399900000000001, -0.009157
27, 9.374999999999996, -2.735000000000001, 5.4, 9.3749, -2.73475, 5.399900000000001, -0.009074
27, 9.379999999999997, -2.735000000000001, 5.4, 9.3799, -2.7351000000000005, 5.399900000000001, -0.009131
27, 9.384999999999998, -2.735000000000001, 5.4, 9.38525, -2.7354000000000003, 5.399900000000001, -0.009084
27, 9.389999999999999, -2.735000000000001, 5.4, 9.389850000000001, -2.73515, 5.3999500000000005, -0.009126
27, 9.395, -2.735000000000001, 5.4, 9.3949, -2.7348500000000002, 5.3999500000000005, -0.009079
27, 9.4, -2.735000000000001, 5.4, 9.3998, -2.7346500000000002, 5.4, -0.009126
27, 9.405000000000001, -2.735000000000001, 5.4, 9.4054, -2.7349, 5.4, -0.009068
27, 9.410000000000002, -2.735000000000001, 5.4, 9.40995, -2.73515, 5.4, -0.009131
27, 9.415000000000003, -2.735000000000001, 5.4, 9.41485, -2.7353, 5.4, -0.009053
27, 9.420000000000003, -2.735000000000001, 5.4, 9.420200000000001, -2.7351000000000005, 5.4, -0.009131
27, 9.425000000000004, -2.735000000000001, 5.4, 9.42495, -2.7348500000000002, 5.40005, -0.009063
27, 9.430000000000005, -2.735000000000001, 5.4, 9.429800000000002, -2.7347, 5.40005, -0.009141
27, 9.435000000000006, -2.735000000000001, 5.4, 9.4351, -2.7349500000000004, 5.40005, -0.009063
27, 9.440000000000007, -2.735000000000001, 5.4, 9.439800000000002, -2.7352000000000003, 5.40005, -0.009074
27, 9.445000000000007, -2.735000000000001, 5.4, 9.4448, -2.73525, 5.40005, -0.009095
27, 9.450000000000008, -2.735000000000001, 5.4, 9.450050000000001, -2.73505, 5.40005, -0.009053
27, 9.455000000000009, -2.735000000000001, 5.4, 9.4548, -2.7348500000000002, 5.4001, -0.009136
27, 9.46000000000001, -2.735000000000001, 5.4, 9.459550000000002, -2.7347, 5.40005, -0.0091
27, 9.46500000000001, -2.735000000000001, 5.4, 9.465050000000002, -2.7349, 5.3999500000000005, -0.009157
27, 9.470000000000011, -2.735000000000001, 5.4, 9.46975, -2.7351000000000005, 5.399900000000001, -0.009121
27, 9.470000000000011, -2.740000000000001, 5.4, 9.47, -2.7398000000000002, 5.399900000000001, -0.009136
27, 9.470000000000011, -2.745000000000001, 5.4, 9.47025, -2.7446, 5.399900000000001, -0.009162
27, 9.470000000000011, -2.750000000000001, 5.4, 9.47025, -2.75015, 5.399900000000001, -0.0091
27, 9.470000000000011, -2.755000000000001, 5.4, 9.4702, -2.755, 5.399900000000001, -0.009136
27, 9.470000000000011, -2.7600000000000007, 5.4, 9.4701, -2.7597000000000005, 5.399900000000001, -0.0091
27, 9.470000000000011, -2.7650000000000006, 5.4, 9.46995, -2.7651000000000003, 5.4, -0.009131
27, 9.470000000000011, -2.7700000000000005, 5.4, 9.46995, -2.7696000000000005, 5.4, -0.009089
27, 9.470000000000011, -2.7750000000000004, 5.4, 9.47, -2.775, 5.4, -0.009136
27, 9.470000000000011, -2.7800000000000002, 5.4, 9.47005, -2.7803, 5.4001, -0.009053
27, 9.470000000000011, -2.785, 5.4, 9.4701, -2.785, 5.40005, -0.009136
27, 9.470000000000011, -2.79, 5.4, 9.47015, -2.7904, 5.4001, -0.009095
27, 9.470000000000011, -2.795, 5.4, 9.47015, -2.7954, 5.4001, -0.009095
27, 9.470000000000011, -2.8, 5.4, 9.47015, -2.8003500000000003, 5.4001, -0.009063
27, 9.470000000000011, -2.8049999999999997, 5.4, 9.46995, -2.80525, 5.4, -0.009063
27, 9.470000000000011, -2.8099999999999996, 5.4, 9.469899999999999, -2.81015, 5.4, -0.009074
27, 9.470000000000011, -2.8149999999999995, 5.4, 9.46995, -2.8151, 5.4, -0.009105
27, 9.470000000000011, -2.8199999999999994, 5.4, 9.46995, -2.8198000000000003, 5.4, -0.009074
27, 9.470000000000011, -2.8249999999999993, 5.4, 9.46995, -2.8246, 5.4, -0.009136
27, 9.470000000000011, -2.829999999999999, 5.4, 9.4701, -2.83025, 5.399900000000001, -0.009131
27, 9.470000000000011, -2.834999999999999, 5.4, 9.4701, -2.8347, 5.399900000000001, -0.009063
27, 9.470000000000011, -2.839999999999999, 5.4, 9.4701, -2.83975, 5.399900000000001, -0.009121
27, 9.470000000000011, -2.844999999999999, 5.4, 9.47005, -2.8449500000000003, 5.3999500000000005, -0.009095
27, 9.470000000000011, -2.8499999999999988, 5.4, 9.46995, -2.85015, 5.4, -0.009131
27, 9.470000000000011, -2.8549999999999986, 5.4, 9.46995, -2.8550500000000003, 5.4, -0.009079
27, 9.470000000000011, -2.8599999999999985, 5.4, 9.46995, -2.85975, 5.3999500000000005, -0.009068
27, 9.470000000000011, -2.8649999999999984, 5.4, 9.47, -2.86545, 5.4, -0.009053
27, 9.470000000000011, -2.8699999999999983, 5.4, 9.4701, -2.8699500000000002, 5.4, -0.009126
28, 9.46500000000001, -2.8699999999999983, 5.4, 9.465050000000002, -2.8701000000000003, 5.4001, -0.009053
28, 9.46000000000001, -2.8699999999999983, 5.4, 9.46005, -2.8701000000000003, 5.4001, -0.00911
28, 9.455000000000009, -2.8699999999999983, 5.4, 9.4554, -2.87005, 5.4001, -0.009048
28, 9.450000000000008, -2.8699999999999983, 5.4, 9.450149999999999, -2.87005, 5.4001, -0.009126
28, 9.445000000000007, -2.8699999999999983, 5.4, 9.445350000000001, -2.87005, 5.4001, -0.009042
28, 9.440000000000007, -2.8699999999999983, 5.4, 9.439950000000001, -2.8699, 5.400150000000001, -0.0091
28, 9.435000000000006, -2.8699999999999983, 5.4, 9.435300000000002, -2.8699, 5.4001, -0.009063
28, 9.430000000000005, -2.8699999999999983, 5.4, 9.43045, -2.8699, 5.4, -0.0091
28, 9.425000000000004, -2.8699999999999983, 5.4, 9.424850000000001, -2.8698500000000005, 5.4, -0.009121
28, 9.420000000000003, -2.8699999999999983, 5.4, 9.4201, -2.8699500000000002, 5.4, -0.009048
28, 9.415000000000003, -2.8699999999999983, 5.4, 9.41485, -2.87, 5.4, -0.009131
28, 9.410000000000002, -2.8699999999999983, 5.4, 9.409550000000001, -2.87005, 5.40005, -0.00911
28, 9.405000000000001, -2.8699999999999983, 5.4, 9.4052, -2.87005, 5.3999500000000005, -0.009121
28, 9.4, -2.8699999999999983, 5.4, 9.40035, -2.87005, 5.399900000000001, -0.009074
28, 9.395, -2.8699999999999983, 5.4, 9.3947, -2.87, 5.399900000000001, -0.009141
28, 9.389999999999999, -2.8699999999999983, 5.4, 9.3901, -2.87, 5.399900000000001, -0.009136
28, 9.384999999999998, -2.8699999999999983, 5.4, 9.385200000000001, -2.8698500000000005, 5.3999500000000005, -0.009121
28, 9.379999999999997, -2.8699999999999983, 5.4, 9.3794, -2.8698500000000005, 5.399900000000001, -0.009121
28, 9.374999999999996, -2.8699999999999983, 5.4, 9.3751, -2.8699500000000002, 5.3999500000000005, -0.0091
28, 9.369999999999996, -2.8699999999999983, 5.4, 9.37005, -2.87, 5.4, -0.009147
28, 9.364999999999995, -2.8699999999999983, 5.4, 9.365, -2.87005, 5.4, -0.009141
28, 9.359999999999994, -2.8699999999999983, 5.4, 9.36035, -2.87005, 5.4, -0.009162
28, 9.354999999999993, -2.8699999999999983, 5.4, 9.3546, -2.87005, 5.40005, -0.009095
28, 9.349999999999993, -2.8699999999999983, 5.4, 9.350100000000001, -2.87005, 5.4001, -0.009178
28, 9.344999999999992, -2.8699999999999983, 5.4, 9.34525, -2.8701000000000003, 5.4001, -0.009147
28, 9.339999999999991, -2.8699999999999983, 5.4, 9.3398, -2.87, 5.4001, -0.009183
28, 9.33499999999999, -2.8699999999999983, 5.4, 9.33535, -2.8699500000000002, 5.40005, -0.009126
28, 9.32999999999999, -2.8699999999999983, 5.4, 9.3298, -2.8699, 5.40005, -0.009204
28, 9.32999999999999, -2.8649999999999984, 5.4, 9.32985, -2.8652, 5.4, -0.009136
28, 9.32999999999999, -2.8599999999999985, 5.4, 9.33, -2.86, 5.4, -0.009209
28, 9.32999999999999, -2.8549999999999986, 5.4, 9.3301, -2.85455, 5.3999500000000005, -0.009162
28, 9.32999999999999, -2.8499999999999988, 5.4, 9.3301, -2.8498, 5.3999500000000005, -0.00922
28, 9.32999999999999, -2.844999999999999, 5.4, 9.330050000000002, -2.8451000000000004, 5.3999500000000005, -0.009131
28, 9.32999999999999, -2.839999999999999, 5.4, 9.330050000000002, -2.8404000000000003, 5.3999500000000005, -0.009194
28, 9.32999999999999, -2.834999999999999, 5.4, 9.33, -2.8346000000000005, 5.3999500000000005, -0.009157
28, 9.32999999999999, -2.829999999999999, 5.4, 9.3299, -2.8298, 5.3999500000000005, -0.009209
28, 9.32999999999999, -2.8249999999999993, 5.4, 9.3299, -2.8251000000000004, 5.3999500000000005, -0.009136
28, 9.32999999999999, -2.8199999999999994, 5.4, 9.3299, -2.82045, 5.4, -0.009199
28, 9.32999999999999, -2.8149999999999995, 5.4, 9.3299, -2.8146000000000004, 5.4, -0.009188
28, 9.32999999999999, -2.8099999999999996, 5.4, 9.3299, -2.8099000000000003, 5.4, -0.009194
28, 9.32999999999999, -2.8049999999999997, 5.4, 9.32985, -2.8051500000000003, 5.4, -0.009141
28, 9.32999999999999, -2.8, 5.4, 9.3299, -2.7997, 5.3999500000000005, -0.009168
28, 9.32999999999999, -2.795, 5.4, 9.330050000000002, -2.79475, 5.4, -0.009194
28, 9.32999999999999, -2.79, 5.4, 9.3301, -2.7898, 5.4001, -0.009168
28, 9.32999999999999, -2.785, 5.4, 9.3301, -2.785, 5.4001, -0.009199
28, 9.32999999999999, -2.7800000000000002, 5.4, 9.3301, -2.78005, 5.40005, -0.009131
28, 9.32999999999999, -2.7750000000000004, 5.4, 9.3301, -2.7749, 5.40005, -0.009209
28, 9.32999999999999, -2.7700000000000005, 5.4, 9.33, -2.7695, 5.4001, -0.009183
28, 9.32999999999999, -2.7650000000000006, 5.4, 9.3299, -2.765, 5.4, -0.009162
28, 9.32999999999999, -2.7600000000000007, 5.4, 9.32985, -2.7597000000000005, 5.4, -0.009194
28, 9.32999999999999, -2.755000000000001, 5.4, 9.32995, -2.7552000000000003, 5.4, -0.009141
28, 9.32999999999999, -2.750000000000001, 5.4, 9.330050000000002, -2.7494500000000004, 5.399900000000001, -0.009162
28, 9.32999999999999, -2.745000000000001, 5.4, 9.3301, -2.7447000000000004, 5.399900000000001, -0.009152
28, 9.32999999999999, -2.740000000000001, 5.4, 9.33, -2.7401500000000003, 5.3999500000000005, -0.009204
28, 9.32999999999999, -2.735000000000001, 5.4, 9.32995, -2.7344500000000003, 5.399900000000001, -0.009204
28, 9.32999999999999, -2.7300000000000013, 5.4, 9.32985, -2.7296000000000005, 5.3999500000000005, -0.009194
29, 9.33499999999999, -2.7300000000000013, 5.4, 9.33515, -2.7302000000000004, 5.40005, -0.009183
29, 9.339999999999991, -2.7300000000000013, 5.4, 9.34, -2.7294500000000004, 5.40005, -0.009126
29, 9.344999999999992, -2.7300000000000013, 5.4, 9.34495, -2.7304, 5.40005, -0.009168
29, 9.349999999999993, -2.7300000000000013, 5.4, 9.349800000000002, -2.72975, 5.4, -0.009115
29, 9.354999999999993, -2.7300000000000013, 5.4, 9.3552, -2.7304, 5.4, -0.009168
29, 9.359999999999994, -2.7300000000000013, 5.4, 9.3596, -2.7303500000000005, 5.40005, -0.0091
29, 9.364999999999995, -2.7300000000000013, 5.4, 9.365, -2.72975, 5.4, -0.009168
29, 9.369999999999996, -2.7300000000000013, 5.4, 9.37005, -2.7303, 5.399900000000001, -0.009095
29, 9.374999999999996, -2.7300000000000013, 5.4, 9.3748, -2.7303500000000005, 5.399900000000001, -0.009152
29, 9.379999999999997, -2.7300000000000013, 5.4, 9.38035, -2.72975, 5.399900000000001, -0.009084
29, 9.384999999999998, -2.7300000000000013, 5.4, 9.3851, -2.7303500000000005, 5.3999500000000005, -0.009126
29, 9.389999999999999, -2.7300000000000013, 5.4, 9.389700000000001, -2.7303, 5.3999500000000005, -0.009063
29, 9.395, -2.7300000000000013, 5.4, 9.3949, -2.7299, 5.4, -0.009136
29, 9.4, -2.7300000000000013, 5.4, 9.40005, -2.7297000000000002, 5.4, -0.009089
29, 9.405000000000001, -2.7300000000000013, 5.4, 9.405149999999999, -2.7298, 5.40005, -0.009053
29, 9.410000000000002, -2.7300000000000013, 5.4, 9.4099, -2.7301, 5.40005, -0.009126
29, 9.415000000000003, -2.7300000000000013, 5.4, 9.41505, -2.7303, 5.40005, -0.009053
29, 9.420000000000003, -2.7300000000000013, 5.4, 9.4201, -2.7300500000000003, 5.40005, -0.009131
29, 9.425000000000004, -2.7300000000000013, 5.4, 9.42495, -2.7298500000000003, 5.40005, -0.009121
29, 9.430000000000005, -2.7300000000000013, 5.4, 9.429800000000002, -2.72965, 5.40005, -0.009115
29, 9.435000000000006, -2.7300000000000013, 5.4, 9.43515, -2.7299, 5.4001, -0.009121
29, 9.440000000000007, -2.7300000000000013, 5.4, 9.4397, -2.7301, 5.4, -0.009105
29, 9.445000000000007, -2.7300000000000013, 5.4, 9.44485, -2.73025, 5.40005, -0.009131
29, 9.450000000000008, -2.7300000000000013, 5.4, 9.4502, -2.73015, 5.3999500000000005, -0.009074
29, 9.455000000000009, -2.7300000000000013, 5.4, 9.454649999999999, -2.7298500000000003, 5.399900000000001, -0.009095
29, 9.46000000000001, -2.7300000000000013, 5.4, 9.459550000000002, -2.72965, 5.399900000000001, -0.0091
29, 9.46500000000001, -2.7300000000000013, 5.4, 9.46495, -2.7300500000000003, 5.3999500000000005, -0.009141
29, 9.470000000000011, -2.7300000000000013, 5.4, 9.46975, -2.7302000000000004, 5.3999500000000005, -0.009131
29, 9.475000000000012, -2.7300000000000013, 5.4, 9.475, -2.73015, 5.3999500000000005, -0.009089
29, 9.475000000000012, -2.735000000000001, 5.4, 9.4753, -2.73475, 5.3999500000000005, -0.009162
29, 9.475000000000012, -2.740000000000001, 5.4, 9.474800000000002, -2.73975, 5.3999500000000005, -0.009105
29, 9.475000000000012, -2.745000000000001, 5.4, 9.47465, -2.74465, 5.40005, -0.009152
29, 9.475000000000012, -2.750000000000001, 5.4, 9.4747, -2.75, 5.4001, -0.009089
29, 9.475000000000012, -2.755000000000001, 5.4, 9.475050000000001, -2.7548000000000004, 5.4001, -0.009152
29, 9.475000000000012, -2.7600000000000007, 5.4, 9.4753, -2.76005, 5.4001, -0.0091
29, 9.475000000000012, -2.7650000000000006, 5.4, 9.474950000000002, -2.76505, 5.4001, -0.009089
29, 9.475000000000012, -2.7700000000000005, 5.4, 9.47475, -2.76955, 5.40005, -0.009147
29, 9.475000000000012, -2.7750000000000004, 5.4, 9.474800000000002, -2.7750500000000002, 5.40005, -0.009089
29, 9.475000000000012, -2.7800000000000002, 5.4, 9.475100000000001, -2.7803500000000003, 5.4, -0.009162
29, 9.475000000000012, -2.785, 5.4, 9.475200000000001, -2.785, 5.4, -0.009079
29, 9.475000000000012, -2.79, 5.4, 9.47525, -2.7904, 5.3999500000000005, -0.009147
29, 9.475000000000012, -2.795, 5.4, 9.475200000000001, -2.79545, 5.399900000000001, -0.009115
29, 9.475000000000012, -2.8, 5.4, 9.475100000000001, -2.80045, 5.399900000000001, -0.009126
29, 9.475000000000012, -2.8049999999999997, 5.4, 9.47485, -2.8052, 5.399900000000001, -0.009079
29, 9.475000000000012, -2.8099999999999996, 5.4, 9.474950000000002, -2.8104500000000003, 5.399900000000001, -0.009121
29, 9.475000000000012, -2.8149999999999995, 5.4, 9.475100000000001, -2.81525, 5.3999500000000005, -0.009089
29, 9.475000000000012, -2.8199999999999994, 5.4, 9.475200000000001, -2.81985, 5.4, -0.009126
29, 9.475000000000012, -2.8249999999999993, 5.4, 9.47525, -2.8246, 5.40005, -0.009068
29, 9.475000000000012, -2.829999999999999, 5.4, 9.4749, -2.8301000000000003, 5.4001, -0.009074
29, 9.475000000000012, -2.834999999999999, 5.4, 9.4749, -2.83525, 5.4001, -0.009063
29, 9.475000000000012, -2.839999999999999, 5.4, 9.4749, -2.83985, 5.40005, -0.009074
29, 9.475000000000012, -2.844999999999999, 5.4, 9.475050000000001, -2.8448500000000005, 5.4, -0.009089
29, 9.475000000000012, -2.8499999999999988, 5.4, 9.475100000000001, -2.85025, 5.4, -0.009126
29, 9.475000000000012, -2.8549999999999986, 5.4, 9.475100000000001, -2.8551, 5.4, -0.009058
29, 9.475000000000012, -2.8599999999999985, 5.4, 9.475050000000001, -2.8597, 5.4, -0.00911
29, 9.475000000000012, -2.8649999999999984, 5.4, 9.474950000000002, -2.86545, 5.4, -0.009074
29, 9.475000000000012, -2.8699999999999983, 5.4, 9.474950000000002, -2.87, 5.4, -0.009058
29, 9.475000000000012, -2.8749999999999982, 5.4, 9.474950000000002, -2.87465, 5.4, -0.009126
30, 9.470000000000011, -2.8749999999999982, 5.4, 9.470300000000002, -2.8748500000000003, 5.3999500000000005, -0.009079
30, 9.46500000000001, -2.8749999999999982, 5.4, 9.46495, -2.8753500000000005, 5.399900000000001, -0.009074
30, 9.46000000000001, -2.8749999999999982, 5.4, 9.46025, -2.87475, 5.399900000000001, -0.009121
30, 9.455000000000009, -2.8749999999999982, 5.4, 9.45545, -2.8747000000000003, 5.3999500000000005, -0.009068
30, 9.450000000000008, -2.8749999999999982, 5.4, 9.450149999999999, -2.8747000000000003, 5.3999500000000005, -0.009126
30, 9.445000000000007, -2.8749999999999982, 5.4, 9.445350000000001, -2.8748, 5.3999500000000005, -0.009063
30, 9.440000000000007, -2.8749999999999982, 5.4, 9.43985, -2.8753, 5.4, -0.00911
30, 9.435000000000006, -2.8749999999999982, 5.4, 9.43495, -2.8748500000000003, 5.4, -0.009063
30, 9.430000000000005, -2.8749999999999982, 5.4, 9.43045, -2.87475, 5.4, -0.009121
30, 9.425000000000004, -2.8749999999999982, 5.4, 9.424850000000001, -2.87475, 5.4, -0.009131
30, 9.420000000000003, -2.8749999999999982, 5.4, 9.41995, -2.87495, 5.4, -0.009095
30, 9.415000000000003, -2.8749999999999982, 5.4, 9.414800000000001, -2.87525, 5.4, -0.009136
30, 9.410000000000002, -2.8749999999999982, 5.4, 9.4098, -2.8748500000000003, 5.40005, -0.009126
30, 9.405000000000001, -2.8749999999999982, 5.4, 9.4053, -2.87475, 5.40005, -0.009079
30, 9.4, -2.8749999999999982, 5.4, 9.400300000000001, -2.87475, 5.4001, -0.009121
30, 9.395, -2.8749999999999982, 5.4, 9.3947, -2.87495, 5.4001, -0.009141
30, 9.389999999999999, -2.8749999999999982, 5.4, 9.39, -2.8755, 5.4001, -0.009079
30, 9.384999999999998, -2.8749999999999982, 5.4, 9.385, -2.87475, 5.40005, -0.00911
30, 9.379999999999997, -2.8749999999999982, 5.4, 9.380450000000002, -2.8747000000000003, 5.40005, -0.009079
30, 9.374999999999996, -2.8749999999999982, 5.4, 9.374600000000001, -2.8747000000000003, 5.4, -0.009131
30, 9.369999999999996, -2.8749999999999982, 5.4, 9.369950000000001, -2.8749000000000002, 5.4, -0.009095
30, 9.364999999999995, -2.8749999999999982, 5.4, 9.36475, -2.8754500000000003, 5.4, -0.009157
30, 9.359999999999994, -2.8749999999999982, 5.4, 9.3603, -2.8754500000000003, 5.4, -0.009095
30, 9.354999999999993, -2.8749999999999982, 5.4, 9.3546, -2.8747000000000003, 5.4, -0.009173
30, 9.349999999999993, -2.8749999999999982, 5.4, 9.350050000000001, -2.8747000000000003, 5.4, -0.009147
30, 9.344999999999992, -2.8749999999999982, 5.4, 9.345300000000002, -2.8747000000000003, 5.3999500000000005, -0.00911
30, 9.339999999999991, -2.8749999999999982, 5.4, 9.3398, -2.87495, 5.399900000000001, -0.009162
30, 9.33499999999999, -2.8749999999999982, 5.4, 9.3352, -2.8754500000000003, 5.3999500000000005, -0.009136
30, 9.32999999999999, -2.8749999999999982, 5.4, 9.329600000000001, -2.8747000000000003, 5.399900000000001, -0.009194
30, 9.324999999999989, -2.8749999999999982, 5.4, 9.3253, -2.87465, 5.3999500000000005, -0.009152
30, 9.324999999999989, -2.8699999999999983, 5.4, 9.3249, -2.86965, 5.399900000000001, -0.009199
30, 9.324999999999989, -2.8649999999999984, 5.4, 9.32485, -2.8651000000000004, 5.4, -0.009152
30, 9.324999999999989, -2.8599999999999985, 5.4, 9.324800000000002, -2.86015, 5.4, -0.009204
30, 9.324999999999989, -2.8549999999999986, 5.4, 9.3249, -2.8545, 5.4, -0.009152
30, 9.324999999999989, -2.8499999999999988, 5.4, 9.3252, -2.84975, 5.4, -0.009204
30, 9.324999999999989, -2.844999999999999, 5.4, 9.325149999999999, -2.845, 5.4, -0.009152
30, 9.324999999999989, -2.839999999999999, 5.4, 9.325, -2.84045, 5.4, -0.00922
30, 9.324999999999989, -2.834999999999999, 5.4, 9.3249, -2.83465, 5.3999500000000005, -0.009157
30, 9.324999999999989, -2.829999999999999, 5.4, 9.324800000000002, -2.8298500000000004, 5.40005, -0.009157
30, 9.324999999999989, -2.8249999999999993, 5.4, 9.32475, -2.8251000000000004, 5.4001, -0.009183
30, 9.324999999999989, -2.8199999999999994, 5.4, 9.324800000000002, -2.82045, 5.40005, -0.009147
30, 9.324999999999989, -2.8149999999999995, 5.4, 9.3249, -2.81455, 5.4001, -0.009178
30, 9.324999999999989, -2.8099999999999996, 5.4, 9.3251, -2.80995, 5.4001, -0.009194
30, 9.324999999999989, -2.8049999999999997, 5.4, 9.325149999999999, -2.8051000000000004, 5.40005, -0.009147
30, 9.324999999999989, -2.8, 5.4, 9.325149999999999, -2.7995, 5.40005, -0.009209
30, 9.324999999999989, -2.795, 5.4, 9.3251, -2.7951000000000006, 5.40005, -0.009141
30, 9.324999999999989, -2.79, 5.4, 9.3249, -2.7897000000000003, 5.3999500000000005, -0.009214
30, 9.324999999999989, -2.785, 5.4, 9.32485, -2.7849, 5.3999500000000005, -0.009131
30, 9.324999999999989, -2.7800000000000002, 5.4, 9.324800000000002, -2.7801000000000005, 5.3999500000000005, -0.009178
30, 9.324999999999989, -2.7750000000000004, 5.4, 9.324800000000002, -2.7746000000000004, 5.3999500000000005, -0.009178
30, 9.324999999999989, -2.7700000000000005, 5.4, 9.324950000000001, -2.7696000000000005, 5.3999500000000005, -0.009115
30, 9.324999999999989, -2.7650000000000006, 5.4, 9.325149999999999, -2.76515, 5.3999500000000005, -0.009214
30, 9.324999999999989, -2.7600000000000007, 5.4, 9.325, -2.76025, 5.4, -0.009136
30, 9.324999999999989, -2.755000000000001, 5.4, 9.324800000000002, -2.7546500000000003, 5.4, -0.009173
30, 9.324999999999989, -2.750000000000001, 5.4, 9.324800000000002, -2.7495, 5.4, -0.009141
30, 9.324999999999989, -2.745000000000001, 5.4, 9.324800000000002, -2.7449, 5.4, -0.009183
30, 9.324999999999989, -2.740000000000001, 5.4, 9.324950000000001, -2.7397000000000005, 5.4, -0.009157
30, 9.324999999999989, -2.735000000000001, 5.4, 9.32525, -2.73455, 5.4, -0.009214
30, 9.324999999999989, -2.7300000000000013, 5.4, 9.3252, -2.72975, 5.4, -0.009141
30, 9.324999999999989, -2.7250000000000014, 5.4, 9.324950000000001, -2.7248, 5.4, -0.009173
