Voltage = 3.6, Current = 18.2, Pinhole = 10um, Objective = 20x, NA = 0.42 
0, 10.45, -1.81, -0.8, 10.449800000000002, -1.8104, -0.7998000000000001, -0.008969
1, 10.479999999999999, -1.81, -0.8, 10.480450000000001, -1.80965, -0.7998000000000001, -0.008776
1, 10.479999999999999, -1.84, -0.8, 10.4808, -1.8398500000000002, -0.80005, -0.009027
2, 10.45, -1.84, -0.8, 10.44955, -1.8398500000000002, -0.80005, -0.009089
2, 10.42, -1.84, -0.8, 10.419450000000001, -1.83995, -0.80005, -0.009246
2, 10.42, -1.81, -0.8, 10.42125, -1.8100500000000002, -0.80005, -0.009147
2, 10.42, -1.78, -0.8, 10.4185, -1.7803000000000002, -0.8, -0.009126
3, 10.45, -1.78, -0.8, 10.44975, -1.78, -0.7999, -0.008829
3, 10.479999999999999, -1.78, -0.8, 10.4801, -1.7799, -0.7999, -0.008573
3, 10.509999999999998, -1.78, -0.8, 10.51055, -1.78, -0.8, -0.008474
3, 10.509999999999998, -1.81, -0.8, 10.51225, -1.8109000000000002, -0.8, -0.008761
3, 10.509999999999998, -1.84, -0.8, 10.50925, -1.8399, -0.8, -0.008938
3, 10.509999999999998, -1.87, -0.8, 10.509150000000002, -1.8698000000000001, -0.8, -0.009183
4, 10.479999999999999, -1.87, -0.8, 10.479650000000001, -1.8701, -0.8, -0.009126
4, 10.45, -1.87, -0.8, 10.45045, -1.8700500000000002, -0.8, -0.009214
4, 10.42, -1.87, -0.8, 10.419400000000001, -1.8698500000000002, -0.8, -0.009282
4, 10.39, -1.87, -0.8, 10.39035, -1.8702, -0.8001, -0.009282
4, 10.39, -1.84, -0.8, 10.390300000000002, -1.83925, -0.8001, -0.009308
4, 10.39, -1.81, -0.8, 10.39035, -1.8103000000000002, -0.8, -0.009267
4, 10.39, -1.78, -0.8, 10.390600000000001, -1.7799500000000001, -0.8, -0.009246
4, 10.39, -1.75, -0.8, 10.387300000000002, -1.7498000000000002, -0.8, -0.009272
5, 10.42, -1.75, -0.8, 10.420300000000001, -1.75, -0.8, -0.009089
5, 10.45, -1.75, -0.8, 10.45095, -1.7499, -0.80005, -0.008813
5, 10.479999999999999, -1.75, -0.8, 10.480400000000001, -1.7501000000000002, -0.7999, -0.008474
5, 10.509999999999998, -1.75, -0.8, 10.510050000000001, -1.75005, -0.7999, -0.00837
5, 10.539999999999997, -1.75, -0.8, 10.540700000000001, -1.75, -0.8, -0.008505
5, 10.539999999999997, -1.78, -0.8, 10.53785, -1.77915, -0.8, -0.008531
5, 10.539999999999997, -1.81, -0.8, 10.5393, -1.80925, -0.8, -0.008703
5, 10.539999999999997, -1.84, -0.8, 10.5426, -1.8405, -0.8, -0.008995
5, 10.539999999999997, -1.87, -0.8, 10.542, -1.8699000000000001, -0.8, -0.009162
5, 10.539999999999997, -1.9000000000000001, -0.8, 10.540550000000001, -1.9001000000000001, -0.8, -0.009287
6, 10.509999999999998, -1.9000000000000001, -0.8, 10.509900000000002, -1.8999000000000001, -0.8, -0.009214
6, 10.479999999999999, -1.9000000000000001, -0.8, 10.47995, -1.8999000000000001, -0.8, -0.009272
6, 10.45, -1.9000000000000001, -0.8, 10.449950000000001, -1.89985, -0.8, -0.009282
6, 10.42, -1.9000000000000001, -0.8, 10.420300000000001, -1.9, -0.8, -0.009324
6, 10.39, -1.9000000000000001, -0.8, 10.38925, -1.9001000000000001, -0.80005, -0.009334
6, 10.360000000000001, -1.9000000000000001, -0.8, 10.35955, -1.9001000000000001, -0.80005, -0.009319
6, 10.360000000000001, -1.87, -0.8, 10.359950000000001, -1.8703, -0.8, -0.009277
6, 10.360000000000001, -1.84, -0.8, 10.36025, -1.8406000000000002, -0.80005, -0.009334
6, 10.360000000000001, -1.81, -0.8, 10.3612, -1.8101, -0.8, -0.009277
6, 10.360000000000001, -1.78, -0.8, 10.360700000000001, -1.7798000000000003, -0.8, -0.009334
6, 10.360000000000001, -1.75, -0.8, 10.358450000000001, -1.75005, -0.8, -0.009277
6, 10.360000000000001, -1.72, -0.8, 10.361300000000002, -1.7201000000000002, -0.8, -0.009324
7, 10.39, -1.72, -0.8, 10.39065, -1.71995, -0.8, -0.009251
7, 10.42, -1.72, -0.8, 10.42, -1.72, -0.79995, -0.009042
7, 10.45, -1.72, -0.8, 10.450400000000002, -1.72005, -0.79995, -0.00886
7, 10.479999999999999, -1.72, -0.8, 10.4801, -1.71995, -0.8, -0.008589
7, 10.509999999999998, -1.72, -0.8, 10.51085, -1.72, -0.8, -0.008547
7, 10.539999999999997, -1.72, -0.8, 10.54025, -1.72005, -0.8, -0.00862
7, 10.569999999999997, -1.72, -0.8, 10.5695, -1.71995, -0.8, -0.008808
7, 10.569999999999997, -1.75, -0.8, 10.57145, -1.7499500000000001, -0.8, -0.008761
7, 10.569999999999997, -1.78, -0.8, 10.571800000000001, -1.78, -0.8, -0.008823
7, 10.569999999999997, -1.81, -0.8, 10.56875, -1.81065, -0.8, -0.008948
7, 10.569999999999997, -1.84, -0.8, 10.5711, -1.8403500000000002, -0.8, -0.009074
7, 10.569999999999997, -1.87, -0.8, 10.569450000000002, -1.8703, -0.80005, -0.009209
7, 10.569999999999997, -1.9000000000000001, -0.8, 10.5676, -1.89985, -0.8, -0.00923
7, 10.569999999999997, -1.9300000000000002, -0.8, 10.570200000000002, -1.92965, -0.8001, -0.009277
8, 10.539999999999997, -1.9300000000000002, -0.8, 10.538950000000002, -1.93025, -0.80005, -0.009272
8, 10.509999999999998, -1.9300000000000002, -0.8, 10.51045, -1.9298000000000002, -0.80005, -0.009298
8, 10.479999999999999, -1.9300000000000002, -0.8, 10.47945, -1.9297, -0.80005, -0.009267
8, 10.45, -1.9300000000000002, -0.8, 10.449650000000002, -1.92975, -0.8, -0.009298
8, 10.42, -1.9300000000000002, -0.8, 10.42125, -1.93, -0.79995, -0.009298
8, 10.39, -1.9300000000000002, -0.8, 10.38945, -1.92965, -0.79995, -0.009293
8, 10.360000000000001, -1.9300000000000002, -0.8, 10.359650000000002, -1.9298000000000002, -0.79995, -0.009303
8, 10.330000000000002, -1.9300000000000002, -0.8, 10.33025, -1.9300500000000003, -0.7999, -0.00936
8, 10.330000000000002, -1.9000000000000001, -0.8, 10.328800000000001, -1.9003500000000002, -0.79995, -0.009345
8, 10.330000000000002, -1.87, -0.8, 10.326600000000001, -1.8698000000000001, -0.8, -0.009298
8, 10.330000000000002, -1.84, -0.8, 10.332550000000001, -1.8396000000000001, -0.8, -0.009314
8, 10.330000000000002, -1.81, -0.8, 10.33045, -1.8103500000000001, -0.8, -0.009293
8, 10.330000000000002, -1.78, -0.8, 10.3313, -1.7804, -0.8, -0.009345
8, 10.330000000000002, -1.75, -0.8, 10.331700000000001, -1.7499500000000001, -0.8, -0.009287
8, 10.330000000000002, -1.72, -0.8, 10.329550000000001, -1.7207000000000001, -0.8, -0.009314
8, 10.330000000000002, -1.69, -0.8, 10.330650000000002, -1.6915, -0.8, -0.009355
9, 10.360000000000001, -1.69, -0.8, 10.35985, -1.6899000000000002, -0.8, -0.009287
9, 10.39, -1.69, -0.8, 10.390550000000001, -1.68985, -0.80005, -0.009298
9, 10.42, -1.69, -0.8, 10.4196, -1.6900500000000003, -0.80005, -0.009173
9, 10.45, -1.69, -0.8, 10.44975, -1.6900500000000003, -0.8001, -0.009006
9, 10.479999999999999, -1.69, -0.8, 10.47985, -1.6900500000000003, -0.8001, -0.008943
9, 10.509999999999998, -1.69, -0.8, 10.5105, -1.6901000000000002, -0.80005, -0.008703
9, 10.539999999999997, -1.69, -0.8, 10.53985, -1.68995, -0.8, -0.008849
9, 10.569999999999997, -1.69, -0.8, 10.5706, -1.68995, -0.80005, -0.008959
9, 10.599999999999996, -1.69, -0.8, 10.599900000000002, -1.68995, -0.8, -0.009105
9, 10.599999999999996, -1.72, -0.8, 10.5991, -1.72, -0.8, -0.009053
9, 10.599999999999996, -1.75, -0.8, 10.5997, -1.7494, -0.79995, -0.009048
9, 10.599999999999996, -1.78, -0.8, 10.599200000000002, -1.7799, -0.7999, -0.009084
9, 10.599999999999996, -1.81, -0.8, 10.597650000000002, -1.8098500000000002, -0.79995, -0.009121
9, 10.599999999999996, -1.84, -0.8, 10.600050000000001, -1.83975, -0.8, -0.009194
9, 10.599999999999996, -1.87, -0.8, 10.59835, -1.86995, -0.80005, -0.009282
9, 10.599999999999996, -1.9000000000000001, -0.8, 10.60235, -1.8998000000000002, -0.80005, -0.009324
9, 10.599999999999996, -1.9300000000000002, -0.8, 10.600850000000001, -1.93, -0.8, -0.009287
9, 10.599999999999996, -1.9600000000000002, -0.8, 10.603150000000001, -1.9613000000000003, -0.8, -0.009324
10, 10.569999999999997, -1.9600000000000002, -0.8, 10.571050000000001, -1.95975, -0.8, -0.009298
10, 10.539999999999997, -1.9600000000000002, -0.8, 10.539800000000001, -1.95985, -0.8, -0.009319
10, 10.509999999999998, -1.9600000000000002, -0.8, 10.5113, -1.96015, -0.8, -0.009334
10, 10.479999999999999, -1.9600000000000002, -0.8, 10.48065, -1.9603000000000002, -0.8, -0.009277
10, 10.45, -1.9600000000000002, -0.8, 10.45015, -1.96035, -0.8, -0.009298
10, 10.42, -1.9600000000000002, -0.8, 10.420300000000001, -1.9598000000000002, -0.8, -0.009345
10, 10.39, -1.9600000000000002, -0.8, 10.389, -1.9601000000000002, -0.8, -0.00934
10, 10.360000000000001, -1.9600000000000002, -0.8, 10.360100000000001, -1.9603000000000002, -0.79995, -0.009334
10, 10.330000000000002, -1.9600000000000002, -0.8, 10.330150000000001, -1.9603000000000002, -0.79995, -0.009334
10, 10.300000000000002, -1.9600000000000002, -0.8, 10.3011, -1.9599000000000002, -0.7999, -0.00934
10, 10.300000000000002, -1.9300000000000002, -0.8, 10.29945, -1.9306, -0.79995, -0.009334
10, 10.300000000000002, -1.9000000000000001, -0.8, 10.299700000000001, -1.8995, -0.8, -0.009314
10, 10.300000000000002, -1.87, -0.8, 10.3023, -1.8699000000000001, -0.80005, -0.009293
10, 10.300000000000002, -1.84, -0.8, 10.298150000000001, -1.8397000000000001, -0.8001, -0.009355
10, 10.300000000000002, -1.81, -0.8, 10.300900000000002, -1.8106000000000002, -0.80005, -0.009314
10, 10.300000000000002, -1.78, -0.8, 10.29735, -1.7790500000000002, -0.80005, -0.009355
10, 10.300000000000002, -1.75, -0.8, 10.3015, -1.74975, -0.8, -0.009303
10, 10.300000000000002, -1.72, -0.8, 10.301200000000001, -1.7202, -0.8, -0.009298
10, 10.300000000000002, -1.69, -0.8, 10.299050000000001, -1.6898000000000002, -0.8, -0.009298
10, 10.300000000000002, -1.66, -0.8, 10.302150000000001, -1.66075, -0.8, -0.009303
11, 10.330000000000002, -1.66, -0.8, 10.329400000000001, -1.6605500000000002, -0.79995, -0.009334
11, 10.360000000000001, -1.66, -0.8, 10.3606, -1.65975, -0.79995, -0.009293
11, 10.39, -1.66, -0.8, 10.39065, -1.65975, -0.79995, -0.009298
11, 10.42, -1.66, -0.8, 10.42, -1.6599000000000002, -0.79995, -0.009204
11, 10.45, -1.66, -0.8, 10.449950000000001, -1.65995, -0.8001, -0.00922
11, 10.479999999999999, -1.66, -0.8, 10.48005, -1.66, -0.80005, -0.009058
11, 10.509999999999998, -1.66, -0.8, 10.5111, -1.66, -0.8, -0.009032
11, 10.539999999999997, -1.66, -0.8, 10.5402, -1.6600500000000002, -0.8001, -0.009058
11, 10.569999999999997, -1.66, -0.8, 10.5692, -1.6601000000000001, -0.8, -0.009147
11, 10.599999999999996, -1.66, -0.8, 10.600700000000002, -1.66, -0.8, -0.009204
11, 10.629999999999995, -1.66, -0.8, 10.629850000000001, -1.6600500000000002, -0.79995, -0.009298
11, 10.629999999999995, -1.69, -0.8, 10.629800000000001, -1.68955, -0.8, -0.009282
11, 10.629999999999995, -1.72, -0.8, 10.629550000000002, -1.7188, -0.79995, -0.00923
11, 10.629999999999995, -1.75, -0.8, 10.63125, -1.7504000000000002, -0.8, -0.009251
11, 10.629999999999995, -1.78, -0.8, 10.63275, -1.7804, -0.79995, -0.009256
11, 10.629999999999995, -1.81, -0.8, 10.632100000000001, -1.8113500000000002, -0.8, -0.009277
11, 10.629999999999995, -1.84, -0.8, 10.632050000000001, -1.8405, -0.80005, -0.009267
11, 10.629999999999995, -1.87, -0.8, 10.6266, -1.8697000000000001, -0.80005, -0.009314
11, 10.629999999999995, -1.9000000000000001, -0.8, 10.63345, -1.8998000000000002, -0.80005, -0.009345
11, 10.629999999999995, -1.9300000000000002, -0.8, 10.629800000000001, -1.93015, -0.79995, -0.009293
11, 10.629999999999995, -1.9600000000000002, -0.8, 10.63305, -1.9609, -0.79995, -0.009303
11, 10.629999999999995, -1.9900000000000002, -0.8, 10.629, -1.99025, -0.7999, -0.009303
12, 10.599999999999996, -1.9900000000000002, -0.8, 10.60105, -1.9901000000000002, -0.79995, -0.009293
12, 10.569999999999997, -1.9900000000000002, -0.8, 10.569700000000001, -1.99, -0.79995, -0.009334
12, 10.539999999999997, -1.9900000000000002, -0.8, 10.538950000000002, -1.9898500000000001, -0.79995, -0.009282
12, 10.509999999999998, -1.9900000000000002, -0.8, 10.5089, -1.9898500000000001, -0.80005, -0.009293
12, 10.479999999999999, -1.9900000000000002, -0.8, 10.479800000000001, -1.99005, -0.8, -0.009329
12, 10.45, -1.9900000000000002, -0.8, 10.4503, -1.9901000000000002, -0.8, -0.009298
12, 10.42, -1.9900000000000002, -0.8, 10.4206, -1.99005, -0.8, -0.009324
12, 10.39, -1.9900000000000002, -0.8, 10.388650000000002, -1.98995, -0.8, -0.009345
12, 10.360000000000001, -1.9900000000000002, -0.8, 10.3603, -1.9898000000000002, -0.79995, -0.00934
12, 10.330000000000002, -1.9900000000000002, -0.8, 10.330300000000001, -1.9898500000000001, -0.8, -0.009303
12, 10.300000000000002, -1.9900000000000002, -0.8, 10.30025, -1.98995, -0.8, -0.009324
12, 10.270000000000003, -1.9900000000000002, -0.8, 10.2695, -1.99015, -0.8, -0.009303
12, 10.270000000000003, -1.9600000000000002, -0.8, 10.269950000000001, -1.9600500000000003, -0.8, -0.00935
12, 10.270000000000003, -1.9300000000000002, -0.8, 10.27025, -1.93025, -0.8, -0.009293
12, 10.270000000000003, -1.9000000000000001, -0.8, 10.2688, -1.899, -0.8, -0.009355
12, 10.270000000000003, -1.87, -0.8, 10.26925, -1.86995, -0.8, -0.009303
12, 10.270000000000003, -1.84, -0.8, 10.27185, -1.84025, -0.8, -0.009334
12, 10.270000000000003, -1.81, -0.8, 10.26925, -1.80965, -0.79995, -0.009303
12, 10.270000000000003, -1.78, -0.8, 10.271, -1.78, -0.8, -0.009345
12, 10.270000000000003, -1.75, -0.8, 10.270650000000002, -1.75115, -0.8, -0.009314
12, 10.270000000000003, -1.72, -0.8, 10.26975, -1.7199, -0.8, -0.009329
12, 10.270000000000003, -1.69, -0.8, 10.2703, -1.6902000000000001, -0.8, -0.009293
12, 10.270000000000003, -1.66, -0.8, 10.2688, -1.6603500000000002, -0.8, -0.009329
12, 10.270000000000003, -1.63, -0.8, 10.270550000000002, -1.63, -0.8, -0.009298
13, 10.300000000000002, -1.63, -0.8, 10.299650000000002, -1.62975, -0.8, -0.00934
13, 10.330000000000002, -1.63, -0.8, 10.3307, -1.6300500000000002, -0.8, -0.009303
13, 10.360000000000001, -1.63, -0.8, 10.36045, -1.63015, -0.8, -0.009287
13, 10.39, -1.63, -0.8, 10.391150000000001, -1.63, -0.80005, -0.009293
13, 10.42, -1.63, -0.8, 10.41925, -1.63, -0.8, -0.009272
13, 10.45, -1.63, -0.8, 10.45, -1.62995, -0.8, -0.009251
13, 10.479999999999999, -1.63, -0.8, 10.4811, -1.6301, -0.8, -0.009199
13, 10.509999999999998, -1.63, -0.8, 10.51125, -1.6302, -0.8, -0.009194
13, 10.539999999999997, -1.63, -0.8, 10.539800000000001, -1.6300500000000002, -0.80005, -0.009178
13, 10.569999999999997, -1.63, -0.8, 10.569550000000001, -1.62975, -0.8001, -0.009251
13, 10.599999999999996, -1.63, -0.8, 10.60075, -1.62975, -0.8001, -0.009319
13, 10.629999999999995, -1.63, -0.8, 10.63035, -1.63015, -0.8001, -0.009334
13, 10.659999999999995, -1.63, -0.8, 10.660650000000002, -1.6300500000000002, -0.8001, -0.009345
13, 10.659999999999995, -1.66, -0.8, 10.663050000000002, -1.6600500000000002, -0.8001, -0.009272
13, 10.659999999999995, -1.69, -0.8, 10.65935, -1.69095, -0.80005, -0.009298
13, 10.659999999999995, -1.72, -0.8, 10.662, -1.72005, -0.8, -0.009293
13, 10.659999999999995, -1.75, -0.8, 10.65785, -1.7501000000000002, -0.8, -0.009314
13, 10.659999999999995, -1.78, -0.8, 10.660150000000002, -1.7793, -0.8, -0.009308
13, 10.659999999999995, -1.81, -0.8, 10.661950000000001, -1.8099, -0.79995, -0.009314
13, 10.659999999999995, -1.84, -0.8, 10.65835, -1.8394000000000001, -0.8, -0.009293
13, 10.659999999999995, -1.87, -0.8, 10.659650000000001, -1.8703, -0.8, -0.009334
13, 10.659999999999995, -1.9000000000000001, -0.8, 10.66275, -1.9002000000000001, -0.8, -0.009287
13, 10.659999999999995, -1.9300000000000002, -0.8, 10.660350000000001, -1.9303000000000001, -0.80005, -0.009319
13, 10.659999999999995, -1.9600000000000002, -0.8, 10.661050000000001, -1.9605, -0.80005, -0.00934
13, 10.659999999999995, -1.9900000000000002, -0.8, 10.661200000000001, -1.9897, -0.80005, -0.009334
13, 10.659999999999995, -2.02, -0.8, 10.657950000000001, -2.0189500000000002, -0.80005, -0.009293
14, 10.629999999999995, -2.02, -0.8, 10.6311, -2.0203, -0.8, -0.009324
14, 10.599999999999996, -2.02, -0.8, 10.601300000000002, -2.0202, -0.8, -0.009303
14, 10.569999999999997, -2.02, -0.8, 10.57, -2.01985, -0.79995, -0.00934
14, 10.539999999999997, -2.02, -0.8, 10.53935, -2.0199000000000003, -0.7999, -0.009345
14, 10.509999999999998, -2.02, -0.8, 10.5106, -2.0199000000000003, -0.7999, -0.009355
14, 10.479999999999999, -2.02, -0.8, 10.479400000000002, -2.0200500000000003, -0.79995, -0.009324
14, 10.45, -2.02, -0.8, 10.450650000000001, -2.0201000000000002, -0.8, -0.009355
14, 10.42, -2.02, -0.8, 10.419550000000001, -2.0201000000000002, -0.7998500000000001, -0.009329
14, 10.39, -2.02, -0.8, 10.38875, -2.01995, -0.79995, -0.009324
14, 10.360000000000001, -2.02, -0.8, 10.36015, -2.0199000000000003, -0.80005, -0.009287
14, 10.330000000000002, -2.02, -0.8, 10.32875, -2.01985, -0.8001, -0.009287
14, 10.300000000000002, -2.02, -0.8, 10.299900000000001, -2.02025, -0.8001, -0.009334
14, 10.270000000000003, -2.02, -0.8, 10.270900000000001, -2.02025, -0.80005, -0.009334
14, 10.240000000000004, -2.02, -0.8, 10.240950000000002, -2.01995, -0.8, -0.009298
14, 10.240000000000004, -1.99, -0.8, 10.2413, -1.99005, -0.8, -0.009303
14, 10.240000000000004, -1.96, -0.8, 10.2398, -1.95995, -0.8, -0.009308
14, 10.240000000000004, -1.93, -0.8, 10.238550000000002, -1.9307, -0.8, -0.009345
14, 10.240000000000004, -1.9, -0.8, 10.239, -1.89995, -0.79995, -0.009303
14, 10.240000000000004, -1.8699999999999999, -0.8, 10.240950000000002, -1.8700500000000002, -0.8, -0.009308
14, 10.240000000000004, -1.8399999999999999, -0.8, 10.238150000000001, -1.8397000000000001, -0.8, -0.00934
14, 10.240000000000004, -1.8099999999999998, -0.8, 10.23725, -1.80915, -0.8, -0.009298
14, 10.240000000000004, -1.7799999999999998, -0.8, 10.23935, -1.7793, -0.79995, -0.009324
14, 10.240000000000004, -1.7499999999999998, -0.8, 10.23935, -1.7499, -0.8, -0.009303
14, 10.240000000000004, -1.7199999999999998, -0.8, 10.240650000000002, -1.72005, -0.8, -0.009303
14, 10.240000000000004, -1.6899999999999997, -0.8, 10.2405, -1.68985, -0.8, -0.00936
14, 10.240000000000004, -1.6599999999999997, -0.8, 10.2422, -1.6606, -0.8, -0.00935
14, 10.240000000000004, -1.6299999999999997, -0.8, 10.23935, -1.62995, -0.8, -0.009314
14, 10.240000000000004, -1.5999999999999996, -0.8, 10.242400000000002, -1.6003000000000003, -0.8, -0.009287
15, 10.270000000000003, -1.5999999999999996, -0.8, 10.270650000000002, -1.59995, -0.8, -0.009293
15, 10.300000000000002, -1.5999999999999996, -0.8, 10.3001, -1.6, -0.8, -0.009308
15, 10.330000000000002, -1.5999999999999996, -0.8, 10.3295, -1.6000500000000002, -0.8, -0.009298
15, 10.360000000000001, -1.5999999999999996, -0.8, 10.3597, -1.6, -0.80005, -0.009303
15, 10.39, -1.5999999999999996, -0.8, 10.39065, -1.5999, -0.80005, -0.009303
15, 10.42, -1.5999999999999996, -0.8, 10.4206, -1.5998500000000002, -0.80005, -0.009324
15, 10.45, -1.5999999999999996, -0.8, 10.4496, -1.6001, -0.8001, -0.009329
15, 10.479999999999999, -1.5999999999999996, -0.8, 10.481050000000002, -1.6000500000000002, -0.8001, -0.009298
15, 10.509999999999998, -1.5999999999999996, -0.8, 10.5101, -1.6, -0.80005, -0.009293
15, 10.539999999999997, -1.5999999999999996, -0.8, 10.540700000000001, -1.59995, -0.8, -0.009261
15, 10.569999999999997, -1.5999999999999996, -0.8, 10.570350000000001, -1.6, -0.8, -0.009277
15, 10.599999999999996, -1.5999999999999996, -0.8, 10.599650000000002, -1.6001, -0.8, -0.009282
15, 10.629999999999995, -1.5999999999999996, -0.8, 10.630650000000001, -1.6000500000000002, -0.8, -0.009334
15, 10.659999999999995, -1.5999999999999996, -0.8, 10.659650000000001, -1.6000500000000002, -0.8, -0.009334
15, 10.689999999999994, -1.5999999999999996, -0.8, 10.691150000000002, -1.5999, -0.8, -0.009366
15, 10.689999999999994, -1.6299999999999997, -0.8, 10.688900000000002, -1.6293000000000002, -0.8, -0.00934
15, 10.689999999999994, -1.6599999999999997, -0.8, 10.69075, -1.65985, -0.8, -0.009334
15, 10.689999999999994, -1.6899999999999997, -0.8, 10.68775, -1.6900500000000003, -0.8, -0.009303
15, 10.689999999999994, -1.7199999999999998, -0.8, 10.69105, -1.7193500000000002, -0.8, -0.009314
15, 10.689999999999994, -1.7499999999999998, -0.8, 10.692900000000002, -1.74975, -0.8, -0.009277
15, 10.689999999999994, -1.7799999999999998, -0.8, 10.6903, -1.78045, -0.8, -0.009345
15, 10.689999999999994, -1.8099999999999998, -0.8, 10.69195, -1.80995, -0.79995, -0.009308
15, 10.689999999999994, -1.8399999999999999, -0.8, 10.69325, -1.84075, -0.8, -0.009314
15, 10.689999999999994, -1.8699999999999999, -0.8, 10.6905, -1.87045, -0.79995, -0.009293
15, 10.689999999999994, -1.9, -0.8, 10.691650000000001, -1.9002000000000001, -0.8, -0.009329
15, 10.689999999999994, -1.93, -0.8, 10.68875, -1.9299000000000002, -0.79995, -0.009298
15, 10.689999999999994, -1.96, -0.8, 10.689650000000002, -1.9595, -0.80005, -0.009334
15, 10.689999999999994, -1.99, -0.8, 10.691450000000001, -1.99045, -0.8001, -0.009345
15, 10.689999999999994, -2.02, -0.8, 10.69095, -2.0201000000000002, -0.80005, -0.00935
15, 10.689999999999994, -2.05, -0.8, 10.690400000000002, -2.0501, -0.8, -0.009308
16, 10.659999999999995, -2.05, -0.8, 10.66085, -2.0501, -0.79995, -0.009345
16, 10.629999999999995, -2.05, -0.8, 10.630400000000002, -2.0499500000000004, -0.79995, -0.009298
16, 10.599999999999996, -2.05, -0.8, 10.599900000000002, -2.05, -0.79995, -0.009324
16, 10.569999999999997, -2.05, -0.8, 10.5706, -2.05, -0.79995, -0.00935
16, 10.539999999999997, -2.05, -0.8, 10.539150000000001, -2.0499500000000004, -0.79995, -0.00934
16, 10.509999999999998, -2.05, -0.8, 10.510050000000001, -2.0499500000000004, -0.8, -0.009287
16, 10.479999999999999, -2.05, -0.8, 10.47905, -2.0499, -0.79995, -0.009277
16, 10.45, -2.05, -0.8, 10.4505, -2.05, -0.8, -0.009303
16, 10.42, -2.05, -0.8, 10.419550000000001, -2.0499, -0.8, -0.009355
16, 10.39, -2.05, -0.8, 10.388900000000001, -2.0498499999999997, -0.80005, -0.009345
16, 10.360000000000001, -2.05, -0.8, 10.36, -2.0499, -0.8001, -0.009308
16, 10.330000000000002, -2.05, -0.8, 10.33045, -2.05015, -0.80005, -0.009329
16, 10.300000000000002, -2.05, -0.8, 10.299700000000001, -2.04975, -0.8, -0.00934
16, 10.270000000000003, -2.05, -0.8, 10.270650000000002, -2.0497, -0.8, -0.00934
16, 10.240000000000004, -2.05, -0.8, 10.240200000000002, -2.0497, -0.8, -0.009298
16, 10.210000000000004, -2.05, -0.8, 10.2095, -2.0501, -0.8, -0.009298
16, 10.210000000000004, -2.02, -0.8, 10.211450000000001, -2.02045, -0.8, -0.009293
16, 10.210000000000004, -1.99, -0.8, 10.21075, -1.9902, -0.8, -0.009308
16, 10.210000000000004, -1.96, -0.8, 10.209800000000001, -1.9599000000000002, -0.8, -0.009334
16, 10.210000000000004, -1.93, -0.8, 10.2093, -1.9301000000000001, -0.79995, -0.009308
16, 10.210000000000004, -1.9, -0.8, 10.21135, -1.90045, -0.79995, -0.009334
16, 10.210000000000004, -1.8699999999999999, -0.8, 10.2116, -1.87, -0.79995, -0.009303
16, 10.210000000000004, -1.8399999999999999, -0.8, 10.2086, -1.8398, -0.79995, -0.009308
16, 10.210000000000004, -1.8099999999999998, -0.8, 10.20875, -1.8098, -0.80005, -0.009319
16, 10.210000000000004, -1.7799999999999998, -0.8, 10.208650000000002, -1.77945, -0.80005, -0.009334
16, 10.210000000000004, -1.7499999999999998, -0.8, 10.21225, -1.7504000000000002, -0.80005, -0.009355
16, 10.210000000000004, -1.7199999999999998, -0.8, 10.20975, -1.72045, -0.80005, -0.009355
16, 10.210000000000004, -1.6899999999999997, -0.8, 10.207650000000001, -1.68955, -0.8, -0.00934
16, 10.210000000000004, -1.6599999999999997, -0.8, 10.2085, -1.6605, -0.8, -0.009355
16, 10.210000000000004, -1.6299999999999997, -0.8, 10.208950000000002, -1.62995, -0.8, -0.009308
16, 10.210000000000004, -1.5999999999999996, -0.8, 10.209200000000001, -1.5995, -0.8, -0.009355
16, 10.210000000000004, -1.5699999999999996, -0.8, 10.21235, -1.571, -0.79995, -0.009355
17, 10.240000000000004, -1.5699999999999996, -0.8, 10.24205, -1.5695500000000002, -0.8, -0.009329
17, 10.270000000000003, -1.5699999999999996, -0.8, 10.2702, -1.57025, -0.8, -0.00934
17, 10.300000000000002, -1.5699999999999996, -0.8, 10.300300000000002, -1.5703000000000003, -0.8, -0.009287
17, 10.330000000000002, -1.5699999999999996, -0.8, 10.32995, -1.5698, -0.80005, -0.009324
17, 10.360000000000001, -1.5699999999999996, -0.8, 10.3606, -1.56975, -0.8001500000000001, -0.009303
17, 10.39, -1.5699999999999996, -0.8, 10.39075, -1.5703000000000003, -0.8001, -0.009329
17, 10.42, -1.5699999999999996, -0.8, 10.420950000000001, -1.56995, -0.8001, -0.009308
17, 10.45, -1.5699999999999996, -0.8, 10.45025, -1.5700500000000002, -0.8001, -0.00936
17, 10.479999999999999, -1.5699999999999996, -0.8, 10.48035, -1.5701500000000002, -0.79995, -0.009298
17, 10.509999999999998, -1.5699999999999996, -0.8, 10.509150000000002, -1.56995, -0.79995, -0.009334
17, 10.539999999999997, -1.5699999999999996, -0.8, 10.5403, -1.5698500000000002, -0.79995, -0.009334
17, 10.569999999999997, -1.5699999999999996, -0.8, 10.5698, -1.5698500000000002, -0.79995, -0.009298
17, 10.599999999999996, -1.5699999999999996, -0.8, 10.60075, -1.5703500000000001, -0.8, -0.009298
17, 10.629999999999995, -1.5699999999999996, -0.8, 10.630450000000002, -1.56995, -0.8, -0.009298
17, 10.659999999999995, -1.5699999999999996, -0.8, 10.660950000000001, -1.5698, -0.8, -0.009293
17, 10.689999999999994, -1.5699999999999996, -0.8, 10.6897, -1.56995, -0.8, -0.009308
17, 10.719999999999994, -1.5699999999999996, -0.8, 10.7202, -1.5703000000000003, -0.80005, -0.009303
17, 10.719999999999994, -1.5999999999999996, -0.8, 10.721400000000001, -1.60025, -0.8, -0.009308
17, 10.719999999999994, -1.6299999999999997, -0.8, 10.72305, -1.6297000000000001, -0.8, -0.00935
17, 10.719999999999994, -1.6599999999999997, -0.8, 10.717, -1.6601000000000001, -0.8, -0.009329
17, 10.719999999999994, -1.6899999999999997, -0.8, 10.71845, -1.69, -0.8, -0.009319
17, 10.719999999999994, -1.7199999999999998, -0.8, 10.721, -1.7195500000000001, -0.8, -0.009314
17, 10.719999999999994, -1.7499999999999998, -0.8, 10.72125, -1.7501000000000002, -0.8, -0.00934
17, 10.719999999999994, -1.7799999999999998, -0.8, 10.7207, -1.78045, -0.8, -0.009319
17, 10.719999999999994, -1.8099999999999998, -0.8, 10.716550000000002, -1.81025, -0.8, -0.009308
17, 10.719999999999994, -1.8399999999999999, -0.8, 10.7202, -1.8405500000000001, -0.8, -0.009355
17, 10.719999999999994, -1.8699999999999999, -0.8, 10.72095, -1.8701500000000002, -0.79995, -0.009355
17, 10.719999999999994, -1.9, -0.8, 10.72335, -1.89975, -0.8, -0.009303
17, 10.719999999999994, -1.93, -0.8, 10.7225, -1.9300500000000003, -0.8, -0.009298
17, 10.719999999999994, -1.96, -0.8, 10.71935, -1.9599000000000002, -0.8, -0.00934
17, 10.719999999999994, -1.99, -0.8, 10.719400000000002, -1.9898500000000001, -0.80005, -0.00934
17, 10.719999999999994, -2.02, -0.8, 10.722150000000001, -2.0198, -0.80005, -0.009308
17, 10.719999999999994, -2.05, -0.8, 10.72295, -2.05005, -0.80005, -0.009303
17, 10.719999999999994, -2.0799999999999996, -0.8, 10.718350000000001, -2.08015, -0.8, -0.009319
18, 10.689999999999994, -2.0799999999999996, -0.8, 10.690400000000002, -2.08025, -0.8, -0.00934
18, 10.659999999999995, -2.0799999999999996, -0.8, 10.66045, -2.0801, -0.80005, -0.009345
18, 10.629999999999995, -2.0799999999999996, -0.8, 10.629950000000001, -2.0800500000000004, -0.8, -0.009298
18, 10.599999999999996, -2.0799999999999996, -0.8, 10.600050000000001, -2.0799000000000003, -0.8, -0.009329
18, 10.569999999999997, -2.0799999999999996, -0.8, 10.56975, -2.08015, -0.79995, -0.00936
18, 10.539999999999997, -2.0799999999999996, -0.8, 10.53945, -2.0801, -0.79995, -0.009345
18, 10.509999999999998, -2.0799999999999996, -0.8, 10.5092, -2.07985, -0.79995, -0.00934
18, 10.479999999999999, -2.0799999999999996, -0.8, 10.481, -2.07975, -0.79995, -0.009334
18, 10.45, -2.0799999999999996, -0.8, 10.4501, -2.08, -0.8, -0.009287
18, 10.42, -2.0799999999999996, -0.8, 10.41975, -2.08025, -0.8, -0.00935
18, 10.39, -2.0799999999999996, -0.8, 10.389800000000001, -2.07975, -0.8, -0.009287
18, 10.360000000000001, -2.0799999999999996, -0.8, 10.36025, -2.07975, -0.8, -0.009303
18, 10.330000000000002, -2.0799999999999996, -0.8, 10.3291, -2.08025, -0.80005, -0.009287
18, 10.300000000000002, -2.0799999999999996, -0.8, 10.2992, -2.0802000000000005, -0.80005, -0.009314
18, 10.270000000000003, -2.0799999999999996, -0.8, 10.271150000000002, -2.0799000000000003, -0.80005, -0.009334
18, 10.240000000000004, -2.0799999999999996, -0.8, 10.239150000000002, -2.07975, -0.8001, -0.009314
18, 10.210000000000004, -2.0799999999999996, -0.8, 10.209400000000002, -2.08025, -0.8, -0.009298
18, 10.180000000000005, -2.0799999999999996, -0.8, 10.1806, -2.0802000000000005, -0.8, -0.009319
18, 10.180000000000005, -2.05, -0.8, 10.17835, -2.0495, -0.79995, -0.009314
18, 10.180000000000005, -2.02, -0.8, 10.180650000000002, -2.01965, -0.79995, -0.009303
18, 10.180000000000005, -1.99, -0.8, 10.18125, -1.9902, -0.8, -0.00936
18, 10.180000000000005, -1.96, -0.8, 10.177100000000001, -1.95975, -0.8, -0.009324
18, 10.180000000000005, -1.93, -0.8, 10.179800000000002, -1.93, -0.8, -0.009287
18, 10.180000000000005, -1.9, -0.8, 10.178450000000002, -1.89935, -0.8, -0.009293
18, 10.180000000000005, -1.8699999999999999, -0.8, 10.18135, -1.86995, -0.80005, -0.00934
18, 10.180000000000005, -1.8399999999999999, -0.8, 10.18135, -1.8396000000000001, -0.80005, -0.00934
18, 10.180000000000005, -1.8099999999999998, -0.8, 10.1811, -1.8097, -0.80005, -0.009308
18, 10.180000000000005, -1.7799999999999998, -0.8, 10.1782, -1.78055, -0.8, -0.009329
18, 10.180000000000005, -1.7499999999999998, -0.8, 10.17655, -1.7492, -0.8, -0.009293
18, 10.180000000000005, -1.7199999999999998, -0.8, 10.18225, -1.7207000000000001, -0.80005, -0.00935
18, 10.180000000000005, -1.6899999999999997, -0.8, 10.179450000000001, -1.6905500000000002, -0.8, -0.009303
18, 10.180000000000005, -1.6599999999999997, -0.8, 10.178400000000002, -1.6604, -0.8, -0.009355
18, 10.180000000000005, -1.6299999999999997, -0.8, 10.181700000000001, -1.63015, -0.8, -0.009329
18, 10.180000000000005, -1.5999999999999996, -0.8, 10.18145, -1.59975, -0.79995, -0.009329
18, 10.180000000000005, -1.5699999999999996, -0.8, 10.179950000000002, -1.571, -0.79995, -0.009303
18, 10.180000000000005, -1.5399999999999996, -0.8, 10.180650000000002, -1.5405, -0.79995, -0.009303
19, 10.210000000000004, -1.5399999999999996, -0.8, 10.209800000000001, -1.5400500000000001, -0.8, -0.00934
19, 10.240000000000004, -1.5399999999999996, -0.8, 10.240200000000002, -1.54, -0.8, -0.009334
19, 10.270000000000003, -1.5399999999999996, -0.8, 10.2706, -1.5398500000000002, -0.8, -0.009334
19, 10.300000000000002, -1.5399999999999996, -0.8, 10.300550000000001, -1.5399, -0.8, -0.009298
19, 10.330000000000002, -1.5399999999999996, -0.8, 10.330900000000002, -1.5400500000000001, -0.80005, -0.009303
19, 10.360000000000001, -1.5399999999999996, -0.8, 10.360400000000002, -1.5401500000000001, -0.80005, -0.009329
19, 10.39, -1.5399999999999996, -0.8, 10.391, -1.54, -0.80005, -0.009303
19, 10.42, -1.5399999999999996, -0.8, 10.42055, -1.5398000000000003, -0.80005, -0.009329
19, 10.45, -1.5399999999999996, -0.8, 10.4496, -1.5400500000000001, -0.80005, -0.009355
19, 10.479999999999999, -1.5399999999999996, -0.8, 10.4816, -1.5400500000000001, -0.8, -0.00935
19, 10.509999999999998, -1.5399999999999996, -0.8, 10.510200000000001, -1.5400500000000001, -0.80005, -0.009308
19, 10.539999999999997, -1.5399999999999996, -0.8, 10.539800000000001, -1.5399, -0.79995, -0.009319
19, 10.569999999999997, -1.5399999999999996, -0.8, 10.569550000000001, -1.5398000000000003, -0.8, -0.009293
19, 10.599999999999996, -1.5399999999999996, -0.8, 10.5995, -1.5398000000000003, -0.8, -0.009314
19, 10.629999999999995, -1.5399999999999996, -0.8, 10.630900000000002, -1.5400500000000001, -0.8, -0.009314
19, 10.659999999999995, -1.5399999999999996, -0.8, 10.65975, -1.5400500000000001, -0.79995, -0.009277
19, 10.689999999999994, -1.5399999999999996, -0.8, 10.690850000000001, -1.5400500000000001, -0.8, -0.009314
19, 10.719999999999994, -1.5399999999999996, -0.8, 10.71915, -1.54, -0.8, -0.009314
19, 10.749999999999993, -1.5399999999999996, -0.8, 10.75115, -1.5399, -0.8, -0.009293
19, 10.749999999999993, -1.5699999999999996, -0.8, 10.749300000000002, -1.5699, -0.8, -0.009319
19, 10.749999999999993, -1.5999999999999996, -0.8, 10.75235, -1.6005500000000001, -0.8, -0.009329
19, 10.749999999999993, -1.6299999999999997, -0.8, 10.748800000000001, -1.6298000000000001, -0.8, -0.00934
19, 10.749999999999993, -1.6599999999999997, -0.8, 10.75075, -1.66, -0.8, -0.009287
19, 10.749999999999993, -1.6899999999999997, -0.8, 10.74985, -1.6900500000000003, -0.8, -0.009308
19, 10.749999999999993, -1.7199999999999998, -0.8, 10.7495, -1.72005, -0.8, -0.009293
19, 10.749999999999993, -1.7499999999999998, -0.8, 10.75225, -1.7499500000000001, -0.8, -0.009303
19, 10.749999999999993, -1.7799999999999998, -0.8, 10.751900000000001, -1.78075, -0.79995, -0.009329
19, 10.749999999999993, -1.8099999999999998, -0.8, 10.75225, -1.8103000000000002, -0.8, -0.009298
19, 10.749999999999993, -1.8399999999999999, -0.8, 10.750050000000002, -1.8398500000000002, -0.80005, -0.009298
19, 10.749999999999993, -1.8699999999999999, -0.8, 10.7515, -1.86995, -0.80005, -0.009334
19, 10.749999999999993, -1.9, -0.8, 10.748550000000002, -1.8997, -0.8, -0.009329
19, 10.749999999999993, -1.93, -0.8, 10.752300000000002, -1.93045, -0.8, -0.009308
19, 10.749999999999993, -1.96, -0.8, 10.750350000000001, -1.9594500000000001, -0.8, -0.009324
19, 10.749999999999993, -1.99, -0.8, 10.74995, -1.9903000000000002, -0.8, -0.009334
19, 10.749999999999993, -2.02, -0.8, 10.749450000000001, -2.01985, -0.8, -0.009329
19, 10.749999999999993, -2.05, -0.8, 10.7483, -2.05, -0.8, -0.00934
19, 10.749999999999993, -2.0799999999999996, -0.8, 10.7491, -2.07925, -0.8, -0.009314
19, 10.749999999999993, -2.1099999999999994, -0.8, 10.75285, -2.1105, -0.8, -0.009334
20, 10.719999999999994, -2.1099999999999994, -0.8, 10.720600000000001, -2.1099500000000004, -0.8, -0.00936
20, 10.689999999999994, -2.1099999999999994, -0.8, 10.690100000000001, -2.1102000000000003, -0.8, -0.009334
20, 10.659999999999995, -2.1099999999999994, -0.8, 10.65935, -2.11025, -0.79995, -0.009334
20, 10.629999999999995, -2.1099999999999994, -0.8, 10.62875, -2.1096, -0.7999, -0.009329
20, 10.599999999999996, -2.1099999999999994, -0.8, 10.601650000000001, -2.1099500000000004, -0.7999, -0.009314
20, 10.569999999999997, -2.1099999999999994, -0.8, 10.569, -2.1101, -0.7999, -0.009314
20, 10.539999999999997, -2.1099999999999994, -0.8, 10.53925, -2.11015, -0.7999, -0.009308
20, 10.509999999999998, -2.1099999999999994, -0.8, 10.5092, -2.1098000000000003, -0.79995, -0.009334
20, 10.479999999999999, -2.1099999999999994, -0.8, 10.48035, -2.1098000000000003, -0.79995, -0.009303
20, 10.45, -2.1099999999999994, -0.8, 10.4502, -2.10985, -0.8, -0.009329
20, 10.42, -2.1099999999999994, -0.8, 10.4192, -2.1102000000000003, -0.79995, -0.009308
20, 10.39, -2.1099999999999994, -0.8, 10.389400000000002, -2.1098000000000003, -0.80005, -0.00934
20, 10.360000000000001, -2.1099999999999994, -0.8, 10.3597, -2.10975, -0.80005, -0.00935
20, 10.330000000000002, -2.1099999999999994, -0.8, 10.33075, -2.1098000000000003, -0.80005, -0.009329
20, 10.300000000000002, -2.1099999999999994, -0.8, 10.300600000000001, -2.11015, -0.80005, -0.00935
20, 10.270000000000003, -2.1099999999999994, -0.8, 10.27075, -2.1102000000000003, -0.80005, -0.009319
20, 10.240000000000004, -2.1099999999999994, -0.8, 10.2398, -2.1102000000000003, -0.8, -0.009303
20, 10.210000000000004, -2.1099999999999994, -0.8, 10.209650000000002, -2.1099500000000004, -0.80005, -0.009308
20, 10.180000000000005, -2.1099999999999994, -0.8, 10.1803, -2.10985, -0.8, -0.009329
20, 10.150000000000006, -2.1099999999999994, -0.8, 10.1502, -2.1099500000000004, -0.8, -0.00934
20, 10.150000000000006, -2.0799999999999996, -0.8, 10.151650000000002, -2.07975, -0.79995, -0.00936
20, 10.150000000000006, -2.05, -0.8, 10.15075, -2.05025, -0.79995, -0.009298
20, 10.150000000000006, -2.02, -0.8, 10.1502, -2.01975, -0.8, -0.009308
20, 10.150000000000006, -1.99, -0.8, 10.15025, -1.98995, -0.8, -0.009345
20, 10.150000000000006, -1.96, -0.8, 10.1523, -1.96065, -0.8, -0.009334
20, 10.150000000000006, -1.93, -0.8, 10.148900000000001, -1.9294, -0.80005, -0.009345
20, 10.150000000000006, -1.9, -0.8, 10.147350000000001, -1.89955, -0.80005, -0.00935
20, 10.150000000000006, -1.8699999999999999, -0.8, 10.150900000000002, -1.8699000000000001, -0.80005, -0.009308
20, 10.150000000000006, -1.8399999999999999, -0.8, 10.150150000000002, -1.8401500000000002, -0.79995, -0.009298
20, 10.150000000000006, -1.8099999999999998, -0.8, 10.152, -1.8095, -0.79995, -0.009345
20, 10.150000000000006, -1.7799999999999998, -0.8, 10.148200000000001, -1.7802, -0.79995, -0.009334
20, 10.150000000000006, -1.7499999999999998, -0.8, 10.14995, -1.7505500000000003, -0.8, -0.009303
20, 10.150000000000006, -1.7199999999999998, -0.8, 10.149400000000002, -1.71975, -0.8, -0.009334
20, 10.150000000000006, -1.6899999999999997, -0.8, 10.14845, -1.6894500000000001, -0.8, -0.009282
20, 10.150000000000006, -1.6599999999999997, -0.8, 10.152700000000001, -1.66075, -0.8, -0.009345
20, 10.150000000000006, -1.6299999999999997, -0.8, 10.147, -1.62995, -0.8, -0.009334
20, 10.150000000000006, -1.5999999999999996, -0.8, 10.147800000000002, -1.59935, -0.8, -0.009293
20, 10.150000000000006, -1.5699999999999996, -0.8, 10.15025, -1.5703500000000001, -0.80005, -0.009319
20, 10.150000000000006, -1.5399999999999996, -0.8, 10.15065, -1.5399500000000002, -0.80005, -0.009308
20, 10.150000000000006, -1.5099999999999996, -0.8, 10.14885, -1.5092, -0.8, -0.009308
21, 10.180000000000005, -1.5099999999999996, -0.8, 10.17875, -1.5102, -0.79995, -0.009324
21, 10.210000000000004, -1.5099999999999996, -0.8, 10.2096, -1.5102, -0.79995, -0.009287
21, 10.240000000000004, -1.5099999999999996, -0.8, 10.240350000000001, -1.5099, -0.79995, -0.009345
21, 10.270000000000003, -1.5099999999999996, -0.8, 10.2703, -1.50975, -0.8, -0.009298
21, 10.300000000000002, -1.5099999999999996, -0.8, 10.29995, -1.5099, -0.79995, -0.009314
21, 10.330000000000002, -1.5099999999999996, -0.8, 10.330300000000001, -1.5101000000000002, -0.79995, -0.009334
21, 10.360000000000001, -1.5099999999999996, -0.8, 10.360800000000001, -1.5100500000000001, -0.8, -0.009319
21, 10.39, -1.5099999999999996, -0.8, 10.391050000000002, -1.5099, -0.8, -0.00936
21, 10.42, -1.5099999999999996, -0.8, 10.4207, -1.5098000000000003, -0.8, -0.009308
21, 10.45, -1.5099999999999996, -0.8, 10.45075, -1.5099500000000001, -0.80005, -0.009298
21, 10.479999999999999, -1.5099999999999996, -0.8, 10.480400000000001, -1.5100500000000001, -0.80005, -0.009293
21, 10.509999999999998, -1.5099999999999996, -0.8, 10.509400000000001, -1.5100500000000001, -0.80005, -0.009298
21, 10.539999999999997, -1.5099999999999996, -0.8, 10.5403, -1.5100500000000001, -0.80005, -0.009298
21, 10.569999999999997, -1.5099999999999996, -0.8, 10.56925, -1.5099500000000001, -0.80005, -0.009319
21, 10.599999999999996, -1.5099999999999996, -0.8, 10.5996, -1.5098000000000003, -0.8, -0.009314
21, 10.629999999999995, -1.5099999999999996, -0.8, 10.62925, -1.5098500000000001, -0.8, -0.00935
21, 10.659999999999995, -1.5099999999999996, -0.8, 10.66055, -1.5103000000000002, -0.8, -0.009334
21, 10.689999999999994, -1.5099999999999996, -0.8, 10.6906, -1.51035, -0.8, -0.009324
21, 10.719999999999994, -1.5099999999999996, -0.8, 10.7193, -1.5096, -0.8, -0.009334
21, 10.749999999999993, -1.5099999999999996, -0.8, 10.7489, -1.5102, -0.8, -0.009334
21, 10.779999999999992, -1.5099999999999996, -0.8, 10.7802, -1.5100500000000001, -0.80005, -0.009324
21, 10.779999999999992, -1.5399999999999996, -0.8, 10.780850000000001, -1.5400500000000001, -0.8, -0.009308
21, 10.779999999999992, -1.5699999999999996, -0.8, 10.779300000000001, -1.57025, -0.7999, -0.009329
21, 10.779999999999992, -1.5999999999999996, -0.8, 10.77785, -1.6003500000000002, -0.79995, -0.009355
21, 10.779999999999992, -1.6299999999999997, -0.8, 10.782, -1.6298000000000001, -0.79995, -0.009303
21, 10.779999999999992, -1.6599999999999997, -0.8, 10.782950000000001, -1.6606500000000002, -0.79995, -0.009287
21, 10.779999999999992, -1.6899999999999997, -0.8, 10.782800000000002, -1.68965, -0.8, -0.00934
21, 10.779999999999992, -1.7199999999999998, -0.8, 10.783150000000001, -1.7202, -0.8, -0.009334
21, 10.779999999999992, -1.7499999999999998, -0.8, 10.782050000000002, -1.7504000000000002, -0.8, -0.009293
21, 10.779999999999992, -1.7799999999999998, -0.8, 10.77925, -1.78035, -0.8, -0.009329
21, 10.779999999999992, -1.8099999999999998, -0.8, 10.7826, -1.80965, -0.8, -0.009287
21, 10.779999999999992, -1.8399999999999999, -0.8, 10.778400000000001, -1.8395500000000002, -0.8, -0.009298
21, 10.779999999999992, -1.8699999999999999, -0.8, 10.778550000000001, -1.8697000000000001, -0.80005, -0.009319
21, 10.779999999999992, -1.9, -0.8, 10.7817, -1.9004, -0.80005, -0.009334
21, 10.779999999999992, -1.93, -0.8, 10.7832, -1.9306, -0.80005, -0.009303
21, 10.779999999999992, -1.96, -0.8, 10.779300000000001, -1.9601000000000002, -0.79995, -0.009334
21, 10.779999999999992, -1.99, -0.8, 10.78125, -1.99005, -0.79995, -0.009293
21, 10.779999999999992, -2.02, -0.8, 10.780700000000001, -2.0193000000000003, -0.79995, -0.009319
21, 10.779999999999992, -2.05, -0.8, 10.7786, -2.0502000000000002, -0.79995, -0.009277
21, 10.779999999999992, -2.0799999999999996, -0.8, 10.78125, -2.0804500000000004, -0.8, -0.009287
21, 10.779999999999992, -2.1099999999999994, -0.8, 10.78025, -2.1106, -0.8, -0.009329
21, 10.779999999999992, -2.1399999999999992, -0.8, 10.78225, -2.14065, -0.8, -0.009308
22, 10.749999999999993, -2.1399999999999992, -0.8, 10.750050000000002, -2.13945, -0.8, -0.009293
22, 10.719999999999994, -2.1399999999999992, -0.8, 10.71925, -2.14065, -0.8, -0.009355
22, 10.689999999999994, -2.1399999999999992, -0.8, 10.690400000000002, -2.1395500000000003, -0.8, -0.009298
22, 10.659999999999995, -2.1399999999999992, -0.8, 10.660300000000001, -2.1395500000000003, -0.8, -0.009334
22, 10.629999999999995, -2.1399999999999992, -0.8, 10.63075, -2.1397000000000004, -0.8, -0.009303
22, 10.599999999999996, -2.1399999999999992, -0.8, 10.60045, -2.1408, -0.8, -0.009303
22, 10.569999999999997, -2.1399999999999992, -0.8, 10.5695, -2.1405, -0.8, -0.00935
22, 10.539999999999997, -2.1399999999999992, -0.8, 10.539050000000001, -2.1395999999999997, -0.79995, -0.009298
22, 10.509999999999998, -2.1399999999999992, -0.8, 10.5095, -2.1406, -0.8, -0.009324
22, 10.479999999999999, -2.1399999999999992, -0.8, 10.480400000000001, -2.1398, -0.8, -0.009298
22, 10.45, -2.1399999999999992, -0.8, 10.45025, -2.1397000000000004, -0.8, -0.009345
22, 10.42, -2.1399999999999992, -0.8, 10.41845, -2.1404500000000004, -0.80005, -0.009303
22, 10.39, -2.1399999999999992, -0.8, 10.389, -2.14025, -0.8001, -0.00934
22, 10.360000000000001, -2.1399999999999992, -0.8, 10.359150000000001, -2.1399, -0.80005, -0.009308
22, 10.330000000000002, -2.1399999999999992, -0.8, 10.330200000000001, -2.13975, -0.80005, -0.009293
22, 10.300000000000002, -2.1399999999999992, -0.8, 10.300650000000001, -2.13985, -0.80005, -0.009319
22, 10.270000000000003, -2.1399999999999992, -0.8, 10.2706, -2.14005, -0.80005, -0.009298
22, 10.240000000000004, -2.1399999999999992, -0.8, 10.239600000000001, -2.14075, -0.8001, -0.009345
22, 10.210000000000004, -2.1399999999999992, -0.8, 10.2105, -2.13985, -0.79995, -0.009298
22, 10.180000000000005, -2.1399999999999992, -0.8, 10.180050000000001, -2.1398, -0.79995, -0.009371
22, 10.150000000000006, -2.1399999999999992, -0.8, 10.1493, -2.13985, -0.79995, -0.009293
22, 10.120000000000006, -2.1399999999999992, -0.8, 10.1196, -2.1407000000000003, -0.79995, -0.009308
22, 10.120000000000006, -2.1099999999999994, -0.8, 10.11825, -2.10925, -0.79995, -0.009298
22, 10.120000000000006, -2.0799999999999996, -0.8, 10.121, -2.07975, -0.8, -0.009314
22, 10.120000000000006, -2.05, -0.8, 10.1185, -2.0505999999999998, -0.79995, -0.009329
22, 10.120000000000006, -2.02, -0.8, 10.12045, -2.0198, -0.8, -0.009334
22, 10.120000000000006, -1.99, -0.8, 10.11885, -1.98995, -0.8, -0.009345
22, 10.120000000000006, -1.96, -0.8, 10.1217, -1.9605500000000002, -0.8, -0.00935
22, 10.120000000000006, -1.93, -0.8, 10.120800000000001, -1.9308500000000002, -0.80005, -0.009329
22, 10.120000000000006, -1.9, -0.8, 10.11865, -1.9, -0.80005, -0.009293
22, 10.120000000000006, -1.8699999999999999, -0.8, 10.12255, -1.8703500000000002, -0.79995, -0.009345
22, 10.120000000000006, -1.8399999999999999, -0.8, 10.1209, -1.83935, -0.79995, -0.009329
22, 10.120000000000006, -1.8099999999999998, -0.8, 10.12225, -1.8104500000000001, -0.79995, -0.009293
22, 10.120000000000006, -1.7799999999999998, -0.8, 10.119, -1.7799500000000001, -0.8, -0.009303
22, 10.120000000000006, -1.7499999999999998, -0.8, 10.12285, -1.7504000000000002, -0.8, -0.009303
22, 10.120000000000006, -1.7199999999999998, -0.8, 10.1197, -1.7197, -0.8, -0.009345
22, 10.120000000000006, -1.6899999999999997, -0.8, 10.11825, -1.68985, -0.80005, -0.009298
22, 10.120000000000006, -1.6599999999999997, -0.8, 10.119900000000001, -1.65975, -0.8, -0.009324
22, 10.120000000000006, -1.6299999999999997, -0.8, 10.116550000000002, -1.6298500000000002, -0.8, -0.00935
22, 10.120000000000006, -1.5999999999999996, -0.8, 10.12035, -1.6000500000000002, -0.79995, -0.009308
22, 10.120000000000006, -1.5699999999999996, -0.8, 10.119050000000001, -1.57025, -0.79995, -0.009298
22, 10.120000000000006, -1.5399999999999996, -0.8, 10.122200000000001, -1.54025, -0.7999, -0.009324
22, 10.120000000000006, -1.5099999999999996, -0.8, 10.11825, -1.5096, -0.79995, -0.009334
22, 10.120000000000006, -1.4799999999999995, -0.8, 10.1216, -1.48, -0.8, -0.009277
23, 10.150000000000006, -1.4799999999999995, -0.8, 10.1502, -1.4804000000000002, -0.8, -0.009308
23, 10.180000000000005, -1.4799999999999995, -0.8, 10.179350000000001, -1.4796, -0.8, -0.00934
23, 10.210000000000004, -1.4799999999999995, -0.8, 10.209150000000001, -1.48025, -0.79995, -0.009334
23, 10.240000000000004, -1.4799999999999995, -0.8, 10.2391, -1.48035, -0.80005, -0.00935
23, 10.270000000000003, -1.4799999999999995, -0.8, 10.271150000000002, -1.47985, -0.8001, -0.009345
23, 10.300000000000002, -1.4799999999999995, -0.8, 10.300600000000001, -1.4799, -0.80005, -0.009298
23, 10.330000000000002, -1.4799999999999995, -0.8, 10.3307, -1.48, -0.80005, -0.00935
23, 10.360000000000001, -1.4799999999999995, -0.8, 10.359650000000002, -1.48005, -0.8001, -0.00934
23, 10.39, -1.4799999999999995, -0.8, 10.3905, -1.48, -0.8001, -0.009308
23, 10.42, -1.4799999999999995, -0.8, 10.420200000000001, -1.4799, -0.8, -0.009308
23, 10.45, -1.4799999999999995, -0.8, 10.4491, -1.47995, -0.8, -0.00935
23, 10.479999999999999, -1.4799999999999995, -0.8, 10.4795, -1.47995, -0.8, -0.009345
23, 10.509999999999998, -1.4799999999999995, -0.8, 10.5107, -1.48, -0.79995, -0.009293
23, 10.539999999999997, -1.4799999999999995, -0.8, 10.5397, -1.48005, -0.79995, -0.00934
23, 10.569999999999997, -1.4799999999999995, -0.8, 10.5691, -1.48, -0.79995, -0.009345
23, 10.599999999999996, -1.4799999999999995, -0.8, 10.59985, -1.48, -0.79995, -0.009298
23, 10.629999999999995, -1.4799999999999995, -0.8, 10.63, -1.47995, -0.8, -0.009314
23, 10.659999999999995, -1.4799999999999995, -0.8, 10.65895, -1.47995, -0.8, -0.009319
23, 10.689999999999994, -1.4799999999999995, -0.8, 10.6906, -1.47995, -0.8, -0.009298
23, 10.719999999999994, -1.4799999999999995, -0.8, 10.7202, -1.4799, -0.8, -0.009334
23, 10.749999999999993, -1.4799999999999995, -0.8, 10.751050000000001, -1.48, -0.8, -0.009298
23, 10.779999999999992, -1.4799999999999995, -0.8, 10.7806, -1.4804000000000002, -0.8, -0.009329
23, 10.809999999999992, -1.4799999999999995, -0.8, 10.80925, -1.4802, -0.80005, -0.009376
23, 10.809999999999992, -1.5099999999999996, -0.8, 10.8123, -1.5093, -0.80005, -0.009303
23, 10.809999999999992, -1.5399999999999996, -0.8, 10.81065, -1.5400500000000001, -0.80005, -0.009324
23, 10.809999999999992, -1.5699999999999996, -0.8, 10.808950000000001, -1.57025, -0.80005, -0.009345
23, 10.809999999999992, -1.5999999999999996, -0.8, 10.812550000000002, -1.59965, -0.8, -0.009308
23, 10.809999999999992, -1.6299999999999997, -0.8, 10.81025, -1.63025, -0.79995, -0.009303
23, 10.809999999999992, -1.6599999999999997, -0.8, 10.811650000000002, -1.66015, -0.79995, -0.009303
23, 10.809999999999992, -1.6899999999999997, -0.8, 10.81235, -1.6905500000000002, -0.79995, -0.009345
23, 10.809999999999992, -1.7199999999999998, -0.8, 10.812100000000001, -1.7197, -0.79995, -0.009329
23, 10.809999999999992, -1.7499999999999998, -0.8, 10.808800000000002, -1.75035, -0.79995, -0.00936
23, 10.809999999999992, -1.7799999999999998, -0.8, 10.810150000000002, -1.7801500000000001, -0.8, -0.009293
23, 10.809999999999992, -1.8099999999999998, -0.8, 10.80935, -1.809, -0.8, -0.009298
23, 10.809999999999992, -1.8399999999999999, -0.8, 10.81295, -1.84085, -0.8, -0.009324
23, 10.809999999999992, -1.8699999999999999, -0.8, 10.8092, -1.86945, -0.8001, -0.009345
23, 10.809999999999992, -1.9, -0.8, 10.8072, -1.9001000000000001, -0.80005, -0.00934
23, 10.809999999999992, -1.93, -0.8, 10.8072, -1.92995, -0.80005, -0.00935
23, 10.809999999999992, -1.96, -0.8, 10.81185, -1.96065, -0.80005, -0.009314
23, 10.809999999999992, -1.99, -0.8, 10.812050000000001, -1.9905500000000003, -0.8, -0.009355
23, 10.809999999999992, -2.02, -0.8, 10.80835, -2.0205, -0.8, -0.009287
23, 10.809999999999992, -2.05, -0.8, 10.8108, -2.0502000000000002, -0.79995, -0.009329
23, 10.809999999999992, -2.0799999999999996, -0.8, 10.8114, -2.0799000000000003, -0.7999, -0.009345
23, 10.809999999999992, -2.1099999999999994, -0.8, 10.807400000000001, -2.1092000000000004, -0.8, -0.009319
23, 10.809999999999992, -2.1399999999999992, -0.8, 10.8111, -2.14075, -0.8, -0.00934
23, 10.809999999999992, -2.169999999999999, -0.8, 10.8117, -2.1708499999999997, -0.79995, -0.009366
24, 10.779999999999992, -2.169999999999999, -0.8, 10.7821, -2.1702000000000004, -0.80005, -0.009345
24, 10.749999999999993, -2.169999999999999, -0.8, 10.74975, -2.1702000000000004, -0.8, -0.009329
24, 10.719999999999994, -2.169999999999999, -0.8, 10.7201, -2.16985, -0.8, -0.00935
24, 10.689999999999994, -2.169999999999999, -0.8, 10.68875, -2.1697, -0.80005, -0.009287
24, 10.659999999999995, -2.169999999999999, -0.8, 10.660150000000002, -2.17035, -0.8, -0.009334
24, 10.629999999999995, -2.169999999999999, -0.8, 10.630450000000002, -2.1700500000000003, -0.8, -0.009329
24, 10.599999999999996, -2.169999999999999, -0.8, 10.60025, -2.1699500000000005, -0.80005, -0.009345
24, 10.569999999999997, -2.169999999999999, -0.8, 10.5695, -2.1698000000000004, -0.8, -0.00934
24, 10.539999999999997, -2.169999999999999, -0.8, 10.54105, -2.16985, -0.8, -0.009329
24, 10.509999999999998, -2.169999999999999, -0.8, 10.51085, -2.1700999999999997, -0.8, -0.00936
24, 10.479999999999999, -2.169999999999999, -0.8, 10.4802, -2.1703, -0.79995, -0.009334
24, 10.45, -2.169999999999999, -0.8, 10.4506, -2.1702000000000004, -0.79995, -0.009272
24, 10.42, -2.169999999999999, -0.8, 10.420650000000002, -2.16985, -0.79995, -0.009298
24, 10.39, -2.169999999999999, -0.8, 10.389650000000001, -2.1699, -0.79995, -0.009308
24, 10.360000000000001, -2.169999999999999, -0.8, 10.3594, -2.17, -0.7999, -0.009334
24, 10.330000000000002, -2.169999999999999, -0.8, 10.330050000000002, -2.17035, -0.79995, -0.009334
24, 10.300000000000002, -2.169999999999999, -0.8, 10.299650000000002, -2.16975, -0.8, -0.00934
24, 10.270000000000003, -2.169999999999999, -0.8, 10.269200000000001, -2.1699500000000005, -0.80005, -0.009329
24, 10.240000000000004, -2.169999999999999, -0.8, 10.23905, -2.1703, -0.80005, -0.009329
24, 10.210000000000004, -2.169999999999999, -0.8, 10.20855, -2.1699, -0.80005, -0.00934
24, 10.180000000000005, -2.169999999999999, -0.8, 10.1797, -2.1698000000000004, -0.80005, -0.009319
24, 10.150000000000006, -2.169999999999999, -0.8, 10.149700000000001, -2.1699, -0.8, -0.00934
24, 10.120000000000006, -2.169999999999999, -0.8, 10.1191, -2.1702000000000004, -0.79995, -0.00934
24, 10.090000000000007, -2.169999999999999, -0.8, 10.0906, -2.1703, -0.79995, -0.00934
24, 10.090000000000007, -2.1399999999999992, -0.8, 10.090950000000001, -2.13985, -0.79995, -0.009334
24, 10.090000000000007, -2.1099999999999994, -0.8, 10.090050000000002, -2.1096500000000002, -0.79995, -0.009334
24, 10.090000000000007, -2.0799999999999996, -0.8, 10.090950000000001, -2.0803000000000003, -0.8, -0.00936
24, 10.090000000000007, -2.05, -0.8, 10.087, -2.05025, -0.80005, -0.009345
24, 10.090000000000007, -2.02, -0.8, 10.089150000000002, -2.0199000000000003, -0.80005, -0.009303
24, 10.090000000000007, -1.99, -0.8, 10.08745, -1.98975, -0.80005, -0.009293
24, 10.090000000000007, -1.96, -0.8, 10.0874, -1.95995, -0.80005, -0.009334
24, 10.090000000000007, -1.93, -0.8, 10.0882, -1.92925, -0.7999, -0.009293
24, 10.090000000000007, -1.9, -0.8, 10.09135, -1.8996000000000002, -0.79995, -0.009308
24, 10.090000000000007, -1.8699999999999999, -0.8, 10.0911, -1.8701, -0.8, -0.009293
24, 10.090000000000007, -1.8399999999999999, -0.8, 10.0877, -1.83945, -0.8, -0.009314
24, 10.090000000000007, -1.8099999999999998, -0.8, 10.0885, -1.8098500000000002, -0.8, -0.009345
24, 10.090000000000007, -1.7799999999999998, -0.8, 10.088400000000002, -1.7802, -0.8, -0.00935
24, 10.090000000000007, -1.7499999999999998, -0.8, 10.0895, -1.75035, -0.8, -0.009303
24, 10.090000000000007, -1.7199999999999998, -0.8, 10.08725, -1.7203000000000002, -0.8, -0.009303
24, 10.090000000000007, -1.6899999999999997, -0.8, 10.08745, -1.6899000000000002, -0.7999, -0.009345
24, 10.090000000000007, -1.6599999999999997, -0.8, 10.0876, -1.65945, -0.79995, -0.009303
24, 10.090000000000007, -1.6299999999999997, -0.8, 10.08875, -1.62975, -0.8, -0.009329
24, 10.090000000000007, -1.5999999999999996, -0.8, 10.08775, -1.5999, -0.80005, -0.009287
24, 10.090000000000007, -1.5699999999999996, -0.8, 10.090900000000001, -1.571, -0.80005, -0.009314
24, 10.090000000000007, -1.5399999999999996, -0.8, 10.089900000000002, -1.5402, -0.80005, -0.009334
24, 10.090000000000007, -1.5099999999999996, -0.8, 10.08815, -1.5101000000000002, -0.80005, -0.009324
24, 10.090000000000007, -1.4799999999999995, -0.8, 10.09145, -1.47985, -0.8, -0.00934
24, 10.090000000000007, -1.4499999999999995, -0.8, 10.089150000000002, -1.45, -0.8, -0.009334
25, 10.120000000000006, -1.4499999999999995, -0.8, 10.119800000000001, -1.4501000000000002, -0.8, -0.009308
25, 10.150000000000006, -1.4499999999999995, -0.8, 10.149, -1.4500500000000003, -0.8, -0.009334
25, 10.180000000000005, -1.4499999999999995, -0.8, 10.1812, -1.45, -0.8, -0.009298
25, 10.210000000000004, -1.4499999999999995, -0.8, 10.209700000000002, -1.45, -0.8, -0.009303
25, 10.240000000000004, -1.4499999999999995, -0.8, 10.24055, -1.4499000000000002, -0.79995, -0.009303
25, 10.270000000000003, -1.4499999999999995, -0.8, 10.269200000000001, -1.44985, -0.79995, -0.009277
25, 10.300000000000002, -1.4499999999999995, -0.8, 10.29935, -1.44985, -0.7999, -0.009303
25, 10.330000000000002, -1.4499999999999995, -0.8, 10.330900000000002, -1.44995, -0.79995, -0.009308
25, 10.360000000000001, -1.4499999999999995, -0.8, 10.3597, -1.45, -0.8, -0.009308
25, 10.39, -1.4499999999999995, -0.8, 10.3905, -1.4500500000000003, -0.8, -0.00935
25, 10.42, -1.4499999999999995, -0.8, 10.41975, -1.45, -0.8, -0.009345
25, 10.45, -1.4499999999999995, -0.8, 10.4491, -1.44995, -0.8, -0.009298
25, 10.479999999999999, -1.4499999999999995, -0.8, 10.4808, -1.4499000000000002, -0.80005, -0.009355
25, 10.509999999999998, -1.4499999999999995, -0.8, 10.50935, -1.44995, -0.8001, -0.009345
25, 10.539999999999997, -1.4499999999999995, -0.8, 10.53975, -1.4499000000000002, -0.8001, -0.009334
25, 10.569999999999997, -1.4499999999999995, -0.8, 10.56905, -1.4499000000000002, -0.8001, -0.009345
25, 10.599999999999996, -1.4499999999999995, -0.8, 10.59975, -1.4499000000000002, -0.8001, -0.009329
25, 10.629999999999995, -1.4499999999999995, -0.8, 10.629850000000001, -1.44995, -0.8001, -0.009298
25, 10.659999999999995, -1.4499999999999995, -0.8, 10.6606, -1.4500500000000003, -0.80005, -0.009308
25, 10.689999999999994, -1.4499999999999995, -0.8, 10.690900000000001, -1.4503000000000001, -0.80005, -0.009303
25, 10.719999999999994, -1.4499999999999995, -0.8, 10.7196, -1.4499000000000002, -0.79995, -0.00936
25, 10.749999999999993, -1.4499999999999995, -0.8, 10.7512, -1.4498000000000002, -0.7999, -0.009334
25, 10.779999999999992, -1.4499999999999995, -0.8, 10.780100000000001, -1.44985, -0.7999, -0.009293
25, 10.809999999999992, -1.4499999999999995, -0.8, 10.809650000000001, -1.4499000000000002, -0.79995, -0.009303
25, 10.839999999999991, -1.4499999999999995, -0.8, 10.839400000000001, -1.45, -0.7999, -0.009303
25, 10.839999999999991, -1.4799999999999995, -0.8, 10.84135, -1.4808500000000002, -0.7999, -0.009303
25, 10.839999999999991, -1.5099999999999996, -0.8, 10.8412, -1.5095500000000002, -0.8, -0.009308
25, 10.839999999999991, -1.5399999999999996, -0.8, 10.83975, -1.54075, -0.8, -0.00934
25, 10.839999999999991, -1.5699999999999996, -0.8, 10.839900000000002, -1.5705, -0.8, -0.009329
25, 10.839999999999991, -1.5999999999999996, -0.8, 10.84225, -1.59995, -0.8, -0.009303
25, 10.839999999999991, -1.6299999999999997, -0.8, 10.83905, -1.6303, -0.8, -0.009366
25, 10.839999999999991, -1.6599999999999997, -0.8, 10.840300000000001, -1.6595, -0.8, -0.009329
25, 10.839999999999991, -1.6899999999999997, -0.8, 10.8386, -1.6897, -0.8, -0.009334
25, 10.839999999999991, -1.7199999999999998, -0.8, 10.84235, -1.7204000000000002, -0.80005, -0.009303
25, 10.839999999999991, -1.7499999999999998, -0.8, 10.840900000000001, -1.74975, -0.80005, -0.009298
25, 10.839999999999991, -1.7799999999999998, -0.8, 10.83825, -1.7803000000000002, -0.80005, -0.009314
25, 10.839999999999991, -1.8099999999999998, -0.8, 10.84055, -1.8096, -0.8, -0.00935
25, 10.839999999999991, -1.8399999999999999, -0.8, 10.843050000000002, -1.8406500000000001, -0.8, -0.009334
25, 10.839999999999991, -1.8699999999999999, -0.8, 10.84055, -1.8709500000000001, -0.8, -0.00934
25, 10.839999999999991, -1.9, -0.8, 10.842900000000002, -1.9008500000000002, -0.8, -0.00934
25, 10.839999999999991, -1.93, -0.8, 10.837900000000001, -1.9298000000000002, -0.79995, -0.009287
25, 10.839999999999991, -1.96, -0.8, 10.84295, -1.9604000000000001, -0.7999, -0.009308
25, 10.839999999999991, -1.99, -0.8, 10.8407, -1.98995, -0.8, -0.009308
25, 10.839999999999991, -2.02, -0.8, 10.84325, -2.0203, -0.8, -0.009314
25, 10.839999999999991, -2.05, -0.8, 10.841050000000001, -2.0498499999999997, -0.8, -0.009319
25, 10.839999999999991, -2.0799999999999996, -0.8, 10.8428, -2.0797000000000003, -0.80005, -0.009329
25, 10.839999999999991, -2.1099999999999994, -0.8, 10.842, -2.11125, -0.8001, -0.009334
25, 10.839999999999991, -2.1399999999999992, -0.8, 10.8407, -2.1395500000000003, -0.8001, -0.00934
25, 10.839999999999991, -2.169999999999999, -0.8, 10.84385, -2.1709500000000004, -0.80005, -0.009319
25, 10.839999999999991, -2.199999999999999, -0.8, 10.841550000000002, -2.2002, -0.79995, -0.009282
26, 10.809999999999992, -2.199999999999999, -0.8, 10.81075, -2.20025, -0.79995, -0.00936
26, 10.779999999999992, -2.199999999999999, -0.8, 10.78045, -2.2001, -0.7999, -0.009334
26, 10.749999999999993, -2.199999999999999, -0.8, 10.7498, -2.1999, -0.7999, -0.009277
26, 10.719999999999994, -2.199999999999999, -0.8, 10.7199, -2.1998, -0.7999, -0.00934
26, 10.689999999999994, -2.199999999999999, -0.8, 10.68865, -2.2, -0.7999, -0.009329
26, 10.659999999999995, -2.199999999999999, -0.8, 10.6605, -2.2001, -0.79995, -0.009272
26, 10.629999999999995, -2.199999999999999, -0.8, 10.6302, -2.20025, -0.8, -0.009334
26, 10.599999999999996, -2.199999999999999, -0.8, 10.599950000000002, -2.2002, -0.8, -0.00934
26, 10.569999999999997, -2.199999999999999, -0.8, 10.569300000000002, -2.1999500000000003, -0.8, -0.00934
26, 10.539999999999997, -2.199999999999999, -0.8, 10.541300000000001, -2.1999500000000003, -0.79995, -0.009345
26, 10.509999999999998, -2.199999999999999, -0.8, 10.5104, -2.1999500000000003, -0.8, -0.009334
26, 10.479999999999999, -2.199999999999999, -0.8, 10.4805, -2.2001, -0.80005, -0.009345
26, 10.45, -2.199999999999999, -0.8, 10.4503, -2.2001500000000003, -0.80005, -0.009298
26, 10.42, -2.199999999999999, -0.8, 10.41985, -2.2, -0.80005, -0.009314
26, 10.39, -2.199999999999999, -0.8, 10.391300000000001, -2.1999, -0.80005, -0.009345
26, 10.360000000000001, -2.199999999999999, -0.8, 10.35975, -2.19975, -0.80005, -0.009298
26, 10.330000000000002, -2.199999999999999, -0.8, 10.33, -2.20025, -0.79995, -0.00936
26, 10.300000000000002, -2.199999999999999, -0.8, 10.299850000000001, -2.1999500000000003, -0.7999, -0.009303
26, 10.270000000000003, -2.199999999999999, -0.8, 10.270650000000002, -2.1999500000000003, -0.79995, -0.009287
26, 10.240000000000004, -2.199999999999999, -0.8, 10.240900000000002, -2.1999, -0.7999, -0.009298
26, 10.210000000000004, -2.199999999999999, -0.8, 10.210600000000001, -2.19985, -0.7999, -0.009334
26, 10.180000000000005, -2.199999999999999, -0.8, 10.18, -2.1999500000000003, -0.7999, -0.009293
26, 10.150000000000006, -2.199999999999999, -0.8, 10.149550000000001, -2.2001500000000003, -0.79995, -0.009298
26, 10.120000000000006, -2.199999999999999, -0.8, 10.12045, -2.2001, -0.8, -0.009319
26, 10.090000000000007, -2.199999999999999, -0.8, 10.08875, -2.2, -0.80005, -0.009298
26, 10.060000000000008, -2.199999999999999, -0.8, 10.06005, -2.1999500000000003, -0.80005, -0.009272
26, 10.060000000000008, -2.169999999999999, -0.8, 10.06035, -2.1704, -0.8001, -0.009298
26, 10.060000000000008, -2.1399999999999992, -0.8, 10.058300000000001, -2.13965, -0.80005, -0.009308
26, 10.060000000000008, -2.1099999999999994, -0.8, 10.058300000000001, -2.10975, -0.8, -0.009324
26, 10.060000000000008, -2.0799999999999996, -0.8, 10.06095, -2.08, -0.8, -0.009308
26, 10.060000000000008, -2.05, -0.8, 10.058650000000002, -2.05085, -0.8, -0.009303
26, 10.060000000000008, -2.02, -0.8, 10.060400000000001, -2.0210500000000002, -0.8, -0.009334
26, 10.060000000000008, -1.99, -0.8, 10.058, -1.9905, -0.8, -0.009329
26, 10.060000000000008, -1.96, -0.8, 10.062100000000001, -1.9599000000000002, -0.7999, -0.009314
26, 10.060000000000008, -1.93, -0.8, 10.0605, -1.93015, -0.79995, -0.009293
26, 10.060000000000008, -1.9, -0.8, 10.05755, -1.9005500000000002, -0.79995, -0.009334
26, 10.060000000000008, -1.8699999999999999, -0.8, 10.0615, -1.8702, -0.8, -0.009308
26, 10.060000000000008, -1.8399999999999999, -0.8, 10.06065, -1.8398500000000002, -0.8, -0.009298
26, 10.060000000000008, -1.8099999999999998, -0.8, 10.05835, -1.80965, -0.8, -0.009272
26, 10.060000000000008, -1.7799999999999998, -0.8, 10.056550000000001, -1.779, -0.8, -0.009298
26, 10.060000000000008, -1.7499999999999998, -0.8, 10.063450000000001, -1.75035, -0.8, -0.009303
26, 10.060000000000008, -1.7199999999999998, -0.8, 10.0601, -1.7204000000000002, -0.8, -0.009298
26, 10.060000000000008, -1.6899999999999997, -0.8, 10.05765, -1.68965, -0.8, -0.009308
26, 10.060000000000008, -1.6599999999999997, -0.8, 10.061800000000002, -1.6606, -0.80005, -0.009345
26, 10.060000000000008, -1.6299999999999997, -0.8, 10.062550000000002, -1.63045, -0.80005, -0.009298
26, 10.060000000000008, -1.5999999999999996, -0.8, 10.0593, -1.60095, -0.80005, -0.009329
26, 10.060000000000008, -1.5699999999999996, -0.8, 10.0622, -1.57075, -0.80005, -0.009293
26, 10.060000000000008, -1.5399999999999996, -0.8, 10.0607, -1.54, -0.8, -0.009308
26, 10.060000000000008, -1.5099999999999996, -0.8, 10.0586, -1.5095, -0.8, -0.009303
26, 10.060000000000008, -1.4799999999999995, -0.8, 10.061200000000001, -1.4805500000000003, -0.8, -0.00936
26, 10.060000000000008, -1.4499999999999995, -0.8, 10.05935, -1.44995, -0.79995, -0.00934
26, 10.060000000000008, -1.4199999999999995, -0.8, 10.06035, -1.42095, -0.79995, -0.009293
27, 10.090000000000007, -1.4199999999999995, -0.8, 10.0888, -1.4200500000000003, -0.79995, -0.009334
27, 10.120000000000006, -1.4199999999999995, -0.8, 10.1195, -1.4199000000000002, -0.79995, -0.009298
27, 10.150000000000006, -1.4199999999999995, -0.8, 10.1508, -1.41985, -0.8, -0.009298
27, 10.180000000000005, -1.4199999999999995, -0.8, 10.18055, -1.4201000000000001, -0.79995, -0.009298
27, 10.210000000000004, -1.4199999999999995, -0.8, 10.209550000000002, -1.41985, -0.80005, -0.009345
27, 10.240000000000004, -1.4199999999999995, -0.8, 10.241, -1.4199000000000002, -0.8001, -0.009334
27, 10.270000000000003, -1.4199999999999995, -0.8, 10.270900000000001, -1.4202000000000001, -0.80005, -0.009272
27, 10.300000000000002, -1.4199999999999995, -0.8, 10.300650000000001, -1.4200500000000003, -0.80005, -0.00936
27, 10.330000000000002, -1.4199999999999995, -0.8, 10.331100000000001, -1.4198000000000002, -0.80005, -0.00934
27, 10.360000000000001, -1.4199999999999995, -0.8, 10.36035, -1.41985, -0.8, -0.009329
27, 10.39, -1.4199999999999995, -0.8, 10.390450000000001, -1.4200500000000003, -0.80005, -0.009329
27, 10.42, -1.4199999999999995, -0.8, 10.4195, -1.42015, -0.79995, -0.00935
27, 10.45, -1.4199999999999995, -0.8, 10.449650000000002, -1.4198000000000002, -0.79995, -0.009334
27, 10.479999999999999, -1.4199999999999995, -0.8, 10.4806, -1.4198000000000002, -0.7999, -0.009334
27, 10.509999999999998, -1.4199999999999995, -0.8, 10.510150000000001, -1.42025, -0.7999, -0.009319
27, 10.539999999999997, -1.4199999999999995, -0.8, 10.54085, -1.4200500000000003, -0.8, -0.00934
27, 10.569999999999997, -1.4199999999999995, -0.8, 10.569650000000001, -1.41985, -0.8, -0.009308
27, 10.599999999999996, -1.4199999999999995, -0.8, 10.599800000000002, -1.41975, -0.8, -0.009303
27, 10.629999999999995, -1.4199999999999995, -0.8, 10.629050000000001, -1.41985, -0.8, -0.009293
27, 10.659999999999995, -1.4199999999999995, -0.8, 10.660200000000001, -1.4204, -0.8, -0.009329
27, 10.689999999999994, -1.4199999999999995, -0.8, 10.69025, -1.41995, -0.80005, -0.009287
27, 10.719999999999994, -1.4199999999999995, -0.8, 10.720400000000001, -1.4199000000000002, -0.80005, -0.009303
27, 10.749999999999993, -1.4199999999999995, -0.8, 10.75075, -1.4199000000000002, -0.8001, -0.009314
27, 10.779999999999992, -1.4199999999999995, -0.8, 10.780050000000001, -1.4199000000000002, -0.80005, -0.00934
27, 10.809999999999992, -1.4199999999999995, -0.8, 10.809800000000001, -1.4200500000000003, -0.80005, -0.00934
27, 10.839999999999991, -1.4199999999999995, -0.8, 10.839400000000001, -1.4202000000000001, -0.80005, -0.009324
27, 10.86999999999999, -1.4199999999999995, -0.8, 10.869650000000002, -1.42015, -0.80005, -0.009303
27, 10.86999999999999, -1.4499999999999995, -0.8, 10.8716, -1.4493000000000003, -0.8, -0.009298
27, 10.86999999999999, -1.4799999999999995, -0.8, 10.871450000000001, -1.4795, -0.7999, -0.00934
27, 10.86999999999999, -1.5099999999999996, -0.8, 10.8694, -1.5097, -0.8, -0.009355
27, 10.86999999999999, -1.5399999999999996, -0.8, 10.869200000000001, -1.5402, -0.8, -0.00935
27, 10.86999999999999, -1.5699999999999996, -0.8, 10.867150000000002, -1.5695, -0.8, -0.00934
27, 10.86999999999999, -1.5999999999999996, -0.8, 10.86985, -1.59975, -0.8, -0.009277
27, 10.86999999999999, -1.6299999999999997, -0.8, 10.87005, -1.63, -0.8, -0.009298
27, 10.86999999999999, -1.6599999999999997, -0.8, 10.869150000000001, -1.6595, -0.8, -0.009329
27, 10.86999999999999, -1.6899999999999997, -0.8, 10.86855, -1.6899000000000002, -0.8, -0.00935
27, 10.86999999999999, -1.7199999999999998, -0.8, 10.869150000000001, -1.72015, -0.8, -0.009324
27, 10.86999999999999, -1.7499999999999998, -0.8, 10.8687, -1.7497, -0.8, -0.009334
27, 10.86999999999999, -1.7799999999999998, -0.8, 10.8702, -1.7803000000000002, -0.8, -0.00934
27, 10.86999999999999, -1.8099999999999998, -0.8, 10.86945, -1.8093500000000002, -0.80005, -0.00934
27, 10.86999999999999, -1.8399999999999999, -0.8, 10.871, -1.8403000000000003, -0.8, -0.009293
27, 10.86999999999999, -1.8699999999999999, -0.8, 10.872, -1.8700500000000002, -0.8, -0.00934
27, 10.86999999999999, -1.9, -0.8, 10.8711, -1.90025, -0.8, -0.009293
27, 10.86999999999999, -1.93, -0.8, 10.87235, -1.9300500000000003, -0.8, -0.009272
27, 10.86999999999999, -1.96, -0.8, 10.8731, -1.96075, -0.8, -0.00935
27, 10.86999999999999, -1.99, -0.8, 10.87015, -1.9901000000000002, -0.8, -0.009298
27, 10.86999999999999, -2.02, -0.8, 10.869050000000001, -2.0188, -0.8, -0.009303
27, 10.86999999999999, -2.05, -0.8, 10.86725, -2.04925, -0.79995, -0.009329
27, 10.86999999999999, -2.0799999999999996, -0.8, 10.870550000000001, -2.0794500000000005, -0.79995, -0.009293
27, 10.86999999999999, -2.1099999999999994, -0.8, 10.872, -2.1107000000000005, -0.79995, -0.009329
27, 10.86999999999999, -2.1399999999999992, -0.8, 10.8702, -2.1397000000000004, -0.79995, -0.009324
27, 10.86999999999999, -2.169999999999999, -0.8, 10.871300000000002, -2.1700999999999997, -0.8001, -0.009308
27, 10.86999999999999, -2.199999999999999, -0.8, 10.869650000000002, -2.2, -0.79995, -0.009334
27, 10.86999999999999, -2.2299999999999986, -0.8, 10.871, -2.2298, -0.79995, -0.00934
28, 10.839999999999991, -2.2299999999999986, -0.8, 10.840150000000001, -2.22985, -0.79995, -0.00935
28, 10.809999999999992, -2.2299999999999986, -0.8, 10.808950000000001, -2.23025, -0.79995, -0.009324
28, 10.779999999999992, -2.2299999999999986, -0.8, 10.779, -2.23, -0.8, -0.009308
28, 10.749999999999993, -2.2299999999999986, -0.8, 10.75025, -2.23, -0.8, -0.009334
28, 10.719999999999994, -2.2299999999999986, -0.8, 10.719400000000002, -2.22995, -0.8, -0.009314
28, 10.689999999999994, -2.2299999999999986, -0.8, 10.689350000000001, -2.22995, -0.79995, -0.009303
28, 10.659999999999995, -2.2299999999999986, -0.8, 10.659600000000001, -2.23, -0.79995, -0.009329
28, 10.629999999999995, -2.2299999999999986, -0.8, 10.63035, -2.2300500000000003, -0.79995, -0.00934
28, 10.599999999999996, -2.2299999999999986, -0.8, 10.600200000000001, -2.2300999999999997, -0.8, -0.00935
28, 10.569999999999997, -2.2299999999999986, -0.8, 10.569650000000001, -2.2300999999999997, -0.8, -0.009345
28, 10.539999999999997, -2.2299999999999986, -0.8, 10.539150000000001, -2.2299, -0.8, -0.00934
28, 10.509999999999998, -2.2299999999999986, -0.8, 10.509450000000001, -2.22995, -0.8, -0.009345
28, 10.479999999999999, -2.2299999999999986, -0.8, 10.47925, -2.2300500000000003, -0.8, -0.00934
28, 10.45, -2.2299999999999986, -0.8, 10.4505, -2.2300999999999997, -0.8, -0.00935
28, 10.42, -2.2299999999999986, -0.8, 10.42085, -2.2300500000000003, -0.8, -0.009303
28, 10.39, -2.2299999999999986, -0.8, 10.390600000000001, -2.2298, -0.8, -0.009303
28, 10.360000000000001, -2.2299999999999986, -0.8, 10.35985, -2.22985, -0.8, -0.009293
28, 10.330000000000002, -2.2299999999999986, -0.8, 10.329450000000001, -2.2299, -0.79995, -0.009334
28, 10.300000000000002, -2.2299999999999986, -0.8, 10.29975, -2.2300999999999997, -0.8, -0.00934
28, 10.270000000000003, -2.2299999999999986, -0.8, 10.269650000000002, -2.2300999999999997, -0.8, -0.009293
28, 10.240000000000004, -2.2299999999999986, -0.8, 10.241100000000001, -2.2300999999999997, -0.8, -0.009298
28, 10.210000000000004, -2.2299999999999986, -0.8, 10.210600000000001, -2.23, -0.79995, -0.009366
28, 10.180000000000005, -2.2299999999999986, -0.8, 10.179900000000002, -2.23, -0.8, -0.009324
28, 10.150000000000006, -2.2299999999999986, -0.8, 10.149650000000001, -2.2299, -0.8, -0.00934
28, 10.120000000000006, -2.2299999999999986, -0.8, 10.119050000000001, -2.2299, -0.8, -0.009334
28, 10.090000000000007, -2.2299999999999986, -0.8, 10.08875, -2.23, -0.8, -0.009334
28, 10.060000000000008, -2.2299999999999986, -0.8, 10.05925, -2.2300500000000003, -0.8, -0.009308
28, 10.030000000000008, -2.2299999999999986, -0.8, 10.03025, -2.2300500000000003, -0.8, -0.009334
28, 10.030000000000008, -2.199999999999999, -0.8, 10.03135, -2.2003000000000004, -0.8, -0.009303
28, 10.030000000000008, -2.169999999999999, -0.8, 10.02975, -2.1700999999999997, -0.8, -0.009303
28, 10.030000000000008, -2.1399999999999992, -0.8, 10.0315, -2.13985, -0.8, -0.009308
28, 10.030000000000008, -2.1099999999999994, -0.8, 10.029950000000001, -2.11015, -0.8, -0.009334
28, 10.030000000000008, -2.0799999999999996, -0.8, 10.027400000000002, -2.0801, -0.8, -0.009308
28, 10.030000000000008, -2.05, -0.8, 10.02825, -2.0495, -0.8, -0.009345
28, 10.030000000000008, -2.02, -0.8, 10.02935, -2.02035, -0.8, -0.009303
28, 10.030000000000008, -1.99, -0.8, 10.02945, -1.9899, -0.8, -0.009334
28, 10.030000000000008, -1.96, -0.8, 10.0321, -1.95995, -0.80005, -0.00934
28, 10.030000000000008, -1.93, -0.8, 10.030700000000001, -1.9306500000000002, -0.8, -0.009303
28, 10.030000000000008, -1.9, -0.8, 10.030100000000001, -1.9005500000000002, -0.8, -0.009345
28, 10.030000000000008, -1.8699999999999999, -0.8, 10.0282, -1.86915, -0.8, -0.009303
28, 10.030000000000008, -1.8399999999999999, -0.8, 10.02895, -1.8401, -0.8, -0.00934
28, 10.030000000000008, -1.8099999999999998, -0.8, 10.031300000000002, -1.8100500000000002, -0.8, -0.009293
28, 10.030000000000008, -1.7799999999999998, -0.8, 10.03185, -1.7797, -0.8, -0.009324
28, 10.030000000000008, -1.7499999999999998, -0.8, 10.028450000000001, -1.75065, -0.80005, -0.009314
28, 10.030000000000008, -1.7199999999999998, -0.8, 10.030850000000001, -1.71975, -0.8, -0.009287
28, 10.030000000000008, -1.6899999999999997, -0.8, 10.027700000000001, -1.6901000000000002, -0.79995, -0.009298
28, 10.030000000000008, -1.6599999999999997, -0.8, 10.032350000000001, -1.6603, -0.79995, -0.00935
28, 10.030000000000008, -1.6299999999999997, -0.8, 10.028400000000001, -1.63, -0.79995, -0.009345
28, 10.030000000000008, -1.5999999999999996, -0.8, 10.030700000000001, -1.6000500000000002, -0.8, -0.00935
28, 10.030000000000008, -1.5699999999999996, -0.8, 10.03175, -1.5698500000000002, -0.8, -0.009303
28, 10.030000000000008, -1.5399999999999996, -0.8, 10.02835, -1.5401500000000001, -0.8, -0.009287
28, 10.030000000000008, -1.5099999999999996, -0.8, 10.02715, -1.50875, -0.8, -0.009293
28, 10.030000000000008, -1.4799999999999995, -0.8, 10.032, -1.4805, -0.8, -0.009298
28, 10.030000000000008, -1.4499999999999995, -0.8, 10.028550000000001, -1.4488, -0.8, -0.009314
28, 10.030000000000008, -1.4199999999999995, -0.8, 10.03095, -1.41985, -0.8, -0.00935
28, 10.030000000000008, -1.3899999999999995, -0.8, 10.02785, -1.39025, -0.8, -0.009282
29, 10.060000000000008, -1.3899999999999995, -0.8, 10.0602, -1.38965, -0.8, -0.009303
29, 10.090000000000007, -1.3899999999999995, -0.8, 10.09045, -1.3896000000000002, -0.8, -0.009298
29, 10.120000000000006, -1.3899999999999995, -0.8, 10.1193, -1.3897, -0.8001, -0.009319
29, 10.150000000000006, -1.3899999999999995, -0.8, 10.151, -1.3899000000000001, -0.8001, -0.009298
29, 10.180000000000005, -1.3899999999999995, -0.8, 10.1807, -1.39015, -0.8001, -0.009298
29, 10.210000000000004, -1.3899999999999995, -0.8, 10.2093, -1.3903500000000002, -0.8001, -0.009314
29, 10.240000000000004, -1.3899999999999995, -0.8, 10.2395, -1.3900500000000002, -0.8001, -0.009303
29, 10.270000000000003, -1.3899999999999995, -0.8, 10.269300000000001, -1.38995, -0.80005, -0.009298
29, 10.300000000000002, -1.3899999999999995, -0.8, 10.299700000000001, -1.3898000000000001, -0.80005, -0.00934
29, 10.330000000000002, -1.3899999999999995, -0.8, 10.330900000000002, -1.3899000000000001, -0.79995, -0.009298
29, 10.360000000000001, -1.3899999999999995, -0.8, 10.359800000000002, -1.39025, -0.79995, -0.009345
29, 10.39, -1.3899999999999995, -0.8, 10.390900000000002, -1.39025, -0.7999, -0.009308
29, 10.42, -1.3899999999999995, -0.8, 10.419900000000002, -1.3898000000000001, -0.79995, -0.009282
29, 10.45, -1.3899999999999995, -0.8, 10.44975, -1.3900500000000002, -0.8, -0.009324
29, 10.479999999999999, -1.3899999999999995, -0.8, 10.478900000000001, -1.39025, -0.79995, -0.009355
29, 10.509999999999998, -1.3899999999999995, -0.8, 10.5111, -1.3900500000000002, -0.80005, -0.009345
29, 10.539999999999997, -1.3899999999999995, -0.8, 10.54015, -1.3899000000000001, -0.8001, -0.009308
29, 10.569999999999997, -1.3899999999999995, -0.8, 10.569550000000001, -1.38985, -0.8001, -0.00935
29, 10.599999999999996, -1.3899999999999995, -0.8, 10.599650000000002, -1.3899000000000001, -0.8001, -0.009334
29, 10.629999999999995, -1.3899999999999995, -0.8, 10.63025, -1.38995, -0.8001, -0.009334
29, 10.659999999999995, -1.3899999999999995, -0.8, 10.66, -1.3902, -0.8, -0.00936
29, 10.689999999999994, -1.3899999999999995, -0.8, 10.6903, -1.3902, -0.8, -0.009293
29, 10.719999999999994, -1.3899999999999995, -0.8, 10.721800000000002, -1.39, -0.80005, -0.009303
29, 10.749999999999993, -1.3899999999999995, -0.8, 10.749150000000002, -1.3899000000000001, -0.8, -0.009298
29, 10.779999999999992, -1.3899999999999995, -0.8, 10.779900000000001, -1.38985, -0.79995, -0.009355
29, 10.809999999999992, -1.3899999999999995, -0.8, 10.811, -1.39, -0.79995, -0.009314
29, 10.839999999999991, -1.3899999999999995, -0.8, 10.84025, -1.39015, -0.79995, -0.009345
29, 10.86999999999999, -1.3899999999999995, -0.8, 10.86975, -1.3901000000000001, -0.79995, -0.00934
29, 10.89999999999999, -1.3899999999999995, -0.8, 10.901050000000001, -1.3901000000000001, -0.79995, -0.009298
29, 10.89999999999999, -1.4199999999999995, -0.8, 10.8986, -1.41955, -0.8, -0.009324
29, 10.89999999999999, -1.4499999999999995, -0.8, 10.90145, -1.44965, -0.80005, -0.009314
29, 10.89999999999999, -1.4799999999999995, -0.8, 10.89925, -1.48005, -0.80005, -0.009303
29, 10.89999999999999, -1.5099999999999996, -0.8, 10.900150000000002, -1.51015, -0.80005, -0.009324
29, 10.89999999999999, -1.5399999999999996, -0.8, 10.897450000000001, -1.53895, -0.80005, -0.009345
29, 10.89999999999999, -1.5699999999999996, -0.8, 10.901150000000001, -1.5698, -0.8, -0.009298
29, 10.89999999999999, -1.5999999999999996, -0.8, 10.9029, -1.59995, -0.79995, -0.009303
29, 10.89999999999999, -1.6299999999999997, -0.8, 10.897200000000002, -1.6305, -0.79995, -0.009345
29, 10.89999999999999, -1.6599999999999997, -0.8, 10.898700000000002, -1.65985, -0.79995, -0.009308
29, 10.89999999999999, -1.6899999999999997, -0.8, 10.9, -1.6899000000000002, -0.79995, -0.00935
29, 10.89999999999999, -1.7199999999999998, -0.8, 10.89775, -1.7189, -0.79995, -0.009345
29, 10.89999999999999, -1.7499999999999998, -0.8, 10.90005, -1.75015, -0.8, -0.009334
29, 10.89999999999999, -1.7799999999999998, -0.8, 10.8993, -1.7801500000000001, -0.8, -0.009345
29, 10.89999999999999, -1.8099999999999998, -0.8, 10.90075, -1.8104, -0.8, -0.00934
29, 10.89999999999999, -1.8399999999999999, -0.8, 10.89925, -1.84, -0.79995, -0.009329
29, 10.89999999999999, -1.8699999999999999, -0.8, 10.902050000000001, -1.8698500000000002, -0.8, -0.009345
29, 10.89999999999999, -1.9, -0.8, 10.90125, -1.8999000000000001, -0.8, -0.009334
29, 10.89999999999999, -1.93, -0.8, 10.9006, -1.92995, -0.8, -0.009355
29, 10.89999999999999, -1.96, -0.8, 10.899, -1.96015, -0.80005, -0.009303
29, 10.89999999999999, -1.99, -0.8, 10.900400000000001, -1.99, -0.8, -0.009303
29, 10.89999999999999, -2.02, -0.8, 10.898100000000001, -2.02, -0.8, -0.00934
29, 10.89999999999999, -2.05, -0.8, 10.89935, -2.05005, -0.8, -0.00934
29, 10.89999999999999, -2.0799999999999996, -0.8, 10.9007, -2.08015, -0.8, -0.00935
29, 10.89999999999999, -2.1099999999999994, -0.8, 10.898800000000001, -2.1095, -0.80005, -0.009329
29, 10.89999999999999, -2.1399999999999992, -0.8, 10.90035, -2.1399500000000002, -0.80005, -0.009329
29, 10.89999999999999, -2.169999999999999, -0.8, 10.9, -2.1700500000000003, -0.79995, -0.009298
29, 10.89999999999999, -2.199999999999999, -0.8, 10.898900000000001, -2.2004, -0.7999, -0.009314
29, 10.89999999999999, -2.2299999999999986, -0.8, 10.900300000000001, -2.2299, -0.8, -0.009334
29, 10.89999999999999, -2.2599999999999985, -0.8, 10.9032, -2.2603, -0.8, -0.009324
30, 10.86999999999999, -2.2599999999999985, -0.8, 10.87, -2.2599500000000003, -0.80005, -0.009334
30, 10.839999999999991, -2.2599999999999985, -0.8, 10.839450000000001, -2.26, -0.80005, -0.00935
30, 10.809999999999992, -2.2599999999999985, -0.8, 10.809550000000002, -2.26, -0.8, -0.00935
30, 10.779999999999992, -2.2599999999999985, -0.8, 10.779950000000001, -2.2599500000000003, -0.8, -0.009329
30, 10.749999999999993, -2.2599999999999985, -0.8, 10.7501, -2.2599500000000003, -0.80005, -0.00934
30, 10.719999999999994, -2.2599999999999985, -0.8, 10.71875, -2.26005, -0.8, -0.009287
30, 10.689999999999994, -2.2599999999999985, -0.8, 10.6885, -2.2599500000000003, -0.80005, -0.009355
30, 10.659999999999995, -2.2599999999999985, -0.8, 10.658400000000002, -2.2599500000000003, -0.80005, -0.00934
30, 10.629999999999995, -2.2599999999999985, -0.8, 10.629950000000001, -2.2599500000000003, -0.8, -0.00935
30, 10.599999999999996, -2.2599999999999985, -0.8, 10.599800000000002, -2.2599500000000003, -0.7999, -0.009355
30, 10.569999999999997, -2.2599999999999985, -0.8, 10.569300000000002, -2.26005, -0.7999, -0.009345
30, 10.539999999999997, -2.2599999999999985, -0.8, 10.541400000000001, -2.2602, -0.7999, -0.009334
30, 10.509999999999998, -2.2599999999999985, -0.8, 10.51085, -2.26015, -0.7999, -0.00934
30, 10.479999999999999, -2.2599999999999985, -0.8, 10.4806, -2.26015, -0.7999, -0.009298
30, 10.45, -2.2599999999999985, -0.8, 10.450650000000001, -2.26015, -0.7999, -0.009298
30, 10.42, -2.2599999999999985, -0.8, 10.4201, -2.26005, -0.79995, -0.009334
30, 10.39, -2.2599999999999985, -0.8, 10.39005, -2.2599, -0.80005, -0.009303
30, 10.360000000000001, -2.2599999999999985, -0.8, 10.3596, -2.2599, -0.80005, -0.00934
30, 10.330000000000002, -2.2599999999999985, -0.8, 10.32925, -2.2599, -0.8, -0.009314
30, 10.300000000000002, -2.2599999999999985, -0.8, 10.299700000000001, -2.26, -0.80005, -0.009308
30, 10.270000000000003, -2.2599999999999985, -0.8, 10.270550000000002, -2.2599500000000003, -0.80005, -0.009345
30, 10.240000000000004, -2.2599999999999985, -0.8, 10.24075, -2.2599500000000003, -0.80005, -0.009303
30, 10.210000000000004, -2.2599999999999985, -0.8, 10.20975, -2.26, -0.8, -0.009282
30, 10.180000000000005, -2.2599999999999985, -0.8, 10.180050000000001, -2.2601, -0.79995, -0.009308
30, 10.150000000000006, -2.2599999999999985, -0.8, 10.1507, -2.26005, -0.7999, -0.009303
30, 10.120000000000006, -2.2599999999999985, -0.8, 10.119, -2.26, -0.79995, -0.00935
30, 10.090000000000007, -2.2599999999999985, -0.8, 10.088700000000001, -2.26005, -0.79995, -0.009319
30, 10.060000000000008, -2.2599999999999985, -0.8, 10.0607, -2.26005, -0.7999, -0.009314
30, 10.030000000000008, -2.2599999999999985, -0.8, 10.030050000000001, -2.2599500000000003, -0.79995, -0.009345
30, 10.000000000000009, -2.2599999999999985, -0.8, 9.99895, -2.2599500000000003, -0.80005, -0.009324
30, 10.000000000000009, -2.2299999999999986, -0.8, 9.99975, -2.23, -0.8, -0.009319
30, 10.000000000000009, -2.199999999999999, -0.8, 9.997950000000001, -2.2001, -0.8, -0.00934
30, 10.000000000000009, -2.169999999999999, -0.8, 10.000650000000002, -2.1703, -0.8, -0.009303
30, 10.000000000000009, -2.1399999999999992, -0.8, 9.997800000000002, -2.1388499999999997, -0.8, -0.009314
30, 10.000000000000009, -2.1099999999999994, -0.8, 9.99785, -2.1090999999999998, -0.8, -0.009308
30, 10.000000000000009, -2.0799999999999996, -0.8, 10.00115, -2.0798, -0.8, -0.009355
30, 10.000000000000009, -2.05, -0.8, 10.00115, -2.0501, -0.79995, -0.009308
30, 10.000000000000009, -2.02, -0.8, 10.000350000000001, -2.0201000000000002, -0.8, -0.00935
30, 10.000000000000009, -1.99, -0.8, 10.0031, -1.9913500000000002, -0.79995, -0.009334
30, 10.000000000000009, -1.96, -0.8, 10.000350000000001, -1.95985, -0.8, -0.009293
30, 10.000000000000009, -1.93, -0.8, 9.99965, -1.93025, -0.8, -0.009329
30, 10.000000000000009, -1.9, -0.8, 9.999150000000002, -1.9002000000000001, -0.8, -0.009298
30, 10.000000000000009, -1.8699999999999999, -0.8, 9.9977, -1.86965, -0.8, -0.009324
30, 10.000000000000009, -1.8399999999999999, -0.8, 9.99905, -1.8403500000000002, -0.80005, -0.009345
30, 10.000000000000009, -1.8099999999999998, -0.8, 9.997300000000001, -1.80915, -0.80005, -0.009345
30, 10.000000000000009, -1.7799999999999998, -0.8, 10.001, -1.77975, -0.8, -0.009308
30, 10.000000000000009, -1.7499999999999998, -0.8, 10.0001, -1.7495500000000002, -0.8, -0.00934
30, 10.000000000000009, -1.7199999999999998, -0.8, 9.9995, -1.7197, -0.7999, -0.00936
30, 10.000000000000009, -1.6899999999999997, -0.8, 9.99735, -1.6894, -0.7999, -0.009345
30, 10.000000000000009, -1.6599999999999997, -0.8, 9.997200000000001, -1.6599000000000002, -0.79995, -0.009345
30, 10.000000000000009, -1.6299999999999997, -0.8, 10.00275, -1.63, -0.8, -0.009298
30, 10.000000000000009, -1.5999999999999996, -0.8, 9.9991, -1.60075, -0.8, -0.009303
30, 10.000000000000009, -1.5699999999999996, -0.8, 10.0006, -1.57085, -0.8, -0.00936
30, 10.000000000000009, -1.5399999999999996, -0.8, 10.00075, -1.5404, -0.8, -0.009334
30, 10.000000000000009, -1.5099999999999996, -0.8, 9.999300000000002, -1.5095, -0.80005, -0.009308
30, 10.000000000000009, -1.4799999999999995, -0.8, 10.0012, -1.4804000000000002, -0.8, -0.009308
30, 10.000000000000009, -1.4499999999999995, -0.8, 9.999900000000002, -1.4503000000000001, -0.79995, -0.009287
30, 10.000000000000009, -1.4199999999999995, -0.8, 9.997050000000002, -1.41965, -0.8, -0.009298
30, 10.000000000000009, -1.3899999999999995, -0.8, 10.003050000000002, -1.3905500000000002, -0.79995, -0.009287
30, 10.000000000000009, -1.3599999999999994, -0.8, 10.001, -1.3598000000000001, -0.79995, -0.00934
0, 10.45, -1.81, -0.7000000000000001, 10.001100000000001, -1.3597000000000001, -0.79995, -0.00934
