Voltage = 3.3, Current = 14.4, Pinhole = 15um 
0, 1.5, -4, -5, 1.5001000000000002, -3.9996000000000005, -5.0003, -0.00934
1, 1.51, -4, -5, 1.50945, -3.9998, -5.0001500000000005, -0.009329
1, 1.51, -4.01, -5, 1.5100500000000001, -4.01065, -5.00005, -0.009392
2, 1.5, -4.01, -5, 1.5006000000000002, -4.01025, -5.0, -0.00935
2, 1.49, -4.01, -5, 1.49075, -4.00985, -5.0, -0.009308
2, 1.49, -4.0, -5, 1.49005, -3.99955, -5.0, -0.009308
2, 1.49, -3.99, -5, 1.4891, -3.9898000000000002, -5.0, -0.009397
3, 1.5, -3.99, -5, 1.4996, -3.9898000000000002, -4.9998000000000005, -0.00935
3, 1.51, -3.99, -5, 1.51015, -3.99, -4.9998000000000005, -0.00935
3, 1.52, -3.99, -5, 1.51865, -3.9899500000000003, -4.99975, -0.009334
3, 1.52, -4.0, -5, 1.5197, -4.00015, -4.99985, -0.009392
3, 1.52, -4.01, -5, 1.5208000000000002, -4.0102, -5.0, -0.009397
3, 1.52, -4.02, -5, 1.5208000000000002, -4.0195, -5.00005, -0.009324
4, 1.51, -4.02, -5, 1.5098000000000003, -4.02045, -5.000100000000001, -0.009371
4, 1.5, -4.02, -5, 1.5005500000000003, -4.02045, -5.0001500000000005, -0.009402
4, 1.49, -4.02, -5, 1.49045, -4.0198, -5.0001500000000005, -0.009329
4, 1.48, -4.02, -5, 1.48065, -4.0198, -5.0002, -0.009376
4, 1.48, -4.01, -5, 1.4809, -4.010350000000001, -5.000100000000001, -0.009397
4, 1.48, -4.0, -5, 1.4801000000000002, -4.00005, -4.999950000000001, -0.009334
4, 1.48, -3.99, -5, 1.4801000000000002, -3.9896000000000003, -4.9999, -0.009381
4, 1.48, -3.9800000000000004, -5, 1.47975, -3.97955, -4.99985, -0.00935
5, 1.49, -3.9800000000000004, -5, 1.49025, -3.9797000000000002, -4.99985, -0.00934
5, 1.5, -3.9800000000000004, -5, 1.4999, -3.9799, -4.9999, -0.009366
5, 1.51, -3.9800000000000004, -5, 1.5092, -3.97995, -4.9999, -0.009392
5, 1.52, -3.9800000000000004, -5, 1.51915, -3.9800500000000003, -5.0, -0.009334
5, 1.53, -3.9800000000000004, -5, 1.52945, -3.9801, -5.0, -0.009387
5, 1.53, -3.99, -5, 1.5297, -3.9888500000000002, -5.0, -0.009392
5, 1.53, -4.0, -5, 1.53035, -4.00145, -5.00005, -0.009329
5, 1.53, -4.01, -5, 1.53035, -4.00975, -5.000100000000001, -0.009366
5, 1.53, -4.02, -5, 1.5298500000000002, -4.0203, -5.000100000000001, -0.009324
5, 1.53, -4.029999999999999, -5, 1.53, -4.030950000000001, -5.000100000000001, -0.009329
6, 1.52, -4.029999999999999, -5, 1.5209000000000001, -4.03035, -5.0001500000000005, -0.009381
6, 1.51, -4.029999999999999, -5, 1.51075, -4.03015, -5.0001500000000005, -0.009381
6, 1.5, -4.029999999999999, -5, 1.50045, -4.03, -5.0001500000000005, -0.009329
6, 1.49, -4.029999999999999, -5, 1.50045, -4.03, -5.000100000000001, -0.009324
6, 1.48, -4.029999999999999, -5, 1.4809, -4.02995, -5.00005, -0.009381
6, 1.47, -4.029999999999999, -5, 1.4705, -4.02995, -5.00005, -0.009381
6, 1.47, -4.02, -5, 1.4701000000000002, -4.01965, -4.9999, -0.009334
6, 1.47, -4.01, -5, 1.46995, -4.01025, -4.9998000000000005, -0.009381
6, 1.47, -4.0, -5, 1.4697, -3.99955, -4.9998000000000005, -0.009366
6, 1.47, -3.99, -5, 1.47045, -3.99005, -4.99985, -0.009329
6, 1.47, -3.9800000000000004, -5, 1.4693500000000002, -3.9793000000000003, -4.9999, -0.00936
6, 1.47, -3.9700000000000006, -5, 1.46985, -3.9693, -5.00005, -0.00935
7, 1.48, -3.9700000000000006, -5, 1.4798000000000002, -3.9693500000000004, -5.00005, -0.00934
7, 1.49, -3.9700000000000006, -5, 1.48975, -3.97005, -5.00005, -0.009345
7, 1.5, -3.9700000000000006, -5, 1.4996500000000001, -3.9702, -5.00005, -0.009381
7, 1.51, -3.9700000000000006, -5, 1.5088500000000002, -3.9701500000000003, -5.0, -0.009324
7, 1.52, -3.9700000000000006, -5, 1.5193, -3.9702, -4.999950000000001, -0.009355
7, 1.53, -3.9700000000000006, -5, 1.52925, -3.9698, -4.9999, -0.009381
7, 1.54, -3.9700000000000006, -5, 1.5395, -3.96965, -4.999950000000001, -0.009345
7, 1.54, -3.9800000000000004, -5, 1.5398500000000002, -3.97915, -5.0, -0.009319
7, 1.54, -3.99, -5, 1.5404, -3.99105, -5.0, -0.009397
7, 1.54, -4.0, -5, 1.5399, -3.9999000000000002, -5.0, -0.009319
7, 1.54, -4.01, -5, 1.5395, -4.01125, -5.0, -0.009371
7, 1.54, -4.02, -5, 1.5404, -4.02045, -5.00005, -0.009319
7, 1.54, -4.029999999999999, -5, 1.5402, -4.0303, -5.00005, -0.009319
7, 1.54, -4.039999999999999, -5, 1.54075, -4.03975, -5.00005, -0.009387
8, 1.53, -4.039999999999999, -5, 1.5301500000000001, -4.04025, -5.000100000000001, -0.009413
8, 1.52, -4.039999999999999, -5, 1.5206000000000002, -4.0407, -5.000100000000001, -0.009319
8, 1.51, -4.039999999999999, -5, 1.5106000000000002, -4.0399, -5.00005, -0.009387
8, 1.5, -4.039999999999999, -5, 1.5002, -4.03985, -5.00005, -0.009381
8, 1.49, -4.039999999999999, -5, 1.4908000000000001, -4.03995, -5.000100000000001, -0.009387
8, 1.48, -4.039999999999999, -5, 1.4804000000000002, -4.0399, -5.0, -0.009334
8, 1.47, -4.039999999999999, -5, 1.4707000000000001, -4.03995, -4.9999, -0.009392
8, 1.46, -4.039999999999999, -5, 1.4605500000000002, -4.04, -4.999950000000001, -0.009371
8, 1.46, -4.029999999999999, -5, 1.4598000000000002, -4.0304, -4.9999, -0.009334
8, 1.46, -4.02, -5, 1.45985, -4.01985, -4.999950000000001, -0.00935
8, 1.46, -4.01, -5, 1.4597, -4.0102, -4.999950000000001, -0.009381
8, 1.46, -4.0, -5, 1.4596000000000002, -3.99955, -4.999950000000001, -0.009319
8, 1.46, -3.99, -5, 1.4609, -3.99, -5.0, -0.009345
8, 1.46, -3.9800000000000004, -5, 1.4598000000000002, -3.9791000000000003, -5.00005, -0.009397
8, 1.46, -3.9700000000000006, -5, 1.4602, -3.96925, -5.000100000000001, -0.009319
8, 1.46, -3.960000000000001, -5, 1.4602, -3.9589000000000003, -5.000100000000001, -0.009345
9, 1.47, -3.960000000000001, -5, 1.4695, -3.95955, -5.00005, -0.009319
9, 1.48, -3.960000000000001, -5, 1.4798000000000002, -3.9599, -4.999950000000001, -0.009407
9, 1.49, -3.960000000000001, -5, 1.4895, -3.96, -4.9999, -0.009387
9, 1.5, -3.960000000000001, -5, 1.4894, -3.9600500000000003, -4.9999, -0.009319
9, 1.51, -3.960000000000001, -5, 1.5083000000000002, -3.96, -4.99985, -0.009376
9, 1.52, -3.960000000000001, -5, 1.5081000000000002, -3.96, -4.99985, -0.009397
9, 1.53, -3.960000000000001, -5, 1.5083000000000002, -3.9600500000000003, -4.9999, -0.009334
9, 1.54, -3.960000000000001, -5, 1.53825, -3.9601, -4.9999, -0.009329
9, 1.55, -3.960000000000001, -5, 1.5495500000000002, -3.95995, -4.99985, -0.009397
9, 1.55, -3.9700000000000006, -5, 1.5501500000000001, -3.9689500000000004, -4.999950000000001, -0.009345
9, 1.55, -3.9800000000000004, -5, 1.5503000000000002, -3.9811000000000005, -5.0, -0.009324
9, 1.55, -3.99, -5, 1.55025, -3.9904, -5.0, -0.009392
9, 1.55, -4.0, -5, 1.5496, -4.0012, -5.0, -0.00935
9, 1.55, -4.01, -5, 1.5501500000000001, -4.011, -5.0, -0.009381
9, 1.55, -4.02, -5, 1.5502, -4.01965, -5.0, -0.009324
9, 1.55, -4.029999999999999, -5, 1.5506000000000002, -4.030950000000001, -5.00005, -0.009371
9, 1.55, -4.039999999999999, -5, 1.5499, -4.03985, -5.00005, -0.009319
9, 1.55, -4.049999999999999, -5, 1.5503000000000002, -4.0508500000000005, -5.000100000000001, -0.009308
10, 1.54, -4.049999999999999, -5, 1.5399500000000002, -4.0504500000000005, -5.000100000000001, -0.009402
10, 1.53, -4.049999999999999, -5, 1.5309000000000001, -4.05, -5.000100000000001, -0.009345
10, 1.52, -4.049999999999999, -5, 1.53075, -4.050050000000001, -5.000100000000001, -0.009319
10, 1.51, -4.049999999999999, -5, 1.5108000000000001, -4.0498, -5.0001500000000005, -0.009392
10, 1.5, -4.049999999999999, -5, 1.5005500000000003, -4.04965, -5.000100000000001, -0.009371
10, 1.49, -4.049999999999999, -5, 1.4905, -4.0498, -5.0, -0.009334
10, 1.48, -4.049999999999999, -5, 1.4805500000000003, -4.0501000000000005, -5.0, -0.009387
10, 1.47, -4.049999999999999, -5, 1.4707000000000001, -4.0503, -5.0, -0.009366
10, 1.46, -4.049999999999999, -5, 1.4608, -4.0503, -5.0, -0.009324
10, 1.45, -4.049999999999999, -5, 1.4503000000000001, -4.0501000000000005, -5.00005, -0.009381
10, 1.45, -4.039999999999999, -5, 1.44985, -4.03965, -4.9999, -0.009381
10, 1.45, -4.029999999999999, -5, 1.4501000000000002, -4.0299000000000005, -4.99985, -0.009381
10, 1.45, -4.02, -5, 1.4501000000000002, -4.02005, -4.99985, -0.009319
10, 1.45, -4.01, -5, 1.44965, -4.009600000000001, -4.99985, -0.009381
10, 1.45, -4.0, -5, 1.4495, -3.9996000000000005, -4.999950000000001, -0.009366
10, 1.45, -3.99, -5, 1.4504000000000001, -3.9899, -5.00005, -0.009329
10, 1.45, -3.9800000000000004, -5, 1.4497, -3.9789, -5.000100000000001, -0.009308
10, 1.45, -3.9700000000000006, -5, 1.45, -3.9692000000000003, -5.000100000000001, -0.009366
10, 1.45, -3.960000000000001, -5, 1.45, -3.95895, -5.000100000000001, -0.009392
10, 1.45, -3.950000000000001, -5, 1.45, -3.949, -5.00005, -0.009334
11, 1.46, -3.950000000000001, -5, 1.4597, -3.94945, -5.0, -0.009402
11, 1.47, -3.950000000000001, -5, 1.46975, -3.9496, -5.0, -0.009376
11, 1.48, -3.950000000000001, -5, 1.4797, -3.94965, -4.999950000000001, -0.009319
11, 1.49, -3.950000000000001, -5, 1.4891, -3.9498500000000005, -4.99985, -0.009345
11, 1.5, -3.950000000000001, -5, 1.4993500000000002, -3.9511000000000003, -4.9998000000000005, -0.009392
11, 1.51, -3.950000000000001, -5, 1.5092, -3.9499, -4.99985, -0.009314
11, 1.52, -3.950000000000001, -5, 1.5189000000000001, -3.9498500000000005, -4.9999, -0.009376
11, 1.53, -3.950000000000001, -5, 1.5292000000000001, -3.9499, -4.999950000000001, -0.009319
11, 1.54, -3.950000000000001, -5, 1.5393500000000002, -3.9499, -4.999950000000001, -0.009387
11, 1.55, -3.950000000000001, -5, 1.5495500000000002, -3.94975, -5.0, -0.009324
11, 1.56, -3.950000000000001, -5, 1.56055, -3.9499, -5.00005, -0.009366
11, 1.56, -3.960000000000001, -5, 1.5608000000000002, -3.96085, -5.000100000000001, -0.009387
11, 1.56, -3.9700000000000006, -5, 1.56025, -3.9696000000000002, -5.000100000000001, -0.009334
11, 1.56, -3.9800000000000004, -5, 1.5604, -3.98115, -5.0001500000000005, -0.009397
11, 1.56, -3.99, -5, 1.55915, -3.99075, -5.0001500000000005, -0.009308
11, 1.56, -4.0, -5, 1.55945, -4.0012, -5.000100000000001, -0.009345
11, 1.56, -4.01, -5, 1.5604500000000001, -4.0104500000000005, -5.0, -0.009387
11, 1.56, -4.02, -5, 1.5608000000000002, -4.02125, -4.999950000000001, -0.009345
11, 1.56, -4.029999999999999, -5, 1.55945, -4.02965, -4.9999, -0.009392
11, 1.56, -4.039999999999999, -5, 1.56, -4.0402000000000005, -4.9999, -0.009402
11, 1.56, -4.049999999999999, -5, 1.5603000000000002, -4.0508500000000005, -4.9999, -0.009329
11, 1.56, -4.059999999999999, -5, 1.5598500000000002, -4.05965, -4.999950000000001, -0.00936
12, 1.55, -4.059999999999999, -5, 1.55045, -4.06, -5.0, -0.009334
12, 1.54, -4.059999999999999, -5, 1.5503000000000002, -4.0599, -4.999950000000001, -0.009355
12, 1.53, -4.059999999999999, -5, 1.5313, -4.06005, -5.000100000000001, -0.009387
12, 1.52, -4.059999999999999, -5, 1.5196500000000002, -4.06, -5.0001500000000005, -0.009334
12, 1.51, -4.059999999999999, -5, 1.5197, -4.06005, -5.0001500000000005, -0.00934
12, 1.5, -4.059999999999999, -5, 1.5008000000000001, -4.06005, -5.0001500000000005, -0.009371
12, 1.49, -4.059999999999999, -5, 1.4906000000000001, -4.06, -5.0001500000000005, -0.009387
12, 1.48, -4.059999999999999, -5, 1.4906000000000001, -4.06005, -5.0001500000000005, -0.009345
12, 1.47, -4.059999999999999, -5, 1.4713000000000003, -4.06, -5.000100000000001, -0.00934
12, 1.46, -4.059999999999999, -5, 1.46075, -4.06005, -5.0, -0.009376
12, 1.45, -4.059999999999999, -5, 1.45025, -4.0599, -5.00005, -0.009387
12, 1.44, -4.059999999999999, -5, 1.4408500000000002, -4.0599, -4.9999, -0.009387
12, 1.44, -4.049999999999999, -5, 1.4401000000000002, -4.0503, -4.99985, -0.00934
12, 1.44, -4.039999999999999, -5, 1.4396000000000002, -4.0396, -4.99975, -0.009381
12, 1.44, -4.029999999999999, -5, 1.4396000000000002, -4.0299000000000005, -4.9998000000000005, -0.009345
12, 1.44, -4.02, -5, 1.44045, -4.02015, -5.0, -0.009334
12, 1.44, -4.01, -5, 1.4405, -4.00965, -5.00005, -0.009334
12, 1.44, -4.0, -5, 1.43965, -3.9998, -5.000100000000001, -0.009387
12, 1.44, -3.99, -5, 1.4390500000000002, -3.98965, -5.00005, -0.009334
12, 1.44, -3.9800000000000004, -5, 1.4393500000000001, -3.9788, -5.000100000000001, -0.00935
12, 1.44, -3.9700000000000006, -5, 1.44045, -3.96965, -5.000100000000001, -0.009355
12, 1.44, -3.960000000000001, -5, 1.4408, -3.9590500000000004, -5.00005, -0.009319
12, 1.44, -3.950000000000001, -5, 1.4399000000000002, -3.94855, -5.0, -0.009387
12, 1.44, -3.9400000000000013, -5, 1.4398000000000002, -3.9395, -5.0, -0.00934
13, 1.45, -3.9400000000000013, -5, 1.4491500000000002, -3.93915, -4.9999, -0.009397
13, 1.46, -3.9400000000000013, -5, 1.45995, -3.93955, -4.99985, -0.009381
13, 1.47, -3.9400000000000013, -5, 1.4696000000000002, -3.9401, -4.99985, -0.009329
13, 1.48, -3.9400000000000013, -5, 1.4795500000000001, -3.94025, -4.99985, -0.009371
13, 1.49, -3.9400000000000013, -5, 1.4891, -3.9403, -4.9999, -0.009387
13, 1.5, -3.9400000000000013, -5, 1.49925, -3.9402000000000004, -4.999950000000001, -0.009334
13, 1.51, -3.9400000000000013, -5, 1.5091, -3.93995, -4.999950000000001, -0.009334
13, 1.52, -3.9400000000000013, -5, 1.51915, -3.9398500000000003, -5.00005, -0.009387
13, 1.53, -3.9400000000000013, -5, 1.529, -3.9398, -5.0001500000000005, -0.009324
13, 1.54, -3.9400000000000013, -5, 1.5392000000000001, -3.9399, -5.0001500000000005, -0.009376
13, 1.55, -3.9400000000000013, -5, 1.5496, -3.93995, -5.000100000000001, -0.009387
13, 1.56, -3.9400000000000013, -5, 1.5606000000000002, -3.9402000000000004, -5.000100000000001, -0.009345
13, 1.57, -3.9400000000000013, -5, 1.5698, -3.9401, -5.00005, -0.009387
13, 1.57, -3.950000000000001, -5, 1.5704, -3.95, -5.00005, -0.009355
13, 1.57, -3.960000000000001, -5, 1.571, -3.9606000000000003, -5.0, -0.009324
13, 1.57, -3.9700000000000006, -5, 1.5695500000000002, -3.9705500000000002, -5.0, -0.009319
13, 1.57, -3.9800000000000004, -5, 1.57, -3.9801, -4.999950000000001, -0.009324
13, 1.57, -3.99, -5, 1.5697, -3.9914, -4.9999, -0.009308
13, 1.57, -4.0, -5, 1.5703500000000001, -4.00115, -4.9999, -0.009392
13, 1.57, -4.01, -5, 1.5705, -4.01055, -4.9999, -0.00935
13, 1.57, -4.02, -5, 1.57025, -4.02085, -4.9999, -0.009329
13, 1.57, -4.029999999999999, -5, 1.5701500000000002, -4.0304, -4.999950000000001, -0.009397
13, 1.57, -4.039999999999999, -5, 1.5704, -4.03995, -5.0, -0.00935
13, 1.57, -4.049999999999999, -5, 1.56885, -4.0505, -5.0, -0.009319
13, 1.57, -4.059999999999999, -5, 1.5704500000000001, -4.0598, -5.00005, -0.009402
13, 1.57, -4.0699999999999985, -5, 1.5709000000000002, -4.06935, -5.00005, -0.00935
14, 1.56, -4.0699999999999985, -5, 1.56025, -4.0704, -5.000100000000001, -0.00934
14, 1.55, -4.0699999999999985, -5, 1.5495, -4.0704, -5.000100000000001, -0.009334
14, 1.54, -4.0699999999999985, -5, 1.5402, -4.070200000000001, -5.00005, -0.009407
14, 1.53, -4.0699999999999985, -5, 1.53025, -4.07005, -5.000100000000001, -0.009319
14, 1.52, -4.0699999999999985, -5, 1.52075, -4.0698, -5.000100000000001, -0.00936
14, 1.51, -4.0699999999999985, -5, 1.5098000000000003, -4.0697, -5.00005, -0.009413
14, 1.5, -4.0699999999999985, -5, 1.5005, -4.06975, -4.9999, -0.00936
14, 1.49, -4.0699999999999985, -5, 1.49045, -4.07005, -4.99985, -0.009345
14, 1.48, -4.0699999999999985, -5, 1.4807000000000001, -4.070200000000001, -4.99985, -0.009387
14, 1.47, -4.0699999999999985, -5, 1.47095, -4.070200000000001, -4.9999, -0.009376
14, 1.46, -4.0699999999999985, -5, 1.4605500000000002, -4.070200000000001, -4.999950000000001, -0.009334
14, 1.45, -4.0699999999999985, -5, 1.45045, -4.07, -5.0, -0.009376
14, 1.44, -4.0699999999999985, -5, 1.4505, -4.07, -5.0, -0.009392
14, 1.43, -4.0699999999999985, -5, 1.4505, -4.06995, -5.0, -0.009402
14, 1.43, -4.059999999999999, -5, 1.4311500000000001, -4.05965, -5.0, -0.009334
14, 1.43, -4.049999999999999, -5, 1.4292, -4.050350000000001, -5.0, -0.009392
14, 1.43, -4.039999999999999, -5, 1.42965, -4.03965, -5.0, -0.009381
14, 1.43, -4.029999999999999, -5, 1.4297, -4.03, -5.0, -0.009324
14, 1.43, -4.02, -5, 1.43015, -4.02005, -4.999950000000001, -0.00936
14, 1.43, -4.01, -5, 1.42985, -4.00945, -5.00005, -0.009371
14, 1.43, -4.0, -5, 1.43, -3.9998, -5.000100000000001, -0.00936
14, 1.43, -3.99, -5, 1.4301000000000001, -3.9898500000000006, -5.0001500000000005, -0.009319
14, 1.43, -3.9800000000000004, -5, 1.429, -3.97895, -5.00005, -0.009381
14, 1.43, -3.9700000000000006, -5, 1.4300500000000003, -3.969, -5.000100000000001, -0.009371
14, 1.43, -3.960000000000001, -5, 1.4300500000000003, -3.9593000000000003, -5.00005, -0.009387
14, 1.43, -3.950000000000001, -5, 1.4300500000000003, -3.94855, -4.999950000000001, -0.009319
14, 1.43, -3.9400000000000013, -5, 1.43, -3.93955, -5.0, -0.009392
14, 1.43, -3.9300000000000015, -5, 1.4305, -3.92815, -4.999950000000001, -0.009371
15, 1.44, -3.9300000000000015, -5, 1.4388500000000002, -3.92915, -4.9999, -0.009334
15, 1.45, -3.9300000000000015, -5, 1.4498000000000002, -3.93055, -4.99985, -0.009381
15, 1.46, -3.9300000000000015, -5, 1.4596000000000002, -3.93065, -4.99985, -0.009402
15, 1.47, -3.9300000000000015, -5, 1.4696500000000001, -3.92945, -4.99985, -0.009319
15, 1.48, -3.9300000000000015, -5, 1.4795500000000001, -3.9296, -5.0, -0.009366
15, 1.49, -3.9300000000000015, -5, 1.4887000000000001, -3.9301000000000004, -4.999950000000001, -0.009387
15, 1.5, -3.9300000000000015, -5, 1.49925, -3.9303500000000002, -5.0, -0.00936
15, 1.51, -3.9300000000000015, -5, 1.5092, -3.9303500000000002, -5.0, -0.009329
15, 1.52, -3.9300000000000015, -5, 1.51915, -3.92965, -5.0, -0.009371
15, 1.53, -3.9300000000000015, -5, 1.5291000000000001, -3.9296, -4.999950000000001, -0.009376
15, 1.54, -3.9300000000000015, -5, 1.5393500000000002, -3.9301000000000004, -5.00005, -0.009319
15, 1.55, -3.9300000000000015, -5, 1.5495, -3.9303000000000003, -5.000100000000001, -0.009392
15, 1.56, -3.9300000000000015, -5, 1.5606000000000002, -3.9303000000000003, -5.00005, -0.009387
15, 1.57, -3.9300000000000015, -5, 1.5700500000000002, -3.9299, -5.000100000000001, -0.009324
15, 1.58, -3.9300000000000015, -5, 1.5807, -3.92965, -5.000100000000001, -0.009381
15, 1.58, -3.9400000000000013, -5, 1.5813000000000001, -3.94065, -5.000100000000001, -0.009376
15, 1.58, -3.950000000000001, -5, 1.58, -3.94965, -5.000100000000001, -0.00936
15, 1.58, -3.960000000000001, -5, 1.57995, -3.9613500000000004, -5.00005, -0.009392
15, 1.58, -3.9700000000000006, -5, 1.5801500000000002, -3.9701000000000004, -5.00005, -0.009334
15, 1.58, -3.9800000000000004, -5, 1.58065, -3.98145, -4.999950000000001, -0.009407
15, 1.58, -3.99, -5, 1.58025, -3.9909, -4.9999, -0.00934
15, 1.58, -4.0, -5, 1.5803500000000001, -4.0013000000000005, -4.9999, -0.009407
15, 1.58, -4.01, -5, 1.57915, -4.0104, -4.999950000000001, -0.009387
15, 1.58, -4.02, -5, 1.5805, -4.02135, -5.0, -0.009376
15, 1.58, -4.029999999999999, -5, 1.5803500000000001, -4.0297, -5.0, -0.009402
15, 1.58, -4.039999999999999, -5, 1.57975, -4.0402000000000005, -5.00005, -0.009371
15, 1.58, -4.049999999999999, -5, 1.57975, -4.051, -5.00005, -0.009314
15, 1.58, -4.059999999999999, -5, 1.5803500000000001, -4.05935, -5.00005, -0.009397
15, 1.58, -4.0699999999999985, -5, 1.5809000000000002, -4.07035, -5.000100000000001, -0.009324
15, 1.58, -4.079999999999998, -5, 1.57995, -4.0803, -5.00005, -0.009402
16, 1.57, -4.079999999999998, -5, 1.5696, -4.080100000000001, -5.00005, -0.009371
16, 1.56, -4.079999999999998, -5, 1.5595500000000002, -4.08005, -5.0, -0.009345
16, 1.55, -4.079999999999998, -5, 1.5594000000000001, -4.08005, -5.00005, -0.00936
16, 1.54, -4.079999999999998, -5, 1.5404, -4.08, -5.00005, -0.009402
16, 1.53, -4.079999999999998, -5, 1.5302, -4.0799, -5.0, -0.009355
16, 1.52, -4.079999999999998, -5, 1.5196500000000002, -4.0798000000000005, -4.999950000000001, -0.009334
16, 1.51, -4.079999999999998, -5, 1.51085, -4.07985, -4.99985, -0.009381
16, 1.5, -4.079999999999998, -5, 1.50025, -4.07985, -4.99985, -0.009355
16, 1.49, -4.079999999999998, -5, 1.49075, -4.08, -4.9999, -0.009334
16, 1.48, -4.079999999999998, -5, 1.4905500000000003, -4.07995, -4.99985, -0.009407
16, 1.47, -4.079999999999998, -5, 1.4709, -4.08, -5.0, -0.00934
16, 1.46, -4.079999999999998, -5, 1.4713000000000003, -4.08005, -5.0, -0.009345
16, 1.45, -4.079999999999998, -5, 1.4512, -4.080100000000001, -5.000100000000001, -0.009397
16, 1.44, -4.079999999999998, -5, 1.4408500000000002, -4.080100000000001, -5.0001500000000005, -0.00935
16, 1.43, -4.079999999999998, -5, 1.4305, -4.080100000000001, -5.0001500000000005, -0.009329
16, 1.42, -4.079999999999998, -5, 1.4202000000000001, -4.080100000000001, -5.000100000000001, -0.009387
16, 1.42, -4.0699999999999985, -5, 1.42015, -4.0693, -5.00005, -0.009407
16, 1.42, -4.059999999999999, -5, 1.4198000000000002, -4.06, -5.0, -0.009397
16, 1.42, -4.049999999999999, -5, 1.419, -4.0502, -4.999950000000001, -0.009418
16, 1.42, -4.039999999999999, -5, 1.4193000000000002, -4.0395, -4.99985, -0.009329
16, 1.42, -4.029999999999999, -5, 1.4198000000000002, -4.030200000000001, -4.99985, -0.009407
16, 1.42, -4.02, -5, 1.4202000000000001, -4.0197, -4.9999, -0.009392
16, 1.42, -4.01, -5, 1.4197, -4.0101, -4.999950000000001, -0.009324
16, 1.42, -4.0, -5, 1.41945, -3.9995, -5.0, -0.009381
16, 1.42, -3.99, -5, 1.4207, -3.99005, -5.0, -0.009413
16, 1.42, -3.9800000000000004, -5, 1.4198000000000002, -3.97905, -5.0, -0.009329
16, 1.42, -3.9700000000000006, -5, 1.41985, -3.969, -5.0, -0.009413
16, 1.42, -3.960000000000001, -5, 1.4198000000000002, -3.9591000000000003, -5.0, -0.00934
16, 1.42, -3.950000000000001, -5, 1.4199000000000002, -3.94875, -5.0, -0.009376
16, 1.42, -3.9400000000000013, -5, 1.4200500000000003, -3.9394, -4.999950000000001, -0.009381
16, 1.42, -3.9300000000000015, -5, 1.42015, -3.9283, -5.00005, -0.009334
16, 1.42, -3.9200000000000017, -5, 1.42015, -3.9199500000000005, -5.000100000000001, -0.009402
17, 1.43, -3.9200000000000017, -5, 1.42955, -3.9199, -5.000100000000001, -0.009355
17, 1.44, -3.9200000000000017, -5, 1.4392, -3.9199, -5.00005, -0.009334
17, 1.45, -3.9200000000000017, -5, 1.4501000000000002, -3.9198500000000003, -5.0, -0.009397
17, 1.46, -3.9200000000000017, -5, 1.4596000000000002, -3.9200500000000003, -5.00005, -0.009355
17, 1.47, -3.9200000000000017, -5, 1.4694500000000001, -3.9199500000000005, -4.999950000000001, -0.009308
17, 1.48, -3.9200000000000017, -5, 1.4694500000000001, -3.9199500000000005, -4.999950000000001, -0.009402
17, 1.49, -3.9200000000000017, -5, 1.4696500000000001, -3.92, -5.0, -0.009381
17, 1.5, -3.9200000000000017, -5, 1.4696500000000001, -3.9200500000000003, -5.0, -0.009324
17, 1.51, -3.9200000000000017, -5, 1.5070500000000002, -3.9200500000000003, -5.0, -0.009371
17, 1.52, -3.9200000000000017, -5, 1.5187, -3.9199500000000005, -4.99985, -0.009392
17, 1.53, -3.9200000000000017, -5, 1.5293, -3.92, -4.9999, -0.00934
17, 1.54, -3.9200000000000017, -5, 1.52925, -3.92, -4.9999, -0.009319
17, 1.55, -3.9200000000000017, -5, 1.52925, -3.9199500000000005, -4.9999, -0.00934
17, 1.56, -3.9200000000000017, -5, 1.55945, -3.9200500000000003, -5.0, -0.009402
17, 1.57, -3.9200000000000017, -5, 1.5693500000000002, -3.9199, -4.999950000000001, -0.00934
17, 1.58, -3.9200000000000017, -5, 1.5811000000000002, -3.92, -5.0, -0.009345
17, 1.59, -3.9200000000000017, -5, 1.5816000000000001, -3.92, -5.0, -0.009392
17, 1.59, -3.9300000000000015, -5, 1.5915, -3.9298500000000005, -5.0, -0.009334
17, 1.59, -3.9400000000000013, -5, 1.5905, -3.9401, -5.0, -0.00936
17, 1.59, -3.950000000000001, -5, 1.59095, -3.9512000000000005, -5.00005, -0.009381
17, 1.59, -3.960000000000001, -5, 1.5898, -3.96, -5.0, -0.009314
17, 1.59, -3.9700000000000006, -5, 1.5895500000000002, -3.97115, -5.00005, -0.009387
17, 1.59, -3.9800000000000004, -5, 1.5902, -3.9806500000000002, -5.00005, -0.009319
17, 1.59, -3.99, -5, 1.5905500000000001, -3.99135, -5.00005, -0.009397
17, 1.59, -4.0, -5, 1.5901, -4.0014, -5.00005, -0.00934
17, 1.59, -4.01, -5, 1.5901, -4.0104, -5.00005, -0.009397
17, 1.59, -4.02, -5, 1.5896000000000001, -4.0209, -5.00005, -0.00934
17, 1.59, -4.029999999999999, -5, 1.59, -4.03055, -5.0, -0.009329
17, 1.59, -4.039999999999999, -5, 1.58995, -4.04, -5.0, -0.009329
17, 1.59, -4.049999999999999, -5, 1.5905, -4.0502, -5.0, -0.00935
17, 1.59, -4.059999999999999, -5, 1.5896000000000001, -4.0602, -4.999950000000001, -0.009397
17, 1.59, -4.0699999999999985, -5, 1.5903500000000002, -4.0695, -4.9999, -0.00934
17, 1.59, -4.079999999999998, -5, 1.591, -4.08065, -4.999950000000001, -0.009319
17, 1.59, -4.089999999999998, -5, 1.5898500000000002, -4.0891, -4.9999, -0.009402
18, 1.58, -4.089999999999998, -5, 1.57875, -4.090450000000001, -4.999950000000001, -0.009319
18, 1.57, -4.089999999999998, -5, 1.56965, -4.0905, -5.0, -0.009376
18, 1.56, -4.089999999999998, -5, 1.55945, -4.09005, -5.00005, -0.00934
18, 1.55, -4.089999999999998, -5, 1.5501, -4.08985, -5.00005, -0.009392
18, 1.54, -4.089999999999998, -5, 1.5395, -4.089700000000001, -5.000100000000001, -0.009324
18, 1.53, -4.089999999999998, -5, 1.5305, -4.089700000000001, -5.000100000000001, -0.009324
18, 1.52, -4.089999999999998, -5, 1.52025, -4.09015, -5.000100000000001, -0.009371
18, 1.51, -4.089999999999998, -5, 1.5099, -4.09025, -5.000100000000001, -0.009387
18, 1.5, -4.089999999999998, -5, 1.5008000000000001, -4.0902, -5.00005, -0.00934
18, 1.49, -4.089999999999998, -5, 1.491, -4.09005, -5.00005, -0.00934
18, 1.48, -4.089999999999998, -5, 1.4805500000000003, -4.089700000000001, -4.9999, -0.00936
18, 1.47, -4.089999999999998, -5, 1.4705, -4.089700000000001, -4.99985, -0.009381
18, 1.46, -4.089999999999998, -5, 1.46075, -4.08975, -4.99985, -0.009355
18, 1.45, -4.089999999999998, -5, 1.4511, -4.0902, -4.99985, -0.009334
18, 1.44, -4.089999999999998, -5, 1.4398000000000002, -4.0903, -5.0, -0.009376
18, 1.43, -4.089999999999998, -5, 1.4305500000000002, -4.0902, -4.999950000000001, -0.009402
18, 1.42, -4.089999999999998, -5, 1.4201000000000001, -4.0901000000000005, -5.000100000000001, -0.009329
18, 1.41, -4.089999999999998, -5, 1.4100500000000002, -4.09, -5.0001500000000005, -0.009397
18, 1.41, -4.079999999999998, -5, 1.41025, -4.07965, -5.0001500000000005, -0.009376
18, 1.41, -4.0699999999999985, -5, 1.4092, -4.0699000000000005, -5.00005, -0.009334
18, 1.41, -4.059999999999999, -5, 1.4099000000000002, -4.0595, -5.00005, -0.009371
18, 1.41, -4.049999999999999, -5, 1.4103500000000002, -4.0501000000000005, -5.0, -0.009376
18, 1.41, -4.039999999999999, -5, 1.4096000000000002, -4.03965, -4.999950000000001, -0.009345
18, 1.41, -4.029999999999999, -5, 1.41045, -4.03055, -4.9999, -0.009308
18, 1.41, -4.02, -5, 1.4095, -4.01975, -4.99985, -0.009381
18, 1.41, -4.01, -5, 1.409, -4.010050000000001, -4.99985, -0.009324
18, 1.41, -4.0, -5, 1.4098000000000002, -3.9994, -4.9999, -0.009371
18, 1.41, -3.99, -5, 1.4105, -3.9899, -5.00005, -0.00934
18, 1.41, -3.9800000000000004, -5, 1.41075, -3.9792, -5.000100000000001, -0.00934
18, 1.41, -3.9700000000000006, -5, 1.4096000000000002, -3.9689500000000004, -5.00005, -0.009319
18, 1.41, -3.960000000000001, -5, 1.4094, -3.95895, -5.000100000000001, -0.009397
18, 1.41, -3.950000000000001, -5, 1.41, -3.9489500000000004, -5.00005, -0.009366
18, 1.41, -3.9400000000000013, -5, 1.40995, -3.9394, -5.0, -0.00934
18, 1.41, -3.9300000000000015, -5, 1.4100500000000002, -3.9281, -5.0, -0.009392
18, 1.41, -3.9200000000000017, -5, 1.41015, -3.92, -4.999950000000001, -0.009345
18, 1.41, -3.910000000000002, -5, 1.4098000000000002, -3.9089500000000004, -4.9999, -0.009397
19, 1.42, -3.910000000000002, -5, 1.41995, -3.9099500000000003, -4.9999, -0.009387
19, 1.43, -3.910000000000002, -5, 1.43, -3.9101500000000002, -4.9999, -0.009324
19, 1.44, -3.910000000000002, -5, 1.4393000000000002, -3.91025, -4.9999, -0.009366
19, 1.45, -3.910000000000002, -5, 1.4499000000000002, -3.9102, -4.9999, -0.009381
19, 1.46, -3.910000000000002, -5, 1.4596500000000001, -3.91005, -4.999950000000001, -0.009329
19, 1.47, -3.910000000000002, -5, 1.46985, -3.9099500000000003, -5.0, -0.00936
19, 1.48, -3.910000000000002, -5, 1.4795500000000001, -3.9098, -5.0, -0.009413
19, 1.49, -3.910000000000002, -5, 1.4892, -3.9099, -5.0, -0.009324
19, 1.5, -3.910000000000002, -5, 1.4989000000000001, -3.9099500000000003, -5.0, -0.00936
19, 1.51, -3.910000000000002, -5, 1.5094, -3.91, -5.0, -0.009392
19, 1.52, -3.910000000000002, -5, 1.5093500000000002, -3.91, -5.0, -0.009319
19, 1.53, -3.910000000000002, -5, 1.5093500000000002, -3.91, -5.0, -0.009314
19, 1.54, -3.910000000000002, -5, 1.5094, -3.91, -5.0, -0.009376
19, 1.55, -3.910000000000002, -5, 1.5094, -3.91005, -5.0, -0.009381
19, 1.56, -3.910000000000002, -5, 1.5575, -3.9099500000000003, -5.0, -0.00934
19, 1.57, -3.910000000000002, -5, 1.5700500000000002, -3.91005, -5.000100000000001, -0.009387
19, 1.58, -3.910000000000002, -5, 1.5813000000000001, -3.91, -5.00005, -0.009381
19, 1.59, -3.910000000000002, -5, 1.58145, -3.91005, -5.000100000000001, -0.009314
19, 1.6, -3.910000000000002, -5, 1.6021500000000002, -3.91, -5.0, -0.009366
19, 1.6, -3.9200000000000017, -5, 1.6018000000000001, -3.9195, -5.000100000000001, -0.009387
19, 1.6, -3.9300000000000015, -5, 1.6004500000000002, -3.9304500000000004, -5.000100000000001, -0.009319
19, 1.6, -3.9400000000000013, -5, 1.6, -3.9404500000000002, -5.00005, -0.009329
19, 1.6, -3.950000000000001, -5, 1.59975, -3.9510500000000004, -5.000100000000001, -0.009381
19, 1.6, -3.960000000000001, -5, 1.5996000000000001, -3.9603500000000005, -5.0, -0.009334
19, 1.6, -3.9700000000000006, -5, 1.59975, -3.9711000000000003, -5.0, -0.009355
19, 1.6, -3.9800000000000004, -5, 1.6003500000000002, -3.9808000000000003, -5.00005, -0.00935
19, 1.6, -3.99, -5, 1.6006500000000001, -3.9915, -5.0, -0.009371
19, 1.6, -4.0, -5, 1.6003500000000002, -4.001, -4.999950000000001, -0.009308
19, 1.6, -4.01, -5, 1.6001, -4.01075, -4.9999, -0.009387
19, 1.6, -4.02, -5, 1.5999, -4.0203500000000005, -4.9999, -0.009355
19, 1.6, -4.029999999999999, -5, 1.6, -4.03125, -4.999950000000001, -0.009397
19, 1.6, -4.039999999999999, -5, 1.59975, -4.0392, -4.9999, -0.009308
19, 1.6, -4.049999999999999, -5, 1.6000500000000002, -4.0509, -4.999950000000001, -0.009413
19, 1.6, -4.059999999999999, -5, 1.59975, -4.05905, -5.0, -0.009334
19, 1.6, -4.0699999999999985, -5, 1.6002, -4.07095, -5.0, -0.009376
19, 1.6, -4.079999999999998, -5, 1.5998, -4.07985, -5.0, -0.009329
19, 1.6, -4.089999999999998, -5, 1.5994000000000002, -4.08915, -5.0, -0.009376
19, 1.6, -4.099999999999998, -5, 1.6003500000000002, -4.10005, -5.0, -0.009392
20, 1.59, -4.099999999999998, -5, 1.59095, -4.1007, -5.0, -0.00936
20, 1.58, -4.099999999999998, -5, 1.5784500000000001, -4.1001, -5.00005, -0.009345
20, 1.57, -4.099999999999998, -5, 1.56965, -4.10005, -5.0001500000000005, -0.009355
20, 1.56, -4.099999999999998, -5, 1.56925, -4.10005, -5.0001500000000005, -0.009334
20, 1.55, -4.099999999999998, -5, 1.5488000000000002, -4.09995, -5.0001500000000005, -0.009376
20, 1.54, -4.099999999999998, -5, 1.5491000000000001, -4.1, -5.0001500000000005, -0.009345
20, 1.53, -4.099999999999998, -5, 1.549, -4.1, -5.0001500000000005, -0.009319
20, 1.52, -4.099999999999998, -5, 1.549, -4.1, -5.0001500000000005, -0.009387
20, 1.51, -4.099999999999998, -5, 1.549, -4.1, -5.0001500000000005, -0.009387
20, 1.5, -4.099999999999998, -5, 1.5490500000000003, -4.1, -5.0001500000000005, -0.009355
20, 1.49, -4.099999999999998, -5, 1.5490500000000003, -4.1, -5.0001500000000005, -0.00935
20, 1.48, -4.099999999999998, -5, 1.5490500000000003, -4.1, -5.0001500000000005, -0.009397
20, 1.47, -4.099999999999998, -5, 1.5490500000000003, -4.1, -5.0001500000000005, -0.00936
20, 1.46, -4.099999999999998, -5, 1.549, -4.1, -5.0001500000000005, -0.009329
20, 1.45, -4.099999999999998, -5, 1.5490500000000003, -4.10005, -5.0001500000000005, -0.009392
20, 1.44, -4.099999999999998, -5, 1.445, -4.09995, -5.0001500000000005, -0.009376
20, 1.43, -4.099999999999998, -5, 1.4304000000000001, -4.09985, -5.000100000000001, -0.00935
20, 1.42, -4.099999999999998, -5, 1.42015, -4.09985, -5.00005, -0.009397
20, 1.41, -4.099999999999998, -5, 1.4099000000000002, -4.09985, -4.9999, -0.00936
20, 1.4, -4.099999999999998, -5, 1.3998000000000002, -4.09985, -4.9998000000000005, -0.009329
20, 1.4, -4.089999999999998, -5, 1.3998000000000002, -4.0905, -4.9998000000000005, -0.009381
20, 1.4, -4.079999999999998, -5, 1.3994000000000002, -4.07955, -4.9998000000000005, -0.009392
20, 1.4, -4.0699999999999985, -5, 1.4000500000000002, -4.0699000000000005, -4.999950000000001, -0.009319
20, 1.4, -4.059999999999999, -5, 1.4000500000000002, -4.05975, -5.00005, -0.009376
20, 1.4, -4.049999999999999, -5, 1.4006500000000002, -4.050350000000001, -5.000100000000001, -0.009407
20, 1.4, -4.039999999999999, -5, 1.39945, -4.03985, -5.00005, -0.009334
20, 1.4, -4.029999999999999, -5, 1.3989, -4.0303, -5.00005, -0.009355
20, 1.4, -4.02, -5, 1.4000500000000002, -4.01965, -5.00005, -0.009407
20, 1.4, -4.01, -5, 1.4011500000000001, -4.0107, -5.00005, -0.009345
20, 1.4, -4.0, -5, 1.3991500000000001, -3.99965, -5.0, -0.009319
20, 1.4, -3.99, -5, 1.3989, -3.989, -4.999950000000001, -0.009387
20, 1.4, -3.9800000000000004, -5, 1.40045, -3.98, -4.999950000000001, -0.009324
20, 1.4, -3.9700000000000006, -5, 1.4001000000000001, -3.9693, -4.999950000000001, -0.009392
20, 1.4, -3.960000000000001, -5, 1.4, -3.9588500000000004, -4.9999, -0.009319
20, 1.4, -3.950000000000001, -5, 1.39995, -3.94865, -4.9999, -0.00935
20, 1.4, -3.9400000000000013, -5, 1.3999000000000001, -3.93865, -4.999950000000001, -0.009392
20, 1.4, -3.9300000000000015, -5, 1.39985, -3.9291000000000005, -5.0, -0.009329
20, 1.4, -3.9200000000000017, -5, 1.39985, -3.9199500000000005, -5.0, -0.009387
20, 1.4, -3.910000000000002, -5, 1.39955, -3.9088000000000003, -5.0, -0.009329
20, 1.4, -3.900000000000002, -5, 1.40045, -3.9006000000000003, -5.0, -0.009392
21, 1.41, -3.900000000000002, -5, 1.41025, -3.8996500000000003, -5.00005, -0.009392
21, 1.42, -3.900000000000002, -5, 1.41985, -3.8997, -5.0, -0.009329
21, 1.43, -3.900000000000002, -5, 1.4298000000000002, -3.8998500000000003, -5.0, -0.009345
21, 1.44, -3.900000000000002, -5, 1.43865, -3.8999, -5.0, -0.009397
21, 1.45, -3.900000000000002, -5, 1.45, -3.9001000000000006, -5.0, -0.009392
21, 1.46, -3.900000000000002, -5, 1.46, -3.9003, -5.0, -0.009334
21, 1.47, -3.900000000000002, -5, 1.46975, -3.9001000000000006, -5.0, -0.00935
21, 1.48, -3.900000000000002, -5, 1.4794500000000002, -3.8998500000000003, -4.999950000000001, -0.009402
21, 1.49, -3.900000000000002, -5, 1.4893500000000002, -3.8998000000000004, -5.0, -0.009329
21, 1.5, -3.900000000000002, -5, 1.4993500000000002, -3.8999, -5.0, -0.00934
21, 1.51, -3.900000000000002, -5, 1.5093500000000002, -3.9000500000000002, -4.999950000000001, -0.009413
21, 1.52, -3.900000000000002, -5, 1.51915, -3.9001000000000006, -5.0, -0.009329
21, 1.53, -3.900000000000002, -5, 1.5292000000000001, -3.9001000000000006, -5.00005, -0.00934
21, 1.54, -3.900000000000002, -5, 1.5396500000000002, -3.9001000000000006, -4.999950000000001, -0.009402
21, 1.55, -3.900000000000002, -5, 1.5498000000000003, -3.8999, -5.00005, -0.009345
21, 1.56, -3.900000000000002, -5, 1.56, -3.8999500000000005, -5.000100000000001, -0.009334
21, 1.57, -3.900000000000002, -5, 1.5694000000000001, -3.8998500000000003, -5.000100000000001, -0.009308
21, 1.58, -3.900000000000002, -5, 1.5816000000000001, -3.9000500000000002, -5.0001500000000005, -0.009392
21, 1.59, -3.900000000000002, -5, 1.5913000000000002, -3.9, -5.000100000000001, -0.009329
21, 1.6, -3.900000000000002, -5, 1.5918, -3.9, -5.000100000000001, -0.009355
21, 1.61, -3.900000000000002, -5, 1.5918500000000002, -3.9, -5.000100000000001, -0.009387
21, 1.61, -3.910000000000002, -5, 1.6126, -3.91, -5.0, -0.009413
21, 1.61, -3.9200000000000017, -5, 1.6109, -3.9197, -5.00005, -0.00935
21, 1.61, -3.9300000000000015, -5, 1.6108000000000002, -3.9301500000000003, -5.0, -0.009314
21, 1.61, -3.9400000000000013, -5, 1.6103000000000003, -3.941, -5.00005, -0.009397
21, 1.61, -3.950000000000001, -5, 1.6092, -3.9499500000000003, -5.0, -0.009345
21, 1.61, -3.960000000000001, -5, 1.60965, -3.96175, -4.999950000000001, -0.009387
21, 1.61, -3.9700000000000006, -5, 1.6098000000000001, -3.9705, -4.999950000000001, -0.009329
21, 1.61, -3.9800000000000004, -5, 1.6098000000000001, -3.9813, -4.999950000000001, -0.00934
21, 1.61, -3.99, -5, 1.6105500000000001, -3.9908500000000005, -4.999950000000001, -0.009413
21, 1.61, -4.0, -5, 1.6106, -4.0012, -4.999950000000001, -0.00935
21, 1.61, -4.01, -5, 1.6103500000000002, -4.0108500000000005, -5.0, -0.009334
21, 1.61, -4.02, -5, 1.6097000000000001, -4.0205, -5.0, -0.009381
21, 1.61, -4.029999999999999, -5, 1.6096000000000001, -4.030600000000001, -5.0, -0.009329
21, 1.61, -4.039999999999999, -5, 1.6096000000000001, -4.0397, -5.0, -0.009407
21, 1.61, -4.049999999999999, -5, 1.6106, -4.0507, -5.0, -0.00934
21, 1.61, -4.059999999999999, -5, 1.61025, -4.0593, -5.0, -0.009355
21, 1.61, -4.0699999999999985, -5, 1.6098500000000002, -4.07005, -5.0, -0.009345
21, 1.61, -4.079999999999998, -5, 1.6103500000000002, -4.080850000000001, -5.000100000000001, -0.009334
21, 1.61, -4.089999999999998, -5, 1.6097000000000001, -4.08945, -5.00005, -0.009397
21, 1.61, -4.099999999999998, -5, 1.60895, -4.10005, -5.00005, -0.009355
21, 1.61, -4.109999999999998, -5, 1.61025, -4.11005, -5.00005, -0.009387
22, 1.6, -4.109999999999998, -5, 1.59945, -4.11005, -5.00005, -0.009345
22, 1.59, -4.109999999999998, -5, 1.58995, -4.1099499999999995, -5.0, -0.009397
22, 1.58, -4.109999999999998, -5, 1.5785500000000001, -4.1099499999999995, -5.00005, -0.009334
22, 1.57, -4.109999999999998, -5, 1.57865, -4.1099499999999995, -5.00005, -0.00934
22, 1.56, -4.109999999999998, -5, 1.5583000000000002, -4.11, -5.00005, -0.009397
22, 1.55, -4.109999999999998, -5, 1.5504, -4.110150000000001, -4.999950000000001, -0.009329
22, 1.54, -4.109999999999998, -5, 1.5396, -4.1101, -4.9999, -0.009397
22, 1.53, -4.109999999999998, -5, 1.5295500000000002, -4.1101, -4.9999, -0.00934
22, 1.52, -4.109999999999998, -5, 1.5204000000000002, -4.11, -4.999950000000001, -0.009329
22, 1.51, -4.109999999999998, -5, 1.5102, -4.109850000000001, -4.999950000000001, -0.009376
22, 1.5, -4.109999999999998, -5, 1.5006000000000002, -4.109850000000001, -4.999950000000001, -0.009381
22, 1.49, -4.109999999999998, -5, 1.4910500000000002, -4.1099000000000006, -4.999950000000001, -0.00934
22, 1.48, -4.109999999999998, -5, 1.4801000000000002, -4.1099000000000006, -5.0, -0.009397
22, 1.47, -4.109999999999998, -5, 1.471, -4.11, -5.0, -0.009402
22, 1.46, -4.109999999999998, -5, 1.47095, -4.11005, -5.0, -0.009345
22, 1.45, -4.109999999999998, -5, 1.4709, -4.11005, -5.00005, -0.009334
22, 1.44, -4.109999999999998, -5, 1.44125, -4.1101, -5.00005, -0.009376
22, 1.43, -4.109999999999998, -5, 1.4310500000000002, -4.110150000000001, -5.00005, -0.009387
22, 1.42, -4.109999999999998, -5, 1.42, -4.11005, -5.000100000000001, -0.009345
22, 1.41, -4.109999999999998, -5, 1.40985, -4.11005, -5.00005, -0.00934
22, 1.4, -4.109999999999998, -5, 1.3996000000000002, -4.1099000000000006, -4.999950000000001, -0.009381
22, 1.39, -4.109999999999998, -5, 1.39, -4.109850000000001, -4.99985, -0.009397
22, 1.39, -4.099999999999998, -5, 1.3892, -4.0995, -4.99985, -0.009355
22, 1.39, -4.089999999999998, -5, 1.3902, -4.09015, -4.99985, -0.009324
22, 1.39, -4.079999999999998, -5, 1.3905, -4.080100000000001, -4.9999, -0.009397
22, 1.39, -4.0699999999999985, -5, 1.39, -4.06965, -5.0, -0.00936
22, 1.39, -4.059999999999999, -5, 1.3900500000000002, -4.0601, -4.999950000000001, -0.00936
22, 1.39, -4.049999999999999, -5, 1.3898000000000001, -4.05, -5.00005, -0.009402
22, 1.39, -4.039999999999999, -5, 1.39, -4.0396, -5.000100000000001, -0.00935
22, 1.39, -4.029999999999999, -5, 1.39015, -4.0303, -5.000100000000001, -0.009324
22, 1.39, -4.02, -5, 1.3899000000000001, -4.01975, -5.000100000000001, -0.009392
22, 1.39, -4.01, -5, 1.3898000000000001, -4.0104, -5.00005, -0.009334
22, 1.39, -4.0, -5, 1.38985, -3.99975, -5.00005, -0.009314
22, 1.39, -3.99, -5, 1.3902, -3.98945, -5.0, -0.009387
22, 1.39, -3.9800000000000004, -5, 1.3897, -3.9794, -4.999950000000001, -0.009397
22, 1.39, -3.9700000000000006, -5, 1.3896000000000002, -3.9693500000000004, -4.99985, -0.009387
22, 1.39, -3.960000000000001, -5, 1.3897, -3.95895, -4.99985, -0.009345
22, 1.39, -3.950000000000001, -5, 1.39, -3.9488000000000003, -4.99985, -0.009397
22, 1.39, -3.9400000000000013, -5, 1.39, -3.9386000000000005, -4.999950000000001, -0.009376
22, 1.39, -3.9300000000000015, -5, 1.38995, -3.9291000000000005, -5.00005, -0.009355
22, 1.39, -3.9200000000000017, -5, 1.39, -3.92, -5.0, -0.009387
22, 1.39, -3.910000000000002, -5, 1.38995, -3.9089500000000004, -5.00005, -0.009392
22, 1.39, -3.900000000000002, -5, 1.39, -3.8998000000000004, -5.00005, -0.009402
22, 1.39, -3.8900000000000023, -5, 1.38975, -3.8899500000000002, -5.00005, -0.00935
23, 1.4, -3.8900000000000023, -5, 1.4, -3.89015, -5.0, -0.009308
23, 1.41, -3.8900000000000023, -5, 1.4103500000000002, -3.8902, -5.0, -0.009392
23, 1.42, -3.8900000000000023, -5, 1.41945, -3.88965, -5.00005, -0.009371
23, 1.43, -3.8900000000000023, -5, 1.4298000000000002, -3.8893, -4.999950000000001, -0.009345
23, 1.44, -3.8900000000000023, -5, 1.4397, -3.89025, -4.9999, -0.009392
23, 1.45, -3.8900000000000023, -5, 1.4497, -3.8903000000000003, -4.9999, -0.009387
23, 1.46, -3.8900000000000023, -5, 1.4595500000000001, -3.8901000000000003, -4.999950000000001, -0.009334
23, 1.47, -3.8900000000000023, -5, 1.4699, -3.89005, -4.999950000000001, -0.009371
23, 1.48, -3.8900000000000023, -5, 1.4798000000000002, -3.8899500000000002, -4.999950000000001, -0.009387
23, 1.49, -3.8900000000000023, -5, 1.4889000000000001, -3.8897000000000004, -5.00005, -0.009324
23, 1.5, -3.8900000000000023, -5, 1.4992, -3.8898, -5.0, -0.009402
23, 1.51, -3.8900000000000023, -5, 1.5093500000000002, -3.8899500000000002, -5.0, -0.009387
23, 1.52, -3.8900000000000023, -5, 1.5096500000000002, -3.89005, -5.0, -0.009376
23, 1.53, -3.8900000000000023, -5, 1.5284, -3.89025, -5.000100000000001, -0.009371
23, 1.54, -3.8900000000000023, -5, 1.5396, -3.89005, -5.00005, -0.009387
23, 1.55, -3.8900000000000023, -5, 1.5398500000000002, -3.89015, -5.000100000000001, -0.009329
23, 1.56, -3.8900000000000023, -5, 1.55965, -3.8901000000000003, -5.000100000000001, -0.009366
23, 1.57, -3.8900000000000023, -5, 1.5695500000000002, -3.8899, -5.000100000000001, -0.009397
23, 1.58, -3.8900000000000023, -5, 1.5814000000000001, -3.8899500000000002, -5.000100000000001, -0.009334
23, 1.59, -3.8900000000000023, -5, 1.5906000000000002, -3.8899500000000002, -5.000100000000001, -0.009392
23, 1.6, -3.8900000000000023, -5, 1.60165, -3.8899500000000002, -5.000100000000001, -0.009334
23, 1.61, -3.8900000000000023, -5, 1.61125, -3.8899500000000002, -5.00005, -0.009345
23, 1.62, -3.8900000000000023, -5, 1.62075, -3.8901000000000003, -5.00005, -0.009413
23, 1.62, -3.900000000000002, -5, 1.62115, -3.8996500000000003, -5.00005, -0.00936
23, 1.62, -3.910000000000002, -5, 1.6199000000000001, -3.90965, -4.999950000000001, -0.009319
23, 1.62, -3.9200000000000017, -5, 1.62, -3.9199500000000005, -4.9999, -0.009392
23, 1.62, -3.9300000000000015, -5, 1.6199000000000001, -3.9303000000000003, -4.9999, -0.009371
23, 1.62, -3.9400000000000013, -5, 1.61965, -3.941, -4.9999, -0.009329
23, 1.62, -3.950000000000001, -5, 1.6203, -3.9504, -4.9999, -0.009397
23, 1.62, -3.960000000000001, -5, 1.6208000000000002, -3.9618500000000005, -5.0, -0.009345
23, 1.62, -3.9700000000000006, -5, 1.62025, -3.97005, -4.999950000000001, -0.009428
23, 1.62, -3.9800000000000004, -5, 1.61945, -3.9816000000000003, -5.00005, -0.009324
23, 1.62, -3.99, -5, 1.6197000000000001, -3.9907000000000004, -5.000100000000001, -0.009402
23, 1.62, -4.0, -5, 1.6198500000000002, -4.00125, -5.000100000000001, -0.009334
23, 1.62, -4.01, -5, 1.62, -4.011100000000001, -5.000100000000001, -0.00936
23, 1.62, -4.02, -5, 1.6200500000000002, -4.02065, -5.00005, -0.009392
23, 1.62, -4.029999999999999, -5, 1.6202, -4.0303, -5.00005, -0.009345
23, 1.62, -4.039999999999999, -5, 1.6198500000000002, -4.0396, -5.0, -0.009345
23, 1.62, -4.049999999999999, -5, 1.6204, -4.05075, -4.999950000000001, -0.009381
23, 1.62, -4.059999999999999, -5, 1.6203500000000002, -4.05945, -4.999950000000001, -0.009392
23, 1.62, -4.0699999999999985, -5, 1.6205, -4.070200000000001, -4.999950000000001, -0.009387
23, 1.62, -4.079999999999998, -5, 1.6200500000000002, -4.080850000000001, -5.0, -0.00934
23, 1.62, -4.089999999999998, -5, 1.6194000000000002, -4.0893500000000005, -4.999950000000001, -0.009392
23, 1.62, -4.099999999999998, -5, 1.6203500000000002, -4.1002, -4.999950000000001, -0.009366
23, 1.62, -4.109999999999998, -5, 1.6208000000000002, -4.109400000000001, -5.0, -0.009334
23, 1.62, -4.119999999999997, -5, 1.62045, -4.1197, -5.0, -0.009392
24, 1.61, -4.119999999999997, -5, 1.6095500000000003, -4.11955, -5.00005, -0.009392
24, 1.6, -4.119999999999997, -5, 1.5993000000000002, -4.120550000000001, -5.000100000000001, -0.00934
24, 1.59, -4.119999999999997, -5, 1.5897000000000001, -4.12045, -5.000100000000001, -0.009392
24, 1.58, -4.119999999999997, -5, 1.57875, -4.119650000000001, -5.0001500000000005, -0.00935
24, 1.57, -4.119999999999997, -5, 1.569, -4.11955, -5.000100000000001, -0.009397
24, 1.56, -4.119999999999997, -5, 1.5595, -4.1198500000000005, -5.00005, -0.009334
24, 1.55, -4.119999999999997, -5, 1.54975, -4.12025, -5.00005, -0.00936
24, 1.54, -4.119999999999997, -5, 1.5401500000000001, -4.1203, -4.999950000000001, -0.009397
24, 1.53, -4.119999999999997, -5, 1.5295500000000002, -4.120150000000001, -4.99985, -0.009329
24, 1.52, -4.119999999999997, -5, 1.52045, -4.1199, -4.99985, -0.009376
24, 1.51, -4.119999999999997, -5, 1.51045, -4.1197, -4.9999, -0.009376
24, 1.5, -4.119999999999997, -5, 1.50025, -4.11975, -4.999950000000001, -0.009345
24, 1.49, -4.119999999999997, -5, 1.4902, -4.11995, -5.0, -0.009392
24, 1.48, -4.119999999999997, -5, 1.48125, -4.12005, -5.00005, -0.009402
24, 1.47, -4.119999999999997, -5, 1.4707000000000001, -4.120150000000001, -5.000100000000001, -0.00934
24, 1.46, -4.119999999999997, -5, 1.46075, -4.1202, -5.000100000000001, -0.009355
24, 1.45, -4.119999999999997, -5, 1.45025, -4.120100000000001, -5.000100000000001, -0.009387
24, 1.44, -4.119999999999997, -5, 1.44, -4.12, -5.00005, -0.009324
24, 1.43, -4.119999999999997, -5, 1.4401000000000002, -4.12, -5.0, -0.009329
24, 1.42, -4.119999999999997, -5, 1.44015, -4.12, -5.0, -0.009381
24, 1.41, -4.119999999999997, -5, 1.44015, -4.12, -5.0, -0.009371
24, 1.4, -4.119999999999997, -5, 1.44015, -4.12, -5.0, -0.009329
24, 1.39, -4.119999999999997, -5, 1.44015, -4.12, -5.0, -0.00936
24, 1.38, -4.119999999999997, -5, 1.44015, -4.12, -5.0, -0.009407
24, 1.38, -4.109999999999998, -5, 1.37995, -4.1099000000000006, -5.0, -0.009355
24, 1.38, -4.099999999999998, -5, 1.37965, -4.0998, -4.999950000000001, -0.009324
24, 1.38, -4.089999999999998, -5, 1.37925, -4.0898, -4.99985, -0.009407
24, 1.38, -4.079999999999998, -5, 1.3797000000000001, -4.0803, -4.99985, -0.009355
24, 1.38, -4.0699999999999985, -5, 1.37995, -4.0694, -4.9999, -0.00936
24, 1.38, -4.059999999999999, -5, 1.3807, -4.060700000000001, -4.999950000000001, -0.009319
24, 1.38, -4.049999999999999, -5, 1.3801, -4.04995, -5.00005, -0.009402
24, 1.38, -4.039999999999999, -5, 1.3798000000000001, -4.03955, -5.000100000000001, -0.009345
24, 1.38, -4.029999999999999, -5, 1.3805, -4.03055, -5.000100000000001, -0.009392
24, 1.38, -4.02, -5, 1.38025, -4.02015, -5.000100000000001, -0.009387
24, 1.38, -4.01, -5, 1.37935, -4.00965, -5.000100000000001, -0.009413
24, 1.38, -4.0, -5, 1.3793000000000002, -4.00015, -5.0, -0.009334
24, 1.38, -3.99, -5, 1.37975, -3.9893, -4.999950000000001, -0.009413
24, 1.38, -3.9800000000000004, -5, 1.3804, -3.9797000000000002, -4.999950000000001, -0.009392
24, 1.38, -3.9700000000000006, -5, 1.38115, -3.97, -4.9999, -0.009397
24, 1.38, -3.960000000000001, -5, 1.3798000000000001, -3.9584, -4.9999, -0.009355
24, 1.38, -3.950000000000001, -5, 1.3795500000000003, -3.9489500000000004, -4.9999, -0.009397
24, 1.38, -3.9400000000000013, -5, 1.3795500000000003, -3.93865, -4.9999, -0.00935
24, 1.38, -3.9300000000000015, -5, 1.3798000000000001, -3.9286000000000003, -4.999950000000001, -0.009413
24, 1.38, -3.9200000000000017, -5, 1.38, -3.92025, -5.0, -0.00934
24, 1.38, -3.910000000000002, -5, 1.38025, -3.90925, -5.0, -0.009402
24, 1.38, -3.900000000000002, -5, 1.3800500000000002, -3.89975, -5.0, -0.009334
24, 1.38, -3.8900000000000023, -5, 1.38015, -3.8888500000000006, -5.0, -0.009381
24, 1.38, -3.8800000000000026, -5, 1.3798000000000001, -3.8804000000000003, -5.0, -0.00934
25, 1.39, -3.8800000000000026, -5, 1.3892, -3.8796500000000003, -5.0, -0.009402
25, 1.4, -3.8800000000000026, -5, 1.40075, -3.8797, -4.999950000000001, -0.009402
25, 1.41, -3.8800000000000026, -5, 1.4099000000000002, -3.8799, -5.0, -0.009397
25, 1.42, -3.8800000000000026, -5, 1.4194, -3.8801000000000005, -5.0, -0.009397
25, 1.43, -3.8800000000000026, -5, 1.4296000000000002, -3.8803500000000004, -5.0, -0.009329
25, 1.44, -3.8800000000000026, -5, 1.4402000000000001, -3.8803, -5.0, -0.00936
25, 1.45, -3.8800000000000026, -5, 1.44985, -3.8798500000000002, -5.00005, -0.009392
25, 1.46, -3.8800000000000026, -5, 1.4595500000000001, -3.8798000000000004, -5.000100000000001, -0.009387
25, 1.47, -3.8800000000000026, -5, 1.47015, -3.8799, -5.0, -0.00934
25, 1.48, -3.8800000000000026, -5, 1.48, -3.88, -5.00005, -0.00935
25, 1.49, -3.8800000000000026, -5, 1.4802, -3.88, -5.00005, -0.009397
25, 1.5, -3.8800000000000026, -5, 1.4801000000000002, -3.88, -5.00005, -0.009392
25, 1.51, -3.8800000000000026, -5, 1.48005, -3.88, -5.00005, -0.009371
25, 1.52, -3.8800000000000026, -5, 1.48, -3.8799500000000005, -5.00005, -0.009387
25, 1.53, -3.8800000000000026, -5, 1.52625, -3.88005, -5.00005, -0.00935
25, 1.54, -3.8800000000000026, -5, 1.5395500000000002, -3.8804000000000003, -5.000100000000001, -0.009366
25, 1.55, -3.8800000000000026, -5, 1.5495, -3.8801000000000005, -4.999950000000001, -0.009397
25, 1.56, -3.8800000000000026, -5, 1.55995, -3.88, -4.999950000000001, -0.009329
25, 1.57, -3.8800000000000026, -5, 1.5600500000000002, -3.8799500000000005, -5.0, -0.009355
25, 1.58, -3.8800000000000026, -5, 1.5806000000000002, -3.8799, -4.999950000000001, -0.009392
25, 1.59, -3.8800000000000026, -5, 1.59165, -3.8799, -5.0, -0.009397
25, 1.6, -3.8800000000000026, -5, 1.6011000000000002, -3.88, -4.999950000000001, -0.009376
25, 1.61, -3.8800000000000026, -5, 1.60125, -3.88, -4.999950000000001, -0.00935
25, 1.62, -3.8800000000000026, -5, 1.6013000000000002, -3.8799500000000005, -4.999950000000001, -0.009402
25, 1.6300000000000001, -3.8800000000000026, -5, 1.6328000000000003, -3.88005, -4.999950000000001, -0.009418
25, 1.6300000000000001, -3.8900000000000023, -5, 1.63015, -3.8901000000000003, -5.00005, -0.00934
25, 1.6300000000000001, -3.900000000000002, -5, 1.6307, -3.89955, -5.000100000000001, -0.009381
25, 1.6300000000000001, -3.910000000000002, -5, 1.6306500000000002, -3.9098, -5.000100000000001, -0.009407
25, 1.6300000000000001, -3.9200000000000017, -5, 1.6301, -3.92055, -5.00005, -0.009355
25, 1.6300000000000001, -3.9300000000000015, -5, 1.6295, -3.9301500000000003, -5.000100000000001, -0.009345
25, 1.6300000000000001, -3.9400000000000013, -5, 1.6298500000000002, -3.94115, -5.000100000000001, -0.009387
25, 1.6300000000000001, -3.950000000000001, -5, 1.62995, -3.95005, -5.00005, -0.00934
25, 1.6300000000000001, -3.960000000000001, -5, 1.6303, -3.96205, -5.00005, -0.009407
25, 1.6300000000000001, -3.9700000000000006, -5, 1.6299000000000001, -3.9696000000000002, -5.00005, -0.009329
25, 1.6300000000000001, -3.9800000000000004, -5, 1.6305, -3.9824500000000005, -5.0, -0.00935
25, 1.6300000000000001, -3.99, -5, 1.62995, -3.9904, -4.999950000000001, -0.00935
25, 1.6300000000000001, -4.0, -5, 1.62945, -4.00105, -4.9999, -0.009355
25, 1.6300000000000001, -4.01, -5, 1.6301, -4.0113, -4.9999, -0.009355
25, 1.6300000000000001, -4.02, -5, 1.6302, -4.0205, -4.9999, -0.009355
25, 1.6300000000000001, -4.029999999999999, -5, 1.6302, -4.03015, -4.9999, -0.00935
25, 1.6300000000000001, -4.039999999999999, -5, 1.6306, -4.03985, -4.999950000000001, -0.009334
25, 1.6300000000000001, -4.049999999999999, -5, 1.6306, -4.0508500000000005, -5.0, -0.009387
25, 1.6300000000000001, -4.059999999999999, -5, 1.6298500000000002, -4.0595, -5.0, -0.009329
25, 1.6300000000000001, -4.0699999999999985, -5, 1.62905, -4.0701, -5.0, -0.009334
25, 1.6300000000000001, -4.079999999999998, -5, 1.6305, -4.0797, -5.0, -0.009392
25, 1.6300000000000001, -4.089999999999998, -5, 1.6309500000000001, -4.09, -5.00005, -0.00935
25, 1.6300000000000001, -4.099999999999998, -5, 1.6296000000000002, -4.10015, -5.0, -0.009334
25, 1.6300000000000001, -4.109999999999998, -5, 1.6296000000000002, -4.109100000000001, -5.0, -0.00934
25, 1.6300000000000001, -4.119999999999997, -5, 1.63045, -4.119800000000001, -5.0, -0.009397
25, 1.6300000000000001, -4.129999999999997, -5, 1.62965, -4.12975, -5.00005, -0.009381
26, 1.62, -4.129999999999997, -5, 1.6203500000000002, -4.13, -5.000100000000001, -0.009324
26, 1.61, -4.129999999999997, -5, 1.60965, -4.12995, -5.000100000000001, -0.00934
26, 1.6, -4.129999999999997, -5, 1.59905, -4.13, -5.000100000000001, -0.009387
26, 1.59, -4.129999999999997, -5, 1.59895, -4.12995, -5.000100000000001, -0.009371
26, 1.58, -4.129999999999997, -5, 1.57825, -4.13, -5.000100000000001, -0.009345
26, 1.57, -4.129999999999997, -5, 1.5784, -4.13, -5.000100000000001, -0.00935
26, 1.56, -4.129999999999997, -5, 1.5583500000000001, -4.1299, -5.000100000000001, -0.009387
26, 1.55, -4.129999999999997, -5, 1.5501, -4.13, -5.00005, -0.009387
26, 1.54, -4.129999999999997, -5, 1.5498500000000002, -4.13, -5.00005, -0.009314
26, 1.53, -4.129999999999997, -5, 1.5498500000000002, -4.13, -5.0, -0.009402
26, 1.52, -4.129999999999997, -5, 1.5498000000000003, -4.12995, -5.00005, -0.00934
26, 1.51, -4.129999999999997, -5, 1.5105, -4.1301000000000005, -4.999950000000001, -0.009402
26, 1.5, -4.129999999999997, -5, 1.5004000000000002, -4.13015, -5.0, -0.00935
26, 1.49, -4.129999999999997, -5, 1.49145, -4.130199999999999, -5.0, -0.009366
26, 1.48, -4.129999999999997, -5, 1.4803000000000002, -4.1301000000000005, -5.0, -0.009392
26, 1.47, -4.129999999999997, -5, 1.4706000000000001, -4.1299, -5.0, -0.009329
26, 1.46, -4.129999999999997, -5, 1.46095, -4.1299, -5.0, -0.009329
26, 1.45, -4.129999999999997, -5, 1.4507, -4.1299, -4.999950000000001, -0.00934
26, 1.44, -4.129999999999997, -5, 1.44015, -4.1299, -4.999950000000001, -0.009407
26, 1.43, -4.129999999999997, -5, 1.4304000000000001, -4.12985, -4.999950000000001, -0.009334
26, 1.42, -4.129999999999997, -5, 1.42015, -4.1299, -4.999950000000001, -0.009392
26, 1.41, -4.129999999999997, -5, 1.40975, -4.13005, -4.9999, -0.009413
26, 1.4, -4.129999999999997, -5, 1.3996000000000002, -4.1301000000000005, -4.999950000000001, -0.009324
26, 1.39, -4.129999999999997, -5, 1.3897, -4.1301000000000005, -5.0, -0.009407
26, 1.38, -4.129999999999997, -5, 1.3802, -4.1301000000000005, -5.0, -0.009418
26, 1.3699999999999999, -4.129999999999997, -5, 1.3703500000000002, -4.13, -4.999950000000001, -0.00934
26, 1.3699999999999999, -4.119999999999997, -5, 1.37045, -4.12045, -5.00005, -0.009334
26, 1.3699999999999999, -4.109999999999998, -5, 1.36925, -4.10965, -5.00005, -0.009397
26, 1.3699999999999999, -4.099999999999998, -5, 1.369, -4.10015, -5.00005, -0.00935
26, 1.3699999999999999, -4.089999999999998, -5, 1.3701, -4.08975, -5.00005, -0.009319
26, 1.3699999999999999, -4.079999999999998, -5, 1.3705500000000002, -4.0803, -5.000100000000001, -0.009381
26, 1.3699999999999999, -4.0699999999999985, -5, 1.3698000000000001, -4.0695500000000004, -5.00005, -0.009397
26, 1.3699999999999999, -4.059999999999999, -5, 1.3702, -4.0697, -5.00005, -0.009355
26, 1.3699999999999999, -4.049999999999999, -5, 1.3692, -4.0501000000000005, -5.0, -0.009324
26, 1.3699999999999999, -4.039999999999999, -5, 1.3705500000000002, -4.0405, -5.00005, -0.009402
26, 1.3699999999999999, -4.029999999999999, -5, 1.36935, -4.03015, -4.999950000000001, -0.009407
26, 1.3699999999999999, -4.02, -5, 1.36915, -4.01985, -4.999950000000001, -0.009329
26, 1.3699999999999999, -4.01, -5, 1.3701500000000002, -4.00975, -4.9999, -0.009376
26, 1.3699999999999999, -4.0, -5, 1.3713000000000002, -4.0004, -5.0, -0.009387
26, 1.3699999999999999, -3.99, -5, 1.3694000000000002, -3.9894000000000003, -5.0, -0.009334
26, 1.3699999999999999, -3.9800000000000004, -5, 1.3696000000000002, -3.9796000000000005, -4.999950000000001, -0.009381
26, 1.3699999999999999, -3.9700000000000006, -5, 1.36965, -3.96975, -5.0, -0.009329
26, 1.3699999999999999, -3.960000000000001, -5, 1.36995, -3.95825, -4.999950000000001, -0.009319
26, 1.3699999999999999, -3.950000000000001, -5, 1.3705500000000002, -3.94915, -5.0, -0.009407
26, 1.3699999999999999, -3.9400000000000013, -5, 1.37025, -3.9387000000000003, -4.999950000000001, -0.009407
26, 1.3699999999999999, -3.9300000000000015, -5, 1.3699000000000001, -3.92865, -5.0, -0.009329
26, 1.3699999999999999, -3.9200000000000017, -5, 1.36975, -3.9202000000000004, -5.0, -0.009381
26, 1.3699999999999999, -3.910000000000002, -5, 1.3694000000000002, -3.90905, -4.999950000000001, -0.009334
26, 1.3699999999999999, -3.900000000000002, -5, 1.3702, -3.8998500000000003, -5.00005, -0.009387
26, 1.3699999999999999, -3.8900000000000023, -5, 1.36995, -3.8899, -5.000100000000001, -0.009387
26, 1.3699999999999999, -3.8800000000000026, -5, 1.3698000000000001, -3.8791, -5.000100000000001, -0.00934
26, 1.3699999999999999, -3.8700000000000028, -5, 1.37025, -3.87075, -5.000100000000001, -0.009418
27, 1.38, -3.8700000000000028, -5, 1.3795500000000003, -3.87065, -5.0001500000000005, -0.00935
27, 1.39, -3.8700000000000028, -5, 1.38935, -3.8694, -5.000100000000001, -0.009334
27, 1.4, -3.8700000000000028, -5, 1.40075, -3.8696, -5.0, -0.009329
27, 1.41, -3.8700000000000028, -5, 1.41, -3.8701000000000003, -4.999950000000001, -0.009345
27, 1.42, -3.8700000000000028, -5, 1.4194, -3.8705, -4.9999, -0.009324
27, 1.43, -3.8700000000000028, -5, 1.4302000000000001, -3.87, -4.9999, -0.009355
27, 1.44, -3.8700000000000028, -5, 1.4398000000000002, -3.8697000000000004, -4.9999, -0.009376
27, 1.45, -3.8700000000000028, -5, 1.4494500000000001, -3.8698500000000005, -4.999950000000001, -0.00936
27, 1.46, -3.8700000000000028, -5, 1.4597, -3.87005, -5.0, -0.009324
27, 1.47, -3.8700000000000028, -5, 1.46995, -3.8704500000000004, -5.0, -0.009397
27, 1.48, -3.8700000000000028, -5, 1.4799, -3.87, -4.999950000000001, -0.00934
27, 1.49, -3.8700000000000028, -5, 1.47985, -3.8699500000000002, -5.0, -0.009324
27, 1.5, -3.8700000000000028, -5, 1.47985, -3.87, -5.0, -0.009381
27, 1.51, -3.8700000000000028, -5, 1.47985, -3.87, -5.0, -0.009366
27, 1.52, -3.8700000000000028, -5, 1.47985, -3.87, -5.0, -0.009329
27, 1.53, -3.8700000000000028, -5, 1.4799, -3.87, -5.0, -0.00935
27, 1.54, -3.8700000000000028, -5, 1.4799, -3.87, -5.0, -0.009407
27, 1.55, -3.8700000000000028, -5, 1.4799, -3.87, -5.0, -0.009381
27, 1.56, -3.8700000000000028, -5, 1.4799, -3.87, -5.0, -0.009366
27, 1.57, -3.8700000000000028, -5, 1.4799, -3.87, -4.999950000000001, -0.009314
27, 1.58, -3.8700000000000028, -5, 1.4799, -3.87, -5.0, -0.009397
27, 1.59, -3.8700000000000028, -5, 1.4799, -3.8699500000000002, -5.0, -0.009402
27, 1.6, -3.8700000000000028, -5, 1.5977000000000001, -3.86975, -5.00005, -0.009376
27, 1.61, -3.8700000000000028, -5, 1.61225, -3.8698500000000005, -5.0, -0.009392
27, 1.62, -3.8700000000000028, -5, 1.6212, -3.8699, -5.00005, -0.009319
27, 1.6300000000000001, -3.8700000000000028, -5, 1.6298500000000002, -3.87015, -5.0, -0.00936
27, 1.6400000000000001, -3.8700000000000028, -5, 1.6408500000000001, -3.8703000000000003, -5.0, -0.009345
27, 1.6400000000000001, -3.8800000000000026, -5, 1.641, -3.8792000000000004, -5.00005, -0.009423
27, 1.6400000000000001, -3.8900000000000023, -5, 1.6403, -3.8899500000000002, -5.00005, -0.00935
27, 1.6400000000000001, -3.900000000000002, -5, 1.6396000000000002, -3.8897000000000004, -5.00005, -0.009324
27, 1.6400000000000001, -3.910000000000002, -5, 1.6401000000000001, -3.9099, -5.000100000000001, -0.009376
27, 1.6400000000000001, -3.9200000000000017, -5, 1.6403, -3.9206000000000003, -5.00005, -0.009392
27, 1.6400000000000001, -3.9300000000000015, -5, 1.6397, -3.9288000000000003, -5.0, -0.009376
27, 1.6400000000000001, -3.9400000000000013, -5, 1.6401000000000001, -3.942, -5.00005, -0.009392
27, 1.6400000000000001, -3.950000000000001, -5, 1.6397, -3.9508500000000004, -5.0, -0.009345
27, 1.6400000000000001, -3.960000000000001, -5, 1.6400500000000002, -3.9609, -5.0, -0.00935
27, 1.6400000000000001, -3.9700000000000006, -5, 1.6404, -3.9711000000000003, -5.0, -0.009392
27, 1.6400000000000001, -3.9800000000000004, -5, 1.6404, -3.98085, -5.0, -0.00935
27, 1.6400000000000001, -3.99, -5, 1.63995, -3.99115, -5.0, -0.009397
27, 1.6400000000000001, -4.0, -5, 1.63985, -4.0015, -5.0, -0.009319
27, 1.6400000000000001, -4.01, -5, 1.6399000000000001, -4.01115, -5.0, -0.009392
27, 1.6400000000000001, -4.02, -5, 1.6399000000000001, -4.02045, -5.0, -0.009319
27, 1.6400000000000001, -4.029999999999999, -5, 1.63965, -4.03035, -4.999950000000001, -0.009345
27, 1.6400000000000001, -4.039999999999999, -5, 1.6406500000000002, -4.03995, -4.9999, -0.009413
27, 1.6400000000000001, -4.049999999999999, -5, 1.64025, -4.05055, -4.9999, -0.009381
27, 1.6400000000000001, -4.059999999999999, -5, 1.6406, -4.0596000000000005, -4.9999, -0.009324
27, 1.6400000000000001, -4.0699999999999985, -5, 1.6405, -4.07045, -4.9999, -0.00935
27, 1.6400000000000001, -4.079999999999998, -5, 1.63995, -4.07955, -5.0, -0.009392
27, 1.6400000000000001, -4.089999999999998, -5, 1.639, -4.089700000000001, -4.9999, -0.009355
27, 1.6400000000000001, -4.099999999999998, -5, 1.63995, -4.10025, -4.999950000000001, -0.009308
27, 1.6400000000000001, -4.109999999999998, -5, 1.6395500000000003, -4.10015, -5.0, -0.009371
27, 1.6400000000000001, -4.119999999999997, -5, 1.6403500000000002, -4.119650000000001, -5.00005, -0.009392
27, 1.6400000000000001, -4.129999999999997, -5, 1.641, -4.129150000000001, -5.00005, -0.009329
27, 1.6400000000000001, -4.139999999999997, -5, 1.64015, -4.1396500000000005, -5.000100000000001, -0.009402
28, 1.6300000000000001, -4.139999999999997, -5, 1.6295, -4.1396999999999995, -5.000100000000001, -0.009392
28, 1.62, -4.139999999999997, -5, 1.61975, -4.13985, -5.000100000000001, -0.009329
28, 1.61, -4.139999999999997, -5, 1.61, -4.139900000000001, -5.000100000000001, -0.009324
28, 1.6, -4.139999999999997, -5, 1.5988000000000002, -4.139900000000001, -5.000100000000001, -0.009387
28, 1.59, -4.139999999999997, -5, 1.5902, -4.13995, -5.00005, -0.009329
28, 1.58, -4.139999999999997, -5, 1.5787, -4.13995, -5.00005, -0.00935
28, 1.57, -4.139999999999997, -5, 1.56925, -4.1400500000000005, -5.0, -0.009345
28, 1.56, -4.139999999999997, -5, 1.5594000000000001, -4.1402, -5.0, -0.009387
28, 1.55, -4.139999999999997, -5, 1.55, -4.14015, -5.0, -0.009392
28, 1.54, -4.139999999999997, -5, 1.5393500000000002, -4.1401, -5.0, -0.009366
28, 1.53, -4.139999999999997, -5, 1.5301500000000001, -4.14, -4.999950000000001, -0.009381
28, 1.52, -4.139999999999997, -5, 1.5301500000000001, -4.14, -4.999950000000001, -0.009334
28, 1.51, -4.139999999999997, -5, 1.5301500000000001, -4.14, -5.0, -0.009381
28, 1.5, -4.139999999999997, -5, 1.5301500000000001, -4.14, -4.999950000000001, -0.009397
28, 1.49, -4.139999999999997, -5, 1.5301500000000001, -4.14, -4.999950000000001, -0.009334
28, 1.48, -4.139999999999997, -5, 1.5301500000000001, -4.14, -4.999950000000001, -0.009407
28, 1.47, -4.139999999999997, -5, 1.5301500000000001, -4.14, -5.0, -0.009329
28, 1.46, -4.139999999999997, -5, 1.5301500000000001, -4.13995, -4.999950000000001, -0.009381
28, 1.45, -4.139999999999997, -5, 1.4533000000000003, -4.13985, -4.99985, -0.009355
28, 1.44, -4.139999999999997, -5, 1.4415, -4.13995, -4.9999, -0.009381
28, 1.43, -4.139999999999997, -5, 1.4298000000000002, -4.139900000000001, -4.9999, -0.009428
28, 1.42, -4.139999999999997, -5, 1.4202000000000001, -4.13985, -4.9999, -0.009345
28, 1.41, -4.139999999999997, -5, 1.40955, -4.139900000000001, -4.999950000000001, -0.009329
28, 1.4, -4.139999999999997, -5, 1.3997, -4.1402, -5.000100000000001, -0.009397
28, 1.39, -4.139999999999997, -5, 1.3897, -4.1402, -5.000100000000001, -0.009334
28, 1.38, -4.139999999999997, -5, 1.38015, -4.1402, -5.000100000000001, -0.009355
28, 1.3699999999999999, -4.139999999999997, -5, 1.37, -4.14015, -5.0001500000000005, -0.009397
28, 1.3599999999999999, -4.139999999999997, -5, 1.36075, -4.13995, -5.000100000000001, -0.009355
28, 1.3599999999999999, -4.129999999999997, -5, 1.3598500000000002, -4.13045, -5.00005, -0.00935
28, 1.3599999999999999, -4.119999999999997, -5, 1.3595500000000003, -4.11975, -4.999950000000001, -0.00936
28, 1.3599999999999999, -4.109999999999998, -5, 1.3595, -4.1103000000000005, -4.99985, -0.009402
28, 1.3599999999999999, -4.099999999999998, -5, 1.3591000000000002, -4.09955, -4.99985, -0.009345
28, 1.3599999999999999, -4.089999999999998, -5, 1.35975, -4.0898, -4.99985, -0.00934
28, 1.3599999999999999, -4.079999999999998, -5, 1.3600500000000002, -4.08, -4.9999, -0.009381
28, 1.3599999999999999, -4.0699999999999985, -5, 1.3602, -4.0697, -4.999950000000001, -0.009371
28, 1.3599999999999999, -4.059999999999999, -5, 1.36095, -4.06095, -5.0, -0.009324
28, 1.3599999999999999, -4.049999999999999, -5, 1.36105, -4.0504500000000005, -5.0, -0.009392
28, 1.3599999999999999, -4.039999999999999, -5, 1.35895, -4.040100000000001, -5.00005, -0.009387
28, 1.3599999999999999, -4.029999999999999, -5, 1.3591000000000002, -4.0303, -5.000100000000001, -0.009324
28, 1.3599999999999999, -4.02, -5, 1.36045, -4.02005, -5.000100000000001, -0.009407
28, 1.3599999999999999, -4.01, -5, 1.3608000000000002, -4.00995, -5.000100000000001, -0.009397
28, 1.3599999999999999, -4.0, -5, 1.3600500000000002, -4.00025, -5.0, -0.009334
28, 1.3599999999999999, -3.99, -5, 1.3594000000000002, -3.9893, -5.00005, -0.00935
28, 1.3599999999999999, -3.9800000000000004, -5, 1.3594000000000002, -3.9794500000000004, -4.999950000000001, -0.009397
28, 1.3599999999999999, -3.9700000000000006, -5, 1.3599, -3.96945, -4.9999, -0.009387
28, 1.3599999999999999, -3.960000000000001, -5, 1.35995, -3.9587000000000003, -4.9999, -0.00934
28, 1.3599999999999999, -3.950000000000001, -5, 1.36, -3.94905, -4.9999, -0.009407
28, 1.3599999999999999, -3.9400000000000013, -5, 1.36, -3.94905, -4.9999, -0.009371
28, 1.3599999999999999, -3.9300000000000015, -5, 1.36, -3.94905, -4.9999, -0.009329
28, 1.3599999999999999, -3.9200000000000017, -5, 1.36, -3.94905, -4.9999, -0.009392
28, 1.3599999999999999, -3.910000000000002, -5, 1.35995, -3.94905, -4.9999, -0.009381
28, 1.3599999999999999, -3.900000000000002, -5, 1.35965, -3.8963500000000004, -4.9999, -0.009392
28, 1.3599999999999999, -3.8900000000000023, -5, 1.3601, -3.8901000000000003, -4.999950000000001, -0.009334
28, 1.3599999999999999, -3.8800000000000026, -5, 1.35975, -3.87925, -4.999950000000001, -0.009381
28, 1.3599999999999999, -3.8700000000000028, -5, 1.3601, -3.8706000000000005, -5.0, -0.00934
28, 1.3599999999999999, -3.860000000000003, -5, 1.3598000000000001, -3.8607000000000005, -5.0, -0.009376
29, 1.3699999999999999, -3.860000000000003, -5, 1.37045, -3.8602000000000003, -5.00005, -0.009407
29, 1.38, -3.860000000000003, -5, 1.3795, -3.8597, -5.0, -0.009345
29, 1.39, -3.860000000000003, -5, 1.3900500000000002, -3.8596000000000004, -4.999950000000001, -0.009329
29, 1.4, -3.860000000000003, -5, 1.3997, -3.8599500000000004, -5.0, -0.009392
29, 1.41, -3.860000000000003, -5, 1.3999000000000001, -3.86, -5.0, -0.009407
29, 1.42, -3.860000000000003, -5, 1.39985, -3.86, -5.0, -0.00934
29, 1.43, -3.860000000000003, -5, 1.3999000000000001, -3.86, -5.0, -0.009334
29, 1.44, -3.860000000000003, -5, 1.3999000000000001, -3.86, -5.0, -0.009413
29, 1.45, -3.860000000000003, -5, 1.3999000000000001, -3.86, -5.0, -0.009397
29, 1.46, -3.860000000000003, -5, 1.3999000000000001, -3.86, -5.0, -0.009345
29, 1.47, -3.860000000000003, -5, 1.3999000000000001, -3.86, -5.0, -0.00934
29, 1.48, -3.860000000000003, -5, 1.3999000000000001, -3.86, -5.0, -0.009381
29, 1.49, -3.860000000000003, -5, 1.3999000000000001, -3.86, -5.0, -0.009371
29, 1.5, -3.860000000000003, -5, 1.39985, -3.86, -5.0, -0.00934
29, 1.51, -3.860000000000003, -5, 1.3999000000000001, -3.86, -5.0, -0.00934
29, 1.52, -3.860000000000003, -5, 1.5156500000000002, -3.8604000000000003, -5.0, -0.009392
29, 1.53, -3.860000000000003, -5, 1.52975, -3.8601000000000005, -5.00005, -0.009334
29, 1.54, -3.860000000000003, -5, 1.53875, -3.8599, -5.00005, -0.00934
29, 1.55, -3.860000000000003, -5, 1.5504, -3.8598500000000002, -5.0, -0.009407
29, 1.56, -3.860000000000003, -5, 1.5597, -3.85975, -5.0, -0.009371
29, 1.57, -3.860000000000003, -5, 1.57075, -3.8602000000000003, -5.00005, -0.009334
29, 1.58, -3.860000000000003, -5, 1.5807, -3.8607000000000005, -5.00005, -0.00935
29, 1.59, -3.860000000000003, -5, 1.5908000000000002, -3.85975, -5.0, -0.009407
29, 1.6, -3.860000000000003, -5, 1.60125, -3.8597, -5.0, -0.009319
29, 1.61, -3.860000000000003, -5, 1.61105, -3.8598500000000002, -5.00005, -0.009334
29, 1.62, -3.860000000000003, -5, 1.6203500000000002, -3.86005, -5.0, -0.009397
29, 1.6300000000000001, -3.860000000000003, -5, 1.6308000000000002, -3.8604000000000003, -4.999950000000001, -0.009381
29, 1.6400000000000001, -3.860000000000003, -5, 1.6403500000000002, -3.8601000000000005, -4.999950000000001, -0.009392
29, 1.6500000000000001, -3.860000000000003, -5, 1.65025, -3.8599, -4.999950000000001, -0.009345
29, 1.6500000000000001, -3.8700000000000028, -5, 1.6506, -3.8694, -4.999950000000001, -0.009319
29, 1.6500000000000001, -3.8800000000000026, -5, 1.6506500000000002, -3.8778500000000005, -5.0, -0.009392
29, 1.6500000000000001, -3.8900000000000023, -5, 1.6507, -3.89, -5.0, -0.009355
29, 1.6500000000000001, -3.900000000000002, -5, 1.6491000000000002, -3.90045, -5.0, -0.00934
29, 1.6500000000000001, -3.910000000000002, -5, 1.65, -3.90975, -5.00005, -0.00935
29, 1.6500000000000001, -3.9200000000000017, -5, 1.65045, -3.9213, -5.00005, -0.009397
29, 1.6500000000000001, -3.9300000000000015, -5, 1.64995, -3.9294000000000002, -5.00005, -0.009329
29, 1.6500000000000001, -3.9400000000000013, -5, 1.6506, -3.9426000000000005, -5.00005, -0.009402
29, 1.6500000000000001, -3.950000000000001, -5, 1.6500500000000002, -3.9501000000000004, -5.000100000000001, -0.009355
29, 1.6500000000000001, -3.960000000000001, -5, 1.6506500000000002, -3.9618, -5.00005, -0.009402
29, 1.6500000000000001, -3.9700000000000006, -5, 1.6496000000000002, -3.9701500000000003, -5.0, -0.009314
29, 1.6500000000000001, -3.9800000000000004, -5, 1.6499000000000001, -3.9821000000000004, -5.00005, -0.009397
29, 1.6500000000000001, -3.99, -5, 1.6498000000000002, -3.99025, -5.0, -0.009345
29, 1.6500000000000001, -4.0, -5, 1.6506500000000002, -4.0018, -5.0, -0.009387
29, 1.6500000000000001, -4.01, -5, 1.6503500000000002, -4.0105, -5.0, -0.009334
29, 1.6500000000000001, -4.02, -5, 1.64955, -4.02025, -4.999950000000001, -0.009381
29, 1.6500000000000001, -4.029999999999999, -5, 1.65015, -4.03075, -4.999950000000001, -0.009402
29, 1.6500000000000001, -4.039999999999999, -5, 1.64985, -4.04, -4.999950000000001, -0.009334
29, 1.6500000000000001, -4.049999999999999, -5, 1.6504, -4.04995, -4.999950000000001, -0.009397
29, 1.6500000000000001, -4.059999999999999, -5, 1.6506500000000002, -4.0602, -5.0, -0.00934
29, 1.6500000000000001, -4.0699999999999985, -5, 1.65, -4.06975, -5.0, -0.009319
29, 1.6500000000000001, -4.079999999999998, -5, 1.649, -4.07985, -5.0, -0.009407
29, 1.6500000000000001, -4.089999999999998, -5, 1.65025, -4.09015, -5.0, -0.00935
29, 1.6500000000000001, -4.099999999999998, -5, 1.6505, -4.09945, -5.0, -0.009334
29, 1.6500000000000001, -4.109999999999998, -5, 1.64955, -4.1093, -5.0, -0.009371
29, 1.6500000000000001, -4.119999999999997, -5, 1.6501000000000001, -4.11975, -5.00005, -0.009392
29, 1.6500000000000001, -4.129999999999997, -5, 1.6508500000000002, -4.1301000000000005, -5.00005, -0.009329
29, 1.6500000000000001, -4.139999999999997, -5, 1.64995, -4.13905, -5.00005, -0.009334
29, 1.6500000000000001, -4.149999999999997, -5, 1.64945, -4.14885, -5.00005, -0.009376
30, 1.6400000000000001, -4.149999999999997, -5, 1.6399000000000001, -4.1495500000000005, -5.00005, -0.009329
30, 1.6300000000000001, -4.149999999999997, -5, 1.6304, -4.15, -5.00005, -0.009329
30, 1.62, -4.149999999999997, -5, 1.6299000000000001, -4.149900000000001, -5.00005, -0.009397
30, 1.61, -4.149999999999997, -5, 1.60965, -4.1501, -5.00005, -0.009366
30, 1.6, -4.149999999999997, -5, 1.5991000000000002, -4.150150000000001, -5.0, -0.009334
30, 1.59, -4.149999999999997, -5, 1.58945, -4.1501, -5.0, -0.009397
30, 1.58, -4.149999999999997, -5, 1.57935, -4.1501, -4.999950000000001, -0.009319
30, 1.57, -4.149999999999997, -5, 1.5693000000000001, -4.1501, -4.9999, -0.009345
30, 1.56, -4.149999999999997, -5, 1.5593500000000002, -4.15, -4.9999, -0.009402
30, 1.55, -4.149999999999997, -5, 1.55895, -4.15, -4.9999, -0.00935
30, 1.54, -4.149999999999997, -5, 1.55895, -4.15, -4.9999, -0.009397
30, 1.53, -4.149999999999997, -5, 1.55895, -4.15, -4.9999, -0.009329
30, 1.52, -4.149999999999997, -5, 1.55895, -4.15, -4.9999, -0.009345
30, 1.51, -4.149999999999997, -5, 1.55895, -4.15, -4.9999, -0.009397
30, 1.5, -4.149999999999997, -5, 1.55895, -4.15, -4.9999, -0.009319
30, 1.49, -4.149999999999997, -5, 1.5589000000000002, -4.15, -4.9999, -0.009407
30, 1.48, -4.149999999999997, -5, 1.55895, -4.15, -4.9999, -0.009329
30, 1.47, -4.149999999999997, -5, 1.55895, -4.15, -4.9999, -0.009392
30, 1.46, -4.149999999999997, -5, 1.55895, -4.15, -4.9999, -0.009345
30, 1.45, -4.149999999999997, -5, 1.55895, -4.15, -4.9999, -0.009366
30, 1.44, -4.149999999999997, -5, 1.55895, -4.15, -4.9999, -0.009387
30, 1.43, -4.149999999999997, -5, 1.5589000000000002, -4.15, -4.9999, -0.009345
30, 1.42, -4.149999999999997, -5, 1.5589000000000002, -4.15, -4.9999, -0.009397
30, 1.41, -4.149999999999997, -5, 1.5589000000000002, -4.15, -4.9999, -0.00934
30, 1.4, -4.149999999999997, -5, 1.55895, -4.15, -4.9999, -0.009381
30, 1.39, -4.149999999999997, -5, 1.55895, -4.15, -4.9999, -0.009329
30, 1.38, -4.149999999999997, -5, 1.55895, -4.15, -4.9999, -0.009381
30, 1.3699999999999999, -4.149999999999997, -5, 1.55895, -4.15, -4.9999, -0.009381
30, 1.3599999999999999, -4.149999999999997, -5, 1.5589000000000002, -4.15, -4.9999, -0.00935
30, 1.3499999999999999, -4.149999999999997, -5, 1.55895, -4.15, -4.9999, -0.009392
30, 1.3499999999999999, -4.139999999999997, -5, 1.3538500000000002, -4.1401, -4.99985, -0.009334
30, 1.3499999999999999, -4.129999999999997, -5, 1.35025, -4.1297, -4.99985, -0.009402
30, 1.3499999999999999, -4.119999999999997, -5, 1.3495500000000002, -4.12035, -4.999950000000001, -0.009397
30, 1.3499999999999999, -4.109999999999998, -5, 1.3495500000000002, -4.10965, -5.0, -0.009334
30, 1.3499999999999999, -4.099999999999998, -5, 1.3494000000000002, -4.10055, -5.0, -0.009392
30, 1.3499999999999999, -4.089999999999998, -5, 1.3506500000000001, -4.09095, -5.0, -0.009392
30, 1.3499999999999999, -4.079999999999998, -5, 1.3504500000000002, -4.0802000000000005, -5.00005, -0.00934
30, 1.3499999999999999, -4.0699999999999985, -5, 1.35095, -4.06995, -5.000100000000001, -0.00934
30, 1.3499999999999999, -4.059999999999999, -5, 1.3495500000000002, -4.06085, -5.00005, -0.009397
30, 1.3499999999999999, -4.049999999999999, -5, 1.3488000000000002, -4.04995, -5.00005, -0.009407
30, 1.3499999999999999, -4.039999999999999, -5, 1.3495500000000002, -4.03955, -5.00005, -0.009329
30, 1.3499999999999999, -4.029999999999999, -5, 1.34965, -4.0301, -5.00005, -0.009381
30, 1.3499999999999999, -4.02, -5, 1.3497000000000001, -4.02, -5.0, -0.009381
30, 1.3499999999999999, -4.01, -5, 1.35095, -4.01, -5.0, -0.00934
30, 1.3499999999999999, -4.0, -5, 1.3504, -4.00035, -5.0, -0.009314
30, 1.3499999999999999, -3.99, -5, 1.3496000000000001, -3.9893500000000004, -4.9999, -0.009392
30, 1.3499999999999999, -3.9800000000000004, -5, 1.3496000000000001, -3.9795, -4.9999, -0.00934
30, 1.3499999999999999, -3.9700000000000006, -5, 1.3495500000000002, -3.9698500000000005, -4.99985, -0.009402
30, 1.3499999999999999, -3.960000000000001, -5, 1.34965, -3.9583500000000003, -4.99985, -0.00934
30, 1.3499999999999999, -3.950000000000001, -5, 1.3505, -3.9492000000000003, -4.9999, -0.009402
30, 1.3499999999999999, -3.9400000000000013, -5, 1.3505500000000001, -3.93855, -4.999950000000001, -0.00935
30, 1.3499999999999999, -3.9300000000000015, -5, 1.35, -3.92855, -4.999950000000001, -0.009387
30, 1.3499999999999999, -3.9200000000000017, -5, 1.3500500000000002, -3.92855, -5.0, -0.00936
30, 1.3499999999999999, -3.910000000000002, -5, 1.3493000000000002, -3.9089500000000004, -4.999950000000001, -0.009392
30, 1.3499999999999999, -3.900000000000002, -5, 1.3498500000000002, -3.9, -5.00005, -0.009334
30, 1.3499999999999999, -3.8900000000000023, -5, 1.3495500000000002, -3.8892, -5.00005, -0.009397
30, 1.3499999999999999, -3.8800000000000026, -5, 1.3501500000000002, -3.87975, -5.000100000000001, -0.009324
30, 1.3499999999999999, -3.8700000000000028, -5, 1.3506500000000001, -3.8712000000000004, -5.000100000000001, -0.009319
30, 1.3499999999999999, -3.860000000000003, -5, 1.3495500000000002, -3.8613000000000004, -5.00005, -0.009402
30, 1.3499999999999999, -3.850000000000003, -5, 1.3493000000000002, -3.8499, -5.000100000000001, -0.009381
