Voltage = 2.9, Current = 10.3, Pinhole = 15um 
0, 2.8, 1.6, -2, 2.7928500000000005, 1.6024, -1.9829, -0.009345
1, 2.8099999999999996, 1.6, -2, 2.8113500000000005, 1.6005500000000001, -1.9994, -0.009407
1, 2.8099999999999996, 1.59, -2, 2.81165, 1.5903500000000002, -1.9998500000000001, -0.00935
2, 2.8, 1.59, -2, 2.80015, 1.5900500000000002, -2.0, -0.00935
2, 2.79, 1.59, -2, 2.78875, 1.59, -2.00015, -0.009376
2, 2.79, 1.6, -2, 2.7893000000000003, 1.6002, -2.00015, -0.009381
2, 2.79, 1.61, -2, 2.7905, 1.6099, -2.0001, -0.00934
3, 2.8, 1.61, -2, 2.79945, 1.6103000000000003, -2.0001, -0.009402
3, 2.8099999999999996, 1.61, -2, 2.81055, 1.6105, -2.0000500000000003, -0.009366
3, 2.8199999999999994, 1.61, -2, 2.8213500000000002, 1.6103000000000003, -2.0, -0.009423
3, 2.8199999999999994, 1.6, -2, 2.82175, 1.5999, -2.0, -0.00934
3, 2.8199999999999994, 1.59, -2, 2.8202000000000003, 1.5900500000000002, -2.0, -0.009371
3, 2.8199999999999994, 1.58, -2, 2.819, 1.5795500000000002, -2.0, -0.009392
4, 2.8099999999999996, 1.58, -2, 2.80975, 1.57945, -2.0000500000000003, -0.009345
4, 2.8, 1.58, -2, 2.79925, 1.57975, -2.0, -0.009392
4, 2.79, 1.58, -2, 2.7897000000000003, 1.5801500000000002, -2.0, -0.009329
4, 2.7800000000000002, 1.58, -2, 2.7795, 1.5804, -2.0000500000000003, -0.009387
4, 2.7800000000000002, 1.59, -2, 2.779, 1.5903000000000003, -1.9999500000000001, -0.009392
4, 2.7800000000000002, 1.6, -2, 2.77945, 1.601, -1.9999, -0.00934
4, 2.7800000000000002, 1.61, -2, 2.78065, 1.6104, -1.9999, -0.009387
4, 2.7800000000000002, 1.62, -2, 2.78025, 1.6199000000000001, -1.9998500000000001, -0.00935
5, 2.79, 1.62, -2, 2.79015, 1.6198500000000002, -1.9998500000000001, -0.009392
5, 2.8, 1.62, -2, 2.7999, 1.62, -1.9998500000000001, -0.009392
5, 2.8099999999999996, 1.62, -2, 2.81115, 1.61995, -1.9998500000000001, -0.00934
5, 2.8199999999999994, 1.62, -2, 2.82075, 1.6201, -1.9999500000000001, -0.009397
5, 2.829999999999999, 1.62, -2, 2.8304, 1.62025, -1.9999500000000001, -0.009345
5, 2.829999999999999, 1.61, -2, 2.83115, 1.61045, -1.9999500000000001, -0.009376
5, 2.829999999999999, 1.6, -2, 2.8305, 1.59945, -2.0, -0.009381
5, 2.829999999999999, 1.59, -2, 2.82995, 1.5900500000000002, -2.0000500000000003, -0.009355
5, 2.829999999999999, 1.58, -2, 2.8295500000000002, 1.5792, -2.0001, -0.009371
5, 2.829999999999999, 1.57, -2, 2.82995, 1.56965, -2.0001, -0.00936
6, 2.8199999999999994, 1.57, -2, 2.8202000000000003, 1.5693000000000001, -2.0001, -0.009334
6, 2.8099999999999996, 1.57, -2, 2.8094500000000004, 1.56995, -2.0001, -0.009418
6, 2.8, 1.57, -2, 2.79975, 1.5700500000000002, -2.00015, -0.00935
6, 2.79, 1.57, -2, 2.78955, 1.5702, -2.00015, -0.009397
6, 2.7800000000000002, 1.57, -2, 2.77875, 1.5701, -2.00015, -0.00936
6, 2.7700000000000005, 1.57, -2, 2.77025, 1.5700500000000002, -2.0000500000000003, -0.009387
6, 2.7700000000000005, 1.58, -2, 2.7688500000000005, 1.5801, -2.0, -0.009413
6, 2.7700000000000005, 1.59, -2, 2.7694, 1.5915500000000002, -2.0, -0.009345
6, 2.7700000000000005, 1.6, -2, 2.77025, 1.60075, -1.9999500000000001, -0.009355
6, 2.7700000000000005, 1.61, -2, 2.77015, 1.61025, -2.0, -0.009355
6, 2.7700000000000005, 1.62, -2, 2.7704, 1.61915, -1.9999500000000001, -0.009392
6, 2.7700000000000005, 1.6300000000000001, -2, 2.7694500000000004, 1.6294000000000002, -1.9999500000000001, -0.009345
7, 2.7800000000000002, 1.6300000000000001, -2, 2.77955, 1.6297000000000001, -1.9999, -0.009319
7, 2.79, 1.6300000000000001, -2, 2.7900500000000004, 1.63015, -1.9998500000000001, -0.009329
7, 2.8, 1.6300000000000001, -2, 2.8004000000000002, 1.62995, -1.9998500000000001, -0.009376
7, 2.8099999999999996, 1.6300000000000001, -2, 2.81075, 1.63, -1.9998500000000001, -0.009413
7, 2.8199999999999994, 1.6300000000000001, -2, 2.8208, 1.63, -1.9999, -0.00934
7, 2.829999999999999, 1.6300000000000001, -2, 2.8208500000000005, 1.6300500000000002, -1.9998500000000001, -0.00934
7, 2.839999999999999, 1.6300000000000001, -2, 2.8403, 1.6300500000000002, -2.0, -0.009345
7, 2.839999999999999, 1.62, -2, 2.8404000000000003, 1.6216000000000002, -2.0, -0.009381
7, 2.839999999999999, 1.61, -2, 2.8403, 1.6102, -2.0, -0.00936
7, 2.839999999999999, 1.6, -2, 2.8401000000000005, 1.6006000000000002, -1.9999500000000001, -0.009308
7, 2.839999999999999, 1.59, -2, 2.84015, 1.58965, -2.0, -0.009376
7, 2.839999999999999, 1.58, -2, 2.8401000000000005, 1.5785, -2.0000500000000003, -0.009392
7, 2.839999999999999, 1.57, -2, 2.84025, 1.5703000000000003, -2.0001, -0.009329
7, 2.839999999999999, 1.56, -2, 2.8399500000000004, 1.5588000000000002, -2.0001, -0.009381
8, 2.829999999999999, 1.56, -2, 2.8293500000000003, 1.559, -2.0001, -0.009392
8, 2.8199999999999994, 1.56, -2, 2.8195, 1.5600500000000002, -2.0001, -0.009387
8, 2.8099999999999996, 1.56, -2, 2.8094500000000004, 1.5602, -2.00015, -0.009381
8, 2.8, 1.56, -2, 2.7998000000000003, 1.5603000000000002, -2.0001, -0.00934
8, 2.79, 1.56, -2, 2.7895, 1.5603500000000001, -2.00015, -0.009397
8, 2.7800000000000002, 1.56, -2, 2.779, 1.56, -2.0001, -0.009314
8, 2.7700000000000005, 1.56, -2, 2.77, 1.56, -2.0000500000000003, -0.009397
8, 2.7600000000000007, 1.56, -2, 2.7598000000000003, 1.56, -2.0, -0.009387
8, 2.7600000000000007, 1.57, -2, 2.7601000000000004, 1.5697, -2.0000500000000003, -0.009329
8, 2.7600000000000007, 1.58, -2, 2.7590500000000002, 1.58175, -1.9999500000000001, -0.009319
8, 2.7600000000000007, 1.59, -2, 2.75965, 1.59105, -1.9999, -0.009345
8, 2.7600000000000007, 1.6, -2, 2.7598000000000003, 1.6001, -1.9999, -0.009402
8, 2.7600000000000007, 1.61, -2, 2.7596000000000003, 1.61045, -1.9999, -0.00936
8, 2.7600000000000007, 1.62, -2, 2.7601000000000004, 1.61915, -1.9998500000000001, -0.009319
8, 2.7600000000000007, 1.6300000000000001, -2, 2.7602, 1.6286, -1.9998500000000001, -0.009381
8, 2.7600000000000007, 1.6400000000000001, -2, 2.76, 1.63815, -1.9999500000000001, -0.009345
9, 2.7700000000000005, 1.6400000000000001, -2, 2.7701000000000002, 1.6393000000000002, -2.0, -0.009319
9, 2.7800000000000002, 1.6400000000000001, -2, 2.7793500000000004, 1.6395500000000003, -2.0, -0.009392
9, 2.79, 1.6400000000000001, -2, 2.7902000000000005, 1.6403500000000002, -1.9999500000000001, -0.009381
9, 2.8, 1.6400000000000001, -2, 2.801, 1.6403, -2.0, -0.009324
9, 2.8099999999999996, 1.6400000000000001, -2, 2.8099000000000003, 1.6400500000000002, -1.9999500000000001, -0.009392
9, 2.8199999999999994, 1.6400000000000001, -2, 2.8209, 1.63965, -2.0, -0.009334
9, 2.829999999999999, 1.6400000000000001, -2, 2.83065, 1.6397, -1.9999, -0.009397
9, 2.839999999999999, 1.6400000000000001, -2, 2.8403500000000004, 1.6399000000000001, -2.0, -0.009329
9, 2.8499999999999988, 1.6400000000000001, -2, 2.85055, 1.6401000000000001, -1.9999500000000001, -0.009392
9, 2.8499999999999988, 1.6300000000000001, -2, 2.8506000000000005, 1.6317000000000002, -2.0, -0.009397
9, 2.8499999999999988, 1.62, -2, 2.8504500000000004, 1.62215, -2.0, -0.009329
9, 2.8499999999999988, 1.61, -2, 2.8504, 1.6106500000000001, -2.0, -0.009381
9, 2.8499999999999988, 1.6, -2, 2.8493000000000004, 1.6002, -2.0, -0.009402
9, 2.8499999999999988, 1.59, -2, 2.8496000000000006, 1.5902, -2.0, -0.009376
9, 2.8499999999999988, 1.58, -2, 2.8501000000000003, 1.57865, -2.0000500000000003, -0.009334
9, 2.8499999999999988, 1.57, -2, 2.8503000000000003, 1.5786000000000002, -2.0000500000000003, -0.00934
9, 2.8499999999999988, 1.56, -2, 2.8510500000000003, 1.55855, -2.0001, -0.009392
9, 2.8499999999999988, 1.55, -2, 2.8498, 1.5495500000000002, -2.0001, -0.00934
10, 2.839999999999999, 1.55, -2, 2.8394500000000003, 1.5493500000000002, -2.0001, -0.009355
10, 2.829999999999999, 1.55, -2, 2.8303000000000003, 1.5501500000000001, -2.0001, -0.009387
10, 2.8199999999999994, 1.55, -2, 2.8195, 1.5502, -2.0001, -0.009334
10, 2.8099999999999996, 1.55, -2, 2.80955, 1.5502, -2.0001, -0.009397
10, 2.8, 1.55, -2, 2.79975, 1.5501500000000001, -2.00015, -0.009407
10, 2.79, 1.55, -2, 2.7896000000000005, 1.55025, -2.0001, -0.009334
10, 2.7800000000000002, 1.55, -2, 2.7787, 1.54995, -2.0000500000000003, -0.009371
10, 2.7700000000000005, 1.55, -2, 2.7701000000000002, 1.549, -2.0000500000000003, -0.009366
10, 2.7600000000000007, 1.55, -2, 2.75965, 1.5501, -2.0, -0.00934
10, 2.750000000000001, 1.55, -2, 2.7502000000000004, 1.5500500000000001, -2.0, -0.009402
10, 2.750000000000001, 1.56, -2, 2.7494500000000004, 1.5601500000000001, -1.9999500000000001, -0.009397
10, 2.750000000000001, 1.57, -2, 2.7501, 1.57225, -1.9999500000000001, -0.00934
10, 2.750000000000001, 1.58, -2, 2.7497000000000003, 1.5810500000000003, -1.9999, -0.009413
10, 2.750000000000001, 1.59, -2, 2.7498, 1.59085, -1.9999, -0.009334
10, 2.750000000000001, 1.6, -2, 2.7498500000000003, 1.5997000000000001, -1.9999500000000001, -0.009381
10, 2.750000000000001, 1.61, -2, 2.7502000000000004, 1.6093000000000002, -1.9999, -0.00934
10, 2.750000000000001, 1.62, -2, 2.75, 1.6183500000000002, -1.9999500000000001, -0.009319
10, 2.750000000000001, 1.6300000000000001, -2, 2.7497000000000003, 1.62905, -2.0, -0.009392
10, 2.750000000000001, 1.6400000000000001, -2, 2.7509500000000005, 1.6372, -1.9999500000000001, -0.009397
10, 2.750000000000001, 1.6500000000000001, -2, 2.7498500000000003, 1.64825, -2.0, -0.009334
11, 2.7600000000000007, 1.6500000000000001, -2, 2.7590500000000002, 1.6502000000000001, -2.0, -0.009397
11, 2.7700000000000005, 1.6500000000000001, -2, 2.7705, 1.6503, -2.0, -0.009407
11, 2.7800000000000002, 1.6500000000000001, -2, 2.7803500000000003, 1.6500500000000002, -1.9999500000000001, -0.009324
11, 2.79, 1.6500000000000001, -2, 2.7898500000000004, 1.64985, -1.9999500000000001, -0.009407
11, 2.8, 1.6500000000000001, -2, 2.8008, 1.6498000000000002, -2.0, -0.009345
11, 2.8099999999999996, 1.6500000000000001, -2, 2.8104500000000003, 1.6498000000000002, -2.0, -0.009371
11, 2.8199999999999994, 1.6500000000000001, -2, 2.8204000000000002, 1.6499000000000001, -2.0, -0.009397
11, 2.829999999999999, 1.6500000000000001, -2, 2.8304, 1.6501000000000001, -2.0, -0.009345
11, 2.839999999999999, 1.6500000000000001, -2, 2.8308, 1.6501000000000001, -1.9999500000000001, -0.009329
11, 2.8499999999999988, 1.6500000000000001, -2, 2.85095, 1.65015, -2.0, -0.009397
11, 2.8599999999999985, 1.6500000000000001, -2, 2.86, 1.65015, -2.0, -0.009334
11, 2.8599999999999985, 1.6400000000000001, -2, 2.86, 1.6501000000000001, -2.0000500000000003, -0.009392
11, 2.8599999999999985, 1.6300000000000001, -2, 2.86, 1.6501000000000001, -2.0000500000000003, -0.009387
11, 2.8599999999999985, 1.62, -2, 2.86005, 1.6501000000000001, -2.0000500000000003, -0.009329
11, 2.8599999999999985, 1.61, -2, 2.85975, 1.6155500000000003, -2.0000500000000003, -0.009392
11, 2.8599999999999985, 1.6, -2, 2.8605, 1.6009, -2.0000500000000003, -0.009402
11, 2.8599999999999985, 1.59, -2, 2.8611500000000003, 1.5897000000000001, -2.0000500000000003, -0.009334
11, 2.8599999999999985, 1.58, -2, 2.8584500000000004, 1.58025, -2.0000500000000003, -0.00934
11, 2.8599999999999985, 1.57, -2, 2.8608000000000002, 1.5693500000000002, -2.0, -0.009402
11, 2.8599999999999985, 1.56, -2, 2.86, 1.55965, -2.0000500000000003, -0.009334
11, 2.8599999999999985, 1.55, -2, 2.8592000000000004, 1.54915, -2.0000500000000003, -0.009402
11, 2.8599999999999985, 1.54, -2, 2.86045, 1.5392000000000001, -2.0000500000000003, -0.009345
12, 2.8499999999999988, 1.54, -2, 2.84995, 1.5391000000000001, -1.9999500000000001, -0.009329
12, 2.839999999999999, 1.54, -2, 2.8403, 1.5396500000000002, -2.0, -0.009397
12, 2.829999999999999, 1.54, -2, 2.8298, 1.5399, -2.0, -0.009423
12, 2.8199999999999994, 1.54, -2, 2.81975, 1.5403000000000002, -1.9999500000000001, -0.009355
12, 2.8099999999999996, 1.54, -2, 2.8093000000000004, 1.5404, -2.0, -0.009334
12, 2.8, 1.54, -2, 2.7997, 1.5401500000000001, -2.0, -0.009397
12, 2.79, 1.54, -2, 2.7897000000000003, 1.5398500000000002, -2.0, -0.00934
12, 2.7800000000000002, 1.54, -2, 2.7786500000000003, 1.53975, -2.0000500000000003, -0.009324
12, 2.7700000000000005, 1.54, -2, 2.77055, 1.5396500000000002, -2.0000500000000003, -0.009355
12, 2.7600000000000007, 1.54, -2, 2.75965, 1.5401000000000002, -2.0001, -0.009345
12, 2.750000000000001, 1.54, -2, 2.7496000000000005, 1.5403000000000002, -2.0001, -0.009397
12, 2.740000000000001, 1.54, -2, 2.74075, 1.54035, -2.0001, -0.009392
12, 2.740000000000001, 1.55, -2, 2.74, 1.5503000000000002, -2.0000500000000003, -0.009319
12, 2.740000000000001, 1.56, -2, 2.73975, 1.5613000000000001, -2.0, -0.009366
12, 2.740000000000001, 1.57, -2, 2.7399, 1.5718500000000002, -2.0, -0.009329
12, 2.740000000000001, 1.58, -2, 2.7398000000000002, 1.5804, -2.0, -0.009381
12, 2.740000000000001, 1.59, -2, 2.7394000000000003, 1.5911000000000002, -2.0, -0.009402
12, 2.740000000000001, 1.6, -2, 2.7402, 1.59925, -1.9999500000000001, -0.009376
12, 2.740000000000001, 1.61, -2, 2.7399500000000003, 1.60925, -1.9999, -0.009392
12, 2.740000000000001, 1.62, -2, 2.7398500000000006, 1.6185, -1.9999, -0.009345
12, 2.740000000000001, 1.6300000000000001, -2, 2.74, 1.6285500000000002, -1.9999, -0.009355
12, 2.740000000000001, 1.6400000000000001, -2, 2.74025, 1.62845, -1.9999, -0.009397
12, 2.740000000000001, 1.6500000000000001, -2, 2.7396000000000003, 1.6468500000000001, -1.9998500000000001, -0.009355
12, 2.740000000000001, 1.6600000000000001, -2, 2.7393, 1.6593000000000002, -1.9999, -0.009329
13, 2.750000000000001, 1.6600000000000001, -2, 2.75, 1.65925, -1.9999, -0.009407
13, 2.7600000000000007, 1.6600000000000001, -2, 2.7596000000000003, 1.6603, -1.9999500000000001, -0.009376
13, 2.7700000000000005, 1.6600000000000001, -2, 2.77, 1.6603, -1.9999500000000001, -0.009345
13, 2.7800000000000002, 1.6600000000000001, -2, 2.7796000000000003, 1.66015, -2.0, -0.00936
13, 2.79, 1.6600000000000001, -2, 2.7898500000000004, 1.6597, -2.0, -0.00936
13, 2.8, 1.6600000000000001, -2, 2.8008, 1.6595, -1.9999, -0.009345
13, 2.8099999999999996, 1.6600000000000001, -2, 2.8103000000000002, 1.66015, -2.0, -0.009397
13, 2.8199999999999994, 1.6600000000000001, -2, 2.82045, 1.66025, -2.0, -0.009334
13, 2.829999999999999, 1.6600000000000001, -2, 2.8310500000000003, 1.66015, -1.9999500000000001, -0.00934
13, 2.839999999999999, 1.6600000000000001, -2, 2.8402000000000003, 1.6600500000000002, -1.9999500000000001, -0.009345
13, 2.8499999999999988, 1.6600000000000001, -2, 2.85065, 1.66, -2.0000500000000003, -0.00934
13, 2.8599999999999985, 1.6600000000000001, -2, 2.8508, 1.6599000000000002, -2.0, -0.009371
13, 2.8699999999999983, 1.6600000000000001, -2, 2.8697000000000004, 1.65975, -2.0000500000000003, -0.009418
13, 2.8699999999999983, 1.6500000000000001, -2, 2.8703000000000003, 1.6502000000000001, -2.0, -0.009334
13, 2.8699999999999983, 1.6400000000000001, -2, 2.8708500000000003, 1.64135, -2.0, -0.009392
13, 2.8699999999999983, 1.6300000000000001, -2, 2.87015, 1.6312, -2.0, -0.009392
13, 2.8699999999999983, 1.62, -2, 2.8699500000000002, 1.62275, -2.0, -0.009345
13, 2.8699999999999983, 1.61, -2, 2.87035, 1.6105500000000001, -2.0000500000000003, -0.00935
13, 2.8699999999999983, 1.6, -2, 2.8695, 1.6005, -2.0000500000000003, -0.009397
13, 2.8699999999999983, 1.59, -2, 2.8708, 1.591, -2.0, -0.009392
13, 2.8699999999999983, 1.58, -2, 2.87055, 1.5779, -2.0000500000000003, -0.00934
13, 2.8699999999999983, 1.57, -2, 2.86965, 1.5709000000000002, -2.0000500000000003, -0.009381
13, 2.8699999999999983, 1.56, -2, 2.87, 1.55865, -2.0000500000000003, -0.00936
13, 2.8699999999999983, 1.55, -2, 2.8692, 1.5589000000000002, -2.0001, -0.00934
13, 2.8699999999999983, 1.54, -2, 2.8692, 1.539, -2.0000500000000003, -0.009334
13, 2.8699999999999983, 1.53, -2, 2.87025, 1.5291000000000001, -2.0000500000000003, -0.00936
14, 2.8599999999999985, 1.53, -2, 2.8606000000000003, 1.52915, -2.0000500000000003, -0.009324
14, 2.8499999999999988, 1.53, -2, 2.85, 1.5303000000000002, -2.0001, -0.009387
14, 2.839999999999999, 1.53, -2, 2.8398000000000003, 1.53025, -2.0001, -0.009413
14, 2.829999999999999, 1.53, -2, 2.8298500000000004, 1.53025, -2.0001, -0.009329
14, 2.8199999999999994, 1.53, -2, 2.8194, 1.5301000000000002, -2.0000500000000003, -0.009397
14, 2.8099999999999996, 1.53, -2, 2.80975, 1.52975, -2.0000500000000003, -0.009329
14, 2.8, 1.53, -2, 2.7995, 1.5295500000000002, -2.0000500000000003, -0.00934
14, 2.79, 1.53, -2, 2.78965, 1.5300500000000001, -2.0, -0.009392
14, 2.7800000000000002, 1.53, -2, 2.7787, 1.5300500000000001, -2.0, -0.00936
14, 2.7700000000000005, 1.53, -2, 2.77055, 1.5300500000000001, -2.0, -0.009387
14, 2.7600000000000007, 1.53, -2, 2.7599, 1.5301000000000002, -2.0, -0.009387
14, 2.750000000000001, 1.53, -2, 2.7498500000000003, 1.5300500000000001, -2.0, -0.00936
14, 2.740000000000001, 1.53, -2, 2.7409, 1.5300500000000001, -1.9999500000000001, -0.009334
14, 2.7300000000000013, 1.53, -2, 2.73055, 1.5301000000000002, -1.9999500000000001, -0.009314
14, 2.7300000000000013, 1.54, -2, 2.7305, 1.5394, -1.9999, -0.009402
14, 2.7300000000000013, 1.55, -2, 2.729, 1.5512000000000001, -1.9999500000000001, -0.009376
14, 2.7300000000000013, 1.56, -2, 2.7294500000000004, 1.5624500000000001, -1.9999500000000001, -0.009402
14, 2.7300000000000013, 1.57, -2, 2.7301, 1.57125, -1.9999500000000001, -0.009329
14, 2.7300000000000013, 1.58, -2, 2.7302000000000004, 1.5806000000000002, -1.9999500000000001, -0.009413
14, 2.7300000000000013, 1.59, -2, 2.73025, 1.5903500000000002, -1.9999500000000001, -0.009387
14, 2.7300000000000013, 1.6, -2, 2.7304500000000003, 1.6004, -2.0, -0.009392
14, 2.7300000000000013, 1.61, -2, 2.7295, 1.6085, -2.0000500000000003, -0.009345
14, 2.7300000000000013, 1.62, -2, 2.7288, 1.61845, -2.0, -0.009376
14, 2.7300000000000013, 1.6300000000000001, -2, 2.7300500000000003, 1.6285500000000002, -2.0, -0.009376
14, 2.7300000000000013, 1.6400000000000001, -2, 2.7303, 1.6385, -2.0, -0.009329
14, 2.7300000000000013, 1.6500000000000001, -2, 2.73025, 1.6483, -2.0, -0.009319
14, 2.7300000000000013, 1.6600000000000001, -2, 2.73, 1.6594, -2.0, -0.009392
14, 2.7300000000000013, 1.6700000000000002, -2, 2.7295, 1.6696000000000002, -2.0, -0.009334
15, 2.740000000000001, 1.6700000000000002, -2, 2.7391000000000005, 1.6694, -1.9999500000000001, -0.009319
15, 2.750000000000001, 1.6700000000000002, -2, 2.7492, 1.6696000000000002, -2.0000500000000003, -0.009413
15, 2.7600000000000007, 1.6700000000000002, -2, 2.75915, 1.6707, -2.0, -0.009366
15, 2.7700000000000005, 1.6700000000000002, -2, 2.76995, 1.6705, -2.0000500000000003, -0.00935
15, 2.7800000000000002, 1.6700000000000002, -2, 2.7802000000000002, 1.6697, -2.0, -0.009381
15, 2.79, 1.6700000000000002, -2, 2.78965, 1.6697, -2.0000500000000003, -0.009345
15, 2.8, 1.6700000000000002, -2, 2.8005500000000003, 1.66985, -2.0, -0.00934
15, 2.8099999999999996, 1.6700000000000002, -2, 2.81055, 1.66995, -1.9999500000000001, -0.009345
15, 2.8199999999999994, 1.6700000000000002, -2, 2.8209, 1.67045, -2.0, -0.009407
15, 2.829999999999999, 1.6700000000000002, -2, 2.8304500000000004, 1.6703500000000002, -1.9999500000000001, -0.009376
15, 2.839999999999999, 1.6700000000000002, -2, 2.841, 1.6698000000000002, -1.9999500000000001, -0.009397
15, 2.8499999999999988, 1.6700000000000002, -2, 2.8496000000000006, 1.66975, -1.9999, -0.009334
15, 2.8599999999999985, 1.6700000000000002, -2, 2.8603, 1.66985, -1.9999500000000001, -0.009402
15, 2.8699999999999983, 1.6700000000000002, -2, 2.87065, 1.66985, -2.0, -0.009345
15, 2.879999999999998, 1.6700000000000002, -2, 2.8797, 1.6702000000000001, -2.0, -0.009387
15, 2.879999999999998, 1.6600000000000001, -2, 2.8796000000000004, 1.6608000000000003, -2.0, -0.00935
15, 2.879999999999998, 1.6500000000000001, -2, 2.8806000000000003, 1.6503, -1.9999500000000001, -0.009324
15, 2.879999999999998, 1.6400000000000001, -2, 2.8808000000000002, 1.6405500000000002, -2.0, -0.009392
15, 2.879999999999998, 1.6300000000000001, -2, 2.88065, 1.6314000000000002, -2.0000500000000003, -0.009381
15, 2.879999999999998, 1.62, -2, 2.8804000000000003, 1.6225500000000002, -2.0, -0.009355
15, 2.879999999999998, 1.61, -2, 2.8795, 1.6115, -2.0000500000000003, -0.009407
15, 2.879999999999998, 1.6, -2, 2.88025, 1.59975, -2.0000500000000003, -0.00935
15, 2.879999999999998, 1.59, -2, 2.88045, 1.5901500000000002, -2.0000500000000003, -0.009334
15, 2.879999999999998, 1.58, -2, 2.8803, 1.5790500000000003, -2.0000500000000003, -0.009407
15, 2.879999999999998, 1.57, -2, 2.8794500000000003, 1.5704, -2.0, -0.00934
15, 2.879999999999998, 1.56, -2, 2.8794, 1.55885, -2.0, -0.009392
15, 2.879999999999998, 1.55, -2, 2.8805, 1.5501500000000001, -2.0, -0.00934
15, 2.879999999999998, 1.54, -2, 2.88075, 1.5387, -2.0, -0.009376
15, 2.879999999999998, 1.53, -2, 2.87975, 1.52925, -2.0, -0.00935
15, 2.879999999999998, 1.52, -2, 2.8796000000000004, 1.5195500000000002, -2.0, -0.009413
16, 2.8699999999999983, 1.52, -2, 2.87025, 1.5194, -2.0000500000000003, -0.009355
16, 2.8599999999999985, 1.52, -2, 2.8608500000000006, 1.5197, -2.0, -0.009371
16, 2.8499999999999988, 1.52, -2, 2.84925, 1.5199, -2.0, -0.009402
16, 2.839999999999999, 1.52, -2, 2.84015, 1.5201000000000002, -2.0, -0.009334
16, 2.829999999999999, 1.52, -2, 2.8297000000000003, 1.5202, -2.0, -0.009376
16, 2.8199999999999994, 1.52, -2, 2.8196000000000003, 1.5202, -2.0000500000000003, -0.009418
16, 2.8099999999999996, 1.52, -2, 2.8094500000000004, 1.5202, -2.0000500000000003, -0.009392
16, 2.8, 1.52, -2, 2.7997, 1.52, -2.0000500000000003, -0.009381
16, 2.79, 1.52, -2, 2.78965, 1.5199500000000001, -2.0000500000000003, -0.009418
16, 2.7800000000000002, 1.52, -2, 2.7788000000000004, 1.5198500000000001, -1.9999500000000001, -0.009324
16, 2.7700000000000005, 1.52, -2, 2.76995, 1.5198500000000001, -1.9999, -0.009381
16, 2.7600000000000007, 1.52, -2, 2.7599500000000003, 1.5198000000000003, -1.9999500000000001, -0.009324
16, 2.750000000000001, 1.52, -2, 2.75015, 1.5199500000000001, -2.0, -0.009387
16, 2.740000000000001, 1.52, -2, 2.7403500000000003, 1.5201000000000002, -2.0, -0.009407
16, 2.7300000000000013, 1.52, -2, 2.7311000000000005, 1.5202, -1.9999500000000001, -0.009428
16, 2.7200000000000015, 1.52, -2, 2.72065, 1.52035, -1.9999500000000001, -0.00935
16, 2.7200000000000015, 1.53, -2, 2.72025, 1.5296500000000002, -1.9999500000000001, -0.009387
16, 2.7200000000000015, 1.54, -2, 2.71965, 1.54045, -2.0, -0.009413
16, 2.7200000000000015, 1.55, -2, 2.7195, 1.55175, -1.9999500000000001, -0.00934
16, 2.7200000000000015, 1.56, -2, 2.7198500000000005, 1.5621500000000001, -2.0, -0.009392
16, 2.7200000000000015, 1.57, -2, 2.71975, 1.571, -2.0, -0.009329
16, 2.7200000000000015, 1.58, -2, 2.71975, 1.5807, -2.0, -0.00936
16, 2.7200000000000015, 1.59, -2, 2.7199, 1.5902, -2.0, -0.009397
16, 2.7200000000000015, 1.6, -2, 2.71975, 1.6005, -2.0, -0.00934
16, 2.7200000000000015, 1.61, -2, 2.7207000000000003, 1.6084, -2.0, -0.009345
16, 2.7200000000000015, 1.62, -2, 2.7202, 1.6181, -2.0, -0.009387
16, 2.7200000000000015, 1.6300000000000001, -2, 2.71975, 1.6284, -2.0, -0.009402
16, 2.7200000000000015, 1.6400000000000001, -2, 2.7196000000000002, 1.6385500000000002, -2.0000500000000003, -0.009334
16, 2.7200000000000015, 1.6500000000000001, -2, 2.7195500000000004, 1.6489500000000001, -2.0001, -0.009407
16, 2.7200000000000015, 1.6600000000000001, -2, 2.7195500000000004, 1.6594, -2.0001, -0.009387
16, 2.7200000000000015, 1.6700000000000002, -2, 2.7206000000000006, 1.6694, -2.0000500000000003, -0.009329
16, 2.7200000000000015, 1.6800000000000002, -2, 2.7199500000000003, 1.68025, -2.0000500000000003, -0.009329
17, 2.7300000000000013, 1.6800000000000002, -2, 2.72955, 1.67995, -2.0000500000000003, -0.009329
17, 2.740000000000001, 1.6800000000000002, -2, 2.73945, 1.67995, -2.0, -0.009371
17, 2.750000000000001, 1.6800000000000002, -2, 2.7391000000000005, 1.6801000000000001, -2.0, -0.009324
17, 2.7600000000000007, 1.6800000000000002, -2, 2.7588000000000004, 1.6800500000000003, -1.9999500000000001, -0.009376
17, 2.7700000000000005, 1.6800000000000002, -2, 2.7694500000000004, 1.68015, -1.9999, -0.009402
17, 2.7800000000000002, 1.6800000000000002, -2, 2.7802000000000002, 1.6801000000000001, -1.9999, -0.009355
17, 2.79, 1.6800000000000002, -2, 2.7897000000000003, 1.68, -1.9999, -0.009324
17, 2.8, 1.6800000000000002, -2, 2.7898500000000004, 1.6801000000000001, -1.9998500000000001, -0.009402
17, 2.8099999999999996, 1.6800000000000002, -2, 2.81095, 1.67995, -1.9999, -0.009345
17, 2.8199999999999994, 1.6800000000000002, -2, 2.8209, 1.67965, -1.9999, -0.009397
17, 2.829999999999999, 1.6800000000000002, -2, 2.83065, 1.6798000000000002, -1.9999500000000001, -0.00934
17, 2.839999999999999, 1.6800000000000002, -2, 2.84065, 1.68, -2.0000500000000003, -0.00936
17, 2.8499999999999988, 1.6800000000000002, -2, 2.8409, 1.6800500000000003, -2.0, -0.009387
17, 2.8599999999999985, 1.6800000000000002, -2, 2.86015, 1.68015, -2.0000500000000003, -0.009413
17, 2.8699999999999983, 1.6800000000000002, -2, 2.8701000000000003, 1.68015, -2.0000500000000003, -0.00934
17, 2.879999999999998, 1.6800000000000002, -2, 2.88, 1.6800500000000003, -2.0, -0.009314
17, 2.889999999999998, 1.6800000000000002, -2, 2.88965, 1.6801000000000001, -2.0, -0.009397
17, 2.889999999999998, 1.6700000000000002, -2, 2.89065, 1.66945, -2.0, -0.009387
17, 2.889999999999998, 1.6600000000000001, -2, 2.8902, 1.6609, -2.0, -0.009392
17, 2.889999999999998, 1.6500000000000001, -2, 2.8904, 1.6504, -2.0, -0.009345
17, 2.889999999999998, 1.6400000000000001, -2, 2.8898500000000005, 1.64075, -2.0000500000000003, -0.009324
17, 2.889999999999998, 1.6300000000000001, -2, 2.8898, 1.632, -2.0000500000000003, -0.009397
17, 2.889999999999998, 1.62, -2, 2.89035, 1.62125, -2.0000500000000003, -0.009334
17, 2.889999999999998, 1.61, -2, 2.8894, 1.6106500000000001, -2.0, -0.009324
17, 2.889999999999998, 1.6, -2, 2.8902, 1.6001, -2.0000500000000003, -0.009397
17, 2.889999999999998, 1.59, -2, 2.8908500000000004, 1.5899, -2.0000500000000003, -0.009397
17, 2.889999999999998, 1.58, -2, 2.8893, 1.57915, -2.0, -0.009334
17, 2.889999999999998, 1.57, -2, 2.8897000000000004, 1.5703000000000003, -2.0, -0.009392
17, 2.889999999999998, 1.56, -2, 2.89055, 1.55895, -2.0, -0.00935
17, 2.889999999999998, 1.55, -2, 2.8899500000000002, 1.5499, -2.0, -0.009392
17, 2.889999999999998, 1.54, -2, 2.89025, 1.5386000000000002, -2.0, -0.009387
17, 2.889999999999998, 1.53, -2, 2.8899, 1.5304, -2.0, -0.009387
17, 2.889999999999998, 1.52, -2, 2.89, 1.5192, -2.0000500000000003, -0.00934
17, 2.889999999999998, 1.51, -2, 2.8899500000000002, 1.51, -2.0, -0.009387
18, 2.879999999999998, 1.51, -2, 2.8803500000000004, 1.5099500000000001, -2.0, -0.009329
18, 2.8699999999999983, 1.51, -2, 2.8701000000000003, 1.5099, -2.0000500000000003, -0.009329
18, 2.8599999999999985, 1.51, -2, 2.8599500000000004, 1.5099, -2.0000500000000003, -0.009371
18, 2.8499999999999988, 1.51, -2, 2.8504500000000004, 1.5098500000000001, -2.0, -0.009397
18, 2.839999999999999, 1.51, -2, 2.83955, 1.5098500000000001, -2.0, -0.00936
18, 2.829999999999999, 1.51, -2, 2.8298500000000004, 1.5098500000000001, -2.0, -0.009345
18, 2.8199999999999994, 1.51, -2, 2.8194500000000002, 1.51, -2.0000500000000003, -0.009376
18, 2.8099999999999996, 1.51, -2, 2.8098500000000004, 1.5100500000000001, -2.0, -0.00935
18, 2.8, 1.51, -2, 2.7992000000000004, 1.51015, -2.0, -0.009397
18, 2.79, 1.51, -2, 2.78975, 1.5100500000000001, -1.9999500000000001, -0.009334
18, 2.7800000000000002, 1.51, -2, 2.779, 1.5100500000000001, -1.9999, -0.009329
18, 2.7700000000000005, 1.51, -2, 2.76975, 1.51015, -1.9999500000000001, -0.009397
18, 2.7600000000000007, 1.51, -2, 2.7598000000000003, 1.51015, -1.9999500000000001, -0.009329
18, 2.750000000000001, 1.51, -2, 2.7499000000000002, 1.5100500000000001, -1.9999500000000001, -0.009397
18, 2.740000000000001, 1.51, -2, 2.74075, 1.51, -1.9999500000000001, -0.009371
18, 2.7300000000000013, 1.51, -2, 2.7305, 1.5101000000000002, -2.0, -0.009324
18, 2.7200000000000015, 1.51, -2, 2.7214, 1.5099, -2.0, -0.009366
18, 2.7100000000000017, 1.51, -2, 2.71015, 1.5099, -1.9999500000000001, -0.009392
18, 2.7100000000000017, 1.52, -2, 2.7106500000000002, 1.5194, -2.0, -0.009366
18, 2.7100000000000017, 1.53, -2, 2.7095, 1.53045, -2.0, -0.009334
18, 2.7100000000000017, 1.54, -2, 2.7093000000000003, 1.5407, -2.0, -0.009387
18, 2.7100000000000017, 1.55, -2, 2.7094500000000004, 1.5529000000000002, -2.0, -0.009376
18, 2.7100000000000017, 1.56, -2, 2.7098500000000003, 1.5611000000000002, -2.0, -0.009324
18, 2.7100000000000017, 1.57, -2, 2.71, 1.5710500000000003, -2.0, -0.009407
18, 2.7100000000000017, 1.58, -2, 2.71, 1.5710500000000003, -2.0, -0.00935
18, 2.7100000000000017, 1.59, -2, 2.7100500000000003, 1.5711000000000002, -2.0, -0.009355
18, 2.7100000000000017, 1.6, -2, 2.7107, 1.6004500000000002, -2.0, -0.009334
18, 2.7100000000000017, 1.61, -2, 2.7103, 1.60845, -1.9999500000000001, -0.009387
18, 2.7100000000000017, 1.62, -2, 2.7098, 1.6183500000000002, -2.0000500000000003, -0.009381
18, 2.7100000000000017, 1.6300000000000001, -2, 2.7094, 1.62825, -2.0001, -0.00934
18, 2.7100000000000017, 1.6400000000000001, -2, 2.70935, 1.6386500000000002, -2.0001, -0.009381
18, 2.7100000000000017, 1.6500000000000001, -2, 2.70965, 1.6490500000000001, -2.0001, -0.009387
18, 2.7100000000000017, 1.6600000000000001, -2, 2.7101, 1.6488000000000003, -2.0001, -0.009329
18, 2.7100000000000017, 1.6700000000000002, -2, 2.70975, 1.6691500000000001, -2.0001, -0.00936
18, 2.7100000000000017, 1.6800000000000002, -2, 2.7115, 1.6793500000000001, -2.0000500000000003, -0.009392
18, 2.7100000000000017, 1.6900000000000002, -2, 2.7098, 1.6907, -2.0000500000000003, -0.00934
19, 2.7200000000000015, 1.6900000000000002, -2, 2.7191000000000005, 1.6899000000000002, -2.0, -0.009371
19, 2.7300000000000013, 1.6900000000000002, -2, 2.7294500000000004, 1.6899000000000002, -1.9999500000000001, -0.009381
19, 2.740000000000001, 1.6900000000000002, -2, 2.7393, 1.68985, -1.9999, -0.009355
19, 2.750000000000001, 1.6900000000000002, -2, 2.7488500000000005, 1.6900500000000003, -1.9998500000000001, -0.009324
19, 2.7600000000000007, 1.6900000000000002, -2, 2.7590500000000002, 1.6902000000000001, -1.9998500000000001, -0.009392
19, 2.7700000000000005, 1.6900000000000002, -2, 2.76995, 1.69015, -1.9998500000000001, -0.009402
19, 2.7800000000000002, 1.6900000000000002, -2, 2.78005, 1.6900500000000003, -1.9999500000000001, -0.009334
19, 2.79, 1.6900000000000002, -2, 2.7898, 1.68985, -2.0, -0.009387
19, 2.8, 1.6900000000000002, -2, 2.80075, 1.68975, -2.0, -0.009402
19, 2.8099999999999996, 1.6900000000000002, -2, 2.8104500000000003, 1.6899000000000002, -1.9999500000000001, -0.009329
19, 2.8199999999999994, 1.6900000000000002, -2, 2.8209, 1.6900500000000003, -1.9999500000000001, -0.009387
19, 2.829999999999999, 1.6900000000000002, -2, 2.8211000000000004, 1.6900500000000003, -2.0, -0.009392
19, 2.839999999999999, 1.6900000000000002, -2, 2.8411000000000004, 1.6900500000000003, -2.0, -0.009324
19, 2.8499999999999988, 1.6900000000000002, -2, 2.8504, 1.6901000000000002, -2.0, -0.009397
19, 2.8599999999999985, 1.6900000000000002, -2, 2.86015, 1.6901000000000002, -2.0, -0.009397
19, 2.8699999999999983, 1.6900000000000002, -2, 2.8699, 1.6901000000000002, -2.0, -0.009329
19, 2.879999999999998, 1.6900000000000002, -2, 2.8798500000000002, 1.6900500000000003, -2.0, -0.009329
19, 2.889999999999998, 1.6900000000000002, -2, 2.89035, 1.68985, -2.0, -0.009397
19, 2.8999999999999977, 1.6900000000000002, -2, 2.89975, 1.6898000000000002, -2.0, -0.009355
19, 2.8999999999999977, 1.6800000000000002, -2, 2.9002000000000003, 1.68045, -2.0, -0.00935
19, 2.8999999999999977, 1.6700000000000002, -2, 2.9006000000000003, 1.6696000000000002, -2.0, -0.009397
19, 2.8999999999999977, 1.6600000000000001, -2, 2.90055, 1.6607, -2.0000500000000003, -0.009355
19, 2.8999999999999977, 1.6500000000000001, -2, 2.89955, 1.65075, -2.0000500000000003, -0.00934
19, 2.8999999999999977, 1.6400000000000001, -2, 2.8992000000000004, 1.6412, -2.0, -0.009397
19, 2.8999999999999977, 1.6300000000000001, -2, 2.9000500000000002, 1.6307, -2.0, -0.009381
19, 2.8999999999999977, 1.62, -2, 2.90015, 1.6307, -2.0000500000000003, -0.009366
19, 2.8999999999999977, 1.61, -2, 2.9007, 1.61135, -2.0000500000000003, -0.009345
19, 2.8999999999999977, 1.6, -2, 2.9008000000000003, 1.5998500000000002, -2.0000500000000003, -0.009407
19, 2.8999999999999977, 1.59, -2, 2.8996500000000003, 1.5902, -2.0000500000000003, -0.00935
19, 2.8999999999999977, 1.58, -2, 2.9001000000000006, 1.57945, -2.0, -0.009334
19, 2.8999999999999977, 1.57, -2, 2.9, 1.5704, -1.9999500000000001, -0.009376
19, 2.8999999999999977, 1.56, -2, 2.9007, 1.5591000000000002, -1.9999500000000001, -0.009324
19, 2.8999999999999977, 1.55, -2, 2.8999, 1.5496500000000002, -2.0, -0.009345
19, 2.8999999999999977, 1.54, -2, 2.9002000000000003, 1.5394, -1.9999500000000001, -0.009334
19, 2.8999999999999977, 1.53, -2, 2.8998000000000004, 1.53025, -1.9999500000000001, -0.00936
19, 2.8999999999999977, 1.52, -2, 2.90045, 1.5191000000000001, -1.9999500000000001, -0.009329
19, 2.8999999999999977, 1.51, -2, 2.8998000000000004, 1.5101000000000002, -2.0, -0.009392
19, 2.8999999999999977, 1.5, -2, 2.90055, 1.4991, -2.0, -0.00936
20, 2.889999999999998, 1.5, -2, 2.8897000000000004, 1.49945, -2.0000500000000003, -0.009319
20, 2.879999999999998, 1.5, -2, 2.88065, 1.50015, -2.0, -0.009387
20, 2.8699999999999983, 1.5, -2, 2.8704500000000004, 1.50025, -2.0000500000000003, -0.009392
20, 2.8599999999999985, 1.5, -2, 2.8601000000000005, 1.50025, -2.0000500000000003, -0.00934
20, 2.8499999999999988, 1.5, -2, 2.8495, 1.50015, -2.0000500000000003, -0.009381
20, 2.839999999999999, 1.5, -2, 2.8397, 1.4999500000000001, -2.0001, -0.009397
20, 2.829999999999999, 1.5, -2, 2.83, 1.4997, -2.0000500000000003, -0.00934
20, 2.8199999999999994, 1.5, -2, 2.8193, 1.4997, -2.0000500000000003, -0.00934
20, 2.8099999999999996, 1.5, -2, 2.80995, 1.4998500000000001, -2.0000500000000003, -0.00935
20, 2.8, 1.5, -2, 2.79945, 1.50005, -2.0, -0.009345
20, 2.79, 1.5, -2, 2.7898, 1.5002, -2.0, -0.009407
20, 2.7800000000000002, 1.5, -2, 2.7788000000000004, 1.5002, -2.0, -0.00935
20, 2.7700000000000005, 1.5, -2, 2.7704, 1.50015, -2.0000500000000003, -0.009397
20, 2.7600000000000007, 1.5, -2, 2.7599, 1.50005, -2.0000500000000003, -0.009376
20, 2.750000000000001, 1.5, -2, 2.74995, 1.4998000000000002, -2.0, -0.009345
20, 2.740000000000001, 1.5, -2, 2.7405, 1.4998000000000002, -2.0, -0.009324
20, 2.7300000000000013, 1.5, -2, 2.7308000000000003, 1.4996500000000001, -2.0000500000000003, -0.009402
20, 2.7200000000000015, 1.5, -2, 2.7208, 1.4999, -2.0, -0.009392
20, 2.7100000000000017, 1.5, -2, 2.71085, 1.5001000000000002, -2.0, -0.009345
20, 2.700000000000002, 1.5, -2, 2.701, 1.5002, -2.0, -0.009319
20, 2.700000000000002, 1.51, -2, 2.6999500000000003, 1.5100500000000001, -2.0, -0.009402
20, 2.700000000000002, 1.52, -2, 2.7003500000000003, 1.5198000000000003, -2.0, -0.009381
20, 2.700000000000002, 1.53, -2, 2.6996, 1.5307, -2.0000500000000003, -0.009334
20, 2.700000000000002, 1.54, -2, 2.6996, 1.5413500000000002, -1.9999500000000001, -0.009381
20, 2.700000000000002, 1.55, -2, 2.6995500000000003, 1.5526000000000002, -1.9999, -0.009366
20, 2.700000000000002, 1.56, -2, 2.6997000000000004, 1.5611000000000002, -1.9999, -0.009402
20, 2.700000000000002, 1.57, -2, 2.6999, 1.5707, -1.9999, -0.009381
20, 2.700000000000002, 1.58, -2, 2.7001500000000003, 1.5804500000000001, -1.9999, -0.00934
20, 2.700000000000002, 1.59, -2, 2.6999500000000003, 1.5898500000000002, -1.9999500000000001, -0.009329
20, 2.700000000000002, 1.6, -2, 2.6999500000000003, 1.5999, -1.9999500000000001, -0.009392
20, 2.700000000000002, 1.61, -2, 2.7002, 1.6083500000000002, -1.9999500000000001, -0.009397
20, 2.700000000000002, 1.62, -2, 2.7004, 1.6181500000000002, -2.0000500000000003, -0.00934
20, 2.700000000000002, 1.6300000000000001, -2, 2.6998500000000005, 1.62845, -2.0001, -0.009407
20, 2.700000000000002, 1.6400000000000001, -2, 2.6995, 1.6386, -2.0001, -0.009345
20, 2.700000000000002, 1.6500000000000001, -2, 2.6999, 1.64935, -2.0001, -0.009345
20, 2.700000000000002, 1.6600000000000001, -2, 2.6999500000000003, 1.65945, -2.0001, -0.009413
20, 2.700000000000002, 1.6700000000000002, -2, 2.69975, 1.6697, -2.0000500000000003, -0.009397
20, 2.700000000000002, 1.6800000000000002, -2, 2.7, 1.6696000000000002, -2.0001, -0.009329
20, 2.700000000000002, 1.6900000000000002, -2, 2.6994000000000002, 1.6898000000000002, -2.0000500000000003, -0.009334
20, 2.700000000000002, 1.7000000000000002, -2, 2.6995500000000003, 1.70065, -1.9999500000000001, -0.009387
21, 2.7100000000000017, 1.7000000000000002, -2, 2.7098500000000003, 1.70035, -1.9999, -0.009329
21, 2.7200000000000015, 1.7000000000000002, -2, 2.7195, 1.7002000000000002, -1.9999, -0.00936
21, 2.7300000000000013, 1.7000000000000002, -2, 2.729, 1.70015, -1.9999, -0.009413
21, 2.740000000000001, 1.7000000000000002, -2, 2.73905, 1.6997, -1.9998500000000001, -0.009387
21, 2.750000000000001, 1.7000000000000002, -2, 2.7489500000000002, 1.6994500000000001, -1.9998500000000001, -0.00934
21, 2.7600000000000007, 1.7000000000000002, -2, 2.7591000000000006, 1.7002000000000002, -1.9999500000000001, -0.009397
21, 2.7700000000000005, 1.7000000000000002, -2, 2.7701000000000002, 1.7003000000000001, -2.0, -0.009392
21, 2.7800000000000002, 1.7000000000000002, -2, 2.7799500000000004, 1.7002000000000002, -2.0, -0.00934
21, 2.79, 1.7000000000000002, -2, 2.79025, 1.7, -2.0000500000000003, -0.00936
21, 2.8, 1.7000000000000002, -2, 2.7903000000000002, 1.7, -2.0000500000000003, -0.009397
21, 2.8099999999999996, 1.7000000000000002, -2, 2.79015, 1.7000500000000003, -2.0, -0.009413
21, 2.8199999999999994, 1.7000000000000002, -2, 2.8218500000000004, 1.69965, -2.0001, -0.009329
21, 2.829999999999999, 1.7000000000000002, -2, 2.8308, 1.6997, -2.0001, -0.009402
21, 2.839999999999999, 1.7000000000000002, -2, 2.8406000000000002, 1.7, -2.0000500000000003, -0.009376
21, 2.8499999999999988, 1.7000000000000002, -2, 2.8408500000000005, 1.7, -2.0000500000000003, -0.009355
21, 2.8599999999999985, 1.7000000000000002, -2, 2.8408500000000005, 1.7, -2.0000500000000003, -0.009397
21, 2.8699999999999983, 1.7000000000000002, -2, 2.8408500000000005, 1.7, -2.0000500000000003, -0.009329
21, 2.879999999999998, 1.7000000000000002, -2, 2.8408500000000005, 1.7, -2.0000500000000003, -0.009366
21, 2.889999999999998, 1.7000000000000002, -2, 2.8408, 1.7, -2.0000500000000003, -0.009387
21, 2.8999999999999977, 1.7000000000000002, -2, 2.8408500000000005, 1.7000500000000003, -2.0000500000000003, -0.009345
21, 2.9099999999999975, 1.7000000000000002, -2, 2.8408500000000005, 1.7000500000000003, -2.0000500000000003, -0.009402
21, 2.9099999999999975, 1.6900000000000002, -2, 2.9103000000000003, 1.6898000000000002, -2.0000500000000003, -0.009334
21, 2.9099999999999975, 1.6800000000000002, -2, 2.91075, 1.6807, -2.0000500000000003, -0.00935
21, 2.9099999999999975, 1.6700000000000002, -2, 2.9104, 1.6697, -2.0000500000000003, -0.009392
21, 2.9099999999999975, 1.6600000000000001, -2, 2.9084, 1.6609, -2.0000500000000003, -0.00936
21, 2.9099999999999975, 1.6500000000000001, -2, 2.91025, 1.6503, -2.0, -0.009319
21, 2.9099999999999975, 1.6400000000000001, -2, 2.9092000000000002, 1.6416000000000002, -2.0, -0.009387
21, 2.9099999999999975, 1.6300000000000001, -2, 2.91065, 1.63045, -2.0, -0.009387
21, 2.9099999999999975, 1.62, -2, 2.91025, 1.6203, -2.0, -0.009355
21, 2.9099999999999975, 1.61, -2, 2.9097000000000004, 1.6104, -2.0, -0.009345
21, 2.9099999999999975, 1.6, -2, 2.9099500000000003, 1.60105, -2.0, -0.009381
21, 2.9099999999999975, 1.59, -2, 2.91025, 1.589, -2.0, -0.009387
21, 2.9099999999999975, 1.58, -2, 2.9104, 1.5809000000000002, -1.9999500000000001, -0.009381
21, 2.9099999999999975, 1.57, -2, 2.9096, 1.5698, -1.9999500000000001, -0.009397
21, 2.9099999999999975, 1.56, -2, 2.9101000000000004, 1.55885, -1.9999, -0.009329
21, 2.9099999999999975, 1.55, -2, 2.91005, 1.5496, -1.9999, -0.009392
21, 2.9099999999999975, 1.54, -2, 2.91025, 1.53945, -1.9999, -0.009355
21, 2.9099999999999975, 1.53, -2, 2.9098500000000005, 1.53045, -1.9999500000000001, -0.009345
21, 2.9099999999999975, 1.52, -2, 2.91035, 1.5192, -2.0, -0.009381
21, 2.9099999999999975, 1.51, -2, 2.90965, 1.51025, -2.0, -0.009324
21, 2.9099999999999975, 1.5, -2, 2.9101000000000004, 1.49915, -2.0, -0.009397
21, 2.9099999999999975, 1.49, -2, 2.9096, 1.49015, -2.0, -0.00935
22, 2.8999999999999977, 1.49, -2, 2.9005, 1.48995, -2.0, -0.009397
22, 2.889999999999998, 1.49, -2, 2.89025, 1.4898000000000002, -2.0, -0.009314
22, 2.879999999999998, 1.49, -2, 2.87975, 1.4898500000000001, -2.0, -0.009319
22, 2.8699999999999983, 1.49, -2, 2.8708500000000003, 1.4898000000000002, -2.0000500000000003, -0.009371
22, 2.8599999999999985, 1.49, -2, 2.8603500000000004, 1.4898000000000002, -2.0001, -0.009407
22, 2.8499999999999988, 1.49, -2, 2.8493000000000004, 1.48995, -2.0001, -0.00936
22, 2.839999999999999, 1.49, -2, 2.84005, 1.49005, -2.0001, -0.009387
22, 2.829999999999999, 1.49, -2, 2.8289, 1.4902, -2.0001, -0.009407
22, 2.8199999999999994, 1.49, -2, 2.8201000000000005, 1.49015, -2.0001, -0.009387
22, 2.8099999999999996, 1.49, -2, 2.80925, 1.49025, -2.0000500000000003, -0.009407
22, 2.8, 1.49, -2, 2.79965, 1.4901000000000002, -2.0001, -0.009392
22, 2.79, 1.49, -2, 2.7891000000000004, 1.48995, -2.0000500000000003, -0.009402
22, 2.7800000000000002, 1.49, -2, 2.7793500000000004, 1.48995, -2.0, -0.00936
22, 2.7700000000000005, 1.49, -2, 2.7697000000000003, 1.4899, -2.0000500000000003, -0.009345
22, 2.7600000000000007, 1.49, -2, 2.75975, 1.48995, -1.9999500000000001, -0.009334
22, 2.750000000000001, 1.49, -2, 2.7508500000000002, 1.4898500000000001, -1.9999500000000001, -0.009392
22, 2.740000000000001, 1.49, -2, 2.7401000000000004, 1.48995, -1.9999, -0.009371
22, 2.7300000000000013, 1.49, -2, 2.73075, 1.48995, -1.9999, -0.009324
22, 2.7200000000000015, 1.49, -2, 2.7208, 1.49005, -1.9999500000000001, -0.009371
22, 2.7100000000000017, 1.49, -2, 2.7107, 1.4901000000000002, -1.9999500000000001, -0.009392
22, 2.700000000000002, 1.49, -2, 2.7009000000000003, 1.4901000000000002, -1.9999500000000001, -0.009324
22, 2.690000000000002, 1.49, -2, 2.6911000000000005, 1.4901000000000002, -2.0, -0.009376
22, 2.690000000000002, 1.5, -2, 2.6896000000000004, 1.50005, -2.0, -0.009376
22, 2.690000000000002, 1.51, -2, 2.6893000000000002, 1.5103000000000002, -2.0, -0.009329
22, 2.690000000000002, 1.52, -2, 2.6893000000000002, 1.5201000000000002, -2.0000500000000003, -0.009381
22, 2.690000000000002, 1.53, -2, 2.68965, 1.53095, -2.0001, -0.009392
22, 2.690000000000002, 1.54, -2, 2.6899, 1.5421500000000001, -2.0001, -0.009392
22, 2.690000000000002, 1.55, -2, 2.6900500000000003, 1.5512000000000001, -2.0001, -0.009314
22, 2.690000000000002, 1.56, -2, 2.69015, 1.5611000000000002, -2.0000500000000003, -0.009381
22, 2.690000000000002, 1.57, -2, 2.69015, 1.57025, -2.0001, -0.009371
22, 2.690000000000002, 1.58, -2, 2.6898, 1.5801500000000002, -2.0000500000000003, -0.009397
22, 2.690000000000002, 1.59, -2, 2.68965, 1.5903500000000002, -2.0, -0.009345
22, 2.690000000000002, 1.6, -2, 2.6898, 1.59925, -1.9999500000000001, -0.009345
22, 2.690000000000002, 1.61, -2, 2.6898, 1.6083500000000002, -1.9999, -0.009397
22, 2.690000000000002, 1.62, -2, 2.68965, 1.6186500000000001, -1.9998500000000001, -0.009407
22, 2.690000000000002, 1.6300000000000001, -2, 2.6897, 1.6285, -1.9998500000000001, -0.009334
22, 2.690000000000002, 1.6400000000000001, -2, 2.6899, 1.63875, -1.9999, -0.009387
22, 2.690000000000002, 1.6500000000000001, -2, 2.6902000000000004, 1.64935, -1.9999500000000001, -0.009397
22, 2.690000000000002, 1.6600000000000001, -2, 2.6903, 1.65945, -2.0, -0.009345
22, 2.690000000000002, 1.6700000000000002, -2, 2.6900500000000003, 1.6697, -2.0, -0.009381
22, 2.690000000000002, 1.6800000000000002, -2, 2.68995, 1.67985, -2.0000500000000003, -0.009392
22, 2.690000000000002, 1.6900000000000002, -2, 2.69015, 1.68985, -2.0, -0.00934
22, 2.690000000000002, 1.7000000000000002, -2, 2.6898500000000003, 1.70065, -2.0001, -0.00934
22, 2.690000000000002, 1.7100000000000002, -2, 2.6896000000000004, 1.7100500000000003, -2.0000500000000003, -0.009329
23, 2.700000000000002, 1.7100000000000002, -2, 2.69915, 1.7102, -2.0001, -0.009381
23, 2.7100000000000017, 1.7100000000000002, -2, 2.7095, 1.71015, -2.0000500000000003, -0.009371
23, 2.7200000000000015, 1.7100000000000002, -2, 2.7193500000000004, 1.71015, -2.0, -0.009334
23, 2.7300000000000013, 1.7100000000000002, -2, 2.72905, 1.70995, -2.0, -0.009413
23, 2.740000000000001, 1.7100000000000002, -2, 2.73905, 1.7099000000000002, -2.0, -0.009413
23, 2.750000000000001, 1.7100000000000002, -2, 2.7489500000000002, 1.7099000000000002, -2.0, -0.00935
23, 2.7600000000000007, 1.7100000000000002, -2, 2.7588500000000002, 1.71, -1.9999500000000001, -0.009334
23, 2.7700000000000005, 1.7100000000000002, -2, 2.7705, 1.70995, -1.9999, -0.009387
23, 2.7800000000000002, 1.7100000000000002, -2, 2.77965, 1.71, -1.9998500000000001, -0.00934
23, 2.79, 1.7100000000000002, -2, 2.7798000000000003, 1.71, -1.9999, -0.009402
23, 2.8, 1.7100000000000002, -2, 2.7798000000000003, 1.71, -1.9999, -0.00935
23, 2.8099999999999996, 1.7100000000000002, -2, 2.77975, 1.71, -1.9999, -0.009371
23, 2.8199999999999994, 1.7100000000000002, -2, 2.7798000000000003, 1.71, -1.9999, -0.009371
23, 2.829999999999999, 1.7100000000000002, -2, 2.77975, 1.71, -1.9999, -0.009329
23, 2.839999999999999, 1.7100000000000002, -2, 2.77975, 1.71, -1.9999, -0.009413
23, 2.8499999999999988, 1.7100000000000002, -2, 2.77975, 1.71, -1.9999, -0.009355
23, 2.8599999999999985, 1.7100000000000002, -2, 2.77975, 1.71, -1.9999, -0.00934
23, 2.8699999999999983, 1.7100000000000002, -2, 2.7797, 1.71, -1.9999, -0.009371
23, 2.879999999999998, 1.7100000000000002, -2, 2.77975, 1.71, -1.9999, -0.009371
23, 2.889999999999998, 1.7100000000000002, -2, 2.77975, 1.71, -1.9999, -0.00936
23, 2.8999999999999977, 1.7100000000000002, -2, 2.77975, 1.71, -1.9999, -0.009376
23, 2.9099999999999975, 1.7100000000000002, -2, 2.7797, 1.71, -1.9999, -0.009324
23, 2.9199999999999973, 1.7100000000000002, -2, 2.7797, 1.71, -1.9999, -0.009371
23, 2.9199999999999973, 1.7000000000000002, -2, 2.9249500000000004, 1.70045, -1.9999, -0.009366
23, 2.9199999999999973, 1.6900000000000002, -2, 2.9199500000000005, 1.68955, -1.9999, -0.009407
23, 2.9199999999999973, 1.6800000000000002, -2, 2.9203500000000004, 1.6806500000000002, -2.0, -0.009334
23, 2.9199999999999973, 1.6700000000000002, -2, 2.9196500000000003, 1.67, -1.9999500000000001, -0.009376
23, 2.9199999999999973, 1.6600000000000001, -2, 2.9201000000000006, 1.6597, -1.9999500000000001, -0.009397
23, 2.9199999999999973, 1.6500000000000001, -2, 2.92045, 1.6507, -2.0000500000000003, -0.009345
23, 2.9199999999999973, 1.6400000000000001, -2, 2.9209, 1.6406500000000002, -2.0000500000000003, -0.009345
23, 2.9199999999999973, 1.6300000000000001, -2, 2.9198500000000003, 1.63075, -2.0000500000000003, -0.009397
23, 2.9199999999999973, 1.62, -2, 2.9196500000000003, 1.6205, -2.0000500000000003, -0.009324
23, 2.9199999999999973, 1.61, -2, 2.9196500000000003, 1.6103000000000003, -2.0000500000000003, -0.009324
23, 2.9199999999999973, 1.6, -2, 2.9207, 1.59995, -2.0000500000000003, -0.009397
23, 2.9199999999999973, 1.59, -2, 2.9199500000000005, 1.5905500000000001, -2.0, -0.00936
23, 2.9199999999999973, 1.58, -2, 2.92055, 1.5903000000000003, -2.0000500000000003, -0.009329
23, 2.9199999999999973, 1.57, -2, 2.92065, 1.56925, -2.0000500000000003, -0.009366
23, 2.9199999999999973, 1.56, -2, 2.9192000000000005, 1.5602, -2.0, -0.009345
23, 2.9199999999999973, 1.55, -2, 2.9191000000000003, 1.5501500000000001, -2.0000500000000003, -0.009345
23, 2.9199999999999973, 1.54, -2, 2.9211000000000005, 1.5391000000000001, -2.0, -0.009397
23, 2.9199999999999973, 1.53, -2, 2.92025, 1.53035, -2.0, -0.009334
23, 2.9199999999999973, 1.52, -2, 2.9203500000000004, 1.51925, -2.0, -0.009381
23, 2.9199999999999973, 1.51, -2, 2.9193500000000006, 1.51025, -2.0, -0.009345
23, 2.9199999999999973, 1.5, -2, 2.91915, 1.4995, -2.0, -0.009366
23, 2.9199999999999973, 1.49, -2, 2.9204, 1.4898000000000002, -2.0, -0.009397
23, 2.9199999999999973, 1.48, -2, 2.92055, 1.48015, -2.0000500000000003, -0.009376
24, 2.9099999999999975, 1.48, -2, 2.91, 1.4799, -2.0, -0.00935
24, 2.8999999999999977, 1.48, -2, 2.90055, 1.4795, -2.0, -0.009423
24, 2.889999999999998, 1.48, -2, 2.8903000000000003, 1.4795500000000001, -2.0, -0.00936
24, 2.879999999999998, 1.48, -2, 2.8801000000000005, 1.48005, -2.0000500000000003, -0.009345
24, 2.8699999999999983, 1.48, -2, 2.8701000000000003, 1.4801000000000002, -2.0, -0.00934
24, 2.8599999999999985, 1.48, -2, 2.8602000000000003, 1.48025, -1.9999500000000001, -0.009397
24, 2.8499999999999988, 1.48, -2, 2.84965, 1.4802, -1.9999, -0.00934
24, 2.839999999999999, 1.48, -2, 2.8398000000000003, 1.48005, -1.9999500000000001, -0.00936
24, 2.829999999999999, 1.48, -2, 2.8291000000000004, 1.4801000000000002, -1.9999500000000001, -0.009392
24, 2.8199999999999994, 1.48, -2, 2.8201000000000005, 1.48005, -1.9999, -0.009334
24, 2.8099999999999996, 1.48, -2, 2.8096000000000005, 1.47995, -1.9999500000000001, -0.009402
24, 2.8, 1.48, -2, 2.7988500000000003, 1.47985, -2.0, -0.009355
24, 2.79, 1.48, -2, 2.78965, 1.4799, -2.0, -0.009407
24, 2.7800000000000002, 1.48, -2, 2.77875, 1.47985, -2.0000500000000003, -0.00936
24, 2.7700000000000005, 1.48, -2, 2.7702000000000004, 1.47985, -2.0000500000000003, -0.009387
24, 2.7600000000000007, 1.48, -2, 2.75975, 1.47995, -2.0000500000000003, -0.009381
24, 2.750000000000001, 1.48, -2, 2.7500500000000003, 1.48005, -2.0000500000000003, -0.009334
24, 2.740000000000001, 1.48, -2, 2.7405500000000003, 1.48, -2.0000500000000003, -0.009334
24, 2.7300000000000013, 1.48, -2, 2.7306000000000004, 1.48005, -2.0000500000000003, -0.009402
24, 2.7200000000000015, 1.48, -2, 2.7205500000000002, 1.48005, -2.0, -0.009334
24, 2.7100000000000017, 1.48, -2, 2.71055, 1.48005, -2.0, -0.009314
24, 2.700000000000002, 1.48, -2, 2.70075, 1.4801000000000002, -2.0, -0.009402
24, 2.690000000000002, 1.48, -2, 2.6908000000000003, 1.4801000000000002, -2.0, -0.009407
24, 2.6800000000000024, 1.48, -2, 2.6805, 1.4801000000000002, -2.0, -0.009324
24, 2.6800000000000024, 1.49, -2, 2.68025, 1.4896500000000001, -2.0, -0.009387
24, 2.6800000000000024, 1.5, -2, 2.6795, 1.5006000000000002, -2.0, -0.009366
24, 2.6800000000000024, 1.51, -2, 2.6798500000000005, 1.5099500000000001, -1.9999500000000001, -0.009381
24, 2.6800000000000024, 1.52, -2, 2.6793500000000003, 1.5201500000000001, -1.9999500000000001, -0.009402
24, 2.6800000000000024, 1.53, -2, 2.67915, 1.5312000000000001, -1.9999500000000001, -0.009324
24, 2.6800000000000024, 1.54, -2, 2.6804, 1.542, -1.9999500000000001, -0.009407
24, 2.6800000000000024, 1.55, -2, 2.6805, 1.55115, -1.9999500000000001, -0.009329
24, 2.6800000000000024, 1.56, -2, 2.6804500000000004, 1.56075, -2.0, -0.009407
24, 2.6800000000000024, 1.57, -2, 2.6803000000000003, 1.57, -1.9999500000000001, -0.009402
24, 2.6800000000000024, 1.58, -2, 2.6798, 1.5796000000000001, -2.0000500000000003, -0.00935
24, 2.6800000000000024, 1.59, -2, 2.6796, 1.5902, -2.0001, -0.00935
24, 2.6800000000000024, 1.6, -2, 2.6795500000000003, 1.5994000000000002, -2.0000500000000003, -0.009381
24, 2.6800000000000024, 1.61, -2, 2.6795, 1.6086, -2.0001, -0.009407
24, 2.6800000000000024, 1.62, -2, 2.67965, 1.6187, -2.0001, -0.009334
24, 2.6800000000000024, 1.6300000000000001, -2, 2.6795500000000003, 1.6289, -2.0000500000000003, -0.009392
24, 2.6800000000000024, 1.6400000000000001, -2, 2.67975, 1.63925, -2.0, -0.009402
24, 2.6800000000000024, 1.6500000000000001, -2, 2.68005, 1.64935, -2.0000500000000003, -0.009319
24, 2.6800000000000024, 1.6600000000000001, -2, 2.6804, 1.65945, -2.0, -0.009376
24, 2.6800000000000024, 1.6700000000000002, -2, 2.68005, 1.66965, -2.0000500000000003, -0.009397
24, 2.6800000000000024, 1.6800000000000002, -2, 2.6799500000000003, 1.68045, -2.0, -0.009319
24, 2.6800000000000024, 1.6900000000000002, -2, 2.6811000000000003, 1.6893500000000001, -1.9999500000000001, -0.00935
24, 2.6800000000000024, 1.7000000000000002, -2, 2.6793, 1.7006000000000001, -1.9999, -0.009402
24, 2.6800000000000024, 1.7100000000000002, -2, 2.6793500000000003, 1.71, -1.9999, -0.009329
24, 2.6800000000000024, 1.7200000000000002, -2, 2.6794000000000002, 1.7201000000000002, -1.9999, -0.009397
25, 2.690000000000002, 1.7200000000000002, -2, 2.6904500000000002, 1.72035, -1.9998500000000001, -0.00936
25, 2.700000000000002, 1.7200000000000002, -2, 2.6993500000000004, 1.72025, -1.9999500000000001, -0.009397
25, 2.7100000000000017, 1.7200000000000002, -2, 2.7097, 1.7199, -1.9999500000000001, -0.00934
25, 2.7200000000000015, 1.7200000000000002, -2, 2.7193500000000004, 1.7196500000000001, -2.0, -0.009314
25, 2.7300000000000013, 1.7200000000000002, -2, 2.72875, 1.7199, -1.9999500000000001, -0.00934
25, 2.740000000000001, 1.7200000000000002, -2, 2.7392000000000003, 1.72, -1.9999500000000001, -0.009402
25, 2.750000000000001, 1.7200000000000002, -2, 2.7391000000000005, 1.71995, -1.9999500000000001, -0.009413
25, 2.7600000000000007, 1.7200000000000002, -2, 2.7588000000000004, 1.72035, -2.0000500000000003, -0.009329
25, 2.7700000000000005, 1.7200000000000002, -2, 2.76905, 1.7205500000000002, -2.0, -0.00935
25, 2.7800000000000002, 1.7200000000000002, -2, 2.77955, 1.7196500000000001, -2.0, -0.009407
25, 2.79, 1.7200000000000002, -2, 2.7905, 1.7196000000000002, -2.0, -0.00935
25, 2.8, 1.7200000000000002, -2, 2.8009500000000003, 1.71985, -2.0, -0.009324
25, 2.8099999999999996, 1.7200000000000002, -2, 2.81065, 1.72025, -2.0, -0.009355
25, 2.8199999999999994, 1.7200000000000002, -2, 2.8215500000000002, 1.72035, -2.0, -0.009392
25, 2.829999999999999, 1.7200000000000002, -2, 2.8308, 1.71995, -2.0, -0.009345
25, 2.839999999999999, 1.7200000000000002, -2, 2.8406000000000002, 1.7198000000000002, -2.0, -0.009407
25, 2.8499999999999988, 1.7200000000000002, -2, 2.8502, 1.71985, -2.0, -0.00935
25, 2.8599999999999985, 1.7200000000000002, -2, 2.8605500000000004, 1.71995, -2.0, -0.009402
25, 2.8699999999999983, 1.7200000000000002, -2, 2.8698, 1.72005, -2.0, -0.009334
25, 2.879999999999998, 1.7200000000000002, -2, 2.88015, 1.7202, -2.0, -0.00934
25, 2.889999999999998, 1.7200000000000002, -2, 2.8894, 1.72025, -2.0, -0.009381
25, 2.8999999999999977, 1.7200000000000002, -2, 2.90015, 1.72, -1.9999500000000001, -0.00935
25, 2.9099999999999975, 1.7200000000000002, -2, 2.9093500000000003, 1.71985, -2.0, -0.009376
25, 2.9199999999999973, 1.7200000000000002, -2, 2.92, 1.71985, -2.0, -0.009402
25, 2.929999999999997, 1.7200000000000002, -2, 2.9308, 1.71985, -2.0, -0.00935
25, 2.929999999999997, 1.7100000000000002, -2, 2.9308, 1.71015, -2.0, -0.009345
25, 2.929999999999997, 1.7000000000000002, -2, 2.93025, 1.7004000000000001, -2.0, -0.009371
25, 2.929999999999997, 1.6900000000000002, -2, 2.92865, 1.6898000000000002, -2.0, -0.009407
25, 2.929999999999997, 1.6800000000000002, -2, 2.9304500000000004, 1.68045, -2.0, -0.009334
25, 2.929999999999997, 1.6700000000000002, -2, 2.9308500000000004, 1.66955, -2.0, -0.009387
25, 2.929999999999997, 1.6600000000000001, -2, 2.9301000000000004, 1.65995, -2.0, -0.009397
25, 2.929999999999997, 1.6500000000000001, -2, 2.929, 1.6506, -2.0, -0.00934
25, 2.929999999999997, 1.6400000000000001, -2, 2.9296, 1.64045, -2.0, -0.00935
25, 2.929999999999997, 1.6300000000000001, -2, 2.9311000000000003, 1.6301, -2.0, -0.009381
25, 2.929999999999997, 1.62, -2, 2.9308500000000004, 1.6206, -2.0, -0.009376
25, 2.929999999999997, 1.61, -2, 2.9293500000000003, 1.6113000000000002, -2.0, -0.009329
25, 2.929999999999997, 1.6, -2, 2.92965, 1.5995, -2.0, -0.00935
25, 2.929999999999997, 1.59, -2, 2.9301000000000004, 1.5902, -2.0000500000000003, -0.009397
25, 2.929999999999997, 1.58, -2, 2.9295, 1.5803000000000003, -2.0000500000000003, -0.009392
25, 2.929999999999997, 1.57, -2, 2.9309000000000003, 1.5693500000000002, -2.0000500000000003, -0.00934
25, 2.929999999999997, 1.56, -2, 2.9301500000000003, 1.5601, -2.0000500000000003, -0.009402
25, 2.929999999999997, 1.55, -2, 2.9296, 1.5502, -2.0, -0.00934
25, 2.929999999999997, 1.54, -2, 2.9297000000000004, 1.5393000000000001, -2.0, -0.00934
25, 2.929999999999997, 1.53, -2, 2.9303500000000002, 1.5304, -2.0, -0.009387
25, 2.929999999999997, 1.52, -2, 2.93095, 1.5193500000000002, -2.0, -0.009334
25, 2.929999999999997, 1.51, -2, 2.9298500000000005, 1.51035, -2.0000500000000003, -0.009397
25, 2.929999999999997, 1.5, -2, 2.9303000000000003, 1.49925, -2.0, -0.009392
25, 2.929999999999997, 1.49, -2, 2.9298, 1.49005, -2.0000500000000003, -0.009381
25, 2.929999999999997, 1.48, -2, 2.9302, 1.4794500000000002, -2.0, -0.009392
25, 2.929999999999997, 1.47, -2, 2.9297000000000004, 1.4703000000000002, -2.0, -0.009381
26, 2.9199999999999973, 1.47, -2, 2.9199, 1.47005, -2.0, -0.009387
26, 2.9099999999999975, 1.47, -2, 2.9101500000000002, 1.47, -2.0, -0.009329
26, 2.8999999999999977, 1.47, -2, 2.9001000000000006, 1.46995, -2.0000500000000003, -0.009381
26, 2.889999999999998, 1.47, -2, 2.8907000000000003, 1.46995, -2.0000500000000003, -0.009413
26, 2.879999999999998, 1.47, -2, 2.8803500000000004, 1.46985, -2.0, -0.009324
26, 2.8699999999999983, 1.47, -2, 2.8698, 1.46985, -2.0000500000000003, -0.009345
26, 2.8599999999999985, 1.47, -2, 2.8604000000000003, 1.46995, -2.0, -0.009402
26, 2.8499999999999988, 1.47, -2, 2.84965, 1.46985, -2.0, -0.009355
26, 2.839999999999999, 1.47, -2, 2.8394500000000003, 1.4699, -2.0000500000000003, -0.009345
26, 2.829999999999999, 1.47, -2, 2.8299000000000003, 1.47, -2.0, -0.009397
26, 2.8199999999999994, 1.47, -2, 2.8194, 1.46995, -2.0, -0.009334
26, 2.8099999999999996, 1.47, -2, 2.8100500000000004, 1.46995, -2.0, -0.009387
26, 2.8, 1.47, -2, 2.7989, 1.47, -1.9999500000000001, -0.009392
26, 2.79, 1.47, -2, 2.78975, 1.47005, -1.9999500000000001, -0.009381
26, 2.7800000000000002, 1.47, -2, 2.7789, 1.47005, -2.0, -0.009397
26, 2.7700000000000005, 1.47, -2, 2.7697000000000003, 1.47005, -2.0, -0.00935
26, 2.7600000000000007, 1.47, -2, 2.7602, 1.47005, -2.0, -0.009402
26, 2.750000000000001, 1.47, -2, 2.7498500000000003, 1.4701000000000002, -2.0, -0.009376
26, 2.740000000000001, 1.47, -2, 2.7408, 1.47005, -2.0, -0.009319
26, 2.7300000000000013, 1.47, -2, 2.7307, 1.47, -1.9999500000000001, -0.009392
26, 2.7200000000000015, 1.47, -2, 2.72065, 1.47005, -2.0, -0.009402
26, 2.7100000000000017, 1.47, -2, 2.7106500000000002, 1.47, -2.0, -0.009324
26, 2.700000000000002, 1.47, -2, 2.70095, 1.47005, -2.0, -0.009381
26, 2.690000000000002, 1.47, -2, 2.691, 1.47005, -2.0, -0.009392
26, 2.6800000000000024, 1.47, -2, 2.6803500000000002, 1.47005, -1.9999500000000001, -0.009355
26, 2.6700000000000026, 1.47, -2, 2.6702000000000004, 1.4699, -1.9999500000000001, -0.009345
26, 2.6700000000000026, 1.48, -2, 2.6695, 1.4790500000000002, -1.9999500000000001, -0.009392
26, 2.6700000000000026, 1.49, -2, 2.6691000000000003, 1.4905500000000003, -2.0, -0.00934
26, 2.6700000000000026, 1.5, -2, 2.67015, 1.4999500000000001, -2.0, -0.009381
26, 2.6700000000000026, 1.51, -2, 2.6697, 1.5107000000000002, -2.0, -0.009376
26, 2.6700000000000026, 1.52, -2, 2.6700500000000003, 1.5207, -2.0000500000000003, -0.009376
26, 2.6700000000000026, 1.53, -2, 2.67, 1.52075, -2.0000500000000003, -0.009355
26, 2.6700000000000026, 1.54, -2, 2.6700500000000003, 1.5207, -2.0000500000000003, -0.009413
26, 2.6700000000000026, 1.55, -2, 2.6694, 1.55375, -2.0000500000000003, -0.009381
26, 2.6700000000000026, 1.56, -2, 2.6701000000000006, 1.5603000000000002, -2.0000500000000003, -0.009392
26, 2.6700000000000026, 1.57, -2, 2.67015, 1.5698500000000002, -2.0000500000000003, -0.009407
26, 2.6700000000000026, 1.58, -2, 2.67055, 1.5800500000000002, -2.0, -0.009329
26, 2.6700000000000026, 1.59, -2, 2.6701000000000006, 1.5894000000000001, -2.0000500000000003, -0.009392
26, 2.6700000000000026, 1.6, -2, 2.67105, 1.59895, -2.0000500000000003, -0.009387
26, 2.6700000000000026, 1.61, -2, 2.6703, 1.6085500000000001, -2.0, -0.009345
26, 2.6700000000000026, 1.62, -2, 2.6694500000000003, 1.61875, -2.0, -0.00934
26, 2.6700000000000026, 1.6300000000000001, -2, 2.6697, 1.6293000000000002, -1.9999500000000001, -0.009397
26, 2.6700000000000026, 1.6400000000000001, -2, 2.6699, 1.63935, -1.9999500000000001, -0.009355
26, 2.6700000000000026, 1.6500000000000001, -2, 2.6698500000000003, 1.6494000000000002, -1.9999500000000001, -0.009329
26, 2.6700000000000026, 1.6600000000000001, -2, 2.6703, 1.6493000000000002, -1.9999500000000001, -0.009376
26, 2.6700000000000026, 1.6700000000000002, -2, 2.66975, 1.6696000000000002, -1.9999500000000001, -0.009387
26, 2.6700000000000026, 1.6800000000000002, -2, 2.6692000000000005, 1.67965, -2.0, -0.009334
26, 2.6700000000000026, 1.6900000000000002, -2, 2.67085, 1.6894500000000001, -2.0, -0.009355
26, 2.6700000000000026, 1.7000000000000002, -2, 2.66955, 1.70065, -1.9999500000000001, -0.009402
26, 2.6700000000000026, 1.7100000000000002, -2, 2.6701000000000006, 1.71015, -2.0, -0.009387
26, 2.6700000000000026, 1.7200000000000002, -2, 2.66975, 1.7207000000000001, -2.0, -0.009355
26, 2.6700000000000026, 1.7300000000000002, -2, 2.67015, 1.72995, -1.9999500000000001, -0.009387
27, 2.6800000000000024, 1.7300000000000002, -2, 2.6799500000000003, 1.7301000000000002, -2.0, -0.00935
27, 2.690000000000002, 1.7300000000000002, -2, 2.68975, 1.7302, -1.9999500000000001, -0.00934
27, 2.700000000000002, 1.7300000000000002, -2, 2.6999, 1.7302, -2.0, -0.009381
27, 2.7100000000000017, 1.7300000000000002, -2, 2.7096000000000005, 1.73015, -2.0, -0.009387
27, 2.7200000000000015, 1.7300000000000002, -2, 2.7194000000000003, 1.73005, -1.9999500000000001, -0.00934
27, 2.7300000000000013, 1.7300000000000002, -2, 2.729, 1.73005, -2.0, -0.009308
27, 2.740000000000001, 1.7300000000000002, -2, 2.7389500000000004, 1.73, -1.9999500000000001, -0.009407
27, 2.750000000000001, 1.7300000000000002, -2, 2.73915, 1.72995, -1.9999500000000001, -0.009345
27, 2.7600000000000007, 1.7300000000000002, -2, 2.7586000000000004, 1.73005, -2.0, -0.00934
27, 2.7700000000000005, 1.7300000000000002, -2, 2.76935, 1.73, -2.0, -0.009407
27, 2.7800000000000002, 1.7300000000000002, -2, 2.7796000000000003, 1.73005, -1.9999500000000001, -0.009355
27, 2.79, 1.7300000000000002, -2, 2.7903500000000006, 1.72995, -2.0, -0.009334
27, 2.8, 1.7300000000000002, -2, 2.8003, 1.72995, -2.0, -0.00935
27, 2.8099999999999996, 1.7300000000000002, -2, 2.81115, 1.72995, -2.0, -0.009392
27, 2.8199999999999994, 1.7300000000000002, -2, 2.821, 1.72995, -2.0, -0.009381
27, 2.829999999999999, 1.7300000000000002, -2, 2.83075, 1.72995, -2.0, -0.00934
27, 2.839999999999999, 1.7300000000000002, -2, 2.84065, 1.72995, -2.0000500000000003, -0.009392
27, 2.8499999999999988, 1.7300000000000002, -2, 2.8502, 1.73, -2.0, -0.009324
27, 2.8599999999999985, 1.7300000000000002, -2, 2.8508500000000003, 1.73, -2.0, -0.009392
27, 2.8699999999999983, 1.7300000000000002, -2, 2.8508500000000003, 1.73, -2.0, -0.009345
27, 2.879999999999998, 1.7300000000000002, -2, 2.8508500000000003, 1.73, -2.0, -0.009397
27, 2.889999999999998, 1.7300000000000002, -2, 2.8508500000000003, 1.73, -2.0, -0.009319
27, 2.8999999999999977, 1.7300000000000002, -2, 2.8508500000000003, 1.73005, -2.0000500000000003, -0.009387
27, 2.9099999999999975, 1.7300000000000002, -2, 2.90925, 1.73, -2.0001, -0.009345
27, 2.9199999999999973, 1.7300000000000002, -2, 2.92045, 1.73005, -2.0001, -0.009397
27, 2.929999999999997, 1.7300000000000002, -2, 2.92965, 1.73, -2.0000500000000003, -0.009319
27, 2.939999999999997, 1.7300000000000002, -2, 2.9301500000000003, 1.73005, -2.0000500000000003, -0.009413
27, 2.939999999999997, 1.7200000000000002, -2, 2.9393000000000002, 1.7193500000000002, -2.0000500000000003, -0.00934
27, 2.939999999999997, 1.7100000000000002, -2, 2.9404500000000002, 1.70995, -2.0000500000000003, -0.009402
27, 2.939999999999997, 1.7000000000000002, -2, 2.9409500000000004, 1.69965, -2.0000500000000003, -0.009402
27, 2.939999999999997, 1.6900000000000002, -2, 2.9403, 1.6894500000000001, -2.0, -0.009329
27, 2.939999999999997, 1.6800000000000002, -2, 2.9403500000000005, 1.6804000000000001, -2.0000500000000003, -0.009387
27, 2.939999999999997, 1.6700000000000002, -2, 2.9393000000000002, 1.6699000000000002, -2.0, -0.009407
27, 2.939999999999997, 1.6600000000000001, -2, 2.9398, 1.6608000000000003, -2.0, -0.00935
27, 2.939999999999997, 1.6500000000000001, -2, 2.9394, 1.6505, -1.9999500000000001, -0.009334
27, 2.939999999999997, 1.6400000000000001, -2, 2.94075, 1.64, -1.9999500000000001, -0.009387
27, 2.939999999999997, 1.6300000000000001, -2, 2.93975, 1.6298500000000002, -1.9999, -0.009381
27, 2.939999999999997, 1.62, -2, 2.9393500000000006, 1.6209, -1.9999500000000001, -0.009366
27, 2.939999999999997, 1.61, -2, 2.9405, 1.61075, -1.9999500000000001, -0.009371
27, 2.939999999999997, 1.6, -2, 2.94075, 1.5992, -2.0, -0.00936
27, 2.939999999999997, 1.59, -2, 2.93975, 1.59075, -2.0, -0.009387
27, 2.939999999999997, 1.58, -2, 2.94, 1.5799, -2.0, -0.009402
27, 2.939999999999997, 1.57, -2, 2.9390500000000004, 1.5703000000000003, -2.0, -0.00936
27, 2.939999999999997, 1.56, -2, 2.9403, 1.5595500000000002, -2.0, -0.009355
27, 2.939999999999997, 1.55, -2, 2.9406000000000003, 1.55, -2.0, -0.009392
27, 2.939999999999997, 1.54, -2, 2.941, 1.53945, -2.0, -0.009355
27, 2.939999999999997, 1.53, -2, 2.93975, 1.53065, -2.0, -0.009392
27, 2.939999999999997, 1.52, -2, 2.94, 1.51945, -2.0000500000000003, -0.009371
27, 2.939999999999997, 1.51, -2, 2.9395, 1.51045, -2.0, -0.009407
27, 2.939999999999997, 1.5, -2, 2.9395, 1.4995, -2.0, -0.009402
27, 2.939999999999997, 1.49, -2, 2.9403, 1.4899, -2.0, -0.009376
27, 2.939999999999997, 1.48, -2, 2.9409500000000004, 1.47925, -2.0, -0.00935
27, 2.939999999999997, 1.47, -2, 2.9403500000000005, 1.4704000000000002, -2.0, -0.009334
27, 2.939999999999997, 1.46, -2, 2.94015, 1.4600500000000003, -2.0000500000000003, -0.009334
28, 2.929999999999997, 1.46, -2, 2.9299, 1.4598000000000002, -2.0000500000000003, -0.009407
28, 2.9199999999999973, 1.46, -2, 2.9202000000000004, 1.4596500000000001, -2.0000500000000003, -0.00936
28, 2.9099999999999975, 1.46, -2, 2.9102, 1.4597, -2.0000500000000003, -0.009329
28, 2.8999999999999977, 1.46, -2, 2.8998000000000004, 1.4598000000000002, -2.0000500000000003, -0.009413
28, 2.889999999999998, 1.46, -2, 2.8908500000000004, 1.4600500000000003, -2.0000500000000003, -0.00936
28, 2.879999999999998, 1.46, -2, 2.8803500000000004, 1.4603000000000002, -2.0000500000000003, -0.00936
28, 2.8699999999999983, 1.46, -2, 2.86965, 1.46025, -2.0000500000000003, -0.009402
28, 2.8599999999999985, 1.46, -2, 2.86045, 1.4603000000000002, -2.0000500000000003, -0.009355
28, 2.8499999999999988, 1.46, -2, 2.84965, 1.4600500000000003, -2.0, -0.00935
28, 2.839999999999999, 1.46, -2, 2.83925, 1.45975, -2.0, -0.009392
28, 2.829999999999999, 1.46, -2, 2.8299000000000003, 1.4597, -1.9999500000000001, -0.009324
28, 2.8199999999999994, 1.46, -2, 2.8193500000000005, 1.4596500000000001, -1.9999, -0.009397
28, 2.8099999999999996, 1.46, -2, 2.80995, 1.45995, -1.9999, -0.009345
28, 2.8, 1.46, -2, 2.7988000000000004, 1.46015, -1.9999, -0.009407
28, 2.79, 1.46, -2, 2.7898, 1.46025, -1.9999500000000001, -0.009345
28, 2.7800000000000002, 1.46, -2, 2.7788000000000004, 1.4602, -1.9999500000000001, -0.00934
28, 2.7700000000000005, 1.46, -2, 2.7697000000000003, 1.46025, -2.0, -0.009355
28, 2.7600000000000007, 1.46, -2, 2.7601000000000004, 1.4601000000000002, -2.0, -0.009324
28, 2.750000000000001, 1.46, -2, 2.7498, 1.4599000000000002, -2.0, -0.009397
28, 2.740000000000001, 1.46, -2, 2.7408, 1.4597, -2.0, -0.009402
28, 2.7300000000000013, 1.46, -2, 2.73075, 1.45975, -2.0000500000000003, -0.009345
28, 2.7200000000000015, 1.46, -2, 2.7207000000000003, 1.4598000000000002, -2.0000500000000003, -0.009407
28, 2.7100000000000017, 1.46, -2, 2.71075, 1.4601000000000002, -2.0, -0.009329
28, 2.700000000000002, 1.46, -2, 2.7014, 1.46015, -2.0000500000000003, -0.00934
28, 2.690000000000002, 1.46, -2, 2.69055, 1.46025, -2.0000500000000003, -0.009397
28, 2.6800000000000024, 1.46, -2, 2.68, 1.46025, -2.0, -0.009371
28, 2.6700000000000026, 1.46, -2, 2.6703, 1.46015, -2.0000500000000003, -0.009345
28, 2.660000000000003, 1.46, -2, 2.6599500000000003, 1.46, -2.0, -0.009366
28, 2.660000000000003, 1.47, -2, 2.6595, 1.4692, -2.0, -0.009392
28, 2.660000000000003, 1.48, -2, 2.6594, 1.48005, -2.0, -0.009329
28, 2.660000000000003, 1.49, -2, 2.6602, 1.49, -2.0, -0.009345
28, 2.660000000000003, 1.5, -2, 2.6591000000000005, 1.5005, -2.0, -0.009402
28, 2.660000000000003, 1.51, -2, 2.6611000000000002, 1.5101000000000002, -2.0, -0.009402
28, 2.660000000000003, 1.52, -2, 2.6606000000000005, 1.5201500000000001, -2.0, -0.00934
28, 2.660000000000003, 1.53, -2, 2.6611000000000002, 1.5316, -1.9999500000000001, -0.00936
28, 2.660000000000003, 1.54, -2, 2.6593, 1.5411000000000001, -1.9999, -0.009334
28, 2.660000000000003, 1.55, -2, 2.6591000000000005, 1.55065, -1.9999500000000001, -0.009397
28, 2.660000000000003, 1.56, -2, 2.65905, 1.56025, -1.9999, -0.009334
28, 2.660000000000003, 1.57, -2, 2.6594, 1.5703500000000001, -1.9999500000000001, -0.009371
28, 2.660000000000003, 1.58, -2, 2.6601500000000002, 1.5798, -1.9999500000000001, -0.009392
28, 2.660000000000003, 1.59, -2, 2.6610500000000004, 1.58965, -1.9999500000000001, -0.00935
28, 2.660000000000003, 1.6, -2, 2.6601500000000002, 1.59875, -2.0, -0.009345
28, 2.660000000000003, 1.61, -2, 2.66, 1.6094000000000002, -2.0, -0.009397
28, 2.660000000000003, 1.62, -2, 2.6601000000000004, 1.61945, -2.0, -0.009407
28, 2.660000000000003, 1.6300000000000001, -2, 2.6602, 1.6289500000000001, -2.0000500000000003, -0.009355
28, 2.660000000000003, 1.6400000000000001, -2, 2.659, 1.63915, -2.0000500000000003, -0.009345
28, 2.660000000000003, 1.6500000000000001, -2, 2.65875, 1.6495, -2.0001, -0.009387
28, 2.660000000000003, 1.6600000000000001, -2, 2.6598, 1.6595, -2.0000500000000003, -0.009418
28, 2.660000000000003, 1.6700000000000002, -2, 2.6599500000000003, 1.6697, -2.0000500000000003, -0.00934
28, 2.660000000000003, 1.6800000000000002, -2, 2.6595500000000003, 1.68045, -2.0000500000000003, -0.00936
28, 2.660000000000003, 1.6900000000000002, -2, 2.6598500000000005, 1.6897, -2.0000500000000003, -0.009402
28, 2.660000000000003, 1.7000000000000002, -2, 2.6599500000000003, 1.7006000000000001, -2.0, -0.009329
28, 2.660000000000003, 1.7100000000000002, -2, 2.6606000000000005, 1.7098000000000002, -1.9999500000000001, -0.009392
28, 2.660000000000003, 1.7200000000000002, -2, 2.66025, 1.7198000000000002, -1.9999500000000001, -0.009355
28, 2.660000000000003, 1.7300000000000002, -2, 2.66005, 1.7305500000000003, -1.9999, -0.009366
28, 2.660000000000003, 1.7400000000000002, -2, 2.6602, 1.7401000000000002, -1.9999, -0.009397
29, 2.6700000000000026, 1.7400000000000002, -2, 2.6694500000000003, 1.74005, -1.9999, -0.009355
29, 2.6800000000000024, 1.7400000000000002, -2, 2.6795500000000003, 1.7401000000000002, -1.9999500000000001, -0.009334
29, 2.690000000000002, 1.7400000000000002, -2, 2.6903500000000005, 1.74005, -1.9999500000000001, -0.009334
29, 2.700000000000002, 1.7400000000000002, -2, 2.6995, 1.74, -2.0, -0.009402
29, 2.7100000000000017, 1.7400000000000002, -2, 2.7094500000000004, 1.73995, -2.0, -0.009355
29, 2.7200000000000015, 1.7400000000000002, -2, 2.71925, 1.7398500000000001, -2.0, -0.009387
29, 2.7300000000000013, 1.7400000000000002, -2, 2.72915, 1.7398000000000002, -2.0, -0.009413
29, 2.740000000000001, 1.7400000000000002, -2, 2.739, 1.7399, -1.9999500000000001, -0.00934
29, 2.750000000000001, 1.7400000000000002, -2, 2.7487000000000004, 1.7401000000000002, -2.0, -0.00935
29, 2.7600000000000007, 1.7400000000000002, -2, 2.7598000000000003, 1.7403000000000002, -2.0000500000000003, -0.009407
29, 2.7700000000000005, 1.7400000000000002, -2, 2.7694, 1.7403000000000002, -2.0, -0.009397
29, 2.7800000000000002, 1.7400000000000002, -2, 2.7797, 1.7399, -2.0, -0.00934
29, 2.79, 1.7400000000000002, -2, 2.78995, 1.7398500000000001, -2.0, -0.009381
29, 2.8, 1.7400000000000002, -2, 2.8015, 1.73975, -2.0, -0.009397
29, 2.8099999999999996, 1.7400000000000002, -2, 2.81025, 1.73995, -2.0000500000000003, -0.009319
29, 2.8199999999999994, 1.7400000000000002, -2, 2.82175, 1.74015, -2.0000500000000003, -0.009402
29, 2.829999999999999, 1.7400000000000002, -2, 2.8306000000000004, 1.7404000000000002, -2.0000500000000003, -0.00935
29, 2.839999999999999, 1.7400000000000002, -2, 2.8405, 1.7401000000000002, -2.0001, -0.00936
29, 2.8499999999999988, 1.7400000000000002, -2, 2.8501000000000003, 1.7398500000000001, -2.00015, -0.009329
29, 2.8599999999999985, 1.7400000000000002, -2, 2.8605500000000004, 1.7398500000000001, -2.0001, -0.009392
29, 2.8699999999999983, 1.7400000000000002, -2, 2.8699500000000002, 1.7398000000000002, -2.0000500000000003, -0.00934
29, 2.879999999999998, 1.7400000000000002, -2, 2.8803500000000004, 1.7398000000000002, -2.0000500000000003, -0.009407
29, 2.889999999999998, 1.7400000000000002, -2, 2.8893, 1.74005, -2.0000500000000003, -0.009397
29, 2.8999999999999977, 1.7400000000000002, -2, 2.9002000000000003, 1.74035, -1.9999500000000001, -0.009345
29, 2.9099999999999975, 1.7400000000000002, -2, 2.91, 1.7403000000000002, -1.9999500000000001, -0.009366
29, 2.9199999999999973, 1.7400000000000002, -2, 2.9199500000000005, 1.7398000000000002, -1.9999500000000001, -0.009387
29, 2.929999999999997, 1.7400000000000002, -2, 2.9305, 1.7397, -1.9999500000000001, -0.00935
29, 2.939999999999997, 1.7400000000000002, -2, 2.93965, 1.73975, -1.9999500000000001, -0.009371
29, 2.9499999999999966, 1.7400000000000002, -2, 2.9503500000000003, 1.7399, -1.9999500000000001, -0.009397
29, 2.9499999999999966, 1.7300000000000002, -2, 2.95095, 1.73035, -2.0, -0.009334
29, 2.9499999999999966, 1.7200000000000002, -2, 2.94865, 1.71985, -1.9999500000000001, -0.009324
29, 2.9499999999999966, 1.7100000000000002, -2, 2.9508500000000004, 1.70995, -2.0, -0.009392
29, 2.9499999999999966, 1.7000000000000002, -2, 2.94915, 1.70065, -2.0000500000000003, -0.009392
29, 2.9499999999999966, 1.6900000000000002, -2, 2.95065, 1.6887, -2.0000500000000003, -0.009334
29, 2.9499999999999966, 1.6800000000000002, -2, 2.95025, 1.6805500000000002, -2.0000500000000003, -0.009407
29, 2.9499999999999966, 1.6700000000000002, -2, 2.9504500000000005, 1.66955, -2.0000500000000003, -0.009355
29, 2.9499999999999966, 1.6600000000000001, -2, 2.94915, 1.6609, -2.0001, -0.009319
29, 2.9499999999999966, 1.6500000000000001, -2, 2.9499, 1.6502000000000001, -2.0000500000000003, -0.009376
29, 2.9499999999999966, 1.6400000000000001, -2, 2.9504, 1.6399000000000001, -2.0, -0.009397
29, 2.9499999999999966, 1.6300000000000001, -2, 2.9503000000000004, 1.63045, -1.9999500000000001, -0.00934
29, 2.9499999999999966, 1.62, -2, 2.9499500000000003, 1.6205, -1.9999500000000001, -0.009387
29, 2.9499999999999966, 1.61, -2, 2.9501500000000003, 1.61045, -1.9999500000000001, -0.009355
29, 2.9499999999999966, 1.6, -2, 2.9503000000000004, 1.5999, -1.9999500000000001, -0.009329
29, 2.9499999999999966, 1.59, -2, 2.95, 1.6000500000000002, -1.9999500000000001, -0.009366
29, 2.9499999999999966, 1.58, -2, 2.95115, 1.5804500000000001, -1.9999500000000001, -0.009397
29, 2.9499999999999966, 1.57, -2, 2.9504, 1.56965, -1.9999500000000001, -0.009392
29, 2.9499999999999966, 1.56, -2, 2.9501000000000004, 1.55995, -2.0, -0.00934
29, 2.9499999999999966, 1.55, -2, 2.9503000000000004, 1.5498500000000002, -1.9999500000000001, -0.009397
29, 2.9499999999999966, 1.54, -2, 2.9501000000000004, 1.5402, -2.0, -0.00935
29, 2.9499999999999966, 1.53, -2, 2.95005, 1.5300500000000001, -2.0000500000000003, -0.009329
29, 2.9499999999999966, 1.52, -2, 2.9499500000000003, 1.5196500000000002, -2.0000500000000003, -0.009387
29, 2.9499999999999966, 1.51, -2, 2.95005, 1.5100500000000001, -2.0001, -0.009371
29, 2.9499999999999966, 1.5, -2, 2.9495500000000003, 1.5102, -2.0000500000000003, -0.009334
29, 2.9499999999999966, 1.49, -2, 2.9505, 1.4895500000000002, -2.0000500000000003, -0.009345
29, 2.9499999999999966, 1.48, -2, 2.9506000000000006, 1.47975, -2.0000500000000003, -0.009402
29, 2.9499999999999966, 1.47, -2, 2.95025, 1.46995, -2.0, -0.00935
29, 2.9499999999999966, 1.46, -2, 2.949, 1.46065, -2.0, -0.009371
29, 2.9499999999999966, 1.45, -2, 2.9495, 1.44975, -2.0, -0.009402
30, 2.939999999999997, 1.45, -2, 2.9415, 1.4497, -2.0000500000000003, -0.00934
30, 2.929999999999997, 1.45, -2, 2.9301000000000004, 1.4498000000000002, -2.0000500000000003, -0.009407
30, 2.9199999999999973, 1.45, -2, 2.9194, 1.45, -2.0000500000000003, -0.009355
30, 2.9099999999999975, 1.45, -2, 2.9108, 1.45, -1.9999500000000001, -0.009397
30, 2.8999999999999977, 1.45, -2, 2.8996000000000004, 1.45, -1.9999500000000001, -0.009402
30, 2.889999999999998, 1.45, -2, 2.89, 1.45, -1.9999500000000001, -0.00935
30, 2.879999999999998, 1.45, -2, 2.8805, 1.4499000000000002, -1.9999500000000001, -0.009371
30, 2.8699999999999983, 1.45, -2, 2.86965, 1.4502000000000002, -1.9999500000000001, -0.009397
30, 2.8599999999999985, 1.45, -2, 2.8606000000000003, 1.45025, -1.9999500000000001, -0.00936
30, 2.8499999999999988, 1.45, -2, 2.8498, 1.45015, -2.0000500000000003, -0.009334
30, 2.839999999999999, 1.45, -2, 2.8388, 1.45025, -2.0001, -0.009345
30, 2.829999999999999, 1.45, -2, 2.8304, 1.4501000000000002, -2.0001, -0.00935
30, 2.8199999999999994, 1.45, -2, 2.8188, 1.45, -2.0001, -0.00935
30, 2.8099999999999996, 1.45, -2, 2.81, 1.45, -2.0001, -0.009381
30, 2.8, 1.45, -2, 2.7988000000000004, 1.45, -2.0000500000000003, -0.009329
30, 2.79, 1.45, -2, 2.7902000000000005, 1.4499000000000002, -2.0000500000000003, -0.009407
30, 2.7800000000000002, 1.45, -2, 2.7787, 1.4498000000000002, -2.0000500000000003, -0.00936
30, 2.7700000000000005, 1.45, -2, 2.7697000000000003, 1.4498000000000002, -2.0, -0.009381
30, 2.7600000000000007, 1.45, -2, 2.7599500000000003, 1.44985, -2.0, -0.009402
30, 2.750000000000001, 1.45, -2, 2.74995, 1.4498000000000002, -1.9999500000000001, -0.00936
30, 2.740000000000001, 1.45, -2, 2.7409, 1.4499000000000002, -1.9998500000000001, -0.009334
30, 2.7300000000000013, 1.45, -2, 2.7311000000000005, 1.4499000000000002, -1.9998500000000001, -0.009392
30, 2.7200000000000015, 1.45, -2, 2.7204, 1.4501000000000002, -1.9999, -0.00934
30, 2.7100000000000017, 1.45, -2, 2.71085, 1.4500500000000003, -1.9999500000000001, -0.009345
30, 2.700000000000002, 1.45, -2, 2.7005, 1.4501000000000002, -2.0, -0.009381
30, 2.690000000000002, 1.45, -2, 2.6909500000000004, 1.4501000000000002, -2.0, -0.009402
30, 2.6800000000000024, 1.45, -2, 2.68055, 1.4501000000000002, -2.0, -0.009371
30, 2.6700000000000026, 1.45, -2, 2.6707, 1.4500500000000003, -1.9999500000000001, -0.009329
30, 2.660000000000003, 1.45, -2, 2.6597000000000004, 1.45015, -2.0, -0.009392
30, 2.650000000000003, 1.45, -2, 2.65045, 1.44985, -2.0000500000000003, -0.009381
30, 2.650000000000003, 1.46, -2, 2.6496000000000004, 1.4592, -2.0000500000000003, -0.00934
30, 2.650000000000003, 1.47, -2, 2.649, 1.4701000000000002, -2.0000500000000003, -0.009314
30, 2.650000000000003, 1.48, -2, 2.64955, 1.4797, -2.0000500000000003, -0.009366
30, 2.650000000000003, 1.49, -2, 2.6494500000000003, 1.4904000000000002, -2.0000500000000003, -0.009387
30, 2.650000000000003, 1.5, -2, 2.6501000000000006, 1.50025, -2.0, -0.00935
30, 2.650000000000003, 1.51, -2, 2.6509500000000004, 1.5105, -1.9999500000000001, -0.009334
30, 2.650000000000003, 1.52, -2, 2.651, 1.5204000000000002, -2.0, -0.009413
30, 2.650000000000003, 1.53, -2, 2.6500500000000002, 1.5310500000000002, -2.0, -0.009392
30, 2.650000000000003, 1.54, -2, 2.64955, 1.54065, -1.9999500000000001, -0.009397
30, 2.650000000000003, 1.55, -2, 2.6493500000000005, 1.5509000000000002, -1.9999500000000001, -0.009345
30, 2.650000000000003, 1.56, -2, 2.6493, 1.5598500000000002, -1.9999500000000001, -0.009397
30, 2.650000000000003, 1.57, -2, 2.6494, 1.5703000000000003, -2.0, -0.009324
30, 2.650000000000003, 1.58, -2, 2.6499, 1.5799, -1.9999500000000001, -0.009387
30, 2.650000000000003, 1.59, -2, 2.6499500000000005, 1.5901, -2.0, -0.009381
30, 2.650000000000003, 1.6, -2, 2.65115, 1.5994000000000002, -2.0, -0.00934
30, 2.650000000000003, 1.61, -2, 2.6509, 1.6087, -2.0, -0.00934
30, 2.650000000000003, 1.62, -2, 2.6499, 1.61925, -2.0, -0.009366
30, 2.650000000000003, 1.6300000000000001, -2, 2.649, 1.6293000000000002, -1.9999500000000001, -0.009387
30, 2.650000000000003, 1.6400000000000001, -2, 2.6487000000000003, 1.63935, -1.9999500000000001, -0.00934
30, 2.650000000000003, 1.6500000000000001, -2, 2.6499, 1.64945, -2.0, -0.009324
30, 2.650000000000003, 1.6600000000000001, -2, 2.649, 1.6597, -2.0000500000000003, -0.009387
30, 2.650000000000003, 1.6700000000000002, -2, 2.651, 1.66945, -2.0000500000000003, -0.009407
30, 2.650000000000003, 1.6800000000000002, -2, 2.6500500000000002, 1.68045, -2.0000500000000003, -0.009345
30, 2.650000000000003, 1.6900000000000002, -2, 2.6508000000000003, 1.6803500000000002, -2.0000500000000003, -0.00934
30, 2.650000000000003, 1.7000000000000002, -2, 2.6492000000000004, 1.7007, -2.0000500000000003, -0.009387
30, 2.650000000000003, 1.7100000000000002, -2, 2.6496000000000004, 1.71, -2.0000500000000003, -0.009319
30, 2.650000000000003, 1.7200000000000002, -2, 2.6493, 1.72025, -2.0, -0.009387
30, 2.650000000000003, 1.7300000000000002, -2, 2.6498000000000004, 1.73045, -2.0, -0.009397
30, 2.650000000000003, 1.7400000000000002, -2, 2.6498500000000003, 1.7396, -2.0, -0.009334
30, 2.650000000000003, 1.7500000000000002, -2, 2.65015, 1.7395, -2.0000500000000003, -0.009319
