Voltage = 3.9, Current = 20.8, Pinhole = 15um 
0, 9.72, -3.9, 3.24, 9.719700000000001, -3.9000500000000002, 3.24, -0.002451
1, 9.72, -3.895, 3.24, 9.71965, -3.8959500000000005, 3.24, -0.002404
1, 9.72, -3.895, 3.2350000000000003, 9.72005, -3.89475, 3.23515, -0.002493
2, 9.72, -3.9, 3.2350000000000003, 9.72015, -3.9006000000000003, 3.23475, -0.002435
2, 9.72, -3.905, 3.2350000000000003, 9.72015, -3.9048000000000003, 3.2348000000000003, -0.002482
2, 9.72, -3.905, 3.24, 9.71995, -3.90505, 3.2398500000000006, -0.00243
2, 9.72, -3.905, 3.245, 9.719800000000001, -3.9052000000000002, 3.2446, -0.002456
3, 9.72, -3.9, 3.245, 9.71975, -3.9008000000000003, 3.2449, -0.002446
3, 9.72, -3.895, 3.245, 9.719850000000001, -3.8946000000000005, 3.245, -0.002414
3, 9.72, -3.89, 3.245, 9.72, -3.8896, 3.245, -0.002498
3, 9.72, -3.89, 3.24, 9.72005, -3.8895500000000003, 3.2402, -0.00244
3, 9.72, -3.89, 3.2350000000000003, 9.72025, -3.89, 3.23515, -0.002508
3, 9.72, -3.89, 3.2300000000000004, 9.7202, -3.89, 3.23055, -0.002451
4, 9.72, -3.895, 3.2300000000000004, 9.72015, -3.8946000000000005, 3.2301, -0.002451
4, 9.72, -3.9, 3.2300000000000004, 9.71995, -3.9, 3.2298500000000003, -0.002472
4, 9.72, -3.905, 3.2300000000000004, 9.71995, -3.90485, 3.2298, -0.002425
4, 9.72, -3.9099999999999997, 3.2300000000000004, 9.71995, -3.9101500000000002, 3.2298, -0.002451
4, 9.72, -3.9099999999999997, 3.2350000000000003, 9.71995, -3.9104500000000004, 3.2346500000000002, -0.002451
4, 9.72, -3.9099999999999997, 3.24, 9.719899999999999, -3.9104500000000004, 3.2395500000000004, -0.002451
4, 9.72, -3.9099999999999997, 3.245, 9.719899999999999, -3.9101000000000004, 3.2447000000000004, -0.002498
4, 9.72, -3.9099999999999997, 3.25, 9.71995, -3.9099500000000003, 3.2494, -0.002451
5, 9.72, -3.905, 3.25, 9.71995, -3.90505, 3.2500500000000003, -0.002493
5, 9.72, -3.9, 3.25, 9.72005, -3.9, 3.2502000000000004, -0.002446
5, 9.72, -3.895, 3.25, 9.72005, -3.8947000000000003, 3.2502000000000004, -0.002451
5, 9.72, -3.89, 3.25, 9.72005, -3.8895500000000003, 3.2502000000000004, -0.002467
5, 9.72, -3.8850000000000002, 3.25, 9.72005, -3.8845, 3.2502000000000004, -0.002821
5, 9.72, -3.8850000000000002, 3.245, 9.72005, -3.8844000000000003, 3.2454500000000004, -0.002962
5, 9.72, -3.8850000000000002, 3.24, 9.7201, -3.8847000000000005, 3.2406, -0.002826
5, 9.72, -3.8850000000000002, 3.2350000000000003, 9.72, -3.8849, 3.2353500000000004, -0.002852
5, 9.72, -3.8850000000000002, 3.2300000000000004, 9.72005, -3.88505, 3.2304, -0.002837
5, 9.72, -3.8850000000000002, 3.2250000000000005, 9.71995, -3.88515, 3.2256000000000005, -0.002806
6, 9.72, -3.89, 3.2250000000000005, 9.719899999999999, -3.8896, 3.2251000000000003, -0.002487
6, 9.72, -3.895, 3.2250000000000005, 9.71995, -3.8953, 3.2249, -0.002519
6, 9.72, -3.9, 3.2250000000000005, 9.71995, -3.9000500000000002, 3.2248, -0.002451
6, 9.72, -3.905, 3.2250000000000005, 9.72005, -3.9051000000000005, 3.2248, -0.002467
6, 9.72, -3.9099999999999997, 3.2250000000000005, 9.72015, -3.9096, 3.2248, -0.002399
6, 9.72, -3.9149999999999996, 3.2250000000000005, 9.7202, -3.91555, 3.2249, -0.002461
6, 9.72, -3.9149999999999996, 3.2300000000000004, 9.7201, -3.9159500000000005, 3.22975, -0.002467
6, 9.72, -3.9149999999999996, 3.2350000000000003, 9.71995, -3.91525, 3.23455, -0.002451
6, 9.72, -3.9149999999999996, 3.24, 9.719850000000001, -3.91495, 3.2397000000000005, -0.002503
6, 9.72, -3.9149999999999996, 3.245, 9.719850000000001, -3.9149000000000003, 3.2443, -0.002446
6, 9.72, -3.9149999999999996, 3.25, 9.719850000000001, -3.9149000000000003, 3.24965, -0.002493
6, 9.72, -3.9149999999999996, 3.255, 9.71995, -3.9148500000000004, 3.2545, -0.002477
7, 9.72, -3.9099999999999997, 3.255, 9.72005, -3.91035, 3.255, -0.002508
7, 9.72, -3.905, 3.255, 9.72015, -3.90505, 3.255, -0.002493
7, 9.72, -3.9, 3.255, 9.7201, -3.8995, 3.255, -0.002425
7, 9.72, -3.895, 3.255, 9.72005, -3.89425, 3.2549500000000005, -0.002493
7, 9.72, -3.89, 3.255, 9.719850000000001, -3.8897000000000004, 3.25505, -0.002446
7, 9.72, -3.8850000000000002, 3.255, 9.719700000000001, -3.8849, 3.2551000000000005, -0.002837
7, 9.72, -3.8800000000000003, 3.255, 9.71975, -3.8797, 3.2551000000000005, -0.004187
7, 9.72, -3.8800000000000003, 3.25, 9.71995, -3.8795, 3.25105, -0.004375
7, 9.72, -3.8800000000000003, 3.245, 9.7202, -3.8798000000000004, 3.2455, -0.004605
7, 9.72, -3.8800000000000003, 3.24, 9.72035, -3.88, 3.2404, -0.004386
7, 9.72, -3.8800000000000003, 3.2350000000000003, 9.72015, -3.8801000000000005, 3.2355, -0.004589
7, 9.72, -3.8800000000000003, 3.2300000000000004, 9.72005, -3.8801000000000005, 3.2302000000000004, -0.004657
7, 9.72, -3.8800000000000003, 3.2250000000000005, 9.719850000000001, -3.8801000000000005, 3.2256000000000005, -0.004584
7, 9.72, -3.8800000000000003, 3.2200000000000006, 9.719850000000001, -3.8801000000000005, 3.22065, -0.004537
8, 9.72, -3.8850000000000002, 3.2200000000000006, 9.719850000000001, -3.8846000000000003, 3.2201500000000003, -0.002972
8, 9.72, -3.89, 3.2200000000000006, 9.72005, -3.88975, 3.2197000000000005, -0.002493
8, 9.72, -3.895, 3.2200000000000006, 9.72015, -3.89525, 3.21965, -0.002493
8, 9.72, -3.9, 3.2200000000000006, 9.72025, -3.9000500000000002, 3.21975, -0.002519
8, 9.72, -3.905, 3.2200000000000006, 9.7201, -3.9051000000000005, 3.22005, -0.002467
8, 9.72, -3.9099999999999997, 3.2200000000000006, 9.7201, -3.9101000000000004, 3.2202, -0.002477
8, 9.72, -3.9149999999999996, 3.2200000000000006, 9.72005, -3.9149000000000003, 3.2201500000000003, -0.002446
8, 9.72, -3.9199999999999995, 3.2200000000000006, 9.72005, -3.92085, 3.2201500000000003, -0.002498
8, 9.72, -3.9199999999999995, 3.2250000000000005, 9.719899999999999, -3.9202000000000004, 3.2249, -0.002467
8, 9.72, -3.9199999999999995, 3.2300000000000004, 9.719850000000001, -3.9200500000000003, 3.22955, -0.002508
8, 9.72, -3.9199999999999995, 3.2350000000000003, 9.719800000000001, -3.9198500000000003, 3.2347, -0.002451
8, 9.72, -3.9199999999999995, 3.24, 9.719800000000001, -3.9197, 3.2393500000000004, -0.002477
8, 9.72, -3.9199999999999995, 3.245, 9.719899999999999, -3.9197, 3.24445, -0.00243
8, 9.72, -3.9199999999999995, 3.25, 9.72, -3.91975, 3.24965, -0.002493
8, 9.72, -3.9199999999999995, 3.255, 9.72005, -3.9199500000000005, 3.2541, -0.002514
8, 9.72, -3.9199999999999995, 3.26, 9.72015, -3.9201000000000006, 3.2594000000000003, -0.002498
9, 9.72, -3.9149999999999996, 3.26, 9.7201, -3.9156500000000003, 3.2598500000000006, -0.002529
9, 9.72, -3.9099999999999997, 3.26, 9.72005, -3.9093, 3.26015, -0.002487
9, 9.72, -3.905, 3.26, 9.71995, -3.90505, 3.2603500000000003, -0.002487
9, 9.72, -3.9, 3.26, 9.719800000000001, -3.8993, 3.2603, -0.002425
9, 9.72, -3.895, 3.26, 9.719800000000001, -3.89435, 3.2601000000000004, -0.002487
9, 9.72, -3.89, 3.26, 9.719850000000001, -3.89035, 3.2599500000000003, -0.002467
9, 9.72, -3.8850000000000002, 3.26, 9.719899999999999, -3.8845, 3.2598500000000006, -0.003098
9, 9.72, -3.8800000000000003, 3.26, 9.7201, -3.8798000000000004, 3.2598500000000006, -0.004328
9, 9.72, -3.8750000000000004, 3.26, 9.72025, -3.8749000000000002, 3.2598000000000003, -0.006138
9, 9.72, -3.8750000000000004, 3.255, 9.72, -3.8748500000000003, 3.25515, -0.00655
9, 9.72, -3.8750000000000004, 3.25, 9.71995, -3.87495, 3.2503, -0.006764
9, 9.72, -3.8750000000000004, 3.245, 9.719850000000001, -3.875, 3.24575, -0.00692
9, 9.72, -3.8750000000000004, 3.24, 9.719899999999999, -3.8751, 3.2404, -0.006889
9, 9.72, -3.8750000000000004, 3.2350000000000003, 9.71995, -3.8751, 3.2356000000000003, -0.007327
9, 9.72, -3.8750000000000004, 3.2300000000000004, 9.72, -3.8751, 3.2303, -0.007228
9, 9.72, -3.8750000000000004, 3.2250000000000005, 9.72, -3.8751, 3.22525, -0.007624
9, 9.72, -3.8750000000000004, 3.2200000000000006, 9.72, -3.8750500000000003, 3.2208500000000004, -0.007405
9, 9.72, -3.8750000000000004, 3.2150000000000007, 9.72005, -3.875, 3.2155500000000004, -0.007624
10, 9.72, -3.8800000000000003, 3.2150000000000007, 9.72015, -3.8796500000000003, 3.21525, -0.005163
10, 9.72, -3.8850000000000002, 3.2150000000000007, 9.7202, -3.88475, 3.2149500000000004, -0.003092
10, 9.72, -3.89, 3.2150000000000007, 9.72015, -3.8901000000000003, 3.2147, -0.002519
10, 9.72, -3.895, 3.2150000000000007, 9.72005, -3.89495, 3.2147, -0.002508
10, 9.72, -3.9, 3.2150000000000007, 9.72, -3.9, 3.2148000000000003, -0.002472
10, 9.72, -3.905, 3.2150000000000007, 9.72, -3.90545, 3.21505, -0.002446
10, 9.72, -3.9099999999999997, 3.2150000000000007, 9.72005, -3.9101500000000002, 3.2152000000000003, -0.002482
10, 9.72, -3.9149999999999996, 3.2150000000000007, 9.72, -3.9153500000000006, 3.2152000000000003, -0.002451
10, 9.72, -3.9199999999999995, 3.2150000000000007, 9.72005, -3.9203, 3.2152000000000003, -0.002477
10, 9.72, -3.9249999999999994, 3.2150000000000007, 9.72005, -3.92545, 3.2151000000000005, -0.002451
10, 9.72, -3.9249999999999994, 3.2200000000000006, 9.72005, -3.9255500000000003, 3.2198500000000005, -0.002472
10, 9.72, -3.9249999999999994, 3.2250000000000005, 9.71995, -3.925, 3.2245, -0.002503
10, 9.72, -3.9249999999999994, 3.2300000000000004, 9.719700000000001, -3.92485, 3.22965, -0.002477
10, 9.72, -3.9249999999999994, 3.2350000000000003, 9.71975, -3.92485, 3.2343, -0.00243
10, 9.72, -3.9249999999999994, 3.24, 9.72, -3.9248000000000003, 3.2395, -0.002482
10, 9.72, -3.9249999999999994, 3.245, 9.71995, -3.9249, 3.24465, -0.00243
10, 9.72, -3.9249999999999994, 3.25, 9.7201, -3.925, 3.2491000000000003, -0.002487
10, 9.72, -3.9249999999999994, 3.255, 9.72025, -3.92515, 3.2543500000000005, -0.002467
10, 9.72, -3.9249999999999994, 3.26, 9.7202, -3.92515, 3.2594000000000003, -0.002498
10, 9.72, -3.9249999999999994, 3.2649999999999997, 9.72005, -3.92515, 3.2643500000000003, -0.002493
11, 9.72, -3.9199999999999995, 3.2649999999999997, 9.719899999999999, -3.92, 3.2648, -0.002503
11, 9.72, -3.9149999999999996, 3.2649999999999997, 9.719800000000001, -3.9146000000000005, 3.2649, -0.002472
11, 9.72, -3.9099999999999997, 3.2649999999999997, 9.71975, -3.9095500000000003, 3.265, -0.002482
11, 9.72, -3.905, 3.2649999999999997, 9.719850000000001, -3.90485, 3.2651000000000003, -0.002529
11, 9.72, -3.9, 3.2649999999999997, 9.71995, -3.8996500000000003, 3.2651000000000003, -0.002467
11, 9.72, -3.895, 3.2649999999999997, 9.7201, -3.8945, 3.2651000000000003, -0.002487
11, 9.72, -3.89, 3.2649999999999997, 9.72015, -3.8901000000000003, 3.2651000000000003, -0.002435
11, 9.72, -3.8850000000000002, 3.2649999999999997, 9.72015, -3.8844000000000003, 3.26515, -0.003296
11, 9.72, -3.8800000000000003, 3.2649999999999997, 9.72, -3.8803, 3.2651000000000003, -0.00424
11, 9.72, -3.8750000000000004, 3.2649999999999997, 9.71995, -3.8748, 3.26505, -0.006294
11, 9.72, -3.8700000000000006, 3.2649999999999997, 9.719800000000001, -3.87035, 3.265, -0.007749
11, 9.72, -3.8700000000000006, 3.26, 9.719800000000001, -3.8699, 3.2608500000000005, -0.008083
11, 9.72, -3.8700000000000006, 3.255, 9.719899999999999, -3.8696, 3.2555500000000004, -0.008396
11, 9.72, -3.8700000000000006, 3.25, 9.7201, -3.8698, 3.2507, -0.00874
11, 9.72, -3.8700000000000006, 3.245, 9.7202, -3.8702, 3.2458500000000003, -0.00875
11, 9.72, -3.8700000000000006, 3.24, 9.7202, -3.8705, 3.2405500000000003, -0.008896
11, 9.72, -3.8700000000000006, 3.2350000000000003, 9.72015, -3.87005, 3.2354000000000003, -0.009095
11, 9.72, -3.8700000000000006, 3.2300000000000004, 9.72005, -3.86975, 3.23055, -0.00911
11, 9.72, -3.8700000000000006, 3.2250000000000005, 9.72005, -3.86965, 3.22535, -0.009235
11, 9.72, -3.8700000000000006, 3.2200000000000006, 9.719850000000001, -3.87, 3.2209, -0.00922
11, 9.72, -3.8700000000000006, 3.2150000000000007, 9.719800000000001, -3.8704, 3.2155500000000004, -0.009194
11, 9.72, -3.8700000000000006, 3.210000000000001, 9.719850000000001, -3.8705, 3.2103500000000005, -0.009168
12, 9.72, -3.8750000000000004, 3.210000000000001, 9.719899999999999, -3.87405, 3.2102000000000004, -0.007817
12, 9.72, -3.8800000000000003, 3.210000000000001, 9.72005, -3.8798500000000002, 3.2101, -0.005429
12, 9.72, -3.8850000000000002, 3.210000000000001, 9.7202, -3.885, 3.21, -0.003087
12, 9.72, -3.89, 3.210000000000001, 9.72025, -3.8899, 3.2098500000000003, -0.002618
12, 9.72, -3.895, 3.210000000000001, 9.7201, -3.89495, 3.2097, -0.002498
12, 9.72, -3.9, 3.210000000000001, 9.72, -3.8999, 3.20975, -0.002493
12, 9.72, -3.905, 3.210000000000001, 9.72005, -3.9055500000000003, 3.2099, -0.002414
12, 9.72, -3.9099999999999997, 3.210000000000001, 9.72005, -3.9101500000000002, 3.2100500000000003, -0.002493
12, 9.72, -3.9149999999999996, 3.210000000000001, 9.72005, -3.9153000000000002, 3.2101, -0.002435
12, 9.72, -3.9199999999999995, 3.210000000000001, 9.72005, -3.92015, 3.2101, -0.002446
12, 9.72, -3.9249999999999994, 3.210000000000001, 9.72005, -3.9253, 3.2101, -0.002498
12, 9.72, -3.9299999999999993, 3.210000000000001, 9.7201, -3.93065, 3.2101, -0.002451
12, 9.72, -3.9299999999999993, 3.2150000000000007, 9.72, -3.9305, 3.21475, -0.002514
12, 9.72, -3.9299999999999993, 3.2200000000000006, 9.71995, -3.9298, 3.2198500000000005, -0.002467
12, 9.72, -3.9299999999999993, 3.2250000000000005, 9.719850000000001, -3.92975, 3.22465, -0.002514
12, 9.72, -3.9299999999999993, 3.2300000000000004, 9.71975, -3.92975, 3.2291000000000003, -0.002487
12, 9.72, -3.9299999999999993, 3.2350000000000003, 9.719700000000001, -3.9298500000000005, 3.2345, -0.002545
12, 9.72, -3.9299999999999993, 3.24, 9.719800000000001, -3.9302, 3.23965, -0.002493
12, 9.72, -3.9299999999999993, 3.245, 9.72, -3.9304, 3.24405, -0.002534
12, 9.72, -3.9299999999999993, 3.25, 9.72, -3.93025, 3.24925, -0.002519
12, 9.72, -3.9299999999999993, 3.255, 9.71995, -3.9299500000000003, 3.2543, -0.002597
12, 9.72, -3.9299999999999993, 3.26, 9.72005, -3.9298500000000005, 3.2593, -0.002587
12, 9.72, -3.9299999999999993, 3.2649999999999997, 9.72015, -3.9298500000000005, 3.2641000000000004, -0.002665
12, 9.72, -3.9299999999999993, 3.2699999999999996, 9.7201, -3.9298500000000005, 3.2693000000000003, -0.002842
13, 9.72, -3.9249999999999994, 3.2699999999999996, 9.72005, -3.9256, 3.27, -0.002503
13, 9.72, -3.9199999999999995, 3.2699999999999996, 9.719899999999999, -3.91955, 3.2701000000000002, -0.002508
13, 9.72, -3.9149999999999996, 3.2699999999999996, 9.719800000000001, -3.9144, 3.2701000000000002, -0.002472
13, 9.72, -3.9099999999999997, 3.2699999999999996, 9.71975, -3.9097000000000004, 3.2701000000000002, -0.002519
13, 9.72, -3.905, 3.2699999999999996, 9.719850000000001, -3.9047, 3.2701000000000002, -0.002446
13, 9.72, -3.9, 3.2699999999999996, 9.71995, -3.8996500000000003, 3.2701000000000002, -0.00244
13, 9.72, -3.895, 3.2699999999999996, 9.7201, -3.89475, 3.2701000000000002, -0.00243
13, 9.72, -3.89, 3.2699999999999996, 9.72015, -3.89005, 3.2701000000000002, -0.002498
13, 9.72, -3.8850000000000002, 3.2699999999999996, 9.72015, -3.8852, 3.2700500000000003, -0.003207
13, 9.72, -3.8800000000000003, 3.2699999999999996, 9.7201, -3.8795, 3.27, -0.004777
13, 9.72, -3.8750000000000004, 3.2699999999999996, 9.71995, -3.87495, 3.2699000000000003, -0.006242
13, 9.72, -3.8700000000000006, 3.2699999999999996, 9.719800000000001, -3.8705, 3.26995, -0.007457
13, 9.72, -3.8650000000000007, 3.2699999999999996, 9.719850000000001, -3.8654, 3.2699000000000003, -0.009021
13, 9.72, -3.8650000000000007, 3.2649999999999997, 9.719899999999999, -3.8651500000000003, 3.26595, -0.009063
13, 9.72, -3.8650000000000007, 3.26, 9.72005, -3.8651500000000003, 3.2608, -0.009256
13, 9.72, -3.8650000000000007, 3.255, 9.7202, -3.8651500000000003, 3.25565, -0.009272
13, 9.72, -3.8650000000000007, 3.25, 9.7202, -3.8651500000000003, 3.25055, -0.009334
13, 9.72, -3.8650000000000007, 3.245, 9.72, -3.8647000000000005, 3.2449500000000002, -0.009334
13, 9.72, -3.8650000000000007, 3.24, 9.72005, -3.8648000000000002, 3.24075, -0.00936
13, 9.72, -3.8650000000000007, 3.2350000000000003, 9.719899999999999, -3.86505, 3.23545, -0.009277
13, 9.72, -3.8650000000000007, 3.2300000000000004, 9.719850000000001, -3.8653000000000004, 3.23055, -0.009366
13, 9.72, -3.8650000000000007, 3.2250000000000005, 9.719850000000001, -3.86525, 3.22565, -0.009303
13, 9.72, -3.8650000000000007, 3.2200000000000006, 9.71995, -3.8649500000000003, 3.2205, -0.009371
13, 9.72, -3.8650000000000007, 3.2150000000000007, 9.72, -3.8646000000000003, 3.2155500000000004, -0.009293
13, 9.72, -3.8650000000000007, 3.210000000000001, 9.72015, -3.8648500000000006, 3.2106500000000002, -0.00934
13, 9.72, -3.8650000000000007, 3.205000000000001, 9.7202, -3.8651500000000003, 3.2054500000000004, -0.00935
14, 9.72, -3.8700000000000006, 3.205000000000001, 9.7201, -3.8696, 3.20525, -0.009246
14, 9.72, -3.8750000000000004, 3.205000000000001, 9.72, -3.87425, 3.2051000000000003, -0.00837
14, 9.72, -3.8800000000000003, 3.205000000000001, 9.72, -3.8799, 3.20495, -0.0057
14, 9.72, -3.8850000000000002, 3.205000000000001, 9.7201, -3.8849, 3.2048, -0.003202
14, 9.72, -3.89, 3.205000000000001, 9.7201, -3.8901000000000003, 3.2048, -0.002592
14, 9.72, -3.895, 3.205000000000001, 9.72, -3.8948500000000004, 3.2048, -0.00256
14, 9.72, -3.9, 3.205000000000001, 9.7201, -3.8998500000000003, 3.2049000000000003, -0.002451
14, 9.72, -3.905, 3.205000000000001, 9.72, -3.90545, 3.2050500000000004, -0.002482
14, 9.72, -3.9099999999999997, 3.205000000000001, 9.72005, -3.9101000000000004, 3.2051000000000003, -0.002456
14, 9.72, -3.9149999999999996, 3.205000000000001, 9.72005, -3.91525, 3.2051000000000003, -0.002461
14, 9.72, -3.9199999999999995, 3.205000000000001, 9.72005, -3.9201000000000006, 3.20515, -0.002487
14, 9.72, -3.9249999999999994, 3.205000000000001, 9.7201, -3.9253, 3.20515, -0.002461
14, 9.72, -3.9299999999999993, 3.205000000000001, 9.72, -3.9307000000000003, 3.2051000000000003, -0.002519
14, 9.72, -3.934999999999999, 3.205000000000001, 9.72, -3.9353000000000002, 3.20495, -0.002555
14, 9.72, -3.934999999999999, 3.210000000000001, 9.72, -3.9356000000000004, 3.2099, -0.002607
14, 9.72, -3.934999999999999, 3.2150000000000007, 9.71995, -3.93475, 3.2148000000000003, -0.002571
14, 9.72, -3.934999999999999, 3.2200000000000006, 9.71975, -3.93475, 3.22005, -0.002576
14, 9.72, -3.934999999999999, 3.2250000000000005, 9.719700000000001, -3.9347000000000003, 3.2243500000000003, -0.002675
14, 9.72, -3.934999999999999, 3.2300000000000004, 9.71975, -3.9348500000000004, 3.2295, -0.0028
14, 9.72, -3.934999999999999, 3.2350000000000003, 9.719800000000001, -3.9357, 3.23415, -0.002998
14, 9.72, -3.934999999999999, 3.24, 9.71995, -3.93555, 3.2392000000000003, -0.002952
14, 9.72, -3.934999999999999, 3.245, 9.7201, -3.9348500000000004, 3.2443500000000003, -0.002915
14, 9.72, -3.934999999999999, 3.25, 9.72015, -3.9348, 3.24935, -0.003108
14, 9.72, -3.934999999999999, 3.255, 9.72005, -3.93475, 3.25475, -0.003155
14, 9.72, -3.934999999999999, 3.26, 9.71995, -3.93475, 3.2594000000000003, -0.00329
14, 9.72, -3.934999999999999, 3.2649999999999997, 9.719850000000001, -3.9354500000000003, 3.2639500000000004, -0.003635
14, 9.72, -3.934999999999999, 3.2699999999999996, 9.719850000000001, -3.93565, 3.2693000000000003, -0.004224
14, 9.72, -3.934999999999999, 3.2749999999999995, 9.719899999999999, -3.9348500000000004, 3.2744, -0.004266
15, 9.72, -3.9299999999999993, 3.2749999999999995, 9.72005, -3.9299500000000003, 3.2748500000000003, -0.002915
15, 9.72, -3.9249999999999994, 3.2749999999999995, 9.72, -3.9245, 3.2751000000000006, -0.002493
15, 9.72, -3.9199999999999995, 3.2749999999999995, 9.71995, -3.9192000000000005, 3.27525, -0.002514
15, 9.72, -3.9149999999999996, 3.2749999999999995, 9.71995, -3.9144, 3.27525, -0.002472
15, 9.72, -3.9099999999999997, 3.2749999999999995, 9.72005, -3.9096, 3.27515, -0.002482
15, 9.72, -3.905, 3.2749999999999995, 9.72, -3.90475, 3.2749500000000005, -0.002524
15, 9.72, -3.9, 3.2749999999999995, 9.72005, -3.8997, 3.2748000000000004, -0.002456
15, 9.72, -3.895, 3.2749999999999995, 9.72005, -3.8948, 3.2748000000000004, -0.002493
15, 9.72, -3.89, 3.2749999999999995, 9.72, -3.8901000000000003, 3.2748000000000004, -0.002555
15, 9.72, -3.8850000000000002, 3.2749999999999995, 9.71995, -3.8853, 3.2748500000000003, -0.003275
15, 9.72, -3.8800000000000003, 3.2749999999999995, 9.71995, -3.8796000000000004, 3.275, -0.004917
15, 9.72, -3.8750000000000004, 3.2749999999999995, 9.71995, -3.875, 3.27515, -0.006331
15, 9.72, -3.8700000000000006, 3.2749999999999995, 9.719899999999999, -3.8706000000000005, 3.27515, -0.007389
15, 9.72, -3.8650000000000007, 3.2749999999999995, 9.719899999999999, -3.8653500000000003, 3.2751000000000006, -0.00899
15, 9.72, -3.8600000000000008, 3.2749999999999995, 9.72005, -3.86015, 3.2750500000000002, -0.009324
15, 9.72, -3.8600000000000008, 3.2699999999999996, 9.7202, -3.86015, 3.2705, -0.009324
15, 9.72, -3.8600000000000008, 3.2649999999999997, 9.7202, -3.86015, 3.2658500000000004, -0.009355
15, 9.72, -3.8600000000000008, 3.26, 9.72015, -3.8601000000000005, 3.2608500000000005, -0.009324
15, 9.72, -3.8600000000000008, 3.255, 9.7201, -3.85975, 3.2558000000000002, -0.009324
15, 9.72, -3.8600000000000008, 3.25, 9.719899999999999, -3.8596500000000002, 3.2507, -0.009314
15, 9.72, -3.8600000000000008, 3.245, 9.719850000000001, -3.8602000000000003, 3.24575, -0.009355
15, 9.72, -3.8600000000000008, 3.24, 9.71995, -3.86015, 3.2399500000000003, -0.009298
15, 9.72, -3.8600000000000008, 3.2350000000000003, 9.7201, -3.8598000000000003, 3.23575, -0.00936
15, 9.72, -3.8600000000000008, 3.2300000000000004, 9.7202, -3.85955, 3.2304500000000003, -0.009314
15, 9.72, -3.8600000000000008, 3.2250000000000005, 9.7202, -3.8599500000000004, 3.2255, -0.009355
15, 9.72, -3.8600000000000008, 3.2200000000000006, 9.72015, -3.8603, 3.2208, -0.009314
15, 9.72, -3.8600000000000008, 3.2150000000000007, 9.71995, -3.8603500000000004, 3.21545, -0.00936
15, 9.72, -3.8600000000000008, 3.210000000000001, 9.719899999999999, -3.8599500000000004, 3.21025, -0.009287
15, 9.72, -3.8600000000000008, 3.205000000000001, 9.719899999999999, -3.8596500000000002, 3.2058, -0.00934
15, 9.72, -3.8600000000000008, 3.200000000000001, 9.719899999999999, -3.8598500000000002, 3.2005, -0.009366
16, 9.72, -3.8650000000000007, 3.200000000000001, 9.71995, -3.86445, 3.2003000000000004, -0.009334
16, 9.72, -3.8700000000000006, 3.200000000000001, 9.72015, -3.8698500000000005, 3.1998, -0.009287
16, 9.72, -3.8750000000000004, 3.200000000000001, 9.72015, -3.87455, 3.19965, -0.008307
16, 9.72, -3.8800000000000003, 3.200000000000001, 9.7201, -3.8798500000000002, 3.19975, -0.005898
16, 9.72, -3.8850000000000002, 3.200000000000001, 9.72005, -3.8848500000000006, 3.20005, -0.003656
16, 9.72, -3.89, 3.200000000000001, 9.72, -3.89005, 3.2002, -0.002717
16, 9.72, -3.895, 3.200000000000001, 9.72005, -3.895, 3.2002, -0.002571
16, 9.72, -3.9, 3.200000000000001, 9.72005, -3.8999, 3.2002, -0.002493
16, 9.72, -3.905, 3.200000000000001, 9.72, -3.9055, 3.2001000000000004, -0.002482
16, 9.72, -3.9099999999999997, 3.200000000000001, 9.72, -3.91, 3.2, -0.002435
16, 9.72, -3.9149999999999996, 3.200000000000001, 9.72, -3.915, 3.1999, -0.002482
16, 9.72, -3.9199999999999995, 3.200000000000001, 9.72, -3.9201000000000006, 3.1999, -0.002456
16, 9.72, -3.9249999999999994, 3.200000000000001, 9.7201, -3.92525, 3.1999500000000003, -0.002487
16, 9.72, -3.9299999999999993, 3.200000000000001, 9.7201, -3.9307000000000003, 3.1999500000000003, -0.002524
16, 9.72, -3.934999999999999, 3.200000000000001, 9.7201, -3.9354500000000003, 3.1999500000000003, -0.00255
16, 9.72, -3.939999999999999, 3.200000000000001, 9.7201, -3.9405, 3.2, -0.003755
16, 9.72, -3.939999999999999, 3.205000000000001, 9.719850000000001, -3.9404, 3.2048500000000004, -0.003901
16, 9.72, -3.939999999999999, 3.210000000000001, 9.719850000000001, -3.9401, 3.2096000000000005, -0.003624
16, 9.72, -3.939999999999999, 3.2150000000000007, 9.719800000000001, -3.9400500000000003, 3.21485, -0.004078
16, 9.72, -3.939999999999999, 3.2200000000000006, 9.719850000000001, -3.93995, 3.2196000000000002, -0.004114
16, 9.72, -3.939999999999999, 3.2250000000000005, 9.719850000000001, -3.9399, 3.2248500000000004, -0.004057
16, 9.72, -3.939999999999999, 3.2300000000000004, 9.72, -3.9399, 3.22905, -0.004161
16, 9.72, -3.939999999999999, 3.2350000000000003, 9.72, -3.9399, 3.2343500000000005, -0.004198
16, 9.72, -3.939999999999999, 3.24, 9.72, -3.9398500000000003, 3.2394000000000003, -0.004542
16, 9.72, -3.939999999999999, 3.245, 9.72015, -3.94, 3.2448, -0.004589
16, 9.72, -3.939999999999999, 3.25, 9.72015, -3.9401, 3.2493000000000003, -0.004678
16, 9.72, -3.939999999999999, 3.255, 9.72015, -3.9402000000000004, 3.2548000000000004, -0.004876
16, 9.72, -3.939999999999999, 3.26, 9.71995, -3.9402000000000004, 3.259, -0.004871
16, 9.72, -3.939999999999999, 3.2649999999999997, 9.719800000000001, -3.9400500000000003, 3.2648500000000005, -0.005455
16, 9.72, -3.939999999999999, 3.2699999999999996, 9.719800000000001, -3.93995, 3.2693000000000003, -0.005632
16, 9.72, -3.939999999999999, 3.2749999999999995, 9.72, -3.9399, 3.2743, -0.005721
16, 9.72, -3.939999999999999, 3.2799999999999994, 9.71995, -3.9399, 3.27945, -0.0057
17, 9.72, -3.934999999999999, 3.2799999999999994, 9.7201, -3.9353000000000002, 3.27975, -0.004266
17, 9.72, -3.9299999999999993, 3.2799999999999994, 9.7201, -3.929, 3.28, -0.002847
17, 9.72, -3.9249999999999994, 3.2799999999999994, 9.7201, -3.9247, 3.2802000000000002, -0.002529
17, 9.72, -3.9199999999999995, 3.2799999999999994, 9.72005, -3.9193000000000002, 3.2802000000000002, -0.002472
17, 9.72, -3.9149999999999996, 3.2799999999999994, 9.72005, -3.91435, 3.2802000000000002, -0.002534
17, 9.72, -3.9099999999999997, 3.2799999999999994, 9.719850000000001, -3.9095500000000003, 3.28015, -0.002482
17, 9.72, -3.905, 3.2799999999999994, 9.719800000000001, -3.90465, 3.28005, -0.002519
17, 9.72, -3.9, 3.2799999999999994, 9.719800000000001, -3.8997, 3.2799500000000004, -0.002482
17, 9.72, -3.895, 3.2799999999999994, 9.719850000000001, -3.8948, 3.2799, -0.002456
17, 9.72, -3.89, 3.2799999999999994, 9.71995, -3.8901000000000003, 3.2799, -0.002696
17, 9.72, -3.8850000000000002, 3.2799999999999994, 9.72005, -3.8853, 3.2799, -0.00353
17, 9.72, -3.8800000000000003, 3.2799999999999994, 9.72025, -3.8796000000000004, 3.2799, -0.004964
17, 9.72, -3.8750000000000004, 3.2799999999999994, 9.7202, -3.87495, 3.2799500000000004, -0.006127
17, 9.72, -3.8700000000000006, 3.2799999999999994, 9.72, -3.87055, 3.2799500000000004, -0.007233
17, 9.72, -3.8650000000000007, 3.2799999999999994, 9.72, -3.8653500000000003, 3.2799500000000004, -0.008948
17, 9.72, -3.8600000000000008, 3.2799999999999994, 9.71995, -3.861, 3.28, -0.009308
17, 9.72, -3.855000000000001, 3.2799999999999994, 9.719899999999999, -3.8553500000000005, 3.28015, -0.009314
17, 9.72, -3.855000000000001, 3.2749999999999995, 9.71995, -3.85525, 3.27525, -0.009355
17, 9.72, -3.855000000000001, 3.2699999999999996, 9.72015, -3.85495, 3.2704500000000003, -0.009329
17, 9.72, -3.855000000000001, 3.2649999999999997, 9.72025, -3.8546000000000005, 3.266, -0.009376
17, 9.72, -3.855000000000001, 3.26, 9.7201, -3.85475, 3.2609, -0.009324
17, 9.72, -3.855000000000001, 3.255, 9.72005, -3.85525, 3.2559, -0.009308
17, 9.72, -3.855000000000001, 3.25, 9.72005, -3.8553500000000005, 3.25075, -0.009314
17, 9.72, -3.855000000000001, 3.245, 9.719899999999999, -3.8551, 3.2458, -0.00935
17, 9.72, -3.855000000000001, 3.24, 9.719850000000001, -3.8547000000000002, 3.24005, -0.009345
17, 9.72, -3.855000000000001, 3.2350000000000003, 9.71995, -3.8548, 3.2352000000000003, -0.009314
17, 9.72, -3.855000000000001, 3.2300000000000004, 9.72005, -3.85525, 3.2309, -0.009345
17, 9.72, -3.855000000000001, 3.2250000000000005, 9.7202, -3.8554, 3.22565, -0.00934
17, 9.72, -3.855000000000001, 3.2200000000000006, 9.72025, -3.8550500000000003, 3.2205500000000002, -0.009334
17, 9.72, -3.855000000000001, 3.2150000000000007, 9.7201, -3.8548, 3.21575, -0.00935
17, 9.72, -3.855000000000001, 3.210000000000001, 9.719899999999999, -3.8547000000000002, 3.2103500000000005, -0.009319
17, 9.72, -3.855000000000001, 3.205000000000001, 9.719850000000001, -3.8548, 3.2055, -0.009345
17, 9.72, -3.855000000000001, 3.200000000000001, 9.719850000000001, -3.8550500000000003, 3.20065, -0.009303
17, 9.72, -3.855000000000001, 3.195000000000001, 9.71995, -3.8553, 3.1954000000000002, -0.00936
18, 9.72, -3.8600000000000008, 3.195000000000001, 9.7202, -3.8595, 3.1951000000000005, -0.009314
18, 9.72, -3.8650000000000007, 3.195000000000001, 9.7202, -3.8644000000000003, 3.1949500000000004, -0.00934
18, 9.72, -3.8700000000000006, 3.195000000000001, 9.7202, -3.8693500000000003, 3.1947, -0.009235
18, 9.72, -3.8750000000000004, 3.195000000000001, 9.72005, -3.87425, 3.19475, -0.008709
18, 9.72, -3.8800000000000003, 3.195000000000001, 9.72, -3.8799, 3.19485, -0.006112
18, 9.72, -3.8850000000000002, 3.195000000000001, 9.72, -3.8849, 3.19505, -0.003802
18, 9.72, -3.89, 3.195000000000001, 9.72005, -3.89015, 3.19515, -0.002743
18, 9.72, -3.895, 3.195000000000001, 9.72, -3.8950500000000003, 3.19515, -0.002602
18, 9.72, -3.9, 3.195000000000001, 9.72005, -3.9, 3.19515, -0.00254
18, 9.72, -3.905, 3.195000000000001, 9.72, -3.9052000000000002, 3.19515, -0.002493
18, 9.72, -3.9099999999999997, 3.195000000000001, 9.72, -3.9102, 3.195, -0.002414
18, 9.72, -3.9149999999999996, 3.195000000000001, 9.71995, -3.915, 3.19485, -0.002487
18, 9.72, -3.9199999999999995, 3.195000000000001, 9.72, -3.92025, 3.1947, -0.002435
18, 9.72, -3.9249999999999994, 3.195000000000001, 9.72005, -3.9253500000000003, 3.1947, -0.002487
18, 9.72, -3.9299999999999993, 3.195000000000001, 9.7201, -3.9306000000000005, 3.1949500000000004, -0.002461
18, 9.72, -3.934999999999999, 3.195000000000001, 9.7201, -3.93555, 3.19505, -0.002607
18, 9.72, -3.939999999999999, 3.195000000000001, 9.7201, -3.94055, 3.1952000000000003, -0.003807
18, 9.72, -3.944999999999999, 3.195000000000001, 9.72015, -3.9458500000000005, 3.1952000000000003, -0.006206
18, 9.72, -3.944999999999999, 3.200000000000001, 9.719899999999999, -3.94515, 3.2, -0.005679
18, 9.72, -3.944999999999999, 3.205000000000001, 9.71935, -3.94505, 3.2044500000000005, -0.006268
18, 9.72, -3.944999999999999, 3.210000000000001, 9.719800000000001, -3.9449500000000004, 3.2098500000000003, -0.006451
18, 9.72, -3.944999999999999, 3.2150000000000007, 9.719899999999999, -3.9448000000000003, 3.21455, -0.006492
18, 9.72, -3.944999999999999, 3.2200000000000006, 9.71995, -3.9448000000000003, 3.2199500000000003, -0.006586
18, 9.72, -3.944999999999999, 3.2250000000000005, 9.7201, -3.9448000000000003, 3.2244, -0.006529
18, 9.72, -3.944999999999999, 3.2300000000000004, 9.7202, -3.9449, 3.2294500000000004, -0.006764
18, 9.72, -3.944999999999999, 3.2350000000000003, 9.7201, -3.9451000000000005, 3.2349500000000004, -0.006722
18, 9.72, -3.944999999999999, 3.24, 9.71995, -3.9451000000000005, 3.23915, -0.00717
18, 9.72, -3.944999999999999, 3.245, 9.719899999999999, -3.9451000000000005, 3.2441500000000003, -0.007275
18, 9.72, -3.944999999999999, 3.25, 9.719899999999999, -3.9451000000000005, 3.24905, -0.007368
18, 9.72, -3.944999999999999, 3.255, 9.719850000000001, -3.94505, 3.2547, -0.007217
18, 9.72, -3.944999999999999, 3.26, 9.7201, -3.9448000000000003, 3.25975, -0.006967
18, 9.72, -3.944999999999999, 3.2649999999999997, 9.72015, -3.9448000000000003, 3.26475, -0.00704
18, 9.72, -3.944999999999999, 3.2699999999999996, 9.72005, -3.9449, 3.2693000000000003, -0.006883
18, 9.72, -3.944999999999999, 3.2749999999999995, 9.71995, -3.945, 3.2741000000000002, -0.007009
18, 9.72, -3.944999999999999, 3.2799999999999994, 9.71995, -3.9451000000000005, 3.27925, -0.006904
18, 9.72, -3.944999999999999, 3.2849999999999993, 9.719899999999999, -3.9451000000000005, 3.2844, -0.007056
19, 9.72, -3.939999999999999, 3.2849999999999993, 9.719899999999999, -3.9405, 3.28475, -0.00607
19, 9.72, -3.934999999999999, 3.2849999999999993, 9.719800000000001, -3.9341500000000003, 3.285, -0.004526
19, 9.72, -3.9299999999999993, 3.2849999999999993, 9.719850000000001, -3.9289500000000004, 3.28525, -0.003025
19, 9.72, -3.9249999999999994, 3.2849999999999993, 9.71995, -3.92475, 3.28525, -0.002555
19, 9.72, -3.9199999999999995, 3.2849999999999993, 9.7201, -3.9191000000000003, 3.2851500000000002, -0.002467
19, 9.72, -3.9149999999999996, 3.2849999999999993, 9.72015, -3.91435, 3.28505, -0.002524
19, 9.72, -3.9099999999999997, 3.2849999999999993, 9.7201, -3.9095500000000003, 3.285, -0.002451
19, 9.72, -3.905, 3.2849999999999993, 9.72005, -3.9048000000000003, 3.2849, -0.002461
19, 9.72, -3.9, 3.2849999999999993, 9.71995, -3.89975, 3.2848, -0.002514
19, 9.72, -3.895, 3.2849999999999993, 9.719850000000001, -3.89475, 3.2848500000000005, -0.002467
19, 9.72, -3.89, 3.2849999999999993, 9.719800000000001, -3.8901000000000003, 3.2848500000000005, -0.002743
19, 9.72, -3.8850000000000002, 3.2849999999999993, 9.719850000000001, -3.8852, 3.2849, -0.003489
19, 9.72, -3.8800000000000003, 3.2849999999999993, 9.71995, -3.8796000000000004, 3.2849500000000003, -0.004829
19, 9.72, -3.8750000000000004, 3.2849999999999993, 9.7201, -3.875, 3.285, -0.006039
19, 9.72, -3.8700000000000006, 3.2849999999999993, 9.720300000000002, -3.8706000000000005, 3.28505, -0.007024
19, 9.72, -3.8650000000000007, 3.2849999999999993, 9.7201, -3.8653500000000003, 3.2851500000000002, -0.00862
19, 9.72, -3.8600000000000008, 3.2849999999999993, 9.71995, -3.8602000000000003, 3.2851500000000002, -0.009314
19, 9.72, -3.855000000000001, 3.2849999999999993, 9.719899999999999, -3.8559500000000004, 3.2851000000000004, -0.009376
19, 9.72, -3.850000000000001, 3.2849999999999993, 9.719850000000001, -3.8501000000000003, 3.28505, -0.00935
19, 9.72, -3.850000000000001, 3.2799999999999994, 9.72, -3.85, 3.2805, -0.009334
19, 9.72, -3.850000000000001, 3.2749999999999995, 9.72005, -3.85, 3.27545, -0.009303
19, 9.72, -3.850000000000001, 3.2699999999999996, 9.7201, -3.8499, 3.27, -0.009314
19, 9.72, -3.850000000000001, 3.2649999999999997, 9.72005, -3.8498500000000004, 3.2658500000000004, -0.009371
19, 9.72, -3.850000000000001, 3.26, 9.72005, -3.8499, 3.261, -0.009298
19, 9.72, -3.850000000000001, 3.255, 9.72005, -3.84995, 3.2559, -0.009319
19, 9.72, -3.850000000000001, 3.25, 9.71995, -3.85, 3.2509, -0.009324
19, 9.72, -3.850000000000001, 3.245, 9.719850000000001, -3.85005, 3.24595, -0.009366
19, 9.72, -3.850000000000001, 3.24, 9.719899999999999, -3.85015, 3.2404, -0.009308
19, 9.72, -3.850000000000001, 3.2350000000000003, 9.72, -3.85015, 3.2353500000000004, -0.00935
19, 9.72, -3.850000000000001, 3.2300000000000004, 9.72, -3.85005, 3.23105, -0.009319
19, 9.72, -3.850000000000001, 3.2250000000000005, 9.72005, -3.84995, 3.22575, -0.009355
19, 9.72, -3.850000000000001, 3.2200000000000006, 9.72015, -3.8499, 3.2205500000000002, -0.009324
19, 9.72, -3.850000000000001, 3.2150000000000007, 9.72015, -3.8499, 3.21515, -0.009314
19, 9.72, -3.850000000000001, 3.210000000000001, 9.72005, -3.84995, 3.2106000000000003, -0.009371
19, 9.72, -3.850000000000001, 3.205000000000001, 9.71995, -3.8499, 3.2053000000000003, -0.009355
19, 9.72, -3.850000000000001, 3.200000000000001, 9.719899999999999, -3.84995, 3.20075, -0.009376
19, 9.72, -3.850000000000001, 3.195000000000001, 9.719899999999999, -3.84995, 3.19545, -0.009324
19, 9.72, -3.850000000000001, 3.1900000000000013, 9.719899999999999, -3.85, 3.19055, -0.009329
20, 9.72, -3.855000000000001, 3.1900000000000013, 9.72005, -3.8547000000000002, 3.1899, -0.00934
20, 9.72, -3.8600000000000008, 3.1900000000000013, 9.72015, -3.85915, 3.1899, -0.009319
20, 9.72, -3.8650000000000007, 3.1900000000000013, 9.7202, -3.86405, 3.1899, -0.009345
20, 9.72, -3.8700000000000006, 3.1900000000000013, 9.72005, -3.8698500000000005, 3.18995, -0.009178
20, 9.72, -3.8750000000000004, 3.1900000000000013, 9.72, -3.8750500000000003, 3.18995, -0.008208
20, 9.72, -3.8800000000000003, 3.1900000000000013, 9.71995, -3.8798500000000002, 3.18995, -0.006101
20, 9.72, -3.8850000000000002, 3.1900000000000013, 9.71995, -3.8848000000000003, 3.1900500000000003, -0.004062
20, 9.72, -3.89, 3.1900000000000013, 9.71995, -3.89025, 3.1901, -0.002889
20, 9.72, -3.895, 3.1900000000000013, 9.72, -3.895, 3.19015, -0.002602
20, 9.72, -3.9, 3.1900000000000013, 9.72005, -3.8999500000000005, 3.19015, -0.002566
20, 9.72, -3.905, 3.1900000000000013, 9.7201, -3.90515, 3.1901, -0.002477
20, 9.72, -3.9099999999999997, 3.1900000000000013, 9.7201, -3.9102, 3.1901, -0.002514
20, 9.72, -3.9149999999999996, 3.1900000000000013, 9.7201, -3.91525, 3.1900500000000003, -0.002446
20, 9.72, -3.9199999999999995, 3.1900000000000013, 9.72015, -3.92025, 3.1900500000000003, -0.002514
20, 9.72, -3.9249999999999994, 3.1900000000000013, 9.72015, -3.9253500000000003, 3.19, -0.002425
20, 9.72, -3.9299999999999993, 3.1900000000000013, 9.719899999999999, -3.9304, 3.18995, -0.002529
20, 9.72, -3.934999999999999, 3.1900000000000013, 9.72, -3.93555, 3.18995, -0.002649
20, 9.72, -3.939999999999999, 3.1900000000000013, 9.72, -3.9406000000000003, 3.18995, -0.003676
20, 9.72, -3.944999999999999, 3.1900000000000013, 9.72005, -3.9458, 3.18995, -0.006039
20, 9.72, -3.949999999999999, 3.1900000000000013, 9.7201, -3.9501500000000003, 3.18995, -0.007843
20, 9.72, -3.949999999999999, 3.195000000000001, 9.7201, -3.9507000000000003, 3.1946000000000003, -0.008224
20, 9.72, -3.949999999999999, 3.200000000000001, 9.7201, -3.9507000000000003, 3.19975, -0.008328
20, 9.72, -3.949999999999999, 3.205000000000001, 9.71995, -3.9503000000000004, 3.2047000000000003, -0.008375
20, 9.72, -3.949999999999999, 3.210000000000001, 9.719899999999999, -3.95, 3.20965, -0.008568
20, 9.72, -3.949999999999999, 3.2150000000000007, 9.719899999999999, -3.94975, 3.2148000000000003, -0.008683
20, 9.72, -3.949999999999999, 3.2200000000000006, 9.719899999999999, -3.94965, 3.21945, -0.008703
20, 9.72, -3.949999999999999, 3.2250000000000005, 9.719899999999999, -3.9498500000000005, 3.2246000000000006, -0.008896
20, 9.72, -3.949999999999999, 3.2300000000000004, 9.719850000000001, -3.9503000000000004, 3.2291000000000003, -0.008969
20, 9.72, -3.949999999999999, 3.2350000000000003, 9.71995, -3.9504500000000005, 3.2342000000000004, -0.009006
20, 9.72, -3.949999999999999, 3.24, 9.72, -3.9501500000000003, 3.2392000000000003, -0.00887
20, 9.72, -3.949999999999999, 3.245, 9.72, -3.9499500000000003, 3.2442, -0.008849
20, 9.72, -3.949999999999999, 3.25, 9.72005, -3.94975, 3.24955, -0.008677
20, 9.72, -3.949999999999999, 3.255, 9.7202, -3.95, 3.25475, -0.00849
20, 9.72, -3.949999999999999, 3.26, 9.72, -3.9505500000000002, 3.25965, -0.008625
20, 9.72, -3.949999999999999, 3.2649999999999997, 9.72, -3.9498500000000005, 3.26405, -0.008375
20, 9.72, -3.949999999999999, 3.2699999999999996, 9.719899999999999, -3.9498, 3.2697000000000003, -0.008375
20, 9.72, -3.949999999999999, 3.2749999999999995, 9.719850000000001, -3.9498, 3.2745, -0.008213
20, 9.72, -3.949999999999999, 3.2799999999999994, 9.719850000000001, -3.9498, 3.2791000000000006, -0.008177
20, 9.72, -3.949999999999999, 3.2849999999999993, 9.719899999999999, -3.95, 3.2844, -0.008198
20, 9.72, -3.949999999999999, 3.289999999999999, 9.72, -3.9506000000000006, 3.28995, -0.008083
21, 9.72, -3.944999999999999, 3.289999999999999, 9.72, -3.94515, 3.29, -0.007076
21, 9.72, -3.939999999999999, 3.289999999999999, 9.71995, -3.9398, 3.2900500000000004, -0.005924
21, 9.72, -3.934999999999999, 3.289999999999999, 9.72, -3.9341500000000003, 3.2900500000000004, -0.004427
21, 9.72, -3.9299999999999993, 3.289999999999999, 9.72005, -3.9298500000000005, 3.2901000000000002, -0.00329
21, 9.72, -3.9249999999999994, 3.289999999999999, 9.72, -3.9247, 3.2900500000000004, -0.002602
21, 9.72, -3.9199999999999995, 3.289999999999999, 9.72005, -3.9194500000000003, 3.2900500000000004, -0.002519
21, 9.72, -3.9149999999999996, 3.289999999999999, 9.719899999999999, -3.91435, 3.29, -0.002472
21, 9.72, -3.9099999999999997, 3.289999999999999, 9.719850000000001, -3.90965, 3.29, -0.002456
21, 9.72, -3.905, 3.289999999999999, 9.719850000000001, -3.9048000000000003, 3.28995, -0.002451
21, 9.72, -3.9, 3.289999999999999, 9.719850000000001, -3.8996500000000003, 3.2899000000000003, -0.002456
21, 9.72, -3.895, 3.289999999999999, 9.719899999999999, -3.8948, 3.2899000000000003, -0.002487
21, 9.72, -3.89, 3.289999999999999, 9.72, -3.8902, 3.2899000000000003, -0.002795
21, 9.72, -3.8850000000000002, 3.289999999999999, 9.72, -3.8852, 3.2899000000000003, -0.003802
21, 9.72, -3.8800000000000003, 3.289999999999999, 9.71995, -3.8796000000000004, 3.2899000000000003, -0.004787
21, 9.72, -3.8750000000000004, 3.289999999999999, 9.7201, -3.875, 3.2899000000000003, -0.005825
21, 9.72, -3.8700000000000006, 3.289999999999999, 9.7201, -3.8706000000000005, 3.28995, -0.006956
21, 9.72, -3.8650000000000007, 3.289999999999999, 9.7201, -3.8653500000000003, 3.28995, -0.008568
21, 9.72, -3.8600000000000008, 3.289999999999999, 9.72005, -3.8603, 3.2901000000000002, -0.009267
21, 9.72, -3.855000000000001, 3.289999999999999, 9.71995, -3.8557, 3.2901000000000002, -0.009371
21, 9.72, -3.850000000000001, 3.289999999999999, 9.719899999999999, -3.8502, 3.2901000000000002, -0.009319
21, 9.72, -3.845000000000001, 3.289999999999999, 9.719899999999999, -3.8455500000000002, 3.2901000000000002, -0.009366
21, 9.72, -3.845000000000001, 3.2849999999999993, 9.7201, -3.8449, 3.2855, -0.009303
21, 9.72, -3.845000000000001, 3.2799999999999994, 9.7202, -3.84475, 3.2804, -0.009366
21, 9.72, -3.845000000000001, 3.2749999999999995, 9.72025, -3.84475, 3.2755, -0.009298
21, 9.72, -3.845000000000001, 3.2699999999999996, 9.72, -3.84525, 3.26995, -0.00935
21, 9.72, -3.845000000000001, 3.2649999999999997, 9.72, -3.8453000000000004, 3.2659000000000002, -0.009314
21, 9.72, -3.845000000000001, 3.26, 9.72005, -3.84525, 3.2609, -0.00934
21, 9.72, -3.845000000000001, 3.255, 9.71995, -3.845, 3.2559, -0.009308
21, 9.72, -3.845000000000001, 3.25, 9.719850000000001, -3.84475, 3.2509500000000005, -0.009314
21, 9.72, -3.845000000000001, 3.245, 9.719850000000001, -3.84475, 3.2460500000000003, -0.009345
21, 9.72, -3.845000000000001, 3.24, 9.72, -3.84475, 3.2408500000000005, -0.009319
21, 9.72, -3.845000000000001, 3.2350000000000003, 9.71995, -3.8451500000000003, 3.23505, -0.009314
21, 9.72, -3.845000000000001, 3.2300000000000004, 9.72015, -3.8452, 3.2306000000000004, -0.00936
21, 9.72, -3.845000000000001, 3.2250000000000005, 9.72025, -3.8452, 3.2257000000000002, -0.00936
21, 9.72, -3.845000000000001, 3.2200000000000006, 9.7202, -3.8451500000000003, 3.2205, -0.009314
21, 9.72, -3.845000000000001, 3.2150000000000007, 9.72, -3.8449, 3.2154000000000003, -0.00936
21, 9.72, -3.845000000000001, 3.210000000000001, 9.72005, -3.8447000000000005, 3.2104500000000002, -0.009308
21, 9.72, -3.845000000000001, 3.205000000000001, 9.719899999999999, -3.8447000000000005, 3.2053000000000003, -0.009298
21, 9.72, -3.845000000000001, 3.200000000000001, 9.719850000000001, -3.8449, 3.2007000000000003, -0.009366
21, 9.72, -3.845000000000001, 3.195000000000001, 9.719850000000001, -3.8451000000000004, 3.1954000000000002, -0.009314
21, 9.72, -3.845000000000001, 3.1900000000000013, 9.719899999999999, -3.8451500000000003, 3.1907, -0.009366
21, 9.72, -3.845000000000001, 3.1850000000000014, 9.72, -3.8451500000000003, 3.1854, -0.009314
22, 9.72, -3.850000000000001, 3.1850000000000014, 9.72005, -3.8495500000000002, 3.18475, -0.009371
22, 9.72, -3.855000000000001, 3.1850000000000014, 9.7202, -3.85455, 3.18475, -0.009319
22, 9.72, -3.8600000000000008, 3.1850000000000014, 9.72015, -3.8590500000000003, 3.1851000000000003, -0.00935
22, 9.72, -3.8650000000000007, 3.1850000000000014, 9.71995, -3.8645500000000004, 3.1853000000000002, -0.009287
22, 9.72, -3.8700000000000006, 3.1850000000000014, 9.71995, -3.8697000000000004, 3.1853000000000002, -0.009199
22, 9.72, -3.8750000000000004, 3.1850000000000014, 9.71995, -3.87455, 3.18495, -0.008578
22, 9.72, -3.8800000000000003, 3.1850000000000014, 9.72, -3.8801000000000005, 3.1848, -0.00643
22, 9.72, -3.8850000000000002, 3.1850000000000014, 9.72, -3.8848000000000003, 3.1848, -0.004339
22, 9.72, -3.89, 3.1850000000000014, 9.72005, -3.8898500000000005, 3.1848, -0.00303
22, 9.72, -3.895, 3.1850000000000014, 9.72005, -3.8953500000000005, 3.18495, -0.00267
22, 9.72, -3.9, 3.1850000000000014, 9.72005, -3.9001000000000006, 3.1850500000000004, -0.002571
22, 9.72, -3.905, 3.1850000000000014, 9.72015, -3.905, 3.1852000000000005, -0.002461
22, 9.72, -3.9099999999999997, 3.1850000000000014, 9.72015, -3.9101500000000002, 3.1852000000000005, -0.002508
22, 9.72, -3.9149999999999996, 3.1850000000000014, 9.7202, -3.915, 3.1852000000000005, -0.002456
22, 9.72, -3.9199999999999995, 3.1850000000000014, 9.7201, -3.92065, 3.1851000000000003, -0.002446
22, 9.72, -3.9249999999999994, 3.1850000000000014, 9.719899999999999, -3.92545, 3.18495, -0.002451
22, 9.72, -3.9299999999999993, 3.1850000000000014, 9.7194, -3.93065, 3.1849000000000003, -0.002482
22, 9.72, -3.934999999999999, 3.1850000000000014, 9.71995, -3.9349000000000003, 3.1849000000000003, -0.002691
22, 9.72, -3.939999999999999, 3.1850000000000014, 9.72, -3.9404500000000002, 3.18495, -0.00353
22, 9.72, -3.944999999999999, 3.1850000000000014, 9.7201, -3.94415, 3.1850500000000004, -0.005418
22, 9.72, -3.949999999999999, 3.1850000000000014, 9.72015, -3.9503000000000004, 3.1851000000000003, -0.00765
22, 9.72, -3.9549999999999987, 3.1850000000000014, 9.7202, -3.95555, 3.1851000000000003, -0.008703
22, 9.72, -3.9549999999999987, 3.1900000000000013, 9.72, -3.9554, 3.19025, -0.008912
22, 9.72, -3.9549999999999987, 3.195000000000001, 9.71995, -3.95495, 3.19485, -0.008933
22, 9.72, -3.9549999999999987, 3.200000000000001, 9.719899999999999, -3.9549000000000003, 3.1997000000000004, -0.009079
22, 9.72, -3.9549999999999987, 3.205000000000001, 9.719899999999999, -3.9549000000000003, 3.2048, -0.009105
22, 9.72, -3.9549999999999987, 3.210000000000001, 9.719850000000001, -3.95495, 3.20955, -0.009194
22, 9.72, -3.9549999999999987, 3.2150000000000007, 9.719850000000001, -3.9549000000000003, 3.2147, -0.009287
22, 9.72, -3.9549999999999987, 3.2200000000000006, 9.719899999999999, -3.9549000000000003, 3.2193500000000004, -0.009246
22, 9.72, -3.9549999999999987, 3.2250000000000005, 9.72005, -3.955, 3.22465, -0.009287
22, 9.72, -3.9549999999999987, 3.2300000000000004, 9.72005, -3.95515, 3.2298500000000003, -0.009277
22, 9.72, -3.9549999999999987, 3.2350000000000003, 9.72005, -3.9552000000000005, 3.2342000000000004, -0.009298
22, 9.72, -3.9549999999999987, 3.24, 9.72005, -3.9552000000000005, 3.23915, -0.009314
22, 9.72, -3.9549999999999987, 3.245, 9.72, -3.9552000000000005, 3.24405, -0.009261
22, 9.72, -3.9549999999999987, 3.25, 9.719899999999999, -3.95495, 3.2498500000000003, -0.009298
22, 9.72, -3.9549999999999987, 3.255, 9.719899999999999, -3.9548500000000004, 3.2547, -0.009251
22, 9.72, -3.9549999999999987, 3.26, 9.72, -3.9549000000000003, 3.25965, -0.009225
22, 9.72, -3.9549999999999987, 3.2649999999999997, 9.71995, -3.9549000000000003, 3.26415, -0.00923
22, 9.72, -3.9549999999999987, 3.2699999999999996, 9.71995, -3.955, 3.26905, -0.009162
22, 9.72, -3.9549999999999987, 3.2749999999999995, 9.71995, -3.9550500000000004, 3.274, -0.009141
22, 9.72, -3.9549999999999987, 3.2799999999999994, 9.72, -3.95515, 3.27915, -0.009089
22, 9.72, -3.9549999999999987, 3.2849999999999993, 9.72005, -3.95515, 3.2843500000000003, -0.008954
22, 9.72, -3.9549999999999987, 3.289999999999999, 9.7201, -3.95515, 3.2898, -0.008865
22, 9.72, -3.9549999999999987, 3.294999999999999, 9.7201, -3.95515, 3.2948000000000004, -0.008745
23, 9.72, -3.949999999999999, 3.294999999999999, 9.7201, -3.9502, 3.2950500000000003, -0.007765
23, 9.72, -3.944999999999999, 3.294999999999999, 9.72005, -3.9440500000000003, 3.29515, -0.006508
23, 9.72, -3.939999999999999, 3.294999999999999, 9.71995, -3.9398500000000003, 3.2952000000000004, -0.005522
23, 9.72, -3.934999999999999, 3.294999999999999, 9.719899999999999, -3.9344, 3.2950500000000003, -0.004542
23, 9.72, -3.9299999999999993, 3.294999999999999, 9.72005, -3.9307000000000003, 3.2949, -0.003431
23, 9.72, -3.9249999999999994, 3.294999999999999, 9.71995, -3.9243500000000004, 3.2949, -0.002623
23, 9.72, -3.9199999999999995, 3.294999999999999, 9.72005, -3.9192000000000005, 3.2949, -0.002456
23, 9.72, -3.9149999999999996, 3.294999999999999, 9.72015, -3.91435, 3.2949, -0.002508
23, 9.72, -3.9099999999999997, 3.294999999999999, 9.7201, -3.9095500000000003, 3.2949, -0.002425
23, 9.72, -3.905, 3.294999999999999, 9.72, -3.9047, 3.2949, -0.002498
23, 9.72, -3.9, 3.294999999999999, 9.71995, -3.8996500000000003, 3.2949, -0.00244
23, 9.72, -3.895, 3.294999999999999, 9.719850000000001, -3.8948, 3.2949500000000005, -0.00256
23, 9.72, -3.89, 3.294999999999999, 9.719800000000001, -3.89015, 3.295, -0.002884
23, 9.72, -3.8850000000000002, 3.294999999999999, 9.719850000000001, -3.88545, 3.29515, -0.003666
23, 9.72, -3.8800000000000003, 3.294999999999999, 9.71995, -3.8796500000000003, 3.2952000000000004, -0.004688
23, 9.72, -3.8750000000000004, 3.294999999999999, 9.7201, -3.875, 3.2952000000000004, -0.005882
23, 9.72, -3.8700000000000006, 3.294999999999999, 9.72025, -3.87065, 3.2951000000000006, -0.006894
23, 9.72, -3.8650000000000007, 3.294999999999999, 9.72015, -3.8653500000000003, 3.2950500000000003, -0.00837
23, 9.72, -3.8600000000000008, 3.294999999999999, 9.71995, -3.8609500000000003, 3.295, -0.009136
23, 9.72, -3.855000000000001, 3.294999999999999, 9.719899999999999, -3.8555, 3.2949, -0.009314
23, 9.72, -3.850000000000001, 3.294999999999999, 9.719899999999999, -3.8502, 3.2949, -0.00936
23, 9.72, -3.845000000000001, 3.294999999999999, 9.72015, -3.8455, 3.2949, -0.00936
23, 9.72, -3.840000000000001, 3.294999999999999, 9.72, -3.8403, 3.295, -0.009308
23, 9.72, -3.840000000000001, 3.289999999999999, 9.719899999999999, -3.8399500000000004, 3.29015, -0.009371
23, 9.72, -3.840000000000001, 3.2849999999999993, 9.719899999999999, -3.8399, 3.2851000000000004, -0.009314
23, 9.72, -3.840000000000001, 3.2799999999999994, 9.719899999999999, -3.8399500000000004, 3.2805500000000003, -0.009366
23, 9.72, -3.840000000000001, 3.2749999999999995, 9.71995, -3.8399, 3.27555, -0.009319
23, 9.72, -3.840000000000001, 3.2699999999999996, 9.72, -3.8399, 3.26995, -0.009345
23, 9.72, -3.840000000000001, 3.2649999999999997, 9.71995, -3.8399, 3.2658, -0.009324
23, 9.72, -3.840000000000001, 3.26, 9.72015, -3.83985, 3.2608500000000005, -0.00936
23, 9.72, -3.840000000000001, 3.255, 9.72025, -3.83985, 3.25575, -0.009314
23, 9.72, -3.840000000000001, 3.25, 9.72015, -3.84, 3.2508000000000004, -0.009355
23, 9.72, -3.840000000000001, 3.245, 9.719850000000001, -3.8401000000000005, 3.2452, -0.009334
23, 9.72, -3.840000000000001, 3.24, 9.719800000000001, -3.84015, 3.24025, -0.00935
23, 9.72, -3.840000000000001, 3.2350000000000003, 9.719899999999999, -3.84015, 3.23605, -0.009366
23, 9.72, -3.840000000000001, 3.2300000000000004, 9.72, -3.8401000000000005, 3.2306000000000004, -0.009298
23, 9.72, -3.840000000000001, 3.2250000000000005, 9.72, -3.84, 3.2255, -0.00935
23, 9.72, -3.840000000000001, 3.2200000000000006, 9.72005, -3.8399500000000004, 3.2205, -0.00934
23, 9.72, -3.840000000000001, 3.2150000000000007, 9.72015, -3.8399500000000004, 3.2157000000000004, -0.009308
23, 9.72, -3.840000000000001, 3.210000000000001, 9.72015, -3.8399500000000004, 3.21025, -0.009334
23, 9.72, -3.840000000000001, 3.205000000000001, 9.72005, -3.8399500000000004, 3.2054500000000004, -0.009324
23, 9.72, -3.840000000000001, 3.200000000000001, 9.71995, -3.8399, 3.2005500000000002, -0.009293
23, 9.72, -3.840000000000001, 3.195000000000001, 9.719899999999999, -3.8399500000000004, 3.19545, -0.00935
23, 9.72, -3.840000000000001, 3.1900000000000013, 9.719899999999999, -3.83985, 3.1908000000000003, -0.009293
23, 9.72, -3.840000000000001, 3.1850000000000014, 9.719899999999999, -3.8399, 3.1854, -0.00935
23, 9.72, -3.840000000000001, 3.1800000000000015, 9.72, -3.8401000000000005, 3.1801500000000003, -0.009282
24, 9.72, -3.845000000000001, 3.1800000000000015, 9.71995, -3.8442000000000003, 3.1801000000000004, -0.00934
24, 9.72, -3.850000000000001, 3.1800000000000015, 9.72015, -3.8492, 3.18, -0.009293
24, 9.72, -3.855000000000001, 3.1800000000000015, 9.72015, -3.8545, 3.18005, -0.009314
24, 9.72, -3.8600000000000008, 3.1800000000000015, 9.72, -3.8592000000000004, 3.18005, -0.009329
24, 9.72, -3.8650000000000007, 3.1800000000000015, 9.72005, -3.8643, 3.18005, -0.009287
24, 9.72, -3.8700000000000006, 3.1800000000000015, 9.72005, -3.86905, 3.18005, -0.009214
24, 9.72, -3.8750000000000004, 3.1800000000000015, 9.72, -3.8747000000000003, 3.18005, -0.008422
24, 9.72, -3.8800000000000003, 3.1800000000000015, 9.72, -3.8801000000000005, 3.18005, -0.005992
24, 9.72, -3.8850000000000002, 3.1800000000000015, 9.72, -3.8849, 3.18, -0.004464
24, 9.72, -3.89, 3.1800000000000015, 9.72, -3.88975, 3.18, -0.003244
24, 9.72, -3.895, 3.1800000000000015, 9.72005, -3.8943000000000003, 3.1799, -0.002779
24, 9.72, -3.9, 3.1800000000000015, 9.72005, -3.9005, 3.1799500000000003, -0.002607
24, 9.72, -3.905, 3.1800000000000015, 9.72005, -3.90525, 3.1799500000000003, -0.002524
24, 9.72, -3.9099999999999997, 3.1800000000000015, 9.72005, -3.9101500000000002, 3.1799500000000003, -0.002503
24, 9.72, -3.9149999999999996, 3.1800000000000015, 9.72005, -3.915, 3.18, -0.002519
24, 9.72, -3.9199999999999995, 3.1800000000000015, 9.719850000000001, -3.9196500000000003, 3.1799500000000003, -0.002498
24, 9.72, -3.9249999999999994, 3.1800000000000015, 9.71995, -3.92565, 3.18, -0.002487
24, 9.72, -3.9299999999999993, 3.1800000000000015, 9.72005, -3.9303000000000003, 3.1799500000000003, -0.002503
24, 9.72, -3.934999999999999, 3.1800000000000015, 9.7201, -3.9351000000000003, 3.1799500000000003, -0.002712
24, 9.72, -3.939999999999999, 3.1800000000000015, 9.7201, -3.9408000000000003, 3.1801000000000004, -0.003603
24, 9.72, -3.944999999999999, 3.1800000000000015, 9.72005, -3.9441, 3.1801000000000004, -0.005043
24, 9.72, -3.949999999999999, 3.1800000000000015, 9.72005, -3.95075, 3.1801000000000004, -0.007535
24, 9.72, -3.9549999999999987, 3.1800000000000015, 9.7201, -3.95575, 3.1801000000000004, -0.008719
24, 9.72, -3.9599999999999986, 3.1800000000000015, 9.719550000000002, -3.9600500000000003, 3.1801000000000004, -0.009006
24, 9.72, -3.9599999999999986, 3.1850000000000014, 9.72, -3.96, 3.18405, -0.009068
24, 9.72, -3.9599999999999986, 3.1900000000000013, 9.72005, -3.95995, 3.18975, -0.00922
24, 9.72, -3.9599999999999986, 3.195000000000001, 9.72005, -3.95995, 3.1949500000000004, -0.009272
24, 9.72, -3.9599999999999986, 3.200000000000001, 9.72, -3.95995, 3.19965, -0.009251
24, 9.72, -3.9599999999999986, 3.205000000000001, 9.71995, -3.9599, 3.20475, -0.009293
24, 9.72, -3.9599999999999986, 3.210000000000001, 9.719899999999999, -3.9599, 3.2094500000000004, -0.009329
24, 9.72, -3.9599999999999986, 3.2150000000000007, 9.719899999999999, -3.95995, 3.2147, -0.009272
24, 9.72, -3.9599999999999986, 3.2200000000000006, 9.719899999999999, -3.96, 3.2193, -0.00935
24, 9.72, -3.9599999999999986, 3.2250000000000005, 9.719850000000001, -3.96015, 3.22465, -0.00935
24, 9.72, -3.9599999999999986, 3.2300000000000004, 9.72, -3.96015, 3.2298, -0.009308
24, 9.72, -3.9599999999999986, 3.2350000000000003, 9.72, -3.9601, 3.2343500000000005, -0.009345
24, 9.72, -3.9599999999999986, 3.24, 9.72005, -3.95995, 3.2399500000000003, -0.009329
24, 9.72, -3.9599999999999986, 3.245, 9.72005, -3.9598500000000003, 3.2441000000000004, -0.009303
24, 9.72, -3.9599999999999986, 3.25, 9.72005, -3.9599, 3.2498500000000003, -0.009366
24, 9.72, -3.9599999999999986, 3.255, 9.72, -3.96, 3.2547, -0.009324
24, 9.72, -3.9599999999999986, 3.26, 9.72, -3.9600500000000003, 3.2591000000000006, -0.009303
24, 9.72, -3.9599999999999986, 3.2649999999999997, 9.72, -3.9601, 3.26465, -0.009345
24, 9.72, -3.9599999999999986, 3.2699999999999996, 9.719899999999999, -3.9601, 3.2693000000000003, -0.009287
24, 9.72, -3.9599999999999986, 3.2749999999999995, 9.719850000000001, -3.9601, 3.2742000000000004, -0.009287
24, 9.72, -3.9599999999999986, 3.2799999999999994, 9.719850000000001, -3.96015, 3.27915, -0.009225
24, 9.72, -3.9599999999999986, 3.2849999999999993, 9.719899999999999, -3.9600500000000003, 3.2843500000000003, -0.009235
24, 9.72, -3.9599999999999986, 3.289999999999999, 9.71995, -3.96, 3.2898, -0.009141
24, 9.72, -3.9599999999999986, 3.294999999999999, 9.72, -3.95995, 3.2948000000000004, -0.009063
24, 9.72, -3.9599999999999986, 3.299999999999999, 9.72005, -3.9599, 3.3001000000000005, -0.008995
25, 9.72, -3.9549999999999987, 3.299999999999999, 9.72005, -3.9554500000000004, 3.3003, -0.008719
25, 9.72, -3.949999999999999, 3.299999999999999, 9.7201, -3.9494000000000002, 3.3003500000000003, -0.007723
25, 9.72, -3.944999999999999, 3.299999999999999, 9.72005, -3.9442000000000004, 3.30025, -0.006784
25, 9.72, -3.939999999999999, 3.299999999999999, 9.72005, -3.9394500000000003, 3.3001000000000005, -0.005762
25, 9.72, -3.934999999999999, 3.299999999999999, 9.719899999999999, -3.9344500000000004, 3.29975, -0.004824
25, 9.72, -3.9299999999999993, 3.299999999999999, 9.719850000000001, -3.9305, 3.3001000000000005, -0.003854
25, 9.72, -3.9249999999999994, 3.299999999999999, 9.719899999999999, -3.92445, 3.3002000000000002, -0.002623
