Voltage = 3.8, Current = 20.3, Pinhole = 10um, Objective = 20x, NA = 0.42 
0, 10.6, -2.8, -7.55, 10.600050000000001, -2.8002000000000002, -7.550050000000001, -0.009324
1, 10.68, -2.8, -7.55, 10.681, -2.80005, -7.5498, -0.009319
1, 10.68, -2.88, -7.55, 10.679650000000002, -2.8807000000000005, -7.5498, -0.009282
2, 10.6, -2.88, -7.55, 10.60045, -2.88, -7.549950000000001, -0.009303
2, 10.52, -2.88, -7.55, 10.520650000000002, -2.88, -7.550200000000001, -0.009277
2, 10.52, -2.8, -7.55, 10.51885, -2.7989500000000005, -7.5501000000000005, -0.009319
2, 10.52, -2.7199999999999998, -7.55, 10.519950000000001, -2.72025, -7.5501000000000005, -0.009319
3, 10.6, -2.7199999999999998, -7.55, 10.5995, -2.72005, -7.549950000000001, -0.009287
3, 10.68, -2.7199999999999998, -7.55, 10.680200000000001, -2.72005, -7.550050000000001, -0.009277
3, 10.76, -2.7199999999999998, -7.55, 10.759400000000001, -2.7198, -7.5501000000000005, -0.009282
3, 10.76, -2.8, -7.55, 10.76115, -2.7999, -7.5501000000000005, -0.009287
3, 10.76, -2.88, -7.55, 10.76045, -2.88005, -7.5501000000000005, -0.009308
3, 10.76, -2.96, -7.55, 10.75985, -2.95935, -7.550050000000001, -0.009324
4, 10.68, -2.96, -7.55, 10.679800000000002, -2.9594500000000004, -7.5498, -0.009298
4, 10.6, -2.96, -7.55, 10.60035, -2.9604500000000002, -7.5498, -0.009319
4, 10.52, -2.96, -7.55, 10.519950000000001, -2.9604, -7.550200000000001, -0.009298
4, 10.44, -2.96, -7.55, 10.440050000000001, -2.95975, -7.55, -0.009324
4, 10.44, -2.88, -7.55, 10.440400000000002, -2.87955, -7.54985, -0.009324
4, 10.44, -2.8, -7.55, 10.4405, -2.80045, -7.54985, -0.009293
4, 10.44, -2.7199999999999998, -7.55, 10.4397, -2.71975, -7.549950000000001, -0.009298
4, 10.44, -2.6399999999999997, -7.55, 10.43955, -2.63915, -7.55015, -0.009272
5, 10.52, -2.6399999999999997, -7.55, 10.520700000000001, -2.64035, -7.5501000000000005, -0.009282
5, 10.6, -2.6399999999999997, -7.55, 10.6003, -2.64005, -7.549900000000001, -0.009303
5, 10.68, -2.6399999999999997, -7.55, 10.679350000000001, -2.6395500000000003, -7.5498, -0.009241
5, 10.76, -2.6399999999999997, -7.55, 10.7598, -2.6402, -7.549900000000001, -0.009214
5, 10.84, -2.6399999999999997, -7.55, 10.83935, -2.6399, -7.55, -0.009282
5, 10.84, -2.7199999999999998, -7.55, 10.8404, -2.72005, -7.55, -0.009282
5, 10.84, -2.8, -7.55, 10.84025, -2.80075, -7.55015, -0.009308
5, 10.84, -2.88, -7.55, 10.83985, -2.8794, -7.5501000000000005, -0.009298
5, 10.84, -2.96, -7.55, 10.840050000000002, -2.9603500000000005, -7.5501000000000005, -0.009324
5, 10.84, -3.04, -7.55, 10.840200000000001, -3.0409, -7.54985, -0.009293
6, 10.76, -3.04, -7.55, 10.76025, -3.0402000000000005, -7.54985, -0.009303
6, 10.68, -3.04, -7.55, 10.679950000000002, -3.0397000000000003, -7.5501000000000005, -0.009293
6, 10.6, -3.04, -7.55, 10.599950000000002, -3.04015, -7.5501000000000005, -0.009293
6, 10.52, -3.04, -7.55, 10.5196, -3.0400500000000004, -7.5501000000000005, -0.009334
6, 10.44, -3.04, -7.55, 10.440100000000001, -3.0398, -7.54985, -0.009329
6, 10.36, -3.04, -7.55, 10.35985, -3.04015, -7.54985, -0.009282
6, 10.36, -2.96, -7.55, 10.3603, -2.96, -7.5501000000000005, -0.009277
6, 10.36, -2.88, -7.55, 10.35985, -2.8804000000000003, -7.550200000000001, -0.009261
6, 10.36, -2.8, -7.55, 10.35975, -2.80045, -7.5501000000000005, -0.009334
6, 10.36, -2.7199999999999998, -7.55, 10.359900000000001, -2.7189500000000004, -7.55, -0.009324
6, 10.36, -2.6399999999999997, -7.55, 10.360400000000002, -2.63925, -7.54985, -0.009329
6, 10.36, -2.5599999999999996, -7.55, 10.359800000000002, -2.56015, -7.54985, -0.009272
7, 10.44, -2.5599999999999996, -7.55, 10.44, -2.55995, -7.5501000000000005, -0.009298
7, 10.52, -2.5599999999999996, -7.55, 10.51925, -2.55995, -7.550200000000001, -0.009319
7, 10.6, -2.5599999999999996, -7.55, 10.599900000000002, -2.5600500000000004, -7.5501000000000005, -0.009303
7, 10.68, -2.5599999999999996, -7.55, 10.679650000000002, -2.5601000000000003, -7.5498, -0.009188
7, 10.76, -2.5599999999999996, -7.55, 10.7595, -2.5600500000000004, -7.54985, -0.009235
7, 10.84, -2.5599999999999996, -7.55, 10.8391, -2.55995, -7.5501000000000005, -0.009308
7, 10.92, -2.5599999999999996, -7.55, 10.92025, -2.56, -7.550200000000001, -0.009293
7, 10.92, -2.6399999999999997, -7.55, 10.9204, -2.63925, -7.5501000000000005, -0.009287
7, 10.92, -2.7199999999999998, -7.55, 10.91965, -2.7195, -7.549950000000001, -0.009282
7, 10.92, -2.8, -7.55, 10.9196, -2.8, -7.5498, -0.009314
7, 10.92, -2.88, -7.55, 10.9207, -2.8805, -7.5498, -0.009334
7, 10.92, -2.96, -7.55, 10.9198, -2.959, -7.55, -0.009282
7, 10.92, -3.04, -7.55, 10.91975, -3.0406500000000003, -7.55, -0.009303
7, 10.92, -3.12, -7.55, 10.9205, -3.12005, -7.550200000000001, -0.009314
8, 10.84, -3.12, -7.55, 10.840950000000001, -3.1199500000000002, -7.5501000000000005, -0.009277
8, 10.76, -3.12, -7.55, 10.76075, -3.12, -7.54985, -0.009314
8, 10.68, -3.12, -7.55, 10.6807, -3.1199500000000002, -7.54985, -0.009287
8, 10.6, -3.12, -7.55, 10.60025, -3.1199500000000002, -7.549950000000001, -0.009298
8, 10.52, -3.12, -7.55, 10.52045, -3.12, -7.55015, -0.009277
8, 10.44, -3.12, -7.55, 10.440050000000001, -3.12, -7.55, -0.009329
8, 10.36, -3.12, -7.55, 10.360550000000002, -3.12005, -7.549950000000001, -0.009314
8, 10.28, -3.12, -7.55, 10.27945, -3.12005, -7.549900000000001, -0.009293
8, 10.28, -3.04, -7.55, 10.2796, -3.0392, -7.54985, -0.009272
8, 10.28, -2.96, -7.55, 10.280050000000001, -2.9596000000000005, -7.55, -0.009319
8, 10.28, -2.88, -7.55, 10.28, -2.8804000000000003, -7.55, -0.009277
8, 10.28, -2.8, -7.55, 10.2802, -2.7997, -7.55, -0.009267
8, 10.28, -2.7199999999999998, -7.55, 10.2796, -2.7199, -7.55, -0.009314
8, 10.28, -2.6399999999999997, -7.55, 10.280650000000001, -2.6393500000000003, -7.549950000000001, -0.009308
8, 10.28, -2.5599999999999996, -7.55, 10.279800000000002, -2.5600500000000004, -7.550200000000001, -0.009308
8, 10.28, -2.4799999999999995, -7.55, 10.2802, -2.4803500000000005, -7.550200000000001, -0.009324
9, 10.36, -2.4799999999999995, -7.55, 10.3594, -2.47975, -7.549950000000001, -0.009267
9, 10.44, -2.4799999999999995, -7.55, 10.43985, -2.4806000000000004, -7.54985, -0.009314
9, 10.52, -2.4799999999999995, -7.55, 10.51895, -2.47995, -7.549950000000001, -0.009272
9, 10.6, -2.4799999999999995, -7.55, 10.600100000000001, -2.48, -7.550200000000001, -0.009277
9, 10.68, -2.4799999999999995, -7.55, 10.680400000000002, -2.48, -7.55015, -0.009136
9, 10.76, -2.4799999999999995, -7.55, 10.75935, -2.4800500000000003, -7.5498, -0.009084
9, 10.84, -2.4799999999999995, -7.55, 10.840050000000002, -2.4800500000000003, -7.5498, -0.009282
9, 10.92, -2.4799999999999995, -7.55, 10.919, -2.47995, -7.550200000000001, -0.009324
9, 11.0, -2.4799999999999995, -7.55, 11.0001, -2.4799, -7.550200000000001, -0.009272
9, 11.0, -2.5599999999999996, -7.55, 11.000200000000001, -2.55965, -7.5501000000000005, -0.009267
9, 11.0, -2.6399999999999997, -7.55, 10.9998, -2.6402, -7.54985, -0.009303
9, 11.0, -2.7199999999999998, -7.55, 10.9998, -2.72, -7.5498, -0.009272
9, 11.0, -2.8, -7.55, 11.000050000000002, -2.8003500000000003, -7.549950000000001, -0.009293
9, 11.0, -2.88, -7.55, 10.999300000000002, -2.88045, -7.5501000000000005, -0.009277
9, 11.0, -2.96, -7.55, 11.000200000000001, -2.9600500000000003, -7.550200000000001, -0.009314
9, 11.0, -3.04, -7.55, 10.999450000000001, -3.041, -7.549950000000001, -0.009319
9, 11.0, -3.12, -7.55, 11.000300000000001, -3.1202, -7.5498, -0.009303
9, 11.0, -3.2, -7.55, 11.00075, -3.1996, -7.549950000000001, -0.009303
10, 10.92, -3.2, -7.55, 10.920900000000001, -3.1996, -7.550200000000001, -0.009319
10, 10.84, -3.2, -7.55, 10.840150000000001, -3.20005, -7.5501000000000005, -0.009277
10, 10.76, -3.2, -7.55, 10.76085, -3.1999500000000003, -7.55, -0.009329
10, 10.68, -3.2, -7.55, 10.679650000000002, -3.20005, -7.549950000000001, -0.009308
10, 10.6, -3.2, -7.55, 10.5997, -3.1999500000000003, -7.550200000000001, -0.009324
10, 10.52, -3.2, -7.55, 10.5197, -3.1999500000000003, -7.55015, -0.009314
10, 10.44, -3.2, -7.55, 10.439950000000001, -3.1999, -7.549900000000001, -0.009261
10, 10.36, -3.2, -7.55, 10.360100000000001, -3.1999500000000003, -7.54975, -0.009282
10, 10.28, -3.2, -7.55, 10.280650000000001, -3.2001500000000003, -7.55, -0.009282
10, 10.2, -3.2, -7.55, 10.19985, -3.2, -7.55015, -0.009272
10, 10.2, -3.12, -7.55, 10.200400000000002, -3.1202, -7.55015, -0.009334
10, 10.2, -3.04, -7.55, 10.1994, -3.0388500000000005, -7.55, -0.009314
10, 10.2, -2.96, -7.55, 10.199950000000001, -2.9600500000000003, -7.55, -0.009308
10, 10.2, -2.88, -7.55, 10.199900000000001, -2.88045, -7.549950000000001, -0.009308
10, 10.2, -2.8, -7.55, 10.199800000000002, -2.8005, -7.54985, -0.009287
10, 10.2, -2.7199999999999998, -7.55, 10.20045, -2.7201500000000003, -7.54985, -0.009303
10, 10.2, -2.6399999999999997, -7.55, 10.199950000000001, -2.639, -7.5501000000000005, -0.009308
10, 10.2, -2.5599999999999996, -7.55, 10.1994, -2.5597000000000003, -7.550200000000001, -0.009319
10, 10.2, -2.4799999999999995, -7.55, 10.200650000000001, -2.47965, -7.5501000000000005, -0.009319
10, 10.2, -2.3999999999999995, -7.55, 10.2003, -2.40025, -7.54985, -0.009308
11, 10.28, -2.3999999999999995, -7.55, 10.281, -2.39985, -7.55, -0.009261
11, 10.36, -2.3999999999999995, -7.55, 10.360400000000002, -2.4000500000000002, -7.55, -0.009282
11, 10.44, -2.3999999999999995, -7.55, 10.43895, -2.40015, -7.55, -0.009293
11, 10.52, -2.3999999999999995, -7.55, 10.519400000000001, -2.4000500000000002, -7.549950000000001, -0.009277
11, 10.6, -2.3999999999999995, -7.55, 10.60075, -2.3998000000000004, -7.550200000000001, -0.009282
11, 10.68, -2.3999999999999995, -7.55, 10.67975, -2.4, -7.5501000000000005, -0.009308
11, 10.76, -2.3999999999999995, -7.55, 10.75965, -2.40015, -7.54985, -0.009303
11, 10.84, -2.3999999999999995, -7.55, 10.8397, -2.4, -7.54985, -0.009314
11, 10.92, -2.3999999999999995, -7.55, 10.9191, -2.3999, -7.550200000000001, -0.009282
11, 11.0, -2.3999999999999995, -7.55, 10.999, -2.3999500000000005, -7.550200000000001, -0.009303
11, 11.08, -2.3999999999999995, -7.55, 11.079600000000001, -2.4000500000000002, -7.55, -0.009272
11, 11.08, -2.4799999999999995, -7.55, 11.07985, -2.47955, -7.55, -0.009287
11, 11.08, -2.5599999999999996, -7.55, 11.0805, -2.5594, -7.55, -0.009282
11, 11.08, -2.6399999999999997, -7.55, 11.079900000000002, -2.6398500000000005, -7.549900000000001, -0.009277
11, 11.08, -2.7199999999999998, -7.55, 11.0795, -2.7202, -7.54975, -0.009277
11, 11.08, -2.8, -7.55, 11.08025, -2.801, -7.54985, -0.009282
11, 11.08, -2.88, -7.55, 11.08055, -2.88045, -7.55, -0.009314
11, 11.08, -2.96, -7.55, 11.07925, -2.96025, -7.55015, -0.009282
11, 11.08, -3.04, -7.55, 11.08, -3.0404500000000003, -7.549950000000001, -0.009277
11, 11.08, -3.12, -7.55, 11.079550000000001, -3.12, -7.54985, -0.009314
11, 11.08, -3.2, -7.55, 11.07975, -3.1998, -7.550200000000001, -0.009287
11, 11.08, -3.2800000000000002, -7.55, 11.080400000000001, -3.27955, -7.550200000000001, -0.009277
12, 11.0, -3.2800000000000002, -7.55, 11.000650000000002, -3.27965, -7.5501000000000005, -0.009287
12, 10.92, -3.2800000000000002, -7.55, 10.9205, -3.2798000000000003, -7.54985, -0.009319
12, 10.84, -3.2800000000000002, -7.55, 10.83985, -3.2805, -7.5498, -0.009267
12, 10.76, -3.2800000000000002, -7.55, 10.76075, -3.27985, -7.549900000000001, -0.009303
12, 10.68, -3.2800000000000002, -7.55, 10.681, -3.27985, -7.550050000000001, -0.009319
12, 10.6, -3.2800000000000002, -7.55, 10.599950000000002, -3.27985, -7.5501000000000005, -0.009303
12, 10.52, -3.2800000000000002, -7.55, 10.5203, -3.2803500000000003, -7.5501000000000005, -0.009282
12, 10.44, -3.2800000000000002, -7.55, 10.44075, -3.2798000000000003, -7.549950000000001, -0.009324
12, 10.36, -3.2800000000000002, -7.55, 10.359950000000001, -3.28015, -7.54985, -0.009329
12, 10.28, -3.2800000000000002, -7.55, 10.280100000000001, -3.2799, -7.55, -0.009308
12, 10.2, -3.2800000000000002, -7.55, 10.2005, -3.27985, -7.55, -0.009324
12, 10.12, -3.2800000000000002, -7.55, 10.11945, -3.2803500000000003, -7.5501000000000005, -0.009282
12, 10.12, -3.2, -7.55, 10.12, -3.2004500000000005, -7.5501000000000005, -0.009303
12, 10.12, -3.12, -7.55, 10.12, -3.1202, -7.54985, -0.009319
12, 10.12, -3.04, -7.55, 10.1206, -3.03965, -7.54985, -0.009314
12, 10.12, -2.96, -7.55, 10.119900000000001, -2.95975, -7.55, -0.009329
12, 10.12, -2.88, -7.55, 10.119650000000002, -2.8801000000000005, -7.5501000000000005, -0.009277
12, 10.12, -2.8, -7.55, 10.12045, -2.8006, -7.550200000000001, -0.009319
12, 10.12, -2.7199999999999998, -7.55, 10.11985, -2.7203000000000004, -7.550200000000001, -0.009308
12, 10.12, -2.6399999999999997, -7.55, 10.12, -2.6395, -7.549950000000001, -0.009282
12, 10.12, -2.5599999999999996, -7.55, 10.119950000000001, -2.5598, -7.54985, -0.009282
12, 10.12, -2.4799999999999995, -7.55, 10.12005, -2.4799, -7.549950000000001, -0.009324
12, 10.12, -2.3999999999999995, -7.55, 10.12015, -2.4001, -7.550200000000001, -0.009277
12, 10.12, -2.3199999999999994, -7.55, 10.119650000000002, -2.3203, -7.5501000000000005, -0.009267
13, 10.2, -2.3199999999999994, -7.55, 10.199300000000001, -2.3201, -7.55, -0.009308
13, 10.28, -2.3199999999999994, -7.55, 10.280400000000002, -2.3199500000000004, -7.54985, -0.009314
13, 10.36, -2.3199999999999994, -7.55, 10.3603, -2.3198499999999997, -7.54985, -0.009251
13, 10.44, -2.3199999999999994, -7.55, 10.439900000000002, -2.3199, -7.5501000000000005, -0.009319
13, 10.52, -2.3199999999999994, -7.55, 10.519650000000002, -2.32, -7.550200000000001, -0.009272
13, 10.6, -2.3199999999999994, -7.55, 10.599650000000002, -2.3199500000000004, -7.549950000000001, -0.009308
13, 10.68, -2.3199999999999994, -7.55, 10.68055, -2.3198499999999997, -7.5498, -0.009298
13, 10.76, -2.3199999999999994, -7.55, 10.76025, -2.32, -7.5501000000000005, -0.009308
13, 10.84, -2.3199999999999994, -7.55, 10.84045, -2.32005, -7.550200000000001, -0.009272
13, 10.92, -2.3199999999999994, -7.55, 10.919150000000002, -2.3199500000000004, -7.549950000000001, -0.009267
13, 11.0, -2.3199999999999994, -7.55, 10.99925, -2.3199, -7.54985, -0.009303
13, 11.08, -2.3199999999999994, -7.55, 11.080150000000001, -2.3199, -7.5498, -0.009293
13, 11.16, -2.3199999999999994, -7.55, 11.15935, -2.32, -7.5501000000000005, -0.009272
13, 11.16, -2.3999999999999995, -7.55, 11.16045, -2.4007, -7.55015, -0.009282
13, 11.16, -2.4799999999999995, -7.55, 11.15975, -2.4803500000000005, -7.5501000000000005, -0.009308
13, 11.16, -2.5599999999999996, -7.55, 11.16, -2.55995, -7.549950000000001, -0.009308
13, 11.16, -2.6399999999999997, -7.55, 11.159550000000001, -2.64005, -7.54985, -0.009287
13, 11.16, -2.7199999999999998, -7.55, 11.16055, -2.7204, -7.55, -0.00934
13, 11.16, -2.8, -7.55, 11.15925, -2.801, -7.549950000000001, -0.009293
13, 11.16, -2.88, -7.55, 11.160400000000001, -2.8807000000000005, -7.5501000000000005, -0.009308
13, 11.16, -2.96, -7.55, 11.15985, -2.9599, -7.550200000000001, -0.009308
13, 11.16, -3.04, -7.55, 11.160400000000001, -3.0404500000000003, -7.549950000000001, -0.009272
13, 11.16, -3.12, -7.55, 11.15985, -3.12025, -7.5498, -0.009272
13, 11.16, -3.2, -7.55, 11.1597, -3.19965, -7.549950000000001, -0.009282
13, 11.16, -3.2800000000000002, -7.55, 11.160400000000001, -3.27955, -7.55015, -0.009287
13, 11.16, -3.3600000000000003, -7.55, 11.1597, -3.3598500000000002, -7.5501000000000005, -0.009277
14, 11.08, -3.3600000000000003, -7.55, 11.080950000000001, -3.3598500000000002, -7.55, -0.009277
14, 11.0, -3.3600000000000003, -7.55, 11.00025, -3.36005, -7.549950000000001, -0.009314
14, 10.92, -3.3600000000000003, -7.55, 10.9201, -3.3602000000000003, -7.54985, -0.009308
14, 10.84, -3.3600000000000003, -7.55, 10.83995, -3.36, -7.54985, -0.009282
14, 10.76, -3.3600000000000003, -7.55, 10.76, -3.3599, -7.550200000000001, -0.009277
14, 10.68, -3.3600000000000003, -7.55, 10.6805, -3.3598500000000002, -7.550200000000001, -0.009272
14, 10.6, -3.3600000000000003, -7.55, 10.6006, -3.3601000000000005, -7.54985, -0.009256
14, 10.52, -3.3600000000000003, -7.55, 10.519300000000001, -3.36005, -7.549900000000001, -0.009267
14, 10.44, -3.3600000000000003, -7.55, 10.44025, -3.3599500000000004, -7.5501000000000005, -0.009282
14, 10.36, -3.3600000000000003, -7.55, 10.360850000000001, -3.3599, -7.55015, -0.009298
14, 10.28, -3.3600000000000003, -7.55, 10.280700000000001, -3.36, -7.55, -0.009319
14, 10.2, -3.3600000000000003, -7.55, 10.2009, -3.36005, -7.549950000000001, -0.009298
14, 10.12, -3.3600000000000003, -7.55, 10.119950000000001, -3.36005, -7.54985, -0.009319
14, 10.04, -3.3600000000000003, -7.55, 10.0397, -3.36005, -7.549900000000001, -0.009282
14, 10.04, -3.2800000000000002, -7.55, 10.04045, -3.27985, -7.55, -0.009287
14, 10.04, -3.2, -7.55, 10.04015, -3.2005, -7.55, -0.009319
14, 10.04, -3.12, -7.55, 10.04035, -3.12025, -7.550050000000001, -0.00934
14, 10.04, -3.04, -7.55, 10.03975, -3.0394, -7.5501000000000005, -0.009314
14, 10.04, -2.96, -7.55, 10.04015, -2.9599, -7.5501000000000005, -0.009282
14, 10.04, -2.88, -7.55, 10.039800000000001, -2.8805500000000004, -7.549950000000001, -0.009277
14, 10.04, -2.8, -7.55, 10.04045, -2.8005, -7.54985, -0.009272
14, 10.04, -2.7199999999999998, -7.55, 10.0396, -2.7199, -7.54985, -0.009308
14, 10.04, -2.6399999999999997, -7.55, 10.0402, -2.6397000000000004, -7.550200000000001, -0.009314
14, 10.04, -2.5599999999999996, -7.55, 10.0403, -2.5598, -7.55015, -0.009308
14, 10.04, -2.4799999999999995, -7.55, 10.04005, -2.4803, -7.549950000000001, -0.009308
14, 10.04, -2.3999999999999995, -7.55, 10.039950000000001, -2.4000500000000002, -7.55, -0.009319
14, 10.04, -2.3199999999999994, -7.55, 10.0403, -2.32025, -7.54985, -0.009277
14, 10.04, -2.2399999999999993, -7.55, 10.04005, -2.24, -7.54985, -0.009282
15, 10.12, -2.2399999999999993, -7.55, 10.1193, -2.24005, -7.55, -0.009256
15, 10.2, -2.2399999999999993, -7.55, 10.2001, -2.2401, -7.55, -0.009277
15, 10.28, -2.2399999999999993, -7.55, 10.27935, -2.2402, -7.5501000000000005, -0.009282
15, 10.36, -2.2399999999999993, -7.55, 10.359800000000002, -2.2402, -7.550200000000001, -0.009287
15, 10.44, -2.2399999999999993, -7.55, 10.43895, -2.2392000000000003, -7.55, -0.009329
15, 10.52, -2.2399999999999993, -7.55, 10.519150000000002, -2.2403000000000004, -7.55, -0.009303
15, 10.6, -2.2399999999999993, -7.55, 10.600950000000001, -2.2403000000000004, -7.54985, -0.009303
15, 10.68, -2.2399999999999993, -7.55, 10.6801, -2.2397000000000005, -7.54975, -0.009272
15, 10.76, -2.2399999999999993, -7.55, 10.760800000000001, -2.23965, -7.55015, -0.009267
15, 10.84, -2.2399999999999993, -7.55, 10.840050000000002, -2.2405, -7.5501000000000005, -0.009267
15, 10.92, -2.2399999999999993, -7.55, 10.92075, -2.2395, -7.55, -0.009319
15, 11.0, -2.2399999999999993, -7.55, 11.000650000000002, -2.2395, -7.54985, -0.009324
15, 11.08, -2.2399999999999993, -7.55, 11.080650000000002, -2.2395, -7.54985, -0.009303
15, 11.16, -2.2399999999999993, -7.55, 11.159650000000001, -2.2405500000000003, -7.550050000000001, -0.009314
15, 11.24, -2.2399999999999993, -7.55, 11.2401, -2.2401500000000003, -7.550200000000001, -0.009287
15, 11.24, -2.3199999999999994, -7.55, 11.240400000000001, -2.319, -7.549900000000001, -0.009319
15, 11.24, -2.3999999999999995, -7.55, 11.239400000000002, -2.4005, -7.54975, -0.009287
15, 11.24, -2.4799999999999995, -7.55, 11.2405, -2.4799, -7.54985, -0.009272
15, 11.24, -2.5599999999999996, -7.55, 11.23975, -2.5599000000000003, -7.550200000000001, -0.009282
15, 11.24, -2.6399999999999997, -7.55, 11.24055, -2.6398, -7.550200000000001, -0.009267
15, 11.24, -2.7199999999999998, -7.55, 11.240450000000001, -2.72025, -7.549900000000001, -0.009303
15, 11.24, -2.8, -7.55, 11.239450000000001, -2.8009, -7.5497000000000005, -0.009298
15, 11.24, -2.88, -7.55, 11.2401, -2.88075, -7.54985, -0.009261
15, 11.24, -2.96, -7.55, 11.23985, -2.9599, -7.550200000000001, -0.009329
15, 11.24, -3.04, -7.55, 11.240350000000001, -3.04055, -7.5501000000000005, -0.009319
15, 11.24, -3.12, -7.55, 11.24, -3.12025, -7.54985, -0.009267
15, 11.24, -3.2, -7.55, 11.2392, -3.1998, -7.54985, -0.009329
15, 11.24, -3.2800000000000002, -7.55, 11.24025, -3.2797, -7.5501000000000005, -0.009314
15, 11.24, -3.3600000000000003, -7.55, 11.2398, -3.36, -7.55015, -0.009314
15, 11.24, -3.4400000000000004, -7.55, 11.23905, -3.4405, -7.549950000000001, -0.009303
16, 11.16, -3.4400000000000004, -7.55, 11.16045, -3.4398500000000003, -7.54985, -0.009282
16, 11.08, -3.4400000000000004, -7.55, 11.0801, -3.44015, -7.5501000000000005, -0.009293
16, 11.0, -3.4400000000000004, -7.55, 11.000350000000001, -3.44025, -7.550200000000001, -0.009277
16, 10.92, -3.4400000000000004, -7.55, 10.92025, -3.4401, -7.55015, -0.009319
16, 10.84, -3.4400000000000004, -7.55, 10.83975, -3.4397, -7.549900000000001, -0.009319
16, 10.76, -3.4400000000000004, -7.55, 10.760950000000001, -3.4401, -7.54985, -0.009314
16, 10.68, -3.4400000000000004, -7.55, 10.68025, -3.4402000000000004, -7.549950000000001, -0.009303
16, 10.6, -3.4400000000000004, -7.55, 10.599350000000001, -3.4398, -7.55015, -0.009308
16, 10.52, -3.4400000000000004, -7.55, 10.51985, -3.43995, -7.55015, -0.009314
16, 10.44, -3.4400000000000004, -7.55, 10.440150000000001, -3.4402000000000004, -7.5498, -0.009282
16, 10.36, -3.4400000000000004, -7.55, 10.360800000000001, -3.43995, -7.5498, -0.009324
16, 10.28, -3.4400000000000004, -7.55, 10.27955, -3.43975, -7.5501000000000005, -0.009319
16, 10.2, -3.4400000000000004, -7.55, 10.199650000000002, -3.44025, -7.55015, -0.009272
16, 10.12, -3.4400000000000004, -7.55, 10.12035, -3.4398500000000003, -7.550050000000001, -0.009267
16, 10.04, -3.4400000000000004, -7.55, 10.039650000000002, -3.4397, -7.549950000000001, -0.009324
16, 9.959999999999999, -3.4400000000000004, -7.55, 9.959400000000002, -3.4401, -7.54985, -0.009298
16, 9.959999999999999, -3.3600000000000003, -7.55, 9.96, -3.3594, -7.5498, -0.009319
16, 9.959999999999999, -3.2800000000000002, -7.55, 9.959850000000001, -3.2795, -7.55015, -0.009287
16, 9.959999999999999, -3.2, -7.55, 9.9595, -3.2005500000000002, -7.55015, -0.009308
16, 9.959999999999999, -3.12, -7.55, 9.959900000000001, -3.1205, -7.550050000000001, -0.009314
16, 9.959999999999999, -3.04, -7.55, 9.959900000000001, -3.03965, -7.549950000000001, -0.009282
16, 9.959999999999999, -2.96, -7.55, 9.959950000000001, -2.9604500000000002, -7.5498, -0.009272
16, 9.959999999999999, -2.88, -7.55, 9.96025, -2.88045, -7.550050000000001, -0.009329
16, 9.959999999999999, -2.8, -7.55, 9.96005, -2.80045, -7.55015, -0.009293
16, 9.959999999999999, -2.7199999999999998, -7.55, 9.959900000000001, -2.72005, -7.550200000000001, -0.009261
16, 9.959999999999999, -2.6399999999999997, -7.55, 9.96, -2.6399, -7.5498, -0.009282
16, 9.959999999999999, -2.5599999999999996, -7.55, 9.959900000000001, -2.5598, -7.54985, -0.009314
16, 9.959999999999999, -2.4799999999999995, -7.55, 9.95945, -2.4808000000000003, -7.549950000000001, -0.009277
16, 9.959999999999999, -2.3999999999999995, -7.55, 9.960550000000001, -2.40035, -7.55015, -0.009287
16, 9.959999999999999, -2.3199999999999994, -7.55, 9.959850000000001, -2.3202000000000003, -7.5501000000000005, -0.009319
16, 9.959999999999999, -2.2399999999999993, -7.55, 9.959900000000001, -2.2404, -7.54985, -0.009334
16, 9.959999999999999, -2.1599999999999993, -7.55, 9.959850000000001, -2.1604500000000004, -7.5498, -0.009308
17, 10.04, -2.1599999999999993, -7.55, 10.040400000000002, -2.1595, -7.5501000000000005, -0.009293
17, 10.12, -2.1599999999999993, -7.55, 10.1203, -2.1603499999999998, -7.550200000000001, -0.009277
17, 10.2, -2.1599999999999993, -7.55, 10.1988, -2.1598, -7.549950000000001, -0.009293
17, 10.28, -2.1599999999999993, -7.55, 10.28025, -2.1601, -7.54985, -0.009303
17, 10.36, -2.1599999999999993, -7.55, 10.3595, -2.16025, -7.549950000000001, -0.009277
17, 10.44, -2.1599999999999993, -7.55, 10.4402, -2.15985, -7.550200000000001, -0.009293
17, 10.52, -2.1599999999999993, -7.55, 10.51925, -2.1599, -7.5501000000000005, -0.009287
17, 10.6, -2.1599999999999993, -7.55, 10.6012, -2.16005, -7.54985, -0.009324
17, 10.68, -2.1599999999999993, -7.55, 10.68045, -2.16005, -7.55, -0.009324
17, 10.76, -2.1599999999999993, -7.55, 10.76075, -2.1599, -7.5501000000000005, -0.009314
17, 10.84, -2.1599999999999993, -7.55, 10.840050000000002, -2.1599, -7.55015, -0.009287
17, 10.92, -2.1599999999999993, -7.55, 10.91925, -2.16, -7.549950000000001, -0.009308
17, 11.0, -2.1599999999999993, -7.55, 10.999150000000002, -2.1601, -7.5498, -0.009287
17, 11.08, -2.1599999999999993, -7.55, 11.080150000000001, -2.16005, -7.5498, -0.009282
17, 11.16, -2.1599999999999993, -7.55, 11.1591, -2.16, -7.5501000000000005, -0.009308
17, 11.24, -2.1599999999999993, -7.55, 11.2401, -2.1599, -7.550200000000001, -0.009282
17, 11.32, -2.1599999999999993, -7.55, 11.319600000000001, -2.1599, -7.549950000000001, -0.009272
17, 11.32, -2.2399999999999993, -7.55, 11.32055, -2.2398000000000002, -7.54985, -0.009334
17, 11.32, -2.3199999999999994, -7.55, 11.319550000000001, -2.3195, -7.549950000000001, -0.009324
17, 11.32, -2.3999999999999995, -7.55, 11.31985, -2.40065, -7.55015, -0.009272
17, 11.32, -2.4799999999999995, -7.55, 11.320050000000002, -2.4792, -7.550200000000001, -0.009277
17, 11.32, -2.5599999999999996, -7.55, 11.3201, -2.55965, -7.550200000000001, -0.009324
17, 11.32, -2.6399999999999997, -7.55, 11.319900000000002, -2.64, -7.549950000000001, -0.009277
17, 11.32, -2.7199999999999998, -7.55, 11.3206, -2.7206000000000006, -7.54985, -0.009272
17, 11.32, -2.8, -7.55, 11.320050000000002, -2.80105, -7.5498, -0.009324
17, 11.32, -2.88, -7.55, 11.318900000000001, -2.8805, -7.549950000000001, -0.009282
17, 11.32, -2.96, -7.55, 11.32085, -2.96025, -7.55015, -0.009272
17, 11.32, -3.04, -7.55, 11.31985, -3.0404, -7.5501000000000005, -0.009319
17, 11.32, -3.12, -7.55, 11.319900000000002, -3.12025, -7.54985, -0.009277
17, 11.32, -3.2, -7.55, 11.319900000000002, -3.19975, -7.5498, -0.009319
17, 11.32, -3.2800000000000002, -7.55, 11.31985, -3.2798000000000003, -7.5501000000000005, -0.009319
17, 11.32, -3.3600000000000003, -7.55, 11.320200000000002, -3.36005, -7.55015, -0.009293
17, 11.32, -3.4400000000000004, -7.55, 11.320050000000002, -3.4403, -7.550050000000001, -0.009303
17, 11.32, -3.5200000000000005, -7.55, 11.320150000000002, -3.5194500000000004, -7.54985, -0.009314
18, 11.24, -3.5200000000000005, -7.55, 11.240200000000002, -3.5196000000000005, -7.5498, -0.009293
18, 11.16, -3.5200000000000005, -7.55, 11.1595, -3.5203, -7.55015, -0.009256
18, 11.08, -3.5200000000000005, -7.55, 11.07985, -3.5195, -7.55015, -0.009298
18, 11.0, -3.5200000000000005, -7.55, 11.000350000000001, -3.52, -7.550050000000001, -0.009267
18, 10.92, -3.5200000000000005, -7.55, 10.921, -3.5200500000000003, -7.549900000000001, -0.009314
18, 10.84, -3.5200000000000005, -7.55, 10.8401, -3.52, -7.5498, -0.009308
18, 10.76, -3.5200000000000005, -7.55, 10.76055, -3.5198500000000004, -7.5498, -0.009256
18, 10.68, -3.5200000000000005, -7.55, 10.6795, -3.5200500000000003, -7.550200000000001, -0.009277
18, 10.6, -3.5200000000000005, -7.55, 10.600050000000001, -3.5201000000000002, -7.55015, -0.009308
18, 10.52, -3.5200000000000005, -7.55, 10.52, -3.52, -7.54985, -0.009272
18, 10.44, -3.5200000000000005, -7.55, 10.43985, -3.5199000000000003, -7.549900000000001, -0.009282
18, 10.36, -3.5200000000000005, -7.55, 10.36105, -3.51995, -7.55, -0.009287
18, 10.28, -3.5200000000000005, -7.55, 10.28045, -3.5200500000000003, -7.55, -0.009282
18, 10.2, -3.5200000000000005, -7.55, 10.2005, -3.5201000000000002, -7.55, -0.009314
18, 10.12, -3.5200000000000005, -7.55, 10.1201, -3.5200500000000003, -7.5501000000000005, -0.009314
18, 10.04, -3.5200000000000005, -7.55, 10.04025, -3.52, -7.5501000000000005, -0.009282
18, 9.959999999999999, -3.5200000000000005, -7.55, 9.96005, -3.5199000000000003, -7.550050000000001, -0.009277
18, 9.879999999999999, -3.5200000000000005, -7.55, 9.8805, -3.5199000000000003, -7.549950000000001, -0.009308
18, 9.879999999999999, -3.4400000000000004, -7.55, 9.879900000000001, -3.44, -7.54985, -0.009277
18, 9.879999999999999, -3.3600000000000003, -7.55, 9.8796, -3.3609500000000003, -7.54985, -0.009277
18, 9.879999999999999, -3.2800000000000002, -7.55, 9.880650000000001, -3.279, -7.55015, -0.009277
18, 9.879999999999999, -3.2, -7.55, 9.879950000000001, -3.20065, -7.5501000000000005, -0.009272
18, 9.879999999999999, -3.12, -7.55, 9.879850000000001, -3.12025, -7.55, -0.009282
18, 9.879999999999999, -3.04, -7.55, 9.879700000000001, -3.03965, -7.549950000000001, -0.009314
18, 9.879999999999999, -2.96, -7.55, 9.88, -2.9593000000000003, -7.54985, -0.009277
18, 9.879999999999999, -2.88, -7.55, 9.880150000000002, -2.8804000000000003, -7.5501000000000005, -0.009282
18, 9.879999999999999, -2.8, -7.55, 9.879650000000002, -2.8009500000000003, -7.550200000000001, -0.009303
18, 9.879999999999999, -2.7199999999999998, -7.55, 9.879850000000001, -2.7203000000000004, -7.550200000000001, -0.009277
18, 9.879999999999999, -2.6399999999999997, -7.55, 9.880300000000002, -2.6393500000000003, -7.55, -0.009272
18, 9.879999999999999, -2.5599999999999996, -7.55, 9.88, -2.5598500000000004, -7.549900000000001, -0.009272
18, 9.879999999999999, -2.4799999999999995, -7.55, 9.879950000000001, -2.47975, -7.54985, -0.009272
18, 9.879999999999999, -2.3999999999999995, -7.55, 9.88, -2.4002000000000003, -7.55, -0.009282
18, 9.879999999999999, -2.3199999999999994, -7.55, 9.880700000000001, -2.3203, -7.55, -0.009324
18, 9.879999999999999, -2.2399999999999993, -7.55, 9.879700000000001, -2.24085, -7.55, -0.009277
18, 9.879999999999999, -2.1599999999999993, -7.55, 9.879900000000001, -2.1599, -7.55, -0.009282
18, 9.879999999999999, -2.079999999999999, -7.55, 9.87975, -2.07975, -7.55, -0.009293
19, 9.959999999999999, -2.079999999999999, -7.55, 9.95935, -2.0797000000000003, -7.5501000000000005, -0.009287
19, 10.04, -2.079999999999999, -7.55, 10.0403, -2.0795, -7.5501000000000005, -0.009293
19, 10.12, -2.079999999999999, -7.55, 10.1195, -2.08025, -7.550050000000001, -0.009319
19, 10.2, -2.079999999999999, -7.55, 10.1996, -2.07925, -7.54985, -0.009303
19, 10.28, -2.079999999999999, -7.55, 10.280400000000002, -2.0803499999999997, -7.549900000000001, -0.009277
19, 10.36, -2.079999999999999, -7.55, 10.3603, -2.07975, -7.55, -0.009277
19, 10.44, -2.079999999999999, -7.55, 10.439350000000001, -2.08, -7.55, -0.009314
19, 10.52, -2.079999999999999, -7.55, 10.519900000000002, -2.0801, -7.5501000000000005, -0.009303
19, 10.6, -2.079999999999999, -7.55, 10.5997, -2.07975, -7.5501000000000005, -0.009308
19, 10.68, -2.079999999999999, -7.55, 10.679400000000001, -2.0800500000000004, -7.549950000000001, -0.009272
19, 10.76, -2.079999999999999, -7.55, 10.75975, -2.0800500000000004, -7.549900000000001, -0.009314
19, 10.84, -2.079999999999999, -7.55, 10.839400000000001, -2.0800500000000004, -7.54985, -0.009303
19, 10.92, -2.079999999999999, -7.55, 10.92025, -2.07985, -7.550200000000001, -0.009329
19, 11.0, -2.079999999999999, -7.55, 10.9998, -2.07995, -7.5501000000000005, -0.009277
19, 11.08, -2.079999999999999, -7.55, 11.08075, -2.07995, -7.549950000000001, -0.009282
19, 11.16, -2.079999999999999, -7.55, 11.160150000000002, -2.08, -7.549900000000001, -0.009314
19, 11.24, -2.079999999999999, -7.55, 11.24075, -2.07995, -7.549900000000001, -0.009308
19, 11.32, -2.079999999999999, -7.55, 11.318950000000001, -2.0799000000000003, -7.550050000000001, -0.009314
19, 11.4, -2.079999999999999, -7.55, 11.4, -2.07995, -7.55015, -0.009314
19, 11.4, -2.1599999999999993, -7.55, 11.3996, -2.1602, -7.550050000000001, -0.009287
19, 11.4, -2.2399999999999993, -7.55, 11.39975, -2.24025, -7.54985, -0.009293
19, 11.4, -2.3199999999999994, -7.55, 11.4002, -2.31925, -7.54985, -0.009287
19, 11.4, -2.3999999999999995, -7.55, 11.399700000000001, -2.4004000000000003, -7.550200000000001, -0.009303
19, 11.4, -2.4799999999999995, -7.55, 11.399700000000001, -2.4792, -7.550200000000001, -0.009319
19, 11.4, -2.5599999999999996, -7.55, 11.4002, -2.5602000000000005, -7.55015, -0.009308
19, 11.4, -2.6399999999999997, -7.55, 11.400300000000001, -2.63925, -7.55, -0.009293
19, 11.4, -2.7199999999999998, -7.55, 11.4006, -2.7206000000000006, -7.55, -0.009303
19, 11.4, -2.8, -7.55, 11.400300000000001, -2.8009, -7.55, -0.009293
19, 11.4, -2.88, -7.55, 11.39975, -2.88065, -7.55, -0.009277
19, 11.4, -2.96, -7.55, 11.40035, -2.9602000000000004, -7.55, -0.009282
19, 11.4, -3.04, -7.55, 11.4005, -3.0405, -7.55, -0.009303
19, 11.4, -3.12, -7.55, 11.39945, -3.12, -7.55, -0.009287
19, 11.4, -3.2, -7.55, 11.400300000000001, -3.1998500000000005, -7.55, -0.009282
19, 11.4, -3.2800000000000002, -7.55, 11.39995, -3.2795, -7.55, -0.009298
19, 11.4, -3.3600000000000003, -7.55, 11.400150000000002, -3.3605, -7.54985, -0.009287
19, 11.4, -3.4400000000000004, -7.55, 11.40055, -3.44055, -7.54985, -0.009287
19, 11.4, -3.5200000000000005, -7.55, 11.3998, -3.5195, -7.55, -0.009308
19, 11.4, -3.6000000000000005, -7.55, 11.3993, -3.6003000000000003, -7.5501000000000005, -0.009293
20, 11.32, -3.6000000000000005, -7.55, 11.32125, -3.59975, -7.550200000000001, -0.009308
20, 11.24, -3.6000000000000005, -7.55, 11.23905, -3.59995, -7.55015, -0.009277
20, 11.16, -3.6000000000000005, -7.55, 11.159450000000001, -3.60015, -7.54975, -0.009329
20, 11.08, -3.6000000000000005, -7.55, 11.080150000000001, -3.5999, -7.54985, -0.009314
20, 11.0, -3.6000000000000005, -7.55, 10.99985, -3.5997000000000003, -7.550050000000001, -0.009324
20, 10.92, -3.6000000000000005, -7.55, 10.921050000000001, -3.6, -7.550200000000001, -0.009314
20, 10.84, -3.6000000000000005, -7.55, 10.84085, -3.60005, -7.549900000000001, -0.009324
20, 10.76, -3.6000000000000005, -7.55, 10.7612, -3.59995, -7.54985, -0.009324
20, 10.68, -3.6000000000000005, -7.55, 10.680400000000002, -3.5998500000000004, -7.550050000000001, -0.009308
20, 10.6, -3.6000000000000005, -7.55, 10.599900000000002, -3.6, -7.5501000000000005, -0.009282
20, 10.52, -3.6000000000000005, -7.55, 10.519200000000001, -3.60005, -7.5501000000000005, -0.009277
20, 10.44, -3.6000000000000005, -7.55, 10.440700000000001, -3.60005, -7.55, -0.009319
20, 10.36, -3.6000000000000005, -7.55, 10.3597, -3.60005, -7.549950000000001, -0.009303
20, 10.28, -3.6000000000000005, -7.55, 10.280800000000001, -3.5998, -7.54985, -0.009298
20, 10.2, -3.6000000000000005, -7.55, 10.199800000000002, -3.59995, -7.54985, -0.009308
20, 10.12, -3.6000000000000005, -7.55, 10.121, -3.6, -7.55, -0.009303
20, 10.04, -3.6000000000000005, -7.55, 10.04025, -3.60005, -7.5501000000000005, -0.009319
20, 9.959999999999999, -3.6000000000000005, -7.55, 9.960300000000002, -3.6, -7.550200000000001, -0.009314
20, 9.879999999999999, -3.6000000000000005, -7.55, 9.880700000000001, -3.60005, -7.5501000000000005, -0.009287
20, 9.799999999999999, -3.6000000000000005, -7.55, 9.8, -3.6, -7.54985, -0.009272
20, 9.799999999999999, -3.5200000000000005, -7.55, 9.8001, -3.51925, -7.54985, -0.009314
20, 9.799999999999999, -3.4400000000000004, -7.55, 9.79995, -3.43975, -7.5501000000000005, -0.009282
20, 9.799999999999999, -3.3600000000000003, -7.55, 9.80025, -3.35975, -7.550200000000001, -0.009282
20, 9.799999999999999, -3.2800000000000002, -7.55, 9.79975, -3.27985, -7.55, -0.009308
20, 9.799999999999999, -3.2, -7.55, 9.7994, -3.2003000000000004, -7.549950000000001, -0.009277
20, 9.799999999999999, -3.12, -7.55, 9.80035, -3.1204500000000004, -7.54985, -0.009261
20, 9.799999999999999, -3.04, -7.55, 9.8005, -3.0394, -7.54985, -0.009329
20, 9.799999999999999, -2.96, -7.55, 9.79975, -2.95975, -7.55, -0.009319
20, 9.799999999999999, -2.88, -7.55, 9.7996, -2.8803500000000004, -7.55, -0.009314
20, 9.799999999999999, -2.8, -7.55, 9.80025, -2.8005, -7.55, -0.009282
20, 9.799999999999999, -2.7199999999999998, -7.55, 9.80015, -2.7202, -7.55, -0.009308
20, 9.799999999999999, -2.6399999999999997, -7.55, 9.799850000000001, -2.6392, -7.5501000000000005, -0.009298
20, 9.799999999999999, -2.5599999999999996, -7.55, 9.8002, -2.56065, -7.5501000000000005, -0.009287
20, 9.799999999999999, -2.4799999999999995, -7.55, 9.79995, -2.4798500000000003, -7.550050000000001, -0.009314
20, 9.799999999999999, -2.3999999999999995, -7.55, 9.79965, -2.4, -7.54985, -0.009277
20, 9.799999999999999, -2.3199999999999994, -7.55, 9.800300000000002, -2.3202000000000003, -7.549950000000001, -0.009324
20, 9.799999999999999, -2.2399999999999993, -7.55, 9.7999, -2.2402, -7.550200000000001, -0.009319
20, 9.799999999999999, -2.1599999999999993, -7.55, 9.8, -2.1606, -7.5501000000000005, -0.009282
20, 9.799999999999999, -2.079999999999999, -7.55, 9.80005, -2.0794500000000005, -7.549950000000001, -0.009267
20, 9.799999999999999, -1.9999999999999991, -7.55, 9.80035, -1.9997, -7.54985, -0.009308
0, 10.6, -2.8, -7.45, 9.8004, -1.99975, -7.5498, -0.009319
