Voltage = 3.8, Current = 20.3, Pinhole = 10um, Objective = 20x, NA = 0.42 
0, 10.6, -3.6, -7.55, 10.600200000000001, -3.6, -7.5498, -0.009402
1, 10.799999999999999, -3.6, -7.55, 10.80025, -3.59995, -7.550200000000001, -0.00936
1, 10.799999999999999, -3.8000000000000003, -7.55, 10.799850000000001, -3.7994, -7.550200000000001, -0.00935
2, 10.6, -3.8000000000000003, -7.55, 10.59955, -3.79955, -7.549900000000001, -0.009329
2, 10.4, -3.8000000000000003, -7.55, 10.40095, -3.80025, -7.5498, -0.009376
2, 10.4, -3.6, -7.55, 10.4, -3.599, -7.550050000000001, -0.009345
2, 10.4, -3.4, -7.55, 10.400450000000001, -3.4005, -7.550200000000001, -0.009381
3, 10.6, -3.4, -7.55, 10.60075, -3.4, -7.550050000000001, -0.00935
3, 10.799999999999999, -3.4, -7.55, 10.79875, -3.4, -7.549900000000001, -0.009376
3, 10.999999999999998, -3.4, -7.55, 11.000350000000001, -3.4, -7.54975, -0.009334
3, 10.999999999999998, -3.6, -7.55, 11.0004, -3.5995, -7.549900000000001, -0.009381
3, 10.999999999999998, -3.8000000000000003, -7.55, 11.000200000000001, -3.7998000000000003, -7.55015, -0.00934
3, 10.999999999999998, -4.0, -7.55, 11.00045, -3.99955, -7.550200000000001, -0.00935
4, 10.799999999999999, -4.0, -7.55, 10.80035, -4.00045, -7.550050000000001, -0.00934
4, 10.6, -4.0, -7.55, 10.600150000000001, -3.9998500000000003, -7.5498, -0.009381
4, 10.4, -4.0, -7.55, 10.400900000000002, -3.9998500000000003, -7.5498, -0.009345
4, 10.200000000000001, -4.0, -7.55, 10.2002, -3.99995, -7.55, -0.00934
4, 10.200000000000001, -3.8, -7.55, 10.1996, -3.8005500000000003, -7.5501000000000005, -0.009381
4, 10.200000000000001, -3.5999999999999996, -7.55, 10.2001, -3.5996000000000006, -7.549900000000001, -0.009314
4, 10.200000000000001, -3.3999999999999995, -7.55, 10.199800000000002, -3.3999500000000005, -7.5498, -0.00935
4, 10.200000000000001, -3.1999999999999993, -7.55, 10.20035, -3.19905, -7.549900000000001, -0.009381
5, 10.4, -3.1999999999999993, -7.55, 10.39985, -3.2003000000000004, -7.55015, -0.00935
5, 10.6, -3.1999999999999993, -7.55, 10.599900000000002, -3.2, -7.55015, -0.009392
5, 10.799999999999999, -3.1999999999999993, -7.55, 10.799900000000001, -3.2, -7.550050000000001, -0.00935
5, 10.999999999999998, -3.1999999999999993, -7.55, 11.000050000000002, -3.2, -7.55, -0.009381
5, 11.199999999999998, -3.1999999999999993, -7.55, 11.199800000000002, -3.1999500000000003, -7.5498, -0.009334
5, 11.199999999999998, -3.3999999999999995, -7.55, 11.2001, -3.4000500000000002, -7.5498, -0.009381
5, 11.199999999999998, -3.5999999999999996, -7.55, 11.19955, -3.5993500000000003, -7.55015, -0.009334
5, 11.199999999999998, -3.8, -7.55, 11.200650000000001, -3.7990500000000003, -7.55025, -0.009397
5, 11.199999999999998, -4.0, -7.55, 11.1995, -4.0004, -7.550050000000001, -0.009345
5, 11.199999999999998, -4.2, -7.55, 11.199200000000001, -4.2006000000000006, -7.54975, -0.009381
6, 10.999999999999998, -4.2, -7.55, 10.99985, -4.2003, -7.550050000000001, -0.009355
6, 10.799999999999999, -4.2, -7.55, 10.79995, -4.2, -7.55025, -0.00934
6, 10.6, -4.2, -7.55, 10.600150000000001, -4.1998500000000005, -7.55, -0.009371
6, 10.4, -4.2, -7.55, 10.401050000000001, -4.1997, -7.55, -0.00935
6, 10.200000000000001, -4.2, -7.55, 10.2001, -4.1999, -7.549900000000001, -0.009366
6, 10.000000000000002, -4.2, -7.55, 10.00075, -4.2, -7.549900000000001, -0.009371
6, 10.000000000000002, -4.0, -7.55, 10.0, -4.00015, -7.549950000000001, -0.009345
6, 10.000000000000002, -3.8, -7.55, 10.000300000000001, -3.8, -7.55015, -0.009387
6, 10.000000000000002, -3.5999999999999996, -7.55, 9.9997, -3.5997000000000003, -7.550050000000001, -0.009392
6, 10.000000000000002, -3.3999999999999995, -7.55, 10.000650000000002, -3.4002000000000003, -7.5498, -0.00934
6, 10.000000000000002, -3.1999999999999993, -7.55, 10.000150000000001, -3.2001000000000004, -7.54985, -0.009345
6, 10.000000000000002, -2.999999999999999, -7.55, 10.000350000000001, -2.9994, -7.55025, -0.009402
7, 10.200000000000001, -2.999999999999999, -7.55, 10.199800000000002, -2.9999000000000002, -7.55015, -0.009366
7, 10.4, -2.999999999999999, -7.55, 10.40055, -3.0, -7.5498, -0.009381
7, 10.6, -2.999999999999999, -7.55, 10.599900000000002, -2.9998500000000003, -7.55, -0.009387
7, 10.799999999999999, -2.999999999999999, -7.55, 10.79925, -3.0002000000000004, -7.55015, -0.00934
7, 10.999999999999998, -2.999999999999999, -7.55, 11.0001, -2.9998500000000003, -7.55015, -0.009387
7, 11.199999999999998, -2.999999999999999, -7.55, 11.199050000000002, -2.99995, -7.549900000000001, -0.00934
7, 11.399999999999997, -2.999999999999999, -7.55, 11.39945, -3.00015, -7.5498, -0.009345
7, 11.399999999999997, -3.1999999999999993, -7.55, 11.400150000000002, -3.19965, -7.55015, -0.009381
7, 11.399999999999997, -3.3999999999999995, -7.55, 11.3993, -3.40055, -7.55025, -0.009345
7, 11.399999999999997, -3.5999999999999996, -7.55, 11.3998, -3.5991000000000004, -7.55, -0.009366
7, 11.399999999999997, -3.8, -7.55, 11.4005, -3.8, -7.550050000000001, -0.009324
7, 11.399999999999997, -4.0, -7.55, 11.4, -4.0008, -7.549900000000001, -0.009397
7, 11.399999999999997, -4.2, -7.55, 11.3999, -4.20055, -7.55, -0.00935
7, 11.399999999999997, -4.4, -7.55, 11.39975, -4.39895, -7.55, -0.009355
8, 11.199999999999998, -4.4, -7.55, 11.1996, -4.39935, -7.55, -0.009345
8, 10.999999999999998, -4.4, -7.55, 11.00045, -4.3995500000000005, -7.5501000000000005, -0.009345
8, 10.799999999999999, -4.4, -7.55, 10.8007, -4.4001, -7.5503, -0.009345
8, 10.6, -4.4, -7.55, 10.599350000000001, -4.39965, -7.549950000000001, -0.009334
8, 10.4, -4.4, -7.55, 10.4, -4.39965, -7.5498, -0.009376
8, 10.200000000000001, -4.4, -7.55, 10.200550000000002, -4.4003000000000005, -7.54975, -0.009355
8, 10.000000000000002, -4.4, -7.55, 10.0004, -4.4, -7.55015, -0.009381
8, 9.800000000000002, -4.4, -7.55, 9.80025, -4.4, -7.55025, -0.009376
8, 9.800000000000002, -4.2, -7.55, 9.8005, -4.2001, -7.55, -0.00934
8, 9.800000000000002, -4.0, -7.55, 9.799550000000002, -4.0004, -7.55, -0.009334
8, 9.800000000000002, -3.8, -7.55, 9.80065, -3.8002000000000002, -7.55, -0.009345
8, 9.800000000000002, -3.5999999999999996, -7.55, 9.79995, -3.59975, -7.550050000000001, -0.009366
8, 9.800000000000002, -3.3999999999999995, -7.55, 9.8002, -3.4002000000000003, -7.5498, -0.00936
8, 9.800000000000002, -3.1999999999999993, -7.55, 9.80015, -3.1999, -7.5498, -0.00935
8, 9.800000000000002, -2.999999999999999, -7.55, 9.8002, -2.99905, -7.549950000000001, -0.00936
8, 9.800000000000002, -2.799999999999999, -7.55, 9.8, -2.8007000000000004, -7.55015, -0.009376
9, 10.000000000000002, -2.799999999999999, -7.55, 10.000300000000001, -2.7999, -7.55025, -0.00936
9, 10.200000000000001, -2.799999999999999, -7.55, 10.1995, -2.7999500000000004, -7.550050000000001, -0.009392
9, 10.4, -2.799999999999999, -7.55, 10.39935, -2.7999500000000004, -7.54975, -0.009381
9, 10.6, -2.799999999999999, -7.55, 10.601, -2.80015, -7.549900000000001, -0.009381
9, 10.799999999999999, -2.799999999999999, -7.55, 10.79975, -2.80025, -7.550050000000001, -0.009329
9, 10.999999999999998, -2.799999999999999, -7.55, 11.000200000000001, -2.80005, -7.55015, -0.009376
9, 11.199999999999998, -2.799999999999999, -7.55, 11.199050000000002, -2.8, -7.55, -0.009381
9, 11.399999999999997, -2.799999999999999, -7.55, 11.3995, -2.79985, -7.54975, -0.009366
9, 11.599999999999996, -2.799999999999999, -7.55, 11.600050000000001, -2.80005, -7.5501000000000005, -0.00935
9, 11.599999999999996, -2.999999999999999, -7.55, 11.59925, -3.0008000000000004, -7.55025, -0.009376
9, 11.599999999999996, -3.1999999999999993, -7.55, 11.6, -3.1999500000000003, -7.549900000000001, -0.009392
9, 11.599999999999996, -3.3999999999999995, -7.55, 11.6003, -3.4005, -7.54975, -0.009392
9, 11.599999999999996, -3.5999999999999996, -7.55, 11.59975, -3.59925, -7.550050000000001, -0.009387
9, 11.599999999999996, -3.8, -7.55, 11.599150000000002, -3.7999500000000004, -7.55025, -0.00935
9, 11.599999999999996, -4.0, -7.55, 11.6003, -4.00015, -7.549900000000001, -0.009381
9, 11.599999999999996, -4.2, -7.55, 11.60025, -4.20025, -7.54985, -0.009345
9, 11.599999999999996, -4.4, -7.55, 11.601150000000002, -4.39925, -7.550200000000001, -0.009371
9, 11.599999999999996, -4.6000000000000005, -7.55, 11.599900000000002, -4.6006, -7.549900000000001, -0.009381
10, 11.399999999999997, -4.6000000000000005, -7.55, 11.4005, -4.59995, -7.54975, -0.009371
10, 11.199999999999998, -4.6000000000000005, -7.55, 11.201400000000001, -4.5998, -7.54985, -0.00935
10, 10.999999999999998, -4.6000000000000005, -7.55, 11.00075, -4.59985, -7.5501000000000005, -0.00935
10, 10.799999999999999, -4.6000000000000005, -7.55, 10.8, -4.60015, -7.550200000000001, -0.009366
10, 10.6, -4.6000000000000005, -7.55, 10.60035, -4.6002, -7.550050000000001, -0.009371
10, 10.4, -4.6000000000000005, -7.55, 10.3998, -4.59995, -7.55, -0.00934
10, 10.200000000000001, -4.6000000000000005, -7.55, 10.200550000000002, -4.5998, -7.55, -0.009324
10, 10.000000000000002, -4.6000000000000005, -7.55, 10.0006, -4.60015, -7.55, -0.00934
10, 9.800000000000002, -4.6000000000000005, -7.55, 9.8005, -4.600350000000001, -7.55, -0.009371
10, 9.600000000000003, -4.6000000000000005, -7.55, 9.5999, -4.59995, -7.54985, -0.009371
10, 9.600000000000003, -4.4, -7.55, 9.60015, -4.400600000000001, -7.54985, -0.00934
10, 9.600000000000003, -4.2, -7.55, 9.600200000000001, -4.1998, -7.55, -0.00934
10, 9.600000000000003, -4.0, -7.55, 9.59885, -4.00045, -7.55, -0.009381
10, 9.600000000000003, -3.8, -7.55, 9.600050000000001, -3.7999, -7.55, -0.009319
10, 9.600000000000003, -3.5999999999999996, -7.55, 9.6003, -3.5997000000000003, -7.55025, -0.00934
10, 9.600000000000003, -3.3999999999999995, -7.55, 9.5996, -3.4001000000000006, -7.549900000000001, -0.009319
10, 9.600000000000003, -3.1999999999999993, -7.55, 9.6003, -3.1999, -7.54975, -0.009329
10, 9.600000000000003, -2.999999999999999, -7.55, 9.59985, -2.9994500000000004, -7.5501000000000005, -0.009334
10, 9.600000000000003, -2.799999999999999, -7.55, 9.6003, -2.7998000000000003, -7.55025, -0.009381
10, 9.600000000000003, -2.5999999999999988, -7.55, 9.60045, -2.6001000000000003, -7.55, -0.009308
11, 9.800000000000002, -2.5999999999999988, -7.55, 9.8001, -2.5998, -7.549950000000001, -0.009355
11, 10.000000000000002, -2.5999999999999988, -7.55, 9.9992, -2.5999, -7.54985, -0.00934
11, 10.200000000000001, -2.5999999999999988, -7.55, 10.2, -2.6003000000000003, -7.549900000000001, -0.00934
11, 10.4, -2.5999999999999988, -7.55, 10.39975, -2.60005, -7.549900000000001, -0.009366
11, 10.6, -2.5999999999999988, -7.55, 10.600700000000002, -2.5996000000000006, -7.5501000000000005, -0.009366
11, 10.799999999999999, -2.5999999999999988, -7.55, 10.79975, -2.60005, -7.5501000000000005, -0.009319
11, 10.999999999999998, -2.5999999999999988, -7.55, 11.000050000000002, -2.5996000000000006, -7.55, -0.00934
11, 11.199999999999998, -2.5999999999999988, -7.55, 11.2005, -2.60035, -7.549950000000001, -0.009376
11, 11.399999999999997, -2.5999999999999988, -7.55, 11.400300000000001, -2.6, -7.549900000000001, -0.009371
11, 11.599999999999996, -2.5999999999999988, -7.55, 11.5991, -2.5999, -7.54975, -0.009376
11, 11.799999999999995, -2.5999999999999988, -7.55, 11.79995, -2.60015, -7.5501000000000005, -0.009334
11, 11.799999999999995, -2.799999999999999, -7.55, 11.799850000000001, -2.80045, -7.55025, -0.009371
11, 11.799999999999995, -2.999999999999999, -7.55, 11.7995, -2.99955, -7.55, -0.009371
11, 11.799999999999995, -3.1999999999999993, -7.55, 11.799850000000001, -3.19915, -7.55, -0.009334
11, 11.799999999999995, -3.3999999999999995, -7.55, 11.800400000000002, -3.40055, -7.55, -0.009371
11, 11.799999999999995, -3.5999999999999996, -7.55, 11.80095, -3.5998500000000004, -7.549900000000001, -0.009308
11, 11.799999999999995, -3.8, -7.55, 11.800150000000002, -3.79915, -7.549900000000001, -0.00934
11, 11.799999999999995, -4.0, -7.55, 11.800300000000002, -4.000100000000001, -7.549900000000001, -0.009366
11, 11.799999999999995, -4.2, -7.55, 11.80025, -4.2, -7.5501000000000005, -0.009376
11, 11.799999999999995, -4.4, -7.55, 11.799150000000001, -4.399100000000001, -7.550200000000001, -0.009329
11, 11.799999999999995, -4.6000000000000005, -7.55, 11.799800000000001, -4.6004499999999995, -7.5501000000000005, -0.009334
11, 11.799999999999995, -4.800000000000001, -7.55, 11.799, -4.79985, -7.54985, -0.009397
12, 11.599999999999996, -4.800000000000001, -7.55, 11.600150000000001, -4.8002, -7.55, -0.009324
12, 11.399999999999997, -4.800000000000001, -7.55, 11.40035, -4.8, -7.55, -0.009371
12, 11.199999999999998, -4.800000000000001, -7.55, 11.1995, -4.79985, -7.55, -0.009381
12, 10.999999999999998, -4.800000000000001, -7.55, 11.00055, -4.799900000000001, -7.5501000000000005, -0.009345
12, 10.799999999999999, -4.800000000000001, -7.55, 10.80005, -4.79985, -7.55025, -0.00936
12, 10.6, -4.800000000000001, -7.55, 10.599400000000001, -4.8, -7.55, -0.009371
12, 10.4, -4.800000000000001, -7.55, 10.4005, -4.8001000000000005, -7.55, -0.00934
12, 10.200000000000001, -4.800000000000001, -7.55, 10.199800000000002, -4.8001000000000005, -7.54985, -0.009355
12, 10.000000000000002, -4.800000000000001, -7.55, 10.001, -4.800050000000001, -7.549950000000001, -0.009355
12, 9.800000000000002, -4.800000000000001, -7.55, 9.799700000000001, -4.8, -7.5501000000000005, -0.009329
12, 9.600000000000003, -4.800000000000001, -7.55, 9.600850000000001, -4.799900000000001, -7.55025, -0.009334
12, 9.400000000000004, -4.800000000000001, -7.55, 9.400649999999999, -4.79985, -7.550050000000001, -0.009334
12, 9.400000000000004, -4.6000000000000005, -7.55, 9.3994, -4.6003, -7.54975, -0.009371
12, 9.400000000000004, -4.4, -7.55, 9.40015, -4.400150000000001, -7.54985, -0.009376
12, 9.400000000000004, -4.2, -7.55, 9.399899999999999, -4.1999, -7.5501000000000005, -0.009324
12, 9.400000000000004, -4.0, -7.55, 9.4002, -4.00035, -7.550200000000001, -0.009381
12, 9.400000000000004, -3.8, -7.55, 9.40015, -3.7997, -7.550200000000001, -0.009381
12, 9.400000000000004, -3.5999999999999996, -7.55, 9.39995, -3.5997000000000003, -7.55, -0.009402
12, 9.400000000000004, -3.3999999999999995, -7.55, 9.39975, -3.40045, -7.549900000000001, -0.009381
12, 9.400000000000004, -3.1999999999999993, -7.55, 9.4007, -3.1994000000000002, -7.54975, -0.009376
12, 9.400000000000004, -2.999999999999999, -7.55, 9.39995, -2.9993000000000003, -7.5501000000000005, -0.009397
12, 9.400000000000004, -2.799999999999999, -7.55, 9.399550000000001, -2.8009500000000003, -7.55025, -0.009381
12, 9.400000000000004, -2.5999999999999988, -7.55, 9.4005, -2.5993500000000003, -7.55015, -0.009402
12, 9.400000000000004, -2.3999999999999986, -7.55, 9.40035, -2.3997, -7.55, -0.009329
13, 9.600000000000003, -2.3999999999999986, -7.55, 9.600200000000001, -2.3999500000000005, -7.55, -0.009329
13, 9.800000000000002, -2.3999999999999986, -7.55, 9.799550000000002, -2.4002000000000003, -7.55, -0.009324
13, 10.000000000000002, -2.3999999999999986, -7.55, 9.9998, -2.4, -7.549900000000001, -0.009371
13, 10.200000000000001, -2.3999999999999986, -7.55, 10.19925, -2.3998000000000004, -7.54975, -0.009345
13, 10.4, -2.3999999999999986, -7.55, 10.400300000000001, -2.4001, -7.55015, -0.009366
13, 10.6, -2.3999999999999986, -7.55, 10.600850000000001, -2.4, -7.55, -0.009387
13, 10.799999999999999, -2.3999999999999986, -7.55, 10.800150000000002, -2.3998000000000004, -7.54975, -0.009334
13, 10.999999999999998, -2.3999999999999986, -7.55, 11.001050000000001, -2.4000500000000002, -7.54975, -0.009381
13, 11.199999999999998, -2.3999999999999986, -7.55, 11.20015, -2.4002000000000003, -7.5501000000000005, -0.009381
13, 11.399999999999997, -2.3999999999999986, -7.55, 11.399550000000001, -2.3998000000000004, -7.55015, -0.009319
13, 11.599999999999996, -2.3999999999999986, -7.55, 11.599200000000002, -2.4002000000000003, -7.54975, -0.009387
13, 11.799999999999995, -2.3999999999999986, -7.55, 11.8, -2.39985, -7.5498, -0.00936
13, 11.999999999999995, -2.3999999999999986, -7.55, 11.9998, -2.39985, -7.55, -0.00934
13, 11.999999999999995, -2.5999999999999988, -7.55, 11.9992, -2.599, -7.5501000000000005, -0.009387
13, 11.999999999999995, -2.799999999999999, -7.55, 11.99975, -2.8009, -7.550200000000001, -0.009376
13, 11.999999999999995, -2.999999999999999, -7.55, 12.0, -2.99975, -7.55, -0.009376
13, 11.999999999999995, -3.1999999999999993, -7.55, 11.99995, -3.19915, -7.55, -0.00934
13, 11.999999999999995, -3.3999999999999995, -7.55, 11.999900000000002, -3.4000500000000002, -7.54985, -0.00936
13, 11.999999999999995, -3.5999999999999996, -7.55, 12.00075, -3.5994, -7.549900000000001, -0.009355
13, 11.999999999999995, -3.8, -7.55, 11.9997, -3.7994, -7.5501000000000005, -0.009345
13, 11.999999999999995, -4.0, -7.55, 12.000200000000001, -4.000100000000001, -7.5501000000000005, -0.009345
13, 11.999999999999995, -4.2, -7.55, 11.999550000000001, -4.2002, -7.549950000000001, -0.00934
13, 11.999999999999995, -4.4, -7.55, 11.99985, -4.39905, -7.54985, -0.009345
13, 11.999999999999995, -4.6000000000000005, -7.55, 11.999450000000001, -4.59985, -7.55015, -0.009376
13, 11.999999999999995, -4.800000000000001, -7.55, 11.99985, -4.79985, -7.550200000000001, -0.00934
13, 11.999999999999995, -5.000000000000001, -7.55, 11.999300000000002, -4.99915, -7.55, -0.009371
14, 11.799999999999995, -5.000000000000001, -7.55, 11.8007, -5.000400000000001, -7.549900000000001, -0.009329
14, 11.599999999999996, -5.000000000000001, -7.55, 11.600050000000001, -4.999650000000001, -7.549900000000001, -0.009329
14, 11.399999999999997, -5.000000000000001, -7.55, 11.3995, -5.00025, -7.55, -0.009355
14, 11.199999999999998, -5.000000000000001, -7.55, 11.199300000000001, -5.0003, -7.549950000000001, -0.009366
14, 10.999999999999998, -5.000000000000001, -7.55, 11.000800000000002, -5.00005, -7.55, -0.009366
14, 10.799999999999999, -5.000000000000001, -7.55, 10.800600000000001, -4.9998000000000005, -7.550050000000001, -0.009371
14, 10.6, -5.000000000000001, -7.55, 10.600550000000002, -4.999950000000001, -7.55015, -0.009366
14, 10.4, -5.000000000000001, -7.55, 10.399650000000001, -5.0001500000000005, -7.5501000000000005, -0.009366
14, 10.200000000000001, -5.000000000000001, -7.55, 10.199800000000002, -5.0001500000000005, -7.5501000000000005, -0.00934
14, 10.000000000000002, -5.000000000000001, -7.55, 10.000050000000002, -4.9998000000000005, -7.549950000000001, -0.009345
14, 9.800000000000002, -5.000000000000001, -7.55, 9.80025, -4.99955, -7.54985, -0.009371
14, 9.600000000000003, -5.000000000000001, -7.55, 9.599200000000002, -5.0001500000000005, -7.54985, -0.009376
14, 9.400000000000004, -5.000000000000001, -7.55, 9.4001, -5.00005, -7.5501000000000005, -0.00935
14, 9.200000000000005, -5.000000000000001, -7.55, 9.2, -4.999950000000001, -7.550200000000001, -0.00934
14, 9.200000000000005, -4.800000000000001, -7.55, 9.200149999999999, -4.7994, -7.5501000000000005, -0.009381
14, 9.200000000000005, -4.6000000000000005, -7.55, 9.2004, -4.599900000000001, -7.54975, -0.009334
14, 9.200000000000005, -4.4, -7.55, 9.2006, -4.4001, -7.54985, -0.00936
14, 9.200000000000005, -4.2, -7.55, 9.200149999999999, -4.19975, -7.55025, -0.00935
14, 9.200000000000005, -4.0, -7.55, 9.19985, -4.00035, -7.55025, -0.009324
14, 9.200000000000005, -3.8, -7.55, 9.1996, -3.79985, -7.549900000000001, -0.009345
14, 9.200000000000005, -3.5999999999999996, -7.55, 9.200149999999999, -3.59965, -7.5501000000000005, -0.00936
14, 9.200000000000005, -3.3999999999999995, -7.55, 9.1999, -3.4003, -7.55025, -0.009334
14, 9.200000000000005, -3.1999999999999993, -7.55, 9.200050000000001, -3.1997000000000004, -7.55, -0.009355
14, 9.200000000000005, -2.999999999999999, -7.55, 9.199950000000001, -2.99935, -7.55, -0.009345
14, 9.200000000000005, -2.799999999999999, -7.55, 9.1999, -2.801, -7.55, -0.009392
14, 9.200000000000005, -2.5999999999999988, -7.55, 9.2003, -2.5993500000000003, -7.549900000000001, -0.009371
14, 9.200000000000005, -2.3999999999999986, -7.55, 9.19975, -2.3997, -7.54975, -0.009334
14, 9.200000000000005, -2.1999999999999984, -7.55, 9.2001, -2.2001, -7.5501000000000005, -0.00934
15, 9.400000000000004, -2.1999999999999984, -7.55, 9.3996, -2.2001500000000003, -7.5501000000000005, -0.009319
15, 9.600000000000003, -2.1999999999999984, -7.55, 9.599450000000001, -2.19985, -7.54985, -0.009324
15, 9.800000000000002, -2.1999999999999984, -7.55, 9.7996, -2.2, -7.54985, -0.009355
15, 10.000000000000002, -2.1999999999999984, -7.55, 9.9992, -2.20035, -7.55, -0.009371
15, 10.200000000000001, -2.1999999999999984, -7.55, 10.200050000000001, -2.2001, -7.55, -0.009345
15, 10.4, -2.1999999999999984, -7.55, 10.39935, -2.1999, -7.5501000000000005, -0.009366
15, 10.6, -2.1999999999999984, -7.55, 10.600150000000001, -2.1999, -7.5501000000000005, -0.009387
15, 10.799999999999999, -2.1999999999999984, -7.55, 10.79925, -2.2, -7.5501000000000005, -0.009371
15, 10.999999999999998, -2.1999999999999984, -7.55, 11.000300000000001, -2.2001500000000003, -7.55, -0.009371
15, 11.199999999999998, -2.1999999999999984, -7.55, 11.2001, -2.19985, -7.549950000000001, -0.009376
15, 11.399999999999997, -2.1999999999999984, -7.55, 11.4002, -2.1997000000000004, -7.55, -0.009392
15, 11.599999999999996, -2.1999999999999984, -7.55, 11.599400000000001, -2.2001, -7.549950000000001, -0.009329
15, 11.799999999999995, -2.1999999999999984, -7.55, 11.80075, -2.2, -7.54985, -0.009334
15, 11.999999999999995, -2.1999999999999984, -7.55, 12.0006, -2.1998, -7.549900000000001, -0.009371
15, 12.199999999999994, -2.1999999999999984, -7.55, 12.2009, -2.2, -7.5501000000000005, -0.009345
15, 12.199999999999994, -2.3999999999999986, -7.55, 12.19925, -2.3999, -7.5501000000000005, -0.00934
15, 12.199999999999994, -2.5999999999999988, -7.55, 12.19935, -2.5996000000000006, -7.550050000000001, -0.009345
15, 12.199999999999994, -2.799999999999999, -7.55, 12.2, -2.8005, -7.5498, -0.00935
15, 12.199999999999994, -2.999999999999999, -7.55, 12.200400000000002, -3.0001, -7.5498, -0.009334
15, 12.199999999999994, -3.1999999999999993, -7.55, 12.20045, -3.19965, -7.550200000000001, -0.00934
15, 12.199999999999994, -3.3999999999999995, -7.55, 12.1995, -3.40015, -7.549950000000001, -0.009366
15, 12.199999999999994, -3.5999999999999996, -7.55, 12.199800000000002, -3.6008, -7.54985, -0.009345
15, 12.199999999999994, -3.8, -7.55, 12.2002, -3.80025, -7.5501000000000005, -0.009366
15, 12.199999999999994, -4.0, -7.55, 12.199300000000001, -4.0002, -7.550200000000001, -0.009329
15, 12.199999999999994, -4.2, -7.55, 12.20025, -4.20025, -7.549900000000001, -0.009387
15, 12.199999999999994, -4.4, -7.55, 12.1997, -4.399100000000001, -7.54985, -0.009376
15, 12.199999999999994, -4.6000000000000005, -7.55, 12.1995, -4.6004000000000005, -7.5501000000000005, -0.009366
15, 12.199999999999994, -4.800000000000001, -7.55, 12.19945, -4.79995, -7.550200000000001, -0.00934
15, 12.199999999999994, -5.000000000000001, -7.55, 12.19985, -4.99915, -7.549950000000001, -0.009371
15, 12.199999999999994, -5.200000000000001, -7.55, 12.20035, -5.20035, -7.54985, -0.009366
16, 11.999999999999995, -5.200000000000001, -7.55, 11.9998, -5.2, -7.549900000000001, -0.009397
16, 11.799999999999995, -5.200000000000001, -7.55, 11.799150000000001, -5.1998500000000005, -7.55015, -0.00935
16, 11.599999999999996, -5.200000000000001, -7.55, 11.6, -5.2, -7.5501000000000005, -0.00936
16, 11.399999999999997, -5.200000000000001, -7.55, 11.40025, -5.2, -7.54985, -0.009397
16, 11.199999999999998, -5.200000000000001, -7.55, 11.199800000000002, -5.2001, -7.549900000000001, -0.009376
16, 10.999999999999998, -5.200000000000001, -7.55, 11.0007, -5.20005, -7.54985, -0.00934
16, 10.799999999999999, -5.200000000000001, -7.55, 10.8002, -5.20005, -7.549950000000001, -0.009371
16, 10.6, -5.200000000000001, -7.55, 10.600200000000001, -5.2, -7.55, -0.00935
16, 10.4, -5.200000000000001, -7.55, 10.40055, -5.1999, -7.55, -0.00934
16, 10.200000000000001, -5.200000000000001, -7.55, 10.199900000000001, -5.1999, -7.5501000000000005, -0.009329
16, 10.000000000000002, -5.200000000000001, -7.55, 10.000950000000001, -5.19995, -7.5501000000000005, -0.009334
16, 9.800000000000002, -5.200000000000001, -7.55, 9.80025, -5.2, -7.5501000000000005, -0.009371
16, 9.600000000000003, -5.200000000000001, -7.55, 9.600800000000001, -5.2001, -7.550050000000001, -0.009334
16, 9.400000000000004, -5.200000000000001, -7.55, 9.40075, -5.20005, -7.549900000000001, -0.00934
16, 9.200000000000005, -5.200000000000001, -7.55, 9.1997, -5.2, -7.54985, -0.009387
16, 9.000000000000005, -5.200000000000001, -7.55, 9.0, -5.1999, -7.550200000000001, -0.009345
16, 9.000000000000005, -5.000000000000001, -7.55, 9.0009, -5.00025, -7.550200000000001, -0.00935
16, 9.000000000000005, -4.800000000000001, -7.55, 8.99995, -4.799, -7.549900000000001, -0.00935
16, 9.000000000000005, -4.6000000000000005, -7.55, 8.99995, -4.6, -7.54975, -0.009314
16, 9.000000000000005, -4.4, -7.55, 9.00015, -4.4002, -7.5501000000000005, -0.009345
16, 9.000000000000005, -4.2, -7.55, 8.99975, -4.19965, -7.550200000000001, -0.009381
16, 9.000000000000005, -4.0, -7.55, 8.9998, -4.0004, -7.55025, -0.009334
16, 9.000000000000005, -3.8, -7.55, 9.0005, -3.7997, -7.55, -0.009319
16, 9.000000000000005, -3.5999999999999996, -7.55, 9.0001, -3.6001000000000003, -7.54975, -0.009334
16, 9.000000000000005, -3.3999999999999995, -7.55, 9.000399999999999, -3.4003500000000004, -7.549900000000001, -0.009387
16, 9.000000000000005, -3.1999999999999993, -7.55, 9.000350000000001, -3.1997000000000004, -7.550200000000001, -0.009387
16, 9.000000000000005, -2.999999999999999, -7.55, 9.000200000000001, -2.9996000000000005, -7.550200000000001, -0.009376
16, 9.000000000000005, -2.799999999999999, -7.55, 9.000050000000002, -2.8001000000000005, -7.5501000000000005, -0.009397
16, 9.000000000000005, -2.5999999999999988, -7.55, 8.99975, -2.6001000000000003, -7.549900000000001, -0.00934
16, 9.000000000000005, -2.3999999999999986, -7.55, 8.9997, -2.39985, -7.549900000000001, -0.009371
16, 9.000000000000005, -2.1999999999999984, -7.55, 9.000300000000001, -2.2, -7.549950000000001, -0.009324
16, 9.000000000000005, -1.9999999999999984, -7.55, 9.0, -1.99945, -7.55, -0.009381
17, 9.200000000000005, -1.9999999999999984, -7.55, 9.2006, -2.0008000000000004, -7.55015, -0.009371
17, 9.400000000000004, -1.9999999999999984, -7.55, 9.399899999999999, -2.0005, -7.55015, -0.009329
17, 9.600000000000003, -1.9999999999999984, -7.55, 9.600700000000002, -2.00045, -7.55, -0.009387
17, 9.800000000000002, -1.9999999999999984, -7.55, 9.8005, -1.9995, -7.55, -0.00936
17, 10.000000000000002, -1.9999999999999984, -7.55, 9.9998, -2.0005, -7.54985, -0.009371
17, 10.200000000000001, -1.9999999999999984, -7.55, 10.20025, -1.9997, -7.549900000000001, -0.00934
17, 10.4, -1.9999999999999984, -7.55, 10.3991, -2.0002, -7.54985, -0.009334
17, 10.6, -1.9999999999999984, -7.55, 10.59955, -1.9997, -7.5501000000000005, -0.009334
17, 10.799999999999999, -1.9999999999999984, -7.55, 10.7993, -2.00015, -7.55, -0.00935
17, 10.999999999999998, -1.9999999999999984, -7.55, 11.00025, -2.0, -7.55, -0.009324
17, 11.199999999999998, -1.9999999999999984, -7.55, 11.200050000000001, -1.99975, -7.55, -0.009371
17, 11.399999999999997, -1.9999999999999984, -7.55, 11.400300000000001, -2.0001, -7.549900000000001, -0.009381
17, 11.599999999999996, -1.9999999999999984, -7.55, 11.599950000000002, -2.0002, -7.5498, -0.009345
17, 11.799999999999995, -1.9999999999999984, -7.55, 11.7995, -1.99975, -7.54985, -0.009387
17, 11.999999999999995, -1.9999999999999984, -7.55, 11.999400000000001, -2.00025, -7.55025, -0.009381
17, 12.199999999999994, -1.9999999999999984, -7.55, 12.2006, -2.0000500000000003, -7.549900000000001, -0.009324
17, 12.399999999999993, -1.9999999999999984, -7.55, 12.39985, -1.99975, -7.54975, -0.009371
17, 12.399999999999993, -2.1999999999999984, -7.55, 12.40005, -2.2003000000000004, -7.5501000000000005, -0.00934
17, 12.399999999999993, -2.3999999999999986, -7.55, 12.3999, -2.4000500000000002, -7.5501000000000005, -0.009371
17, 12.399999999999993, -2.5999999999999988, -7.55, 12.39945, -2.59995, -7.54985, -0.009376
17, 12.399999999999993, -2.799999999999999, -7.55, 12.3995, -2.79945, -7.54985, -0.009345
17, 12.399999999999993, -2.999999999999999, -7.55, 12.40005, -2.9996000000000005, -7.549950000000001, -0.00935
17, 12.399999999999993, -3.1999999999999993, -7.55, 12.39885, -3.2004, -7.55, -0.009376
17, 12.399999999999993, -3.3999999999999995, -7.55, 12.3992, -3.4001000000000006, -7.55, -0.009345
17, 12.399999999999993, -3.5999999999999996, -7.55, 12.398650000000002, -3.5993500000000003, -7.55, -0.009334
17, 12.399999999999993, -3.8, -7.55, 12.398800000000001, -3.79915, -7.55, -0.009371
17, 12.399999999999993, -4.0, -7.55, 12.40065, -4.0003, -7.550050000000001, -0.00936
17, 12.399999999999993, -4.2, -7.55, 12.39885, -4.20025, -7.550050000000001, -0.009392
17, 12.399999999999993, -4.4, -7.55, 12.39875, -4.399100000000001, -7.5501000000000005, -0.009345
17, 12.399999999999993, -4.6000000000000005, -7.55, 12.4016, -4.6005, -7.549950000000001, -0.00935
17, 12.399999999999993, -4.800000000000001, -7.55, 12.3999, -4.7997, -7.54985, -0.009381
17, 12.399999999999993, -5.000000000000001, -7.55, 12.3996, -4.99915, -7.55, -0.009371
17, 12.399999999999993, -5.200000000000001, -7.55, 12.3999, -5.2003, -7.5501000000000005, -0.009371
17, 12.399999999999993, -5.400000000000001, -7.55, 12.40055, -5.399850000000001, -7.550200000000001, -0.009381
18, 12.199999999999994, -5.400000000000001, -7.55, 12.200800000000001, -5.400200000000001, -7.55, -0.009387
18, 11.999999999999995, -5.400000000000001, -7.55, 11.9998, -5.40025, -7.55, -0.009366
18, 11.799999999999995, -5.400000000000001, -7.55, 11.800150000000002, -5.4, -7.5498, -0.009371
18, 11.599999999999996, -5.400000000000001, -7.55, 11.600550000000002, -5.39975, -7.549950000000001, -0.00936
18, 11.399999999999997, -5.400000000000001, -7.55, 11.40035, -5.399850000000001, -7.5501000000000005, -0.00934
18, 11.199999999999998, -5.400000000000001, -7.55, 11.201450000000001, -5.4, -7.550200000000001, -0.00936
18, 10.999999999999998, -5.400000000000001, -7.55, 11.00045, -5.4001, -7.55025, -0.009392
18, 10.799999999999999, -5.400000000000001, -7.55, 10.8002, -5.4001, -7.550050000000001, -0.009329
18, 10.6, -5.400000000000001, -7.55, 10.600550000000002, -5.4, -7.5498, -0.009319
18, 10.4, -5.400000000000001, -7.55, 10.40025, -5.4, -7.5498, -0.009355
18, 10.200000000000001, -5.400000000000001, -7.55, 10.2, -5.399900000000001, -7.55, -0.009329
18, 10.000000000000002, -5.400000000000001, -7.55, 10.000300000000001, -5.399900000000001, -7.55, -0.009345
18, 9.800000000000002, -5.400000000000001, -7.55, 9.80095, -5.399900000000001, -7.549950000000001, -0.009324
18, 9.600000000000003, -5.400000000000001, -7.55, 9.59965, -5.4, -7.55025, -0.009381
18, 9.400000000000004, -5.400000000000001, -7.55, 9.3998, -5.4001, -7.55015, -0.009334
18, 9.200000000000005, -5.400000000000001, -7.55, 9.200700000000001, -5.40005, -7.54975, -0.00934
18, 9.000000000000005, -5.400000000000001, -7.55, 8.999300000000002, -5.4, -7.5501000000000005, -0.009397
18, 8.800000000000006, -5.400000000000001, -7.55, 8.800550000000001, -5.399900000000001, -7.55025, -0.009329
18, 8.800000000000006, -5.200000000000001, -7.55, 8.800300000000002, -5.199700000000001, -7.55, -0.00935
18, 8.800000000000006, -5.000000000000001, -7.55, 8.800300000000002, -5.00005, -7.55, -0.00936
18, 8.800000000000006, -4.800000000000001, -7.55, 8.8004, -4.7992, -7.55, -0.009334
18, 8.800000000000006, -4.6000000000000005, -7.55, 8.8002, -4.6001, -7.55, -0.009319
18, 8.800000000000006, -4.4, -7.55, 8.79965, -4.400650000000001, -7.55, -0.00934
18, 8.800000000000006, -4.2, -7.55, 8.799850000000001, -4.2, -7.55, -0.00934
18, 8.800000000000006, -4.0, -7.55, 8.800300000000002, -4.0004, -7.55, -0.00935
18, 8.800000000000006, -3.8, -7.55, 8.8005, -3.7997, -7.549900000000001, -0.009387
18, 8.800000000000006, -3.5999999999999996, -7.55, 8.7995, -3.5997000000000003, -7.549950000000001, -0.009371
18, 8.800000000000006, -3.3999999999999995, -7.55, 8.800300000000002, -3.4003, -7.55025, -0.009334
18, 8.800000000000006, -3.1999999999999993, -7.55, 8.7999, -3.1996, -7.5501000000000005, -0.009334
18, 8.800000000000006, -2.999999999999999, -7.55, 8.80035, -2.9993000000000003, -7.55, -0.009376
18, 8.800000000000006, -2.799999999999999, -7.55, 8.8, -2.8003500000000003, -7.550050000000001, -0.009355
18, 8.800000000000006, -2.5999999999999988, -7.55, 8.8001, -2.60015, -7.5498, -0.009366
18, 8.800000000000006, -2.3999999999999986, -7.55, 8.8, -2.3998000000000004, -7.5498, -0.009329
18, 8.800000000000006, -2.1999999999999984, -7.55, 8.8004, -2.1995500000000003, -7.55, -0.009381
18, 8.800000000000006, -1.9999999999999984, -7.55, 8.799850000000001, -1.9993, -7.55, -0.00935
18, 8.800000000000006, -1.7999999999999985, -7.55, 8.8002, -1.79975, -7.55, -0.00934
19, 9.000000000000005, -1.7999999999999985, -7.55, 9.0001, -1.7999, -7.5501000000000005, -0.009345
19, 9.200000000000005, -1.7999999999999985, -7.55, 9.200800000000001, -1.8, -7.55015, -0.009371
19, 9.400000000000004, -1.7999999999999985, -7.55, 9.40085, -1.8000500000000001, -7.549900000000001, -0.009371
19, 9.600000000000003, -1.7999999999999985, -7.55, 9.599, -1.8000500000000001, -7.5498, -0.00934
19, 9.800000000000002, -1.7999999999999985, -7.55, 9.80015, -1.8, -7.54985, -0.009355
19, 10.000000000000002, -1.7999999999999985, -7.55, 9.99905, -1.7999, -7.55015, -0.009376
19, 10.200000000000001, -1.7999999999999985, -7.55, 10.199650000000002, -1.7999, -7.55015, -0.009355
19, 10.4, -1.7999999999999985, -7.55, 10.39975, -1.79995, -7.549900000000001, -0.00935
19, 10.6, -1.7999999999999985, -7.55, 10.600700000000002, -1.8002, -7.5498, -0.009334
19, 10.799999999999999, -1.7999999999999985, -7.55, 10.8, -1.8000500000000001, -7.549950000000001, -0.009366
19, 10.999999999999998, -1.7999999999999985, -7.55, 11.0007, -1.7999, -7.55025, -0.00935
19, 11.199999999999998, -1.7999999999999985, -7.55, 11.2001, -1.79995, -7.549900000000001, -0.009387
19, 11.399999999999997, -1.7999999999999985, -7.55, 11.400400000000001, -1.8, -7.54985, -0.00936
19, 11.599999999999996, -1.7999999999999985, -7.55, 11.600100000000001, -1.8001, -7.54985, -0.009371
19, 11.799999999999995, -1.7999999999999985, -7.55, 11.801150000000002, -1.8000500000000001, -7.55015, -0.009376
19, 11.999999999999995, -1.7999999999999985, -7.55, 11.999450000000001, -1.79995, -7.55015, -0.009366
19, 12.199999999999994, -1.7999999999999985, -7.55, 12.19985, -1.7999, -7.549900000000001, -0.00935
19, 12.399999999999993, -1.7999999999999985, -7.55, 12.398900000000001, -1.79995, -7.5498, -0.009376
19, 12.599999999999993, -1.7999999999999985, -7.55, 12.5991, -1.8004, -7.549900000000001, -0.009345
19, 12.599999999999993, -1.9999999999999984, -7.55, 12.5997, -2.0000500000000003, -7.55, -0.009329
19, 12.599999999999993, -2.1999999999999984, -7.55, 12.599950000000002, -2.20085, -7.55015, -0.009345
19, 12.599999999999993, -2.3999999999999986, -7.55, 12.59985, -2.4000500000000002, -7.55015, -0.009376
19, 12.599999999999993, -2.5999999999999988, -7.55, 12.599800000000002, -2.6003000000000003, -7.55, -0.00936
19, 12.599999999999993, -2.799999999999999, -7.55, 12.6, -2.79985, -7.549900000000001, -0.009334
19, 12.599999999999993, -2.999999999999999, -7.55, 12.599150000000002, -3.0007, -7.5498, -0.009334
19, 12.599999999999993, -3.1999999999999993, -7.55, 12.599350000000001, -3.19915, -7.549900000000001, -0.009345
19, 12.599999999999993, -3.3999999999999995, -7.55, 12.59925, -3.40025, -7.55, -0.009366
19, 12.599999999999993, -3.5999999999999996, -7.55, 12.599950000000002, -3.5991500000000003, -7.55, -0.009334
19, 12.599999999999993, -3.8, -7.55, 12.600100000000001, -3.7994, -7.55015, -0.009345
19, 12.599999999999993, -4.0, -7.55, 12.600100000000001, -4.00065, -7.55, -0.009329
19, 12.599999999999993, -4.2, -7.55, 12.60045, -4.200150000000001, -7.5498, -0.00935
19, 12.599999999999993, -4.4, -7.55, 12.59975, -4.399150000000001, -7.549950000000001, -0.00936
19, 12.599999999999993, -4.6000000000000005, -7.55, 12.5995, -4.60005, -7.55025, -0.00935
19, 12.599999999999993, -4.800000000000001, -7.55, 12.6, -4.800050000000001, -7.549950000000001, -0.009387
19, 12.599999999999993, -5.000000000000001, -7.55, 12.59955, -4.999200000000001, -7.54985, -0.009345
19, 12.599999999999993, -5.200000000000001, -7.55, 12.59925, -5.2003, -7.549950000000001, -0.009371
19, 12.599999999999993, -5.400000000000001, -7.55, 12.5991, -5.4, -7.550200000000001, -0.009376
19, 12.599999999999993, -5.600000000000001, -7.55, 12.59955, -5.599450000000001, -7.55, -0.009334
20, 12.399999999999993, -5.600000000000001, -7.55, 12.3996, -5.5994, -7.54975, -0.009376
20, 12.199999999999994, -5.600000000000001, -7.55, 12.200050000000001, -5.6003, -7.54985, -0.009334
20, 11.999999999999995, -5.600000000000001, -7.55, 12.000350000000001, -5.60025, -7.55025, -0.009334
20, 11.799999999999995, -5.600000000000001, -7.55, 11.799700000000001, -5.59955, -7.550050000000001, -0.009334
20, 11.599999999999996, -5.600000000000001, -7.55, 11.600850000000001, -5.6001, -7.54975, -0.009371
20, 11.399999999999997, -5.600000000000001, -7.55, 11.39995, -5.6001, -7.5498, -0.009387
20, 11.199999999999998, -5.600000000000001, -7.55, 11.20015, -5.6001, -7.55, -0.00934
20, 10.999999999999998, -5.600000000000001, -7.55, 11.0006, -5.60005, -7.55, -0.009371
20, 10.799999999999999, -5.600000000000001, -7.55, 10.79975, -5.599950000000001, -7.55, -0.00934
20, 10.6, -5.600000000000001, -7.55, 10.60075, -5.5998, -7.55025, -0.009345
20, 10.4, -5.600000000000001, -7.55, 10.400300000000001, -5.6, -7.55025, -0.009324
20, 10.200000000000001, -5.600000000000001, -7.55, 10.2002, -5.6001, -7.549950000000001, -0.009366
20, 10.000000000000002, -5.600000000000001, -7.55, 10.0004, -5.6, -7.5498, -0.009334
20, 9.800000000000002, -5.600000000000001, -7.55, 9.80065, -5.599900000000001, -7.54975, -0.009366
20, 9.600000000000003, -5.600000000000001, -7.55, 9.600050000000001, -5.599900000000001, -7.55025, -0.009334
20, 9.400000000000004, -5.600000000000001, -7.55, 9.40095, -5.60015, -7.550050000000001, -0.009371
20, 9.200000000000005, -5.600000000000001, -7.55, 9.200899999999999, -5.6, -7.5498, -0.009345
20, 9.000000000000005, -5.600000000000001, -7.55, 8.999600000000001, -5.599950000000001, -7.54985, -0.009366
20, 8.800000000000006, -5.600000000000001, -7.55, 8.80095, -5.5998, -7.55025, -0.009329
20, 8.600000000000007, -5.600000000000001, -7.55, 8.59985, -5.60015, -7.5501000000000005, -0.00935
20, 8.600000000000007, -5.400000000000001, -7.55, 8.60065, -5.39935, -7.549900000000001, -0.009334
20, 8.600000000000007, -5.200000000000001, -7.55, 8.59985, -5.200150000000001, -7.54985, -0.00935
20, 8.600000000000007, -5.000000000000001, -7.55, 8.600550000000002, -4.99985, -7.550050000000001, -0.009371
20, 8.600000000000007, -4.800000000000001, -7.55, 8.60025, -4.799150000000001, -7.55015, -0.009324
20, 8.600000000000007, -4.6000000000000005, -7.55, 8.6003, -4.6, -7.55, -0.009366
20, 8.600000000000007, -4.4, -7.55, 8.59985, -4.400150000000001, -7.55, -0.009334
20, 8.600000000000007, -4.2, -7.55, 8.600200000000001, -4.2002, -7.55, -0.009387
20, 8.600000000000007, -4.0, -7.55, 8.60025, -4.0003, -7.55, -0.009392
20, 8.600000000000007, -3.8, -7.55, 8.60025, -3.79965, -7.55, -0.009376
20, 8.600000000000007, -3.5999999999999996, -7.55, 8.59975, -3.5991500000000003, -7.55, -0.009345
20, 8.600000000000007, -3.3999999999999995, -7.55, 8.60035, -3.4003, -7.55, -0.009334
20, 8.600000000000007, -3.1999999999999993, -7.55, 8.600700000000002, -3.19965, -7.549900000000001, -0.009334
20, 8.600000000000007, -2.999999999999999, -7.55, 8.5999, -2.9994, -7.549900000000001, -0.009319
20, 8.600000000000007, -2.799999999999999, -7.55, 8.5994, -2.7999500000000004, -7.549900000000001, -0.009387
20, 8.600000000000007, -2.5999999999999988, -7.55, 8.600200000000001, -2.6002, -7.549950000000001, -0.009387
20, 8.600000000000007, -2.3999999999999986, -7.55, 8.59955, -2.3999500000000005, -7.55015, -0.009314
20, 8.600000000000007, -2.1999999999999984, -7.55, 8.6003, -2.1995500000000003, -7.55015, -0.009334
20, 8.600000000000007, -1.9999999999999984, -7.55, 8.600100000000001, -1.9993500000000002, -7.55, -0.009376
20, 8.600000000000007, -1.7999999999999985, -7.55, 8.5996, -1.7998500000000002, -7.55, -0.009319
20, 8.600000000000007, -1.5999999999999985, -7.55, 8.600100000000001, -1.5998500000000002, -7.55, -0.009392
21, 8.800000000000006, -1.5999999999999985, -7.55, 8.8002, -1.5999, -7.55, -0.009345
21, 9.000000000000005, -1.5999999999999985, -7.55, 8.9994, -1.6000500000000002, -7.55, -0.009345
21, 9.200000000000005, -1.5999999999999985, -7.55, 9.20025, -1.6001500000000002, -7.55, -0.009381
21, 9.400000000000004, -1.5999999999999985, -7.55, 9.4005, -1.6002, -7.549900000000001, -0.009366
21, 9.600000000000003, -1.5999999999999985, -7.55, 9.59925, -1.59945, -7.5498, -0.009345
21, 9.800000000000002, -1.5999999999999985, -7.55, 9.79975, -1.60025, -7.549900000000001, -0.00934
21, 10.000000000000002, -1.5999999999999985, -7.55, 9.99895, -1.6004, -7.5501000000000005, -0.009366
21, 10.200000000000001, -1.5999999999999985, -7.55, 10.199300000000001, -1.6002, -7.550200000000001, -0.009329
21, 10.4, -1.5999999999999985, -7.55, 10.399550000000001, -1.5996000000000001, -7.550200000000001, -0.009371
21, 10.6, -1.5999999999999985, -7.55, 10.600800000000001, -1.6000500000000002, -7.549900000000001, -0.009371
21, 10.799999999999999, -1.5999999999999985, -7.55, 10.799, -1.60025, -7.5498, -0.009371
21, 10.999999999999998, -1.5999999999999985, -7.55, 11.000300000000001, -1.5998, -7.5498, -0.00934
21, 11.199999999999998, -1.5999999999999985, -7.55, 11.19945, -1.59975, -7.5501000000000005, -0.00935
21, 11.399999999999997, -1.5999999999999985, -7.55, 11.400900000000002, -1.6002, -7.5501000000000005, -0.00935
21, 11.599999999999996, -1.5999999999999985, -7.55, 11.600400000000002, -1.5998, -7.55, -0.009376
21, 11.799999999999995, -1.5999999999999985, -7.55, 11.8007, -1.6001, -7.55, -0.009381
21, 11.999999999999995, -1.5999999999999985, -7.55, 11.99975, -1.6002, -7.55, -0.009303
21, 12.199999999999994, -1.5999999999999985, -7.55, 12.19935, -1.59995, -7.549950000000001, -0.009345
21, 12.399999999999993, -1.5999999999999985, -7.55, 12.399400000000002, -1.5998, -7.549900000000001, -0.009355
21, 12.599999999999993, -1.5999999999999985, -7.55, 12.599400000000001, -1.6000500000000002, -7.54985, -0.009355
21, 12.799999999999992, -1.5999999999999985, -7.55, 12.799650000000002, -1.6002, -7.549900000000001, -0.00934
21, 12.799999999999992, -1.7999999999999985, -7.55, 12.799650000000002, -1.8008000000000002, -7.550050000000001, -0.009371
21, 12.799999999999992, -1.9999999999999984, -7.55, 12.80035, -1.9993500000000002, -7.5501000000000005, -0.009324
21, 12.799999999999992, -2.1999999999999984, -7.55, 12.799700000000001, -2.20075, -7.55015, -0.009334
21, 12.799999999999992, -2.3999999999999986, -7.55, 12.799800000000001, -2.3999500000000005, -7.550050000000001, -0.009334
21, 12.799999999999992, -2.5999999999999988, -7.55, 12.799700000000001, -2.5995, -7.549900000000001, -0.00936
21, 12.799999999999992, -2.799999999999999, -7.55, 12.8, -2.8008500000000005, -7.5498, -0.009366
21, 12.799999999999992, -2.999999999999999, -7.55, 12.8001, -3.0006000000000004, -7.54975, -0.009334
21, 12.799999999999992, -3.1999999999999993, -7.55, 12.799100000000001, -3.1991000000000005, -7.5501000000000005, -0.009366
21, 12.799999999999992, -3.3999999999999995, -7.55, 12.800600000000001, -3.4002000000000003, -7.550200000000001, -0.009371
21, 12.799999999999992, -3.5999999999999996, -7.55, 12.798800000000002, -3.6005, -7.54985, -0.00934
21, 12.799999999999992, -3.8, -7.55, 12.7995, -3.79915, -7.54985, -0.009319
21, 12.799999999999992, -4.0, -7.55, 12.799900000000001, -4.0004, -7.55015, -0.009371
21, 12.799999999999992, -4.2, -7.55, 12.7987, -4.2002, -7.5501000000000005, -0.009376
21, 12.799999999999992, -4.4, -7.55, 12.800400000000002, -4.3991999999999996, -7.55, -0.009345
21, 12.799999999999992, -4.6000000000000005, -7.55, 12.7992, -4.600650000000001, -7.549900000000001, -0.00935
21, 12.799999999999992, -4.800000000000001, -7.55, 12.799900000000001, -4.799600000000001, -7.54985, -0.009392
21, 12.799999999999992, -5.000000000000001, -7.55, 12.8, -4.9993, -7.55, -0.009324
21, 12.799999999999992, -5.200000000000001, -7.55, 12.7996, -5.20025, -7.55, -0.009329
21, 12.799999999999992, -5.400000000000001, -7.55, 12.79975, -5.4, -7.55, -0.009371
21, 12.799999999999992, -5.600000000000001, -7.55, 12.80005, -5.59955, -7.55025, -0.009329
21, 12.799999999999992, -5.800000000000002, -7.55, 12.800550000000001, -5.799600000000001, -7.550200000000001, -0.00934
22, 12.599999999999993, -5.800000000000002, -7.55, 12.59985, -5.79985, -7.549950000000001, -0.009402
22, 12.399999999999993, -5.800000000000002, -7.55, 12.400450000000001, -5.8001000000000005, -7.549900000000001, -0.009355
22, 12.199999999999994, -5.800000000000002, -7.55, 12.2011, -5.800050000000001, -7.549950000000001, -0.009381
22, 11.999999999999995, -5.800000000000002, -7.55, 12.0004, -5.8001000000000005, -7.5501000000000005, -0.009329
22, 11.799999999999995, -5.800000000000002, -7.55, 11.79945, -5.799900000000001, -7.55015, -0.009371
22, 11.599999999999996, -5.800000000000002, -7.55, 11.6, -5.79985, -7.550050000000001, -0.009319
22, 11.399999999999997, -5.800000000000002, -7.55, 11.3999, -5.8001000000000005, -7.5498, -0.009298
22, 11.199999999999998, -5.800000000000002, -7.55, 11.1997, -5.8003, -7.5498, -0.009334
22, 10.999999999999998, -5.800000000000002, -7.55, 11.000200000000001, -5.8, -7.55, -0.009376
22, 10.799999999999999, -5.800000000000002, -7.55, 10.799550000000002, -5.799950000000001, -7.549950000000001, -0.009324
22, 10.6, -5.800000000000002, -7.55, 10.600700000000002, -5.799900000000001, -7.550200000000001, -0.009334
22, 10.4, -5.800000000000002, -7.55, 10.40065, -5.8, -7.55025, -0.009345
22, 10.200000000000001, -5.800000000000002, -7.55, 10.200050000000001, -5.8, -7.55015, -0.00935
22, 10.000000000000002, -5.800000000000002, -7.55, 10.0007, -5.800050000000001, -7.54975, -0.009355
22, 9.800000000000002, -5.800000000000002, -7.55, 9.7994, -5.8, -7.5498, -0.009345
22, 9.600000000000003, -5.800000000000002, -7.55, 9.60025, -5.79985, -7.549900000000001, -0.009376
22, 9.400000000000004, -5.800000000000002, -7.55, 9.400450000000001, -5.799900000000001, -7.55015, -0.009329
22, 9.200000000000005, -5.800000000000002, -7.55, 9.199950000000001, -5.8, -7.55015, -0.009371
22, 9.000000000000005, -5.800000000000002, -7.55, 8.99985, -5.80015, -7.549900000000001, -0.009355
22, 8.800000000000006, -5.800000000000002, -7.55, 8.801, -5.8001000000000005, -7.5498, -0.009329
22, 8.600000000000007, -5.800000000000002, -7.55, 8.599450000000001, -5.799950000000001, -7.55, -0.009371
22, 8.400000000000007, -5.800000000000002, -7.55, 8.40025, -5.79985, -7.55025, -0.009345
22, 8.400000000000007, -5.600000000000001, -7.55, 8.3995, -5.6006, -7.5501000000000005, -0.009329
22, 8.400000000000007, -5.400000000000001, -7.55, 8.401, -5.3993, -7.55, -0.00936
22, 8.400000000000007, -5.200000000000001, -7.55, 8.399700000000001, -5.2004, -7.55, -0.009392
22, 8.400000000000007, -5.000000000000001, -7.55, 8.4002, -4.99985, -7.549900000000001, -0.009324
22, 8.400000000000007, -4.800000000000001, -7.55, 8.40025, -4.79925, -7.54985, -0.009334
22, 8.400000000000007, -4.6000000000000005, -7.55, 8.399899999999999, -4.6009, -7.550050000000001, -0.009334
22, 8.400000000000007, -4.4, -7.55, 8.4004, -4.39965, -7.55015, -0.009345
22, 8.400000000000007, -4.2, -7.55, 8.39935, -4.1998500000000005, -7.55, -0.009366
22, 8.400000000000007, -4.0, -7.55, 8.4005, -4.00065, -7.55, -0.00934
22, 8.400000000000007, -3.8, -7.55, 8.399700000000001, -3.79985, -7.55, -0.009371
22, 8.400000000000007, -3.5999999999999996, -7.55, 8.4006, -3.599, -7.54985, -0.00936
22, 8.400000000000007, -3.3999999999999995, -7.55, 8.39975, -3.4003500000000004, -7.550050000000001, -0.009324
22, 8.400000000000007, -3.1999999999999993, -7.55, 8.4006, -3.1994000000000002, -7.5501000000000005, -0.009345
22, 8.400000000000007, -2.999999999999999, -7.55, 8.400300000000001, -2.9995, -7.5501000000000005, -0.00936
22, 8.400000000000007, -2.799999999999999, -7.55, 8.39945, -2.7999, -7.55, -0.00936
22, 8.400000000000007, -2.5999999999999988, -7.55, 8.4005, -2.59965, -7.55, -0.009334
22, 8.400000000000007, -2.3999999999999986, -7.55, 8.4, -2.39975, -7.54985, -0.009381
22, 8.400000000000007, -2.1999999999999984, -7.55, 8.39995, -2.19985, -7.549950000000001, -0.00936
22, 8.400000000000007, -1.9999999999999984, -7.55, 8.3998, -1.9994, -7.55015, -0.009366
22, 8.400000000000007, -1.7999999999999985, -7.55, 8.40075, -1.8000500000000001, -7.55015, -0.009381
22, 8.400000000000007, -1.5999999999999985, -7.55, 8.400300000000001, -1.5998, -7.55, -0.009334
22, 8.400000000000007, -1.3999999999999986, -7.55, 8.40035, -1.3989, -7.55, -0.009345
23, 8.600000000000007, -1.3999999999999986, -7.55, 8.599950000000002, -1.4003, -7.550050000000001, -0.00934
23, 8.800000000000006, -1.3999999999999986, -7.55, 8.79995, -1.3999000000000001, -7.54975, -0.009345
23, 9.000000000000005, -1.3999999999999986, -7.55, 9.00015, -1.39995, -7.5501000000000005, -0.009329
23, 9.200000000000005, -1.3999999999999986, -7.55, 9.2006, -1.4001000000000001, -7.55025, -0.009371
23, 9.400000000000004, -1.3999999999999986, -7.55, 9.401, -1.40015, -7.5501000000000005, -0.009345
23, 9.600000000000003, -1.3999999999999986, -7.55, 9.599, -1.4000500000000002, -7.55, -0.009366
23, 9.800000000000002, -1.3999999999999986, -7.55, 9.799100000000001, -1.3999000000000001, -7.549950000000001, -0.009324
23, 10.000000000000002, -1.3999999999999986, -7.55, 9.99895, -1.3999000000000001, -7.549950000000001, -0.00935
23, 10.200000000000001, -1.3999999999999986, -7.55, 10.1996, -1.3999000000000001, -7.55, -0.00936
23, 10.4, -1.3999999999999986, -7.55, 10.39925, -1.4, -7.54985, -0.009329
23, 10.6, -1.3999999999999986, -7.55, 10.600800000000001, -1.4, -7.5498, -0.009345
23, 10.799999999999999, -1.3999999999999986, -7.55, 10.79845, -1.4000500000000002, -7.54975, -0.009376
23, 10.999999999999998, -1.3999999999999986, -7.55, 11.001100000000001, -1.4000500000000002, -7.549950000000001, -0.009314
23, 11.199999999999998, -1.3999999999999986, -7.55, 11.2, -1.39995, -7.550200000000001, -0.00934
23, 11.399999999999997, -1.3999999999999986, -7.55, 11.400150000000002, -1.3999000000000001, -7.549950000000001, -0.009376
23, 11.599999999999996, -1.3999999999999986, -7.55, 11.600050000000001, -1.4, -7.55, -0.009371
23, 11.799999999999995, -1.3999999999999986, -7.55, 11.800450000000001, -1.4000500000000002, -7.55, -0.009381
23, 11.999999999999995, -1.3999999999999986, -7.55, 12.0, -1.3999000000000001, -7.54985, -0.009366
23, 12.199999999999994, -1.3999999999999986, -7.55, 12.200700000000001, -1.39985, -7.5498, -0.00936
23, 12.399999999999993, -1.3999999999999986, -7.55, 12.3998, -1.4, -7.549900000000001, -0.009345
23, 12.599999999999993, -1.3999999999999986, -7.55, 12.599200000000002, -1.4, -7.550200000000001, -0.009324
23, 12.799999999999992, -1.3999999999999986, -7.55, 12.799700000000001, -1.4, -7.55015, -0.00936
23, 12.999999999999991, -1.3999999999999986, -7.55, 12.9998, -1.4, -7.55, -0.00935
23, 12.999999999999991, -1.5999999999999985, -7.55, 12.999550000000001, -1.59965, -7.549900000000001, -0.00934
23, 12.999999999999991, -1.7999999999999985, -7.55, 13.000150000000001, -1.79995, -7.5501000000000005, -0.009314
23, 12.999999999999991, -1.9999999999999984, -7.55, 13.001, -2.0000500000000003, -7.550200000000001, -0.00935
23, 12.999999999999991, -2.1999999999999984, -7.55, 12.9998, -2.2006, -7.55, -0.009334
23, 12.999999999999991, -2.3999999999999986, -7.55, 12.99925, -2.4002000000000003, -7.54985, -0.009376
23, 12.999999999999991, -2.5999999999999988, -7.55, 12.999550000000001, -2.6, -7.54985, -0.009324
23, 12.999999999999991, -2.799999999999999, -7.55, 12.999300000000002, -2.7999500000000004, -7.55, -0.009345
23, 12.999999999999991, -2.999999999999999, -7.55, 13.000300000000001, -3.0005, -7.549950000000001, -0.009334
23, 12.999999999999991, -3.1999999999999993, -7.55, 12.999400000000001, -3.1994000000000002, -7.55015, -0.00936
23, 12.999999999999991, -3.3999999999999995, -7.55, 13.000150000000001, -3.4001000000000006, -7.5501000000000005, -0.009392
23, 12.999999999999991, -3.5999999999999996, -7.55, 13.0, -3.6001000000000003, -7.549950000000001, -0.009319
23, 12.999999999999991, -3.8, -7.55, 13.0006, -3.7996000000000003, -7.54985, -0.009319
23, 12.999999999999991, -4.0, -7.55, 12.999550000000001, -4.00035, -7.5501000000000005, -0.009366
23, 12.999999999999991, -4.2, -7.55, 13.000150000000001, -4.2001, -7.5501000000000005, -0.009319
23, 12.999999999999991, -4.4, -7.55, 12.9995, -4.39925, -7.549950000000001, -0.009345
23, 12.999999999999991, -4.6000000000000005, -7.55, 12.999600000000001, -4.6006, -7.54985, -0.009324
23, 12.999999999999991, -4.800000000000001, -7.55, 13.00025, -4.800400000000001, -7.55, -0.00934
23, 12.999999999999991, -5.000000000000001, -7.55, 12.999450000000001, -4.99945, -7.550200000000001, -0.009334
23, 12.999999999999991, -5.200000000000001, -7.55, 13.00025, -5.2003, -7.550200000000001, -0.00934
23, 12.999999999999991, -5.400000000000001, -7.55, 12.99925, -5.399700000000001, -7.55, -0.00936
23, 12.999999999999991, -5.600000000000001, -7.55, 13.0, -5.5996500000000005, -7.55, -0.009334
23, 12.999999999999991, -5.800000000000002, -7.55, 13.000650000000002, -5.799950000000001, -7.54985, -0.009334
23, 12.999999999999991, -6.000000000000002, -7.55, 12.999550000000001, -6.00005, -7.55, -0.009376
24, 12.799999999999992, -6.000000000000002, -7.55, 12.79935, -6.0002, -7.5501000000000005, -0.009376
24, 12.599999999999993, -6.000000000000002, -7.55, 12.59975, -6.0, -7.5501000000000005, -0.00934
24, 12.399999999999993, -6.000000000000002, -7.55, 12.4002, -5.99985, -7.550050000000001, -0.009366
24, 12.199999999999994, -6.000000000000002, -7.55, 12.2011, -5.99985, -7.55, -0.00934
24, 11.999999999999995, -6.000000000000002, -7.55, 12.0001, -5.999950000000001, -7.54985, -0.00934
24, 11.799999999999995, -6.000000000000002, -7.55, 11.8, -6.0001500000000005, -7.549900000000001, -0.009324
24, 11.599999999999996, -6.000000000000002, -7.55, 11.59925, -6.000100000000001, -7.5501000000000005, -0.009324
24, 11.399999999999997, -6.000000000000002, -7.55, 11.39995, -5.999950000000001, -7.55015, -0.009355
24, 11.199999999999998, -6.000000000000002, -7.55, 11.20085, -5.9999, -7.5501000000000005, -0.00935
24, 10.999999999999998, -6.000000000000002, -7.55, 11.0004, -5.999950000000001, -7.549950000000001, -0.009345
24, 10.799999999999999, -6.000000000000002, -7.55, 10.799900000000001, -5.9999, -7.54985, -0.009324
24, 10.6, -6.000000000000002, -7.55, 10.600800000000001, -5.9999, -7.549950000000001, -0.00935
24, 10.4, -6.000000000000002, -7.55, 10.400400000000001, -6.0, -7.550050000000001, -0.009366
24, 10.200000000000001, -6.000000000000002, -7.55, 10.20015, -6.000100000000001, -7.55015, -0.009329
24, 10.000000000000002, -6.000000000000002, -7.55, 10.00045, -6.0001500000000005, -7.55015, -0.009366
24, 9.800000000000002, -6.000000000000002, -7.55, 9.799800000000001, -6.0001500000000005, -7.550050000000001, -0.009345
24, 9.600000000000003, -6.000000000000002, -7.55, 9.60115, -5.999950000000001, -7.549900000000001, -0.009376
24, 9.400000000000004, -6.000000000000002, -7.55, 9.400300000000001, -5.9999, -7.549900000000001, -0.009355
24, 9.200000000000005, -6.000000000000002, -7.55, 9.2003, -5.999950000000001, -7.549950000000001, -0.009329
24, 9.000000000000005, -6.000000000000002, -7.55, 8.9997, -5.999950000000001, -7.550200000000001, -0.009355
24, 8.800000000000006, -6.000000000000002, -7.55, 8.800600000000001, -6.000100000000001, -7.55025, -0.009324
24, 8.600000000000007, -6.000000000000002, -7.55, 8.5997, -6.000100000000001, -7.55, -0.009355
24, 8.400000000000007, -6.000000000000002, -7.55, 8.40035, -6.00005, -7.550050000000001, -0.00935
24, 8.200000000000008, -6.000000000000002, -7.55, 8.20085, -6.0, -7.54975, -0.009366
24, 8.200000000000008, -5.800000000000002, -7.55, 8.1991, -5.7995, -7.549950000000001, -0.009324
24, 8.200000000000008, -5.600000000000001, -7.55, 8.20025, -5.60005, -7.550200000000001, -0.009319
24, 8.200000000000008, -5.400000000000001, -7.55, 8.20035, -5.3995500000000005, -7.550200000000001, -0.009366
24, 8.200000000000008, -5.200000000000001, -7.55, 8.19965, -5.2004, -7.55, -0.009345
24, 8.200000000000008, -5.000000000000001, -7.55, 8.2003, -5.0003, -7.55, -0.00936
24, 8.200000000000008, -4.800000000000001, -7.55, 8.20035, -4.798900000000001, -7.55, -0.009308
24, 8.200000000000008, -4.6000000000000005, -7.55, 8.20035, -4.59995, -7.55, -0.009319
24, 8.200000000000008, -4.4, -7.55, 8.2003, -4.399850000000001, -7.55, -0.009308
24, 8.200000000000008, -4.2, -7.55, 8.2004, -4.2005, -7.55, -0.009355
24, 8.200000000000008, -4.0, -7.55, 8.1997, -4.0005, -7.55, -0.00934
24, 8.200000000000008, -3.8, -7.55, 8.20065, -3.79985, -7.55, -0.009334
24, 8.200000000000008, -3.5999999999999996, -7.55, 8.2001, -3.5991500000000003, -7.549900000000001, -0.009371
24, 8.200000000000008, -3.3999999999999995, -7.55, 8.19915, -3.4004000000000003, -7.54975, -0.009376
24, 8.200000000000008, -3.1999999999999993, -7.55, 8.20065, -3.1997000000000004, -7.55, -0.009376
24, 8.200000000000008, -2.999999999999999, -7.55, 8.2002, -2.99965, -7.55, -0.00936
24, 8.200000000000008, -2.799999999999999, -7.55, 8.199800000000002, -2.8, -7.55, -0.00934
24, 8.200000000000008, -2.5999999999999988, -7.55, 8.20045, -2.5994, -7.55, -0.009324
24, 8.200000000000008, -2.3999999999999986, -7.55, 8.2, -2.39975, -7.550200000000001, -0.009345
24, 8.200000000000008, -2.1999999999999984, -7.55, 8.2001, -2.19935, -7.550200000000001, -0.009314
24, 8.200000000000008, -1.9999999999999984, -7.55, 8.20035, -1.99945, -7.55, -0.009329
24, 8.200000000000008, -1.7999999999999985, -7.55, 8.2001, -1.8002, -7.55, -0.009319
24, 8.200000000000008, -1.5999999999999985, -7.55, 8.199800000000002, -1.59995, -7.54985, -0.00935
24, 8.200000000000008, -1.3999999999999986, -7.55, 8.20025, -1.4004, -7.549900000000001, -0.009366
24, 8.200000000000008, -1.1999999999999986, -7.55, 8.2001, -1.2003, -7.55015, -0.009355
25, 8.400000000000007, -1.1999999999999986, -7.55, 8.40075, -1.19965, -7.550050000000001, -0.009324
25, 8.600000000000007, -1.1999999999999986, -7.55, 8.6006, -1.2001000000000002, -7.549950000000001, -0.009355
25, 8.800000000000006, -1.1999999999999986, -7.55, 8.80005, -1.20025, -7.549900000000001, -0.00936
25, 9.000000000000005, -1.1999999999999986, -7.55, 8.9998, -1.2, -7.549950000000001, -0.009381
25, 9.200000000000005, -1.1999999999999986, -7.55, 9.20025, -1.1998, -7.549900000000001, -0.009324
25, 9.400000000000004, -1.1999999999999986, -7.55, 9.399700000000001, -1.2002000000000002, -7.550050000000001, -0.009345
25, 9.600000000000003, -1.1999999999999986, -7.55, 9.6003, -1.1999000000000002, -7.55015, -0.00934
25, 9.800000000000002, -1.1999999999999986, -7.55, 9.7995, -1.19975, -7.55, -0.00935
25, 10.000000000000002, -1.1999999999999986, -7.55, 9.999450000000001, -1.2003, -7.55, -0.009329
25, 10.200000000000001, -1.1999999999999986, -7.55, 10.1991, -1.20005, -7.55, -0.00936
25, 10.4, -1.1999999999999986, -7.55, 10.399700000000001, -1.1998, -7.549900000000001, -0.009319
25, 10.6, -1.1999999999999986, -7.55, 10.600950000000001, -1.2002000000000002, -7.549950000000001, -0.009366
25, 10.799999999999999, -1.1999999999999986, -7.55, 10.79945, -1.2, -7.5501000000000005, -0.009319
25, 10.999999999999998, -1.1999999999999986, -7.55, 11.000200000000001, -1.19975, -7.5501000000000005, -0.00934
25, 11.199999999999998, -1.1999999999999986, -7.55, 11.199900000000001, -1.2, -7.55, -0.00936
25, 11.399999999999997, -1.1999999999999986, -7.55, 11.40025, -1.1998, -7.54985, -0.009324
25, 11.599999999999996, -1.1999999999999986, -7.55, 11.599900000000002, -1.19995, -7.5498, -0.009324
25, 11.799999999999995, -1.1999999999999986, -7.55, 11.800650000000001, -1.2002000000000002, -7.549950000000001, -0.009334
25, 11.999999999999995, -1.1999999999999986, -7.55, 11.999400000000001, -1.20005, -7.550200000000001, -0.009355
25, 12.199999999999994, -1.1999999999999986, -7.55, 12.2005, -1.1998, -7.550200000000001, -0.009303
25, 12.399999999999993, -1.1999999999999986, -7.55, 12.3996, -1.20005, -7.549900000000001, -0.009334
25, 12.599999999999993, -1.1999999999999986, -7.55, 12.600050000000001, -1.20005, -7.54985, -0.00935
25, 12.799999999999992, -1.1999999999999986, -7.55, 12.7995, -1.19985, -7.550200000000001, -0.00935
25, 12.999999999999991, -1.1999999999999986, -7.55, 12.999450000000001, -1.20005, -7.55015, -0.00935
25, 13.19999999999999, -1.1999999999999986, -7.55, 13.1995, -1.20015, -7.549900000000001, -0.009329
25, 13.19999999999999, -1.3999999999999986, -7.55, 13.199, -1.399, -7.54975, -0.009334
25, 13.19999999999999, -1.5999999999999985, -7.55, 13.199900000000001, -1.59975, -7.550050000000001, -0.00936
25, 13.19999999999999, -1.7999999999999985, -7.55, 13.199050000000002, -1.8001500000000001, -7.550200000000001, -0.009324
25, 13.19999999999999, -1.9999999999999984, -7.55, 13.199900000000001, -2.00015, -7.550200000000001, -0.00936
25, 13.19999999999999, -2.1999999999999984, -7.55, 13.199800000000002, -2.20065, -7.549950000000001, -0.009371
25, 13.19999999999999, -2.3999999999999986, -7.55, 13.199050000000002, -2.4002000000000003, -7.54985, -0.009324
25, 13.19999999999999, -2.5999999999999988, -7.55, 13.19955, -2.5996000000000006, -7.54985, -0.009345
25, 13.19999999999999, -2.799999999999999, -7.55, 13.1996, -2.7999, -7.5501000000000005, -0.009329
25, 13.19999999999999, -2.999999999999999, -7.55, 13.19895, -3.0004500000000003, -7.550200000000001, -0.009355
25, 13.19999999999999, -3.1999999999999993, -7.55, 13.1988, -3.2006000000000006, -7.55, -0.009308
25, 13.19999999999999, -3.3999999999999995, -7.55, 13.1997, -3.40045, -7.55, -0.00936
25, 13.19999999999999, -3.5999999999999996, -7.55, 13.201450000000001, -3.59975, -7.55, -0.009355
25, 13.19999999999999, -3.8, -7.55, 13.19935, -3.7992000000000004, -7.55, -0.009329
25, 13.19999999999999, -4.0, -7.55, 13.199950000000001, -4.0004, -7.55, -0.009308
25, 13.19999999999999, -4.2, -7.55, 13.19975, -4.200150000000001, -7.55, -0.009381
25, 13.19999999999999, -4.4, -7.55, 13.19985, -4.39925, -7.55, -0.00936
25, 13.19999999999999, -4.6000000000000005, -7.55, 13.199800000000002, -4.6003, -7.55, -0.00936
25, 13.19999999999999, -4.800000000000001, -7.55, 13.20045, -4.80025, -7.549900000000001, -0.009371
25, 13.19999999999999, -5.000000000000001, -7.55, 13.2, -4.9995, -7.54985, -0.009314
25, 13.19999999999999, -5.200000000000001, -7.55, 13.199800000000002, -5.2003, -7.55, -0.009355
25, 13.19999999999999, -5.400000000000001, -7.55, 13.1995, -5.399100000000001, -7.5501000000000005, -0.009366
25, 13.19999999999999, -5.600000000000001, -7.55, 13.199800000000002, -5.5994, -7.5501000000000005, -0.009371
25, 13.19999999999999, -5.800000000000002, -7.55, 13.20085, -5.80025, -7.5501000000000005, -0.009355
25, 13.19999999999999, -6.000000000000002, -7.55, 13.1994, -5.99985, -7.5498, -0.009319
25, 13.19999999999999, -6.200000000000002, -7.55, 13.199650000000002, -6.199400000000001, -7.5498, -0.009329
26, 12.999999999999991, -6.200000000000002, -7.55, 13.000300000000001, -6.19965, -7.550200000000001, -0.009355
26, 12.799999999999992, -6.200000000000002, -7.55, 12.799850000000001, -6.20035, -7.550050000000001, -0.00936
26, 12.599999999999993, -6.200000000000002, -7.55, 12.600700000000002, -6.199450000000001, -7.54985, -0.00936
26, 12.399999999999993, -6.200000000000002, -7.55, 12.400150000000002, -6.2005, -7.54985, -0.00935
26, 12.199999999999994, -6.200000000000002, -7.55, 12.200800000000001, -6.199450000000001, -7.549950000000001, -0.009314
26, 11.999999999999995, -6.200000000000002, -7.55, 11.9992, -6.1995, -7.5501000000000005, -0.009324
26, 11.799999999999995, -6.200000000000002, -7.55, 11.799400000000002, -6.2005, -7.55015, -0.009308
26, 11.599999999999996, -6.200000000000002, -7.55, 11.6, -6.200200000000001, -7.549950000000001, -0.009329
26, 11.399999999999997, -6.200000000000002, -7.55, 11.39935, -6.200150000000001, -7.54985, -0.009355
26, 11.199999999999998, -6.200000000000002, -7.55, 11.20085, -6.1998, -7.5498, -0.009371
26, 10.999999999999998, -6.200000000000002, -7.55, 11.000650000000002, -6.199450000000001, -7.549950000000001, -0.009319
26, 10.799999999999999, -6.200000000000002, -7.55, 10.799700000000001, -6.2004, -7.550200000000001, -0.009329
26, 10.6, -6.200000000000002, -7.55, 10.600050000000001, -6.199700000000001, -7.5501000000000005, -0.009314
26, 10.4, -6.200000000000002, -7.55, 10.4006, -6.1998, -7.549950000000001, -0.009345
26, 10.200000000000001, -6.200000000000002, -7.55, 10.200550000000002, -6.2003, -7.54985, -0.009329
26, 10.000000000000002, -6.200000000000002, -7.55, 10.0004, -6.19965, -7.5501000000000005, -0.009366
26, 9.800000000000002, -6.200000000000002, -7.55, 9.80015, -6.19975, -7.550200000000001, -0.009319
26, 9.600000000000003, -6.200000000000002, -7.55, 9.5999, -6.19995, -7.5501000000000005, -0.009366
26, 9.400000000000004, -6.200000000000002, -7.55, 9.399550000000001, -6.20025, -7.54985, -0.00934
26, 9.200000000000005, -6.200000000000002, -7.55, 9.2, -6.20025, -7.549900000000001, -0.009329
26, 9.000000000000005, -6.200000000000002, -7.55, 8.99975, -6.199450000000001, -7.55, -0.009329
26, 8.800000000000006, -6.200000000000002, -7.55, 8.80065, -6.2004, -7.55, -0.009324
26, 8.600000000000007, -6.200000000000002, -7.55, 8.59875, -6.2001, -7.550050000000001, -0.009324
26, 8.400000000000007, -6.200000000000002, -7.55, 8.39945, -6.19965, -7.55015, -0.009366
26, 8.200000000000008, -6.200000000000002, -7.55, 8.20085, -6.20025, -7.5501000000000005, -0.009334
26, 8.000000000000009, -6.200000000000002, -7.55, 8.0005, -6.2001, -7.5501000000000005, -0.009345
26, 8.000000000000009, -6.000000000000002, -7.55, 7.999950000000001, -5.99955, -7.54985, -0.009314
26, 8.000000000000009, -5.800000000000002, -7.55, 7.9999, -5.800050000000001, -7.54985, -0.009319
26, 8.000000000000009, -5.600000000000001, -7.55, 8.000150000000001, -5.600700000000001, -7.55, -0.009355
26, 8.000000000000009, -5.400000000000001, -7.55, 8.0001, -5.399700000000001, -7.549950000000001, -0.009319
26, 8.000000000000009, -5.200000000000001, -7.55, 7.9998000000000005, -5.2003, -7.55, -0.009314
26, 8.000000000000009, -5.000000000000001, -7.55, 7.999700000000001, -4.999650000000001, -7.549950000000001, -0.009319
26, 8.000000000000009, -4.800000000000001, -7.55, 8.000350000000001, -4.7995, -7.5501000000000005, -0.009308
26, 8.000000000000009, -4.6000000000000005, -7.55, 7.99985, -4.59995, -7.550200000000001, -0.009345
26, 8.000000000000009, -4.4, -7.55, 7.9998000000000005, -4.3998, -7.5501000000000005, -0.009334
26, 8.000000000000009, -4.2, -7.55, 7.999650000000001, -4.20055, -7.55, -0.009324
26, 8.000000000000009, -4.0, -7.55, 7.99985, -4.00045, -7.55, -0.009355
26, 8.000000000000009, -3.8, -7.55, 8.00075, -3.79985, -7.55, -0.00936
26, 8.000000000000009, -3.5999999999999996, -7.55, 7.9996, -3.5989500000000003, -7.549900000000001, -0.009355
26, 8.000000000000009, -3.3999999999999995, -7.55, 8.00045, -3.4005, -7.549900000000001, -0.009366
26, 8.000000000000009, -3.1999999999999993, -7.55, 8.0004, -3.1996, -7.55, -0.009324
26, 8.000000000000009, -2.999999999999999, -7.55, 8.000150000000001, -2.9994500000000004, -7.55, -0.00934
26, 8.000000000000009, -2.799999999999999, -7.55, 8.00005, -2.7997, -7.55, -0.00936
26, 8.000000000000009, -2.5999999999999988, -7.55, 7.9998000000000005, -2.59965, -7.55, -0.009324
26, 8.000000000000009, -2.3999999999999986, -7.55, 8.0004, -2.3999, -7.5501000000000005, -0.009371
26, 8.000000000000009, -2.1999999999999984, -7.55, 7.999700000000001, -2.19925, -7.55025, -0.009355
26, 8.000000000000009, -1.9999999999999984, -7.55, 7.9999, -1.9996, -7.55, -0.00935
26, 8.000000000000009, -1.7999999999999985, -7.55, 8.00055, -1.8001, -7.55, -0.00934
26, 8.000000000000009, -1.5999999999999985, -7.55, 7.999700000000001, -1.5998500000000002, -7.55, -0.00934
26, 8.000000000000009, -1.3999999999999986, -7.55, 7.999700000000001, -1.3989, -7.55, -0.009314
26, 8.000000000000009, -1.1999999999999986, -7.55, 8.00025, -1.2, -7.550050000000001, -0.009319
26, 8.000000000000009, -0.9999999999999987, -7.55, 7.9998000000000005, -1.00095, -7.5498, -0.00934
27, 8.200000000000008, -0.9999999999999987, -7.55, 8.1995, -1.00035, -7.5498, -0.009345
27, 8.400000000000007, -0.9999999999999987, -7.55, 8.4008, -1.0004000000000002, -7.55015, -0.00936
27, 8.600000000000007, -0.9999999999999987, -7.55, 8.600700000000002, -0.99975, -7.55025, -0.009371
27, 8.800000000000006, -0.9999999999999987, -7.55, 8.79945, -1.0, -7.549950000000001, -0.009329
27, 9.000000000000005, -0.9999999999999987, -7.55, 8.99975, -1.00005, -7.55, -0.009319
27, 9.200000000000005, -0.9999999999999987, -7.55, 9.2002, -0.9998, -7.549950000000001, -0.009345
27, 9.400000000000004, -0.9999999999999987, -7.55, 9.39945, -1.0, -7.54985, -0.009334
27, 9.600000000000003, -0.9999999999999987, -7.55, 9.600050000000001, -0.9998, -7.5501000000000005, -0.009366
27, 9.800000000000002, -0.9999999999999987, -7.55, 9.7995, -0.9998, -7.550200000000001, -0.009355
27, 10.000000000000002, -0.9999999999999987, -7.55, 9.9992, -0.99995, -7.550200000000001, -0.009345
27, 10.200000000000001, -0.9999999999999987, -7.55, 10.199900000000001, -1.00035, -7.54985, -0.009366
27, 10.4, -0.9999999999999987, -7.55, 10.3999, -0.99985, -7.54975, -0.009308
27, 10.6, -0.9999999999999987, -7.55, 10.599450000000001, -1.00055, -7.55015, -0.009371
27, 10.799999999999999, -0.9999999999999987, -7.55, 10.799900000000001, -0.9998, -7.550200000000001, -0.009329
27, 10.999999999999998, -0.9999999999999987, -7.55, 11.000650000000002, -0.99985, -7.549950000000001, -0.009308
27, 11.199999999999998, -0.9999999999999987, -7.55, 11.19925, -1.0005, -7.549900000000001, -0.009355
27, 11.399999999999997, -0.9999999999999987, -7.55, 11.39905, -0.99995, -7.54985, -0.009314
27, 11.599999999999996, -0.9999999999999987, -7.55, 11.6003, -0.9999000000000001, -7.5501000000000005, -0.009324
27, 11.799999999999995, -0.9999999999999987, -7.55, 11.80075, -0.99985, -7.550200000000001, -0.009308
27, 11.999999999999995, -0.9999999999999987, -7.55, 11.99975, -1.0003, -7.5501000000000005, -0.009355
27, 12.199999999999994, -0.9999999999999987, -7.55, 12.19945, -1.0, -7.55, -0.009319
27, 12.399999999999993, -0.9999999999999987, -7.55, 12.3998, -0.9999000000000001, -7.549950000000001, -0.009355
27, 12.599999999999993, -0.9999999999999987, -7.55, 12.59895, -0.9999000000000001, -7.54985, -0.009355
27, 12.799999999999992, -0.9999999999999987, -7.55, 12.8007, -1.0, -7.549900000000001, -0.009345
27, 12.999999999999991, -0.9999999999999987, -7.55, 13.000300000000001, -1.0001, -7.5501000000000005, -0.009371
27, 13.19999999999999, -0.9999999999999987, -7.55, 13.200400000000002, -0.99995, -7.550200000000001, -0.009324
27, 13.39999999999999, -0.9999999999999987, -7.55, 13.399400000000002, -0.99995, -7.5501000000000005, -0.009329
27, 13.39999999999999, -1.1999999999999986, -7.55, 13.3999, -1.1999000000000002, -7.54985, -0.009303
27, 13.39999999999999, -1.3999999999999986, -7.55, 13.39975, -1.4003500000000002, -7.55, -0.009329
27, 13.39999999999999, -1.5999999999999985, -7.55, 13.3991, -1.6002, -7.5501000000000005, -0.00936
27, 13.39999999999999, -1.7999999999999985, -7.55, 13.3999, -1.7998500000000002, -7.550200000000001, -0.009314
27, 13.39999999999999, -1.9999999999999984, -7.55, 13.399650000000001, -1.99975, -7.5501000000000005, -0.009334
27, 13.39999999999999, -2.1999999999999984, -7.55, 13.39985, -2.2002, -7.54985, -0.009314
27, 13.39999999999999, -2.3999999999999986, -7.55, 13.398550000000002, -2.4003, -7.549900000000001, -0.00936
27, 13.39999999999999, -2.5999999999999988, -7.55, 13.3996, -2.6002, -7.5501000000000005, -0.009345
27, 13.39999999999999, -2.799999999999999, -7.55, 13.40035, -2.8, -7.5501000000000005, -0.009329
27, 13.39999999999999, -2.999999999999999, -7.55, 13.400300000000001, -3.00055, -7.5501000000000005, -0.009381
27, 13.39999999999999, -3.1999999999999993, -7.55, 13.39975, -3.2005, -7.55, -0.009334
27, 13.39999999999999, -3.3999999999999995, -7.55, 13.4001, -3.40015, -7.54985, -0.009324
27, 13.39999999999999, -3.5999999999999996, -7.55, 13.399700000000001, -3.5991000000000004, -7.54985, -0.00936
27, 13.39999999999999, -3.8, -7.55, 13.40005, -3.79965, -7.55, -0.009371
27, 13.39999999999999, -4.0, -7.55, 13.3998, -4.0002, -7.55, -0.009293
27, 13.39999999999999, -4.2, -7.55, 13.4006, -4.1998500000000005, -7.550200000000001, -0.009329
27, 13.39999999999999, -4.4, -7.55, 13.399150000000002, -4.3993, -7.550200000000001, -0.009355
27, 13.39999999999999, -4.6000000000000005, -7.55, 13.40025, -4.5996500000000005, -7.55, -0.009314
27, 13.39999999999999, -4.800000000000001, -7.55, 13.399700000000001, -4.79985, -7.54985, -0.009345
27, 13.39999999999999, -5.000000000000001, -7.55, 13.39975, -4.99955, -7.5501000000000005, -0.009334
27, 13.39999999999999, -5.200000000000001, -7.55, 13.39925, -5.2003, -7.550200000000001, -0.009308
27, 13.39999999999999, -5.400000000000001, -7.55, 13.399550000000001, -5.3999500000000005, -7.549950000000001, -0.00936
27, 13.39999999999999, -5.600000000000001, -7.55, 13.4, -5.599600000000001, -7.54985, -0.00936
27, 13.39999999999999, -5.800000000000002, -7.55, 13.400900000000002, -5.8003, -7.549950000000001, -0.009303
27, 13.39999999999999, -6.000000000000002, -7.55, 13.3995, -6.0, -7.550200000000001, -0.009334
27, 13.39999999999999, -6.200000000000002, -7.55, 13.3995, -6.1996, -7.55, -0.009345
27, 13.39999999999999, -6.400000000000002, -7.55, 13.4007, -6.400600000000001, -7.55, -0.009381
28, 13.19999999999999, -6.400000000000002, -7.55, 13.200400000000002, -6.3995500000000005, -7.54975, -0.009314
28, 12.999999999999991, -6.400000000000002, -7.55, 13.00045, -6.3999500000000005, -7.5501000000000005, -0.009334
28, 12.799999999999992, -6.400000000000002, -7.55, 12.80075, -6.4, -7.550200000000001, -0.009345
28, 12.599999999999993, -6.400000000000002, -7.55, 12.59955, -6.3999500000000005, -7.5501000000000005, -0.009324
28, 12.399999999999993, -6.400000000000002, -7.55, 12.399550000000001, -6.3999500000000005, -7.54985, -0.009387
28, 12.199999999999994, -6.400000000000002, -7.55, 12.201450000000001, -6.4, -7.54985, -0.009293
28, 11.999999999999995, -6.400000000000002, -7.55, 11.99895, -6.4, -7.54985, -0.00935
28, 11.799999999999995, -6.400000000000002, -7.55, 11.799550000000002, -6.399900000000001, -7.5501000000000005, -0.009324
28, 11.599999999999996, -6.400000000000002, -7.55, 11.599950000000002, -6.4005, -7.550200000000001, -0.009334
28, 11.399999999999997, -6.400000000000002, -7.55, 11.3995, -6.399850000000001, -7.549950000000001, -0.009329
28, 11.199999999999998, -6.400000000000002, -7.55, 11.199800000000002, -6.3998, -7.54985, -0.009366
28, 10.999999999999998, -6.400000000000002, -7.55, 11.0005, -6.399900000000001, -7.54985, -0.009308
28, 10.799999999999999, -6.400000000000002, -7.55, 10.799800000000001, -6.3999500000000005, -7.549900000000001, -0.009319
28, 10.6, -6.400000000000002, -7.55, 10.599900000000002, -6.40005, -7.55, -0.009324
28, 10.4, -6.400000000000002, -7.55, 10.400300000000001, -6.400200000000001, -7.55, -0.009366
28, 10.200000000000001, -6.400000000000002, -7.55, 10.19985, -6.40005, -7.55, -0.009324
28, 10.000000000000002, -6.400000000000002, -7.55, 10.000800000000002, -6.399850000000001, -7.55015, -0.009319
28, 9.800000000000002, -6.400000000000002, -7.55, 9.8005, -6.399850000000001, -7.550200000000001, -0.009355
28, 9.600000000000003, -6.400000000000002, -7.55, 9.59975, -6.4, -7.55015, -0.00935
28, 9.400000000000004, -6.400000000000002, -7.55, 9.4, -6.40035, -7.549950000000001, -0.009314
28, 9.200000000000005, -6.400000000000002, -7.55, 9.2003, -6.40005, -7.54985, -0.009329
28, 9.000000000000005, -6.400000000000002, -7.55, 8.99935, -6.399850000000001, -7.549950000000001, -0.00935
28, 8.800000000000006, -6.400000000000002, -7.55, 8.8008, -6.399900000000001, -7.550200000000001, -0.009355
28, 8.600000000000007, -6.400000000000002, -7.55, 8.5995, -6.4, -7.550200000000001, -0.009324
28, 8.400000000000007, -6.400000000000002, -7.55, 8.3998, -6.40005, -7.549950000000001, -0.009355
28, 8.200000000000008, -6.400000000000002, -7.55, 8.200700000000001, -6.40005, -7.54985, -0.009334
28, 8.000000000000009, -6.400000000000002, -7.55, 7.99955, -6.40005, -7.549900000000001, -0.009324
28, 7.800000000000009, -6.400000000000002, -7.55, 7.8003, -6.399850000000001, -7.55, -0.009314
28, 7.800000000000009, -6.200000000000002, -7.55, 7.799600000000001, -6.2003, -7.5501000000000005, -0.009324
28, 7.800000000000009, -6.000000000000002, -7.55, 7.80055, -6.0003, -7.5501000000000005, -0.009324
28, 7.800000000000009, -5.800000000000002, -7.55, 7.799650000000001, -5.7995, -7.55, -0.009355
28, 7.800000000000009, -5.600000000000001, -7.55, 7.80055, -5.599950000000001, -7.54985, -0.00936
28, 7.800000000000009, -5.400000000000001, -7.55, 7.8001000000000005, -5.3992, -7.54985, -0.009329
28, 7.800000000000009, -5.200000000000001, -7.55, 7.7997000000000005, -5.200450000000001, -7.55, -0.009329
28, 7.800000000000009, -5.000000000000001, -7.55, 7.8003, -5.0, -7.550200000000001, -0.009314
28, 7.800000000000009, -4.800000000000001, -7.55, 7.800950000000001, -4.8003, -7.550200000000001, -0.009324
28, 7.800000000000009, -4.6000000000000005, -7.55, 7.8005, -4.59985, -7.55015, -0.009345
28, 7.800000000000009, -4.4, -7.55, 7.7997000000000005, -4.39995, -7.5498, -0.009355
28, 7.800000000000009, -4.2, -7.55, 7.8, -4.200900000000001, -7.54975, -0.009314
28, 7.800000000000009, -4.0, -7.55, 7.79975, -4.00025, -7.5498, -0.00936
28, 7.800000000000009, -3.8, -7.55, 7.800200000000001, -3.7999500000000004, -7.5501000000000005, -0.009314
28, 7.800000000000009, -3.5999999999999996, -7.55, 7.799900000000001, -3.5995500000000002, -7.550050000000001, -0.009324
28, 7.800000000000009, -3.3999999999999995, -7.55, 7.800350000000001, -3.40045, -7.5498, -0.009324
28, 7.800000000000009, -3.1999999999999993, -7.55, 7.8006, -3.1997000000000004, -7.54975, -0.009381
28, 7.800000000000009, -2.999999999999999, -7.55, 7.80015, -2.99955, -7.5501000000000005, -0.009314
28, 7.800000000000009, -2.799999999999999, -7.55, 7.79955, -2.7999, -7.55025, -0.009366
28, 7.800000000000009, -2.5999999999999988, -7.55, 7.800350000000001, -2.5995, -7.550200000000001, -0.009314
28, 7.800000000000009, -2.3999999999999986, -7.55, 7.8005, -2.3999, -7.54985, -0.009324
28, 7.800000000000009, -2.1999999999999984, -7.55, 7.800050000000001, -2.1992000000000003, -7.5498, -0.00936
28, 7.800000000000009, -1.9999999999999984, -7.55, 7.80075, -1.9999500000000001, -7.55025, -0.00935
28, 7.800000000000009, -1.7999999999999985, -7.55, 7.7997000000000005, -1.80045, -7.55015, -0.00935
28, 7.800000000000009, -1.5999999999999985, -7.55, 7.799900000000001, -1.5998500000000002, -7.55, -0.009293
28, 7.800000000000009, -1.3999999999999986, -7.55, 7.800350000000001, -1.4003500000000002, -7.54985, -0.009314
28, 7.800000000000009, -1.1999999999999986, -7.55, 7.8, -1.20045, -7.55, -0.009319
28, 7.800000000000009, -0.9999999999999987, -7.55, 7.80015, -1.00065, -7.55, -0.00936
28, 7.800000000000009, -0.7999999999999987, -7.55, 7.800050000000001, -0.799, -7.55, -0.00934
29, 8.000000000000009, -0.7999999999999987, -7.55, 8.0, -0.80005, -7.55, -0.009355
29, 8.200000000000008, -0.7999999999999987, -7.55, 8.2001, -0.79995, -7.55015, -0.00934
29, 8.400000000000007, -0.7999999999999987, -7.55, 8.4, -0.80005, -7.5501000000000005, -0.009345
29, 8.600000000000007, -0.7999999999999987, -7.55, 8.600550000000002, -0.80005, -7.55, -0.009371
29, 8.800000000000006, -0.7999999999999987, -7.55, 8.8001, -0.80005, -7.550050000000001, -0.009371
29, 9.000000000000005, -0.7999999999999987, -7.55, 9.000300000000001, -0.79975, -7.54975, -0.009319
29, 9.200000000000005, -0.7999999999999987, -7.55, 9.2004, -0.8, -7.55, -0.009345
29, 9.400000000000004, -0.7999999999999987, -7.55, 9.401, -0.8001, -7.55, -0.009376
29, 9.600000000000003, -0.7999999999999987, -7.55, 9.599800000000002, -0.8, -7.55, -0.009303
29, 9.800000000000002, -0.7999999999999987, -7.55, 9.800300000000002, -0.8, -7.55, -0.009376
29, 10.000000000000002, -0.7999999999999987, -7.55, 9.999, -0.8, -7.55, -0.009329
29, 10.200000000000001, -0.7999999999999987, -7.55, 10.199200000000001, -0.79995, -7.55, -0.00935
29, 10.4, -0.7999999999999987, -7.55, 10.40085, -0.8, -7.55015, -0.009314
29, 10.6, -0.7999999999999987, -7.55, 10.6006, -0.8, -7.550200000000001, -0.009319
29, 10.799999999999999, -0.7999999999999987, -7.55, 10.799850000000001, -0.79995, -7.550050000000001, -0.009371
29, 10.999999999999998, -0.7999999999999987, -7.55, 10.999550000000001, -0.79995, -7.54975, -0.009387
29, 11.199999999999998, -0.7999999999999987, -7.55, 11.2009, -0.7999, -7.55, -0.009345
29, 11.399999999999997, -0.7999999999999987, -7.55, 11.400150000000002, -0.7998500000000001, -7.55, -0.009355
29, 11.599999999999996, -0.7999999999999987, -7.55, 11.59985, -0.7999, -7.549950000000001, -0.00936
29, 11.799999999999995, -0.7999999999999987, -7.55, 11.799150000000001, -0.7998500000000001, -7.550200000000001, -0.00935
29, 11.999999999999995, -0.7999999999999987, -7.55, 12.0007, -0.7998000000000001, -7.5501000000000005, -0.009345
29, 12.199999999999994, -0.7999999999999987, -7.55, 12.20025, -0.7998500000000001, -7.549900000000001, -0.009314
29, 12.399999999999993, -0.7999999999999987, -7.55, 12.3993, -0.8001500000000001, -7.54975, -0.009293
29, 12.599999999999993, -0.7999999999999987, -7.55, 12.599, -0.7998000000000001, -7.55, -0.009319
29, 12.799999999999992, -0.7999999999999987, -7.55, 12.80035, -0.7999, -7.55, -0.009371
29, 12.999999999999991, -0.7999999999999987, -7.55, 13.0004, -0.79975, -7.55, -0.009308
29, 13.19999999999999, -0.7999999999999987, -7.55, 13.1995, -0.79995, -7.55, -0.009355
29, 13.39999999999999, -0.7999999999999987, -7.55, 13.3999, -0.7998000000000001, -7.5501000000000005, -0.009308
29, 13.599999999999989, -0.7999999999999987, -7.55, 13.599400000000001, -0.8005, -7.5501000000000005, -0.009355
29, 13.599999999999989, -0.9999999999999987, -7.55, 13.5995, -1.0008000000000001, -7.550050000000001, -0.00936
29, 13.599999999999989, -1.1999999999999986, -7.55, 13.599950000000002, -1.1999000000000002, -7.55, -0.009324
29, 13.599999999999989, -1.3999999999999986, -7.55, 13.600050000000001, -1.39975, -7.549950000000001, -0.00935
29, 13.599999999999989, -1.5999999999999985, -7.55, 13.599300000000001, -1.6004, -7.5498, -0.00934
29, 13.599999999999989, -1.7999999999999985, -7.55, 13.599200000000002, -1.8007, -7.549950000000001, -0.009371
29, 13.599999999999989, -1.9999999999999984, -7.55, 13.599400000000001, -1.9999500000000001, -7.5501000000000005, -0.009371
29, 13.599999999999989, -2.1999999999999984, -7.55, 13.599350000000001, -2.20075, -7.550200000000001, -0.009355
29, 13.599999999999989, -2.3999999999999986, -7.55, 13.60105, -2.40025, -7.549900000000001, -0.00935
29, 13.599999999999989, -2.5999999999999988, -7.55, 13.599, -2.5993000000000004, -7.54985, -0.009308
29, 13.599999999999989, -2.799999999999999, -7.55, 13.599200000000002, -2.80105, -7.549900000000001, -0.009319
29, 13.599999999999989, -2.999999999999999, -7.55, 13.5995, -3.00075, -7.55015, -0.009355
29, 13.599999999999989, -3.1999999999999993, -7.55, 13.59955, -3.2005, -7.5501000000000005, -0.00935
29, 13.599999999999989, -3.3999999999999995, -7.55, 13.59975, -3.40045, -7.550050000000001, -0.009324
29, 13.599999999999989, -3.5999999999999996, -7.55, 13.5997, -3.5996000000000006, -7.54985, -0.00935
29, 13.599999999999989, -3.8, -7.55, 13.60045, -3.7997, -7.549950000000001, -0.009319
29, 13.599999999999989, -4.0, -7.55, 13.599400000000001, -4.0003, -7.550200000000001, -0.00935
29, 13.599999999999989, -4.2, -7.55, 13.599650000000002, -4.1996, -7.5501000000000005, -0.00935
29, 13.599999999999989, -4.4, -7.55, 13.600050000000001, -4.39935, -7.54985, -0.00935
29, 13.599999999999989, -4.6000000000000005, -7.55, 13.600700000000002, -4.6008000000000004, -7.54985, -0.009298
29, 13.599999999999989, -4.800000000000001, -7.55, 13.599900000000002, -4.8, -7.549950000000001, -0.009345
29, 13.599999999999989, -5.000000000000001, -7.55, 13.599800000000002, -4.999700000000001, -7.550200000000001, -0.009334
29, 13.599999999999989, -5.200000000000001, -7.55, 13.59975, -5.201, -7.5501000000000005, -0.009324
29, 13.599999999999989, -5.400000000000001, -7.55, 13.6003, -5.399900000000001, -7.54985, -0.009334
29, 13.599999999999989, -5.600000000000001, -7.55, 13.599400000000001, -5.5996500000000005, -7.5501000000000005, -0.009319
29, 13.599999999999989, -5.800000000000002, -7.55, 13.600200000000001, -5.799900000000001, -7.550200000000001, -0.00934
29, 13.599999999999989, -6.000000000000002, -7.55, 13.59925, -5.9998000000000005, -7.5501000000000005, -0.00936
29, 13.599999999999989, -6.200000000000002, -7.55, 13.599650000000002, -6.199450000000001, -7.54985, -0.009319
29, 13.599999999999989, -6.400000000000002, -7.55, 13.600400000000002, -6.400650000000001, -7.54985, -0.009355
29, 13.599999999999989, -6.600000000000002, -7.55, 13.5995, -6.599900000000001, -7.5501000000000005, -0.009329
30, 13.39999999999999, -6.600000000000002, -7.55, 13.4005, -6.6003, -7.550200000000001, -0.00935
30, 13.19999999999999, -6.600000000000002, -7.55, 13.20025, -6.6001, -7.55015, -0.00936
30, 12.999999999999991, -6.600000000000002, -7.55, 12.999600000000001, -6.599900000000001, -7.55, -0.009329
30, 12.799999999999992, -6.600000000000002, -7.55, 12.8002, -6.59985, -7.54985, -0.009366
30, 12.599999999999993, -6.600000000000002, -7.55, 12.599400000000001, -6.6, -7.549900000000001, -0.009314
30, 12.399999999999993, -6.600000000000002, -7.55, 12.3995, -6.6001, -7.550050000000001, -0.009319
30, 12.199999999999994, -6.600000000000002, -7.55, 12.20105, -6.6001, -7.5501000000000005, -0.009334
30, 11.999999999999995, -6.600000000000002, -7.55, 12.000050000000002, -6.60005, -7.5501000000000005, -0.009329
30, 11.799999999999995, -6.600000000000002, -7.55, 11.799550000000002, -6.6, -7.5501000000000005, -0.009355
30, 11.599999999999996, -6.600000000000002, -7.55, 11.599650000000002, -6.599900000000001, -7.54985, -0.00936
30, 11.399999999999997, -6.600000000000002, -7.55, 11.4002, -6.599950000000001, -7.55, -0.009334
30, 11.199999999999998, -6.600000000000002, -7.55, 11.20075, -6.6, -7.55, -0.00934
30, 10.999999999999998, -6.600000000000002, -7.55, 11.000300000000001, -6.6, -7.5501000000000005, -0.00935
30, 10.799999999999999, -6.600000000000002, -7.55, 10.79975, -6.60005, -7.550200000000001, -0.009366
30, 10.6, -6.600000000000002, -7.55, 10.6003, -6.6001, -7.550200000000001, -0.009345
30, 10.4, -6.600000000000002, -7.55, 10.40025, -6.6, -7.5501000000000005, -0.009319
30, 10.200000000000001, -6.600000000000002, -7.55, 10.199800000000002, -6.6001, -7.5498, -0.009324
30, 10.000000000000002, -6.600000000000002, -7.55, 10.000650000000002, -6.599950000000001, -7.55, -0.009319
30, 9.800000000000002, -6.600000000000002, -7.55, 9.801050000000002, -6.599900000000001, -7.55, -0.009303
30, 9.600000000000003, -6.600000000000002, -7.55, 9.600100000000001, -6.599900000000001, -7.55, -0.009314
30, 9.400000000000004, -6.600000000000002, -7.55, 9.400300000000001, -6.6, -7.55, -0.00935
30, 9.200000000000005, -6.600000000000002, -7.55, 9.200050000000001, -6.60015, -7.5501000000000005, -0.009329
30, 9.000000000000005, -6.600000000000002, -7.55, 8.999450000000001, -6.6001, -7.550200000000001, -0.009329
30, 8.800000000000006, -6.600000000000002, -7.55, 8.8007, -6.6, -7.5501000000000005, -0.009345
30, 8.600000000000007, -6.600000000000002, -7.55, 8.5996, -6.599900000000001, -7.55, -0.009355
30, 8.400000000000007, -6.600000000000002, -7.55, 8.399899999999999, -6.59985, -7.54985, -0.00936
30, 8.200000000000008, -6.600000000000002, -7.55, 8.20105, -6.6, -7.5498, -0.009355
30, 8.000000000000009, -6.600000000000002, -7.55, 8.0, -6.60005, -7.5501000000000005, -0.009345
30, 7.800000000000009, -6.600000000000002, -7.55, 7.80015, -6.60005, -7.550200000000001, -0.009319
30, 7.6000000000000085, -6.600000000000002, -7.55, 7.6005, -6.60005, -7.5501000000000005, -0.009319
30, 7.6000000000000085, -6.400000000000002, -7.55, 7.5998, -6.399100000000001, -7.549950000000001, -0.009329
30, 7.6000000000000085, -6.200000000000002, -7.55, 7.6, -6.2, -7.54985, -0.009376
30, 7.6000000000000085, -6.000000000000002, -7.55, 7.6001, -6.0003, -7.55, -0.009355
30, 7.6000000000000085, -5.800000000000002, -7.55, 7.5997, -5.79985, -7.549950000000001, -0.009319
30, 7.6000000000000085, -5.600000000000001, -7.55, 7.6004000000000005, -5.6003, -7.550200000000001, -0.009319
30, 7.6000000000000085, -5.400000000000001, -7.55, 7.60005, -5.399400000000001, -7.550200000000001, -0.00936
30, 7.6000000000000085, -5.200000000000001, -7.55, 7.599900000000001, -5.2005, -7.55, -0.009319
30, 7.6000000000000085, -5.000000000000001, -7.55, 7.6001, -5.0002, -7.54985, -0.009345
30, 7.6000000000000085, -4.800000000000001, -7.55, 7.5998, -4.79975, -7.54985, -0.009303
30, 7.6000000000000085, -4.6000000000000005, -7.55, 7.59975, -4.60015, -7.55, -0.009319
30, 7.6000000000000085, -4.4, -7.55, 7.6001, -4.399900000000001, -7.55, -0.009319
30, 7.6000000000000085, -4.2, -7.55, 7.5995, -4.200699999999999, -7.55, -0.009355
30, 7.6000000000000085, -4.0, -7.55, 7.599900000000001, -4.0006, -7.550050000000001, -0.009303
30, 7.6000000000000085, -3.8, -7.55, 7.60055, -3.79985, -7.5501000000000005, -0.009345
30, 7.6000000000000085, -3.5999999999999996, -7.55, 7.600200000000001, -3.5992, -7.55, -0.009314
30, 7.6000000000000085, -3.3999999999999995, -7.55, 7.60015, -3.40045, -7.54985, -0.00936
30, 7.6000000000000085, -3.1999999999999993, -7.55, 7.5998, -3.1997000000000004, -7.549900000000001, -0.009334
30, 7.6000000000000085, -2.999999999999999, -7.55, 7.6004000000000005, -2.9999000000000002, -7.550050000000001, -0.00935
30, 7.6000000000000085, -2.799999999999999, -7.55, 7.600650000000001, -2.7998000000000003, -7.5501000000000005, -0.009319
30, 7.6000000000000085, -2.5999999999999988, -7.55, 7.5997, -2.59975, -7.5501000000000005, -0.009324
30, 7.6000000000000085, -2.3999999999999986, -7.55, 7.600200000000001, -2.4, -7.550050000000001, -0.009319
30, 7.6000000000000085, -2.1999999999999984, -7.55, 7.600200000000001, -2.19935, -7.55, -0.009366
30, 7.6000000000000085, -1.9999999999999984, -7.55, 7.6003, -1.9996, -7.549950000000001, -0.009334
30, 7.6000000000000085, -1.7999999999999985, -7.55, 7.59975, -1.8001500000000001, -7.549900000000001, -0.00936
30, 7.6000000000000085, -1.5999999999999985, -7.55, 7.59985, -1.59975, -7.54985, -0.009319
30, 7.6000000000000085, -1.3999999999999986, -7.55, 7.6008000000000004, -1.4003, -7.55, -0.00935
30, 7.6000000000000085, -1.1999999999999986, -7.55, 7.59985, -1.2001000000000002, -7.5501000000000005, -0.009334
30, 7.6000000000000085, -0.9999999999999987, -7.55, 7.6003, -1.0005, -7.5501000000000005, -0.009319
30, 7.6000000000000085, -0.7999999999999987, -7.55, 7.60015, -0.8001, -7.549950000000001, -0.00934
30, 7.6000000000000085, -0.5999999999999988, -7.55, 7.59985, -0.6005, -7.549900000000001, -0.009298
0, 10.6, -3.6, -7.45, 7.6, -0.60045, -7.549900000000001, -0.009319
