Voltage = 3.8, Current = 20.3, Pinhole = 10um, Objective = 20x, NA = 0.42 
0, 10.6, -3.6, -7.55, 10.59985, -3.59905, -7.550200000000001, -0.009303
1, 10.65, -3.6, -7.55, 10.6498, -3.60065, -7.549900000000001, -0.009298
1, 10.65, -3.65, -7.55, 10.6506, -3.65045, -7.54985, -0.009329
2, 10.6, -3.65, -7.55, 10.5997, -3.6497, -7.550200000000001, -0.00934
2, 10.549999999999999, -3.65, -7.55, 10.550400000000002, -3.6499, -7.550200000000001, -0.009282
2, 10.549999999999999, -3.6, -7.55, 10.54975, -3.6004500000000004, -7.54985, -0.009334
2, 10.549999999999999, -3.5500000000000003, -7.55, 10.54975, -3.55005, -7.55, -0.009287
3, 10.6, -3.5500000000000003, -7.55, 10.601, -3.5503, -7.549950000000001, -0.009329
3, 10.65, -3.5500000000000003, -7.55, 10.64925, -3.55025, -7.55025, -0.009303
3, 10.700000000000001, -3.5500000000000003, -7.55, 10.700650000000001, -3.55005, -7.54985, -0.009329
3, 10.700000000000001, -3.6, -7.55, 10.70045, -3.6008, -7.54985, -0.009298
3, 10.700000000000001, -3.65, -7.55, 10.69865, -3.6506000000000003, -7.5501000000000005, -0.009319
3, 10.700000000000001, -3.6999999999999997, -7.55, 10.698, -3.7009000000000003, -7.5501000000000005, -0.009298
4, 10.65, -3.6999999999999997, -7.55, 10.649150000000002, -3.6998, -7.5501000000000005, -0.009293
4, 10.6, -3.6999999999999997, -7.55, 10.600100000000001, -3.6999500000000003, -7.550050000000001, -0.009314
4, 10.549999999999999, -3.6999999999999997, -7.55, 10.5495, -3.70025, -7.54985, -0.009334
4, 10.499999999999998, -3.6999999999999997, -7.55, 10.5006, -3.6999, -7.55, -0.009345
4, 10.499999999999998, -3.65, -7.55, 10.4982, -3.6497, -7.549900000000001, -0.009329
4, 10.499999999999998, -3.6, -7.55, 10.5001, -3.60025, -7.550200000000001, -0.009355
4, 10.499999999999998, -3.5500000000000003, -7.55, 10.50055, -3.5495, -7.5501000000000005, -0.009293
4, 10.499999999999998, -3.5000000000000004, -7.55, 10.5001, -3.50075, -7.55, -0.009314
5, 10.549999999999999, -3.5000000000000004, -7.55, 10.55005, -3.4996000000000005, -7.54985, -0.009324
5, 10.6, -3.5000000000000004, -7.55, 10.601300000000002, -3.5003500000000005, -7.54985, -0.009293
5, 10.65, -3.5000000000000004, -7.55, 10.65025, -3.4996000000000005, -7.5501000000000005, -0.00934
5, 10.700000000000001, -3.5000000000000004, -7.55, 10.70015, -3.4998, -7.550050000000001, -0.009329
5, 10.750000000000002, -3.5000000000000004, -7.55, 10.74905, -3.4998500000000003, -7.5498, -0.009298
5, 10.750000000000002, -3.5500000000000003, -7.55, 10.750050000000002, -3.55045, -7.55, -0.009334
5, 10.750000000000002, -3.6, -7.55, 10.7491, -3.59905, -7.550200000000001, -0.009298
5, 10.750000000000002, -3.65, -7.55, 10.75, -3.651, -7.550050000000001, -0.009334
5, 10.750000000000002, -3.6999999999999997, -7.55, 10.751650000000001, -3.7003000000000004, -7.549900000000001, -0.009308
5, 10.750000000000002, -3.7499999999999996, -7.55, 10.749600000000001, -3.7498500000000003, -7.5498, -0.009319
6, 10.700000000000001, -3.7499999999999996, -7.55, 10.70135, -3.74965, -7.55015, -0.00934
6, 10.65, -3.7499999999999996, -7.55, 10.6514, -3.7497000000000003, -7.550200000000001, -0.009293
6, 10.6, -3.7499999999999996, -7.55, 10.60045, -3.75025, -7.54985, -0.009298
6, 10.549999999999999, -3.7499999999999996, -7.55, 10.5492, -3.74965, -7.5498, -0.009287
6, 10.499999999999998, -3.7499999999999996, -7.55, 10.5012, -3.7499000000000002, -7.549900000000001, -0.009334
6, 10.449999999999998, -3.7499999999999996, -7.55, 10.4503, -3.7503, -7.550200000000001, -0.009345
6, 10.449999999999998, -3.6999999999999997, -7.55, 10.44955, -3.6995, -7.55015, -0.009334
6, 10.449999999999998, -3.65, -7.55, 10.44925, -3.6493500000000005, -7.55, -0.009324
6, 10.449999999999998, -3.6, -7.55, 10.45075, -3.59905, -7.55, -0.009303
6, 10.449999999999998, -3.5500000000000003, -7.55, 10.44935, -3.5499500000000004, -7.55, -0.009282
6, 10.449999999999998, -3.5000000000000004, -7.55, 10.44935, -3.4999000000000002, -7.54985, -0.009319
6, 10.449999999999998, -3.4500000000000006, -7.55, 10.449800000000002, -3.4498, -7.54985, -0.009303
7, 10.499999999999998, -3.4500000000000006, -7.55, 10.49925, -3.45005, -7.55015, -0.009303
7, 10.549999999999999, -3.4500000000000006, -7.55, 10.549850000000001, -3.4499500000000003, -7.549950000000001, -0.009303
7, 10.6, -3.4500000000000006, -7.55, 10.600200000000001, -3.4501000000000004, -7.5498, -0.009303
7, 10.65, -3.4500000000000006, -7.55, 10.650400000000001, -3.4501500000000003, -7.549950000000001, -0.009298
7, 10.700000000000001, -3.4500000000000006, -7.55, 10.70075, -3.45005, -7.5501000000000005, -0.009293
7, 10.750000000000002, -3.4500000000000006, -7.55, 10.749550000000001, -3.4498500000000005, -7.55015, -0.009303
7, 10.800000000000002, -3.4500000000000006, -7.55, 10.799800000000001, -3.4498500000000005, -7.5498, -0.009282
7, 10.800000000000002, -3.5000000000000004, -7.55, 10.800300000000002, -3.4993000000000003, -7.549900000000001, -0.009298
7, 10.800000000000002, -3.5500000000000003, -7.55, 10.800600000000001, -3.55005, -7.550200000000001, -0.009308
7, 10.800000000000002, -3.6, -7.55, 10.8, -3.6004, -7.55015, -0.009303
7, 10.800000000000002, -3.65, -7.55, 10.801350000000001, -3.6496000000000004, -7.5498, -0.009345
7, 10.800000000000002, -3.6999999999999997, -7.55, 10.801, -3.70095, -7.5498, -0.009345
7, 10.800000000000002, -3.7499999999999996, -7.55, 10.799550000000002, -3.74975, -7.54985, -0.009303
7, 10.800000000000002, -3.7999999999999994, -7.55, 10.79845, -3.7998000000000003, -7.5501000000000005, -0.009303
8, 10.750000000000002, -3.7999999999999994, -7.55, 10.749, -3.7998000000000003, -7.550200000000001, -0.00934
8, 10.700000000000001, -3.7999999999999994, -7.55, 10.69975, -3.8003, -7.55, -0.00935
8, 10.65, -3.7999999999999994, -7.55, 10.64945, -3.7999500000000004, -7.549900000000001, -0.009345
8, 10.6, -3.7999999999999994, -7.55, 10.59975, -3.79985, -7.5498, -0.009345
8, 10.549999999999999, -3.7999999999999994, -7.55, 10.55025, -3.8, -7.55015, -0.00934
8, 10.499999999999998, -3.7999999999999994, -7.55, 10.49985, -3.7999500000000004, -7.5503, -0.009324
8, 10.449999999999998, -3.7999999999999994, -7.55, 10.45025, -3.7999500000000004, -7.549950000000001, -0.009324
8, 10.399999999999997, -3.7999999999999994, -7.55, 10.3993, -3.7999500000000004, -7.54985, -0.009329
8, 10.399999999999997, -3.7499999999999996, -7.55, 10.39925, -3.74975, -7.5501000000000005, -0.009329
8, 10.399999999999997, -3.6999999999999997, -7.55, 10.399400000000002, -3.6998, -7.550200000000001, -0.009308
8, 10.399999999999997, -3.65, -7.55, 10.39835, -3.6508000000000003, -7.5501000000000005, -0.009345
8, 10.399999999999997, -3.6, -7.55, 10.40025, -3.5999, -7.54985, -0.009298
8, 10.399999999999997, -3.5500000000000003, -7.55, 10.39975, -3.54955, -7.549950000000001, -0.009314
8, 10.399999999999997, -3.5000000000000004, -7.55, 10.3986, -3.4998500000000003, -7.5501000000000005, -0.009303
8, 10.399999999999997, -3.4500000000000006, -7.55, 10.3993, -3.44975, -7.55015, -0.009303
8, 10.399999999999997, -3.400000000000001, -7.55, 10.399700000000001, -3.4003, -7.549900000000001, -0.009308
9, 10.449999999999998, -3.400000000000001, -7.55, 10.4485, -3.4003, -7.54985, -0.00934
9, 10.499999999999998, -3.400000000000001, -7.55, 10.499300000000002, -3.3997, -7.5498, -0.009329
9, 10.549999999999999, -3.400000000000001, -7.55, 10.549150000000001, -3.4003500000000004, -7.549950000000001, -0.009334
9, 10.6, -3.400000000000001, -7.55, 10.5996, -3.3998000000000004, -7.550200000000001, -0.009282
9, 10.65, -3.400000000000001, -7.55, 10.649700000000001, -3.4003500000000004, -7.5498, -0.00936
9, 10.700000000000001, -3.400000000000001, -7.55, 10.7005, -3.3997, -7.550050000000001, -0.009308
9, 10.750000000000002, -3.400000000000001, -7.55, 10.750350000000001, -3.4000500000000002, -7.55015, -0.00934
9, 10.800000000000002, -3.400000000000001, -7.55, 10.800300000000002, -3.4002000000000003, -7.5501000000000005, -0.009308
9, 10.850000000000003, -3.400000000000001, -7.55, 10.849300000000001, -3.39975, -7.549950000000001, -0.009303
9, 10.850000000000003, -3.4500000000000006, -7.55, 10.851600000000001, -3.45025, -7.54985, -0.009314
9, 10.850000000000003, -3.5000000000000004, -7.55, 10.849800000000002, -3.49965, -7.5501000000000005, -0.009334
9, 10.850000000000003, -3.5500000000000003, -7.55, 10.84885, -3.5499, -7.550050000000001, -0.009329
9, 10.850000000000003, -3.6, -7.55, 10.849350000000001, -3.5993000000000004, -7.5498, -0.009345
9, 10.850000000000003, -3.65, -7.55, 10.84985, -3.6500500000000002, -7.55015, -0.009324
9, 10.850000000000003, -3.6999999999999997, -7.55, 10.850900000000001, -3.7003000000000004, -7.550200000000001, -0.009303
9, 10.850000000000003, -3.7499999999999996, -7.55, 10.848450000000001, -3.7500500000000003, -7.5498, -0.009293
9, 10.850000000000003, -3.7999999999999994, -7.55, 10.8496, -3.79975, -7.55, -0.009334
9, 10.850000000000003, -3.849999999999999, -7.55, 10.849800000000002, -3.8491000000000004, -7.55015, -0.009303
10, 10.800000000000002, -3.849999999999999, -7.55, 10.800550000000001, -3.84995, -7.550050000000001, -0.009303
10, 10.750000000000002, -3.849999999999999, -7.55, 10.74995, -3.84995, -7.5498, -0.009298
10, 10.700000000000001, -3.849999999999999, -7.55, 10.70085, -3.8501000000000003, -7.5497000000000005, -0.009298
10, 10.65, -3.849999999999999, -7.55, 10.6508, -3.8501000000000003, -7.549900000000001, -0.009329
10, 10.6, -3.849999999999999, -7.55, 10.59895, -3.8498500000000004, -7.55, -0.009298
10, 10.549999999999999, -3.849999999999999, -7.55, 10.549100000000001, -3.8499, -7.549950000000001, -0.009308
10, 10.499999999999998, -3.849999999999999, -7.55, 10.5006, -3.8499, -7.54985, -0.009345
10, 10.449999999999998, -3.849999999999999, -7.55, 10.450050000000001, -3.8501000000000003, -7.5498, -0.009308
10, 10.399999999999997, -3.849999999999999, -7.55, 10.39975, -3.85005, -7.55015, -0.009293
10, 10.349999999999996, -3.849999999999999, -7.55, 10.349350000000001, -3.8499, -7.550050000000001, -0.009314
10, 10.349999999999996, -3.7999999999999994, -7.55, 10.348900000000002, -3.80005, -7.5498, -0.009282
10, 10.349999999999996, -3.7499999999999996, -7.55, 10.350550000000002, -3.7498500000000003, -7.54985, -0.009293
10, 10.349999999999996, -3.6999999999999997, -7.55, 10.349150000000002, -3.7008500000000004, -7.549950000000001, -0.009345
10, 10.349999999999996, -3.65, -7.55, 10.350550000000002, -3.6499500000000005, -7.550050000000001, -0.009293
10, 10.349999999999996, -3.6, -7.55, 10.350100000000001, -3.60025, -7.550200000000001, -0.009324
10, 10.349999999999996, -3.5500000000000003, -7.55, 10.349900000000002, -3.54965, -7.55, -0.009287
10, 10.349999999999996, -3.5000000000000004, -7.55, 10.3496, -3.49975, -7.54985, -0.009287
10, 10.349999999999996, -3.4500000000000006, -7.55, 10.349300000000001, -3.4508, -7.54985, -0.00934
10, 10.349999999999996, -3.400000000000001, -7.55, 10.350550000000002, -3.4003, -7.5501000000000005, -0.009272
10, 10.349999999999996, -3.350000000000001, -7.55, 10.350200000000001, -3.3499, -7.5501000000000005, -0.009345
11, 10.399999999999997, -3.350000000000001, -7.55, 10.399, -3.35005, -7.55, -0.009308
11, 10.449999999999998, -3.350000000000001, -7.55, 10.450650000000001, -3.35, -7.54985, -0.009298
11, 10.499999999999998, -3.350000000000001, -7.55, 10.500650000000002, -3.35005, -7.549900000000001, -0.009303
11, 10.549999999999999, -3.350000000000001, -7.55, 10.549100000000001, -3.3498500000000004, -7.549950000000001, -0.009324
11, 10.6, -3.350000000000001, -7.55, 10.600200000000001, -3.35, -7.550200000000001, -0.009303
11, 10.65, -3.350000000000001, -7.55, 10.6498, -3.35005, -7.55015, -0.009324
11, 10.700000000000001, -3.350000000000001, -7.55, 10.700800000000001, -3.35, -7.54985, -0.00935
11, 10.750000000000002, -3.350000000000001, -7.55, 10.75, -3.34995, -7.55, -0.009334
11, 10.800000000000002, -3.350000000000001, -7.55, 10.80085, -3.3499, -7.55, -0.00934
11, 10.850000000000003, -3.350000000000001, -7.55, 10.849450000000001, -3.35, -7.5501000000000005, -0.009303
11, 10.900000000000004, -3.350000000000001, -7.55, 10.90075, -3.3501000000000003, -7.550050000000001, -0.00934
11, 10.900000000000004, -3.400000000000001, -7.55, 10.901650000000002, -3.40025, -7.5501000000000005, -0.00934
11, 10.900000000000004, -3.4500000000000006, -7.55, 10.899650000000001, -3.4499, -7.55, -0.009334
11, 10.900000000000004, -3.5000000000000004, -7.55, 10.9002, -3.4997000000000003, -7.54985, -0.009303
11, 10.900000000000004, -3.5500000000000003, -7.55, 10.900400000000001, -3.54955, -7.549950000000001, -0.009334
11, 10.900000000000004, -3.6, -7.55, 10.899700000000001, -3.60055, -7.550200000000001, -0.009282
11, 10.900000000000004, -3.65, -7.55, 10.90035, -3.6499, -7.54985, -0.009314
11, 10.900000000000004, -3.6999999999999997, -7.55, 10.902650000000001, -3.6998500000000005, -7.5498, -0.009293
11, 10.900000000000004, -3.7499999999999996, -7.55, 10.897400000000001, -3.7506000000000004, -7.5498, -0.009319
11, 10.900000000000004, -3.7999999999999994, -7.55, 10.899150000000002, -3.79985, -7.55015, -0.009329
11, 10.900000000000004, -3.849999999999999, -7.55, 10.90025, -3.8505, -7.549950000000001, -0.009314
11, 10.900000000000004, -3.899999999999999, -7.55, 10.9002, -3.9002000000000003, -7.55, -0.00935
12, 10.850000000000003, -3.899999999999999, -7.55, 10.849800000000002, -3.9003500000000004, -7.5501000000000005, -0.009329
12, 10.800000000000002, -3.899999999999999, -7.55, 10.7993, -3.8996500000000003, -7.550200000000001, -0.009329
12, 10.750000000000002, -3.899999999999999, -7.55, 10.750150000000001, -3.9000500000000002, -7.55, -0.009319
12, 10.700000000000001, -3.899999999999999, -7.55, 10.7006, -3.9001000000000006, -7.549900000000001, -0.009308
12, 10.65, -3.899999999999999, -7.55, 10.6498, -3.9, -7.5498, -0.009298
12, 10.6, -3.899999999999999, -7.55, 10.59795, -3.8999500000000005, -7.54985, -0.009277
12, 10.549999999999999, -3.899999999999999, -7.55, 10.551050000000002, -3.9, -7.5501000000000005, -0.009345
12, 10.499999999999998, -3.899999999999999, -7.55, 10.500300000000001, -3.9, -7.550200000000001, -0.009293
12, 10.449999999999998, -3.899999999999999, -7.55, 10.4502, -3.8999500000000005, -7.550200000000001, -0.00934
12, 10.399999999999997, -3.899999999999999, -7.55, 10.3998, -3.8999500000000005, -7.54985, -0.009277
12, 10.349999999999996, -3.899999999999999, -7.55, 10.35025, -3.8998500000000003, -7.54975, -0.009298
12, 10.299999999999995, -3.899999999999999, -7.55, 10.299700000000001, -3.8998500000000003, -7.55, -0.009298
12, 10.299999999999995, -3.849999999999999, -7.55, 10.300300000000002, -3.84995, -7.55, -0.009324
12, 10.299999999999995, -3.7999999999999994, -7.55, 10.3, -3.8002000000000002, -7.55, -0.009334
12, 10.299999999999995, -3.7499999999999996, -7.55, 10.29995, -3.7504500000000003, -7.55, -0.009329
12, 10.299999999999995, -3.6999999999999997, -7.55, 10.29975, -3.70095, -7.55, -0.009303
12, 10.299999999999995, -3.65, -7.55, 10.297900000000002, -3.6502000000000003, -7.55, -0.009303
12, 10.299999999999995, -3.6, -7.55, 10.300550000000001, -3.5995, -7.550050000000001, -0.009293
12, 10.299999999999995, -3.5500000000000003, -7.55, 10.29925, -3.5507000000000004, -7.55015, -0.009267
12, 10.299999999999995, -3.5000000000000004, -7.55, 10.298900000000001, -3.49965, -7.550050000000001, -0.009303
12, 10.299999999999995, -3.4500000000000006, -7.55, 10.301200000000001, -3.4508, -7.5498, -0.009329
12, 10.299999999999995, -3.400000000000001, -7.55, 10.2992, -3.40065, -7.54985, -0.009324
12, 10.299999999999995, -3.350000000000001, -7.55, 10.2985, -3.3505, -7.549950000000001, -0.009314
12, 10.299999999999995, -3.300000000000001, -7.55, 10.30005, -3.30025, -7.550200000000001, -0.009293
13, 10.349999999999996, -3.300000000000001, -7.55, 10.349, -3.2999, -7.549950000000001, -0.009308
13, 10.399999999999997, -3.300000000000001, -7.55, 10.39935, -3.3, -7.5498, -0.009329
13, 10.449999999999998, -3.300000000000001, -7.55, 10.45035, -3.30005, -7.5498, -0.009319
13, 10.499999999999998, -3.300000000000001, -7.55, 10.4995, -3.30005, -7.55, -0.009329
13, 10.549999999999999, -3.300000000000001, -7.55, 10.549650000000002, -3.29985, -7.550050000000001, -0.009319
13, 10.6, -3.300000000000001, -7.55, 10.6011, -3.2998000000000003, -7.550200000000001, -0.009287
13, 10.65, -3.300000000000001, -7.55, 10.6514, -3.2999500000000004, -7.5501000000000005, -0.009298
13, 10.700000000000001, -3.300000000000001, -7.55, 10.699050000000002, -3.2998000000000003, -7.549950000000001, -0.009277
13, 10.750000000000002, -3.300000000000001, -7.55, 10.750900000000001, -3.2999500000000004, -7.54985, -0.009287
13, 10.800000000000002, -3.300000000000001, -7.55, 10.8, -3.3003, -7.550050000000001, -0.009314
13, 10.850000000000003, -3.300000000000001, -7.55, 10.850100000000001, -3.2997, -7.550200000000001, -0.009324
13, 10.900000000000004, -3.300000000000001, -7.55, 10.9007, -3.3, -7.55, -0.00934
13, 10.950000000000005, -3.300000000000001, -7.55, 10.951450000000001, -3.30025, -7.549950000000001, -0.009329
13, 10.950000000000005, -3.350000000000001, -7.55, 10.950050000000001, -3.3501000000000003, -7.54985, -0.00935
13, 10.950000000000005, -3.400000000000001, -7.55, 10.951600000000001, -3.4011000000000005, -7.549900000000001, -0.009334
13, 10.950000000000005, -3.4500000000000006, -7.55, 10.9505, -3.45, -7.55, -0.009319
13, 10.950000000000005, -3.5000000000000004, -7.55, 10.94885, -3.49995, -7.5501000000000005, -0.009303
13, 10.950000000000005, -3.5500000000000003, -7.55, 10.950050000000001, -3.55025, -7.5501000000000005, -0.009287
13, 10.950000000000005, -3.6, -7.55, 10.9496, -3.5995500000000002, -7.54985, -0.009293
13, 10.950000000000005, -3.65, -7.55, 10.9501, -3.6496500000000003, -7.549950000000001, -0.009287
13, 10.950000000000005, -3.6999999999999997, -7.55, 10.9521, -3.701, -7.5501000000000005, -0.009298
13, 10.950000000000005, -3.7499999999999996, -7.55, 10.949300000000001, -3.7503, -7.550200000000001, -0.009324
13, 10.950000000000005, -3.7999999999999994, -7.55, 10.9491, -3.8002000000000002, -7.550200000000001, -0.009303
13, 10.950000000000005, -3.849999999999999, -7.55, 10.949150000000001, -3.8503000000000003, -7.5498, -0.009324
13, 10.950000000000005, -3.899999999999999, -7.55, 10.95025, -3.8999, -7.550050000000001, -0.009329
13, 10.950000000000005, -3.949999999999999, -7.55, 10.9512, -3.9494000000000002, -7.5501000000000005, -0.009334
14, 10.900000000000004, -3.949999999999999, -7.55, 10.89925, -3.94975, -7.54985, -0.009298
14, 10.850000000000003, -3.949999999999999, -7.55, 10.851300000000002, -3.95025, -7.5501000000000005, -0.009314
14, 10.800000000000002, -3.949999999999999, -7.55, 10.801300000000001, -3.9503500000000003, -7.550200000000001, -0.009293
14, 10.750000000000002, -3.949999999999999, -7.55, 10.7504, -3.9496, -7.550200000000001, -0.009324
14, 10.700000000000001, -3.949999999999999, -7.55, 10.70025, -3.9502, -7.549900000000001, -0.009329
14, 10.65, -3.949999999999999, -7.55, 10.6499, -3.95005, -7.5498, -0.009298
14, 10.6, -3.949999999999999, -7.55, 10.59955, -3.9498500000000005, -7.5501000000000005, -0.009293
14, 10.549999999999999, -3.949999999999999, -7.55, 10.54855, -3.95025, -7.550200000000001, -0.00934
14, 10.499999999999998, -3.949999999999999, -7.55, 10.499600000000001, -3.9499500000000003, -7.54985, -0.009293
14, 10.449999999999998, -3.949999999999999, -7.55, 10.450800000000001, -3.9502, -7.549950000000001, -0.009303
14, 10.399999999999997, -3.949999999999999, -7.55, 10.4008, -3.9502, -7.550050000000001, -0.009303
14, 10.349999999999996, -3.949999999999999, -7.55, 10.349950000000002, -3.9499, -7.55015, -0.009324
14, 10.299999999999995, -3.949999999999999, -7.55, 10.2996, -3.9499, -7.54985, -0.00934
14, 10.249999999999995, -3.949999999999999, -7.55, 10.24935, -3.9498500000000005, -7.54985, -0.009272
14, 10.249999999999995, -3.899999999999999, -7.55, 10.250050000000002, -3.9000500000000002, -7.550200000000001, -0.009303
14, 10.249999999999995, -3.849999999999999, -7.55, 10.249450000000001, -3.84975, -7.550200000000001, -0.009308
14, 10.249999999999995, -3.7999999999999994, -7.55, 10.250050000000002, -3.8001000000000005, -7.54985, -0.00934
14, 10.249999999999995, -3.7499999999999996, -7.55, 10.249450000000001, -3.7503500000000005, -7.54985, -0.009314
14, 10.249999999999995, -3.6999999999999997, -7.55, 10.2482, -3.70065, -7.549950000000001, -0.009303
14, 10.249999999999995, -3.65, -7.55, 10.2504, -3.6507, -7.55, -0.009324
14, 10.249999999999995, -3.6, -7.55, 10.250200000000001, -3.5998, -7.550200000000001, -0.00934
14, 10.249999999999995, -3.5500000000000003, -7.55, 10.250300000000001, -3.5503500000000003, -7.5501000000000005, -0.009319
14, 10.249999999999995, -3.5000000000000004, -7.55, 10.248650000000001, -3.4998, -7.549950000000001, -0.009334
14, 10.249999999999995, -3.4500000000000006, -7.55, 10.24995, -3.44975, -7.54985, -0.00934
14, 10.249999999999995, -3.400000000000001, -7.55, 10.248800000000001, -3.4004000000000003, -7.54985, -0.009298
14, 10.249999999999995, -3.350000000000001, -7.55, 10.248800000000001, -3.35075, -7.55, -0.009298
14, 10.249999999999995, -3.300000000000001, -7.55, 10.250200000000001, -3.29945, -7.55, -0.009303
14, 10.249999999999995, -3.2500000000000013, -7.55, 10.2516, -3.2498, -7.549950000000001, -0.009334
15, 10.299999999999995, -3.2500000000000013, -7.55, 10.3005, -3.2500500000000003, -7.55015, -0.009314
15, 10.349999999999996, -3.2500000000000013, -7.55, 10.351550000000001, -3.25, -7.5501000000000005, -0.009314
15, 10.399999999999997, -3.2500000000000013, -7.55, 10.399550000000001, -3.24995, -7.549950000000001, -0.00935
15, 10.449999999999998, -3.2500000000000013, -7.55, 10.44925, -3.25015, -7.5498, -0.009314
15, 10.499999999999998, -3.2500000000000013, -7.55, 10.5004, -3.2501, -7.5501000000000005, -0.009287
15, 10.549999999999999, -3.2500000000000013, -7.55, 10.54825, -3.2501, -7.550200000000001, -0.009303
15, 10.6, -3.2500000000000013, -7.55, 10.60045, -3.2499000000000002, -7.5501000000000005, -0.00935
15, 10.65, -3.2500000000000013, -7.55, 10.65095, -3.2498500000000003, -7.54985, -0.009345
15, 10.700000000000001, -3.2500000000000013, -7.55, 10.70105, -3.2500500000000003, -7.5501000000000005, -0.009308
15, 10.750000000000002, -3.2500000000000013, -7.55, 10.7491, -3.24995, -7.550200000000001, -0.009293
15, 10.800000000000002, -3.2500000000000013, -7.55, 10.7995, -3.25, -7.549900000000001, -0.009293
15, 10.850000000000003, -3.2500000000000013, -7.55, 10.85075, -3.2500500000000003, -7.5498, -0.009345
15, 10.900000000000004, -3.2500000000000013, -7.55, 10.900450000000001, -3.25, -7.550050000000001, -0.009314
15, 10.950000000000005, -3.2500000000000013, -7.55, 10.950650000000001, -3.25, -7.55015, -0.009329
15, 11.000000000000005, -3.2500000000000013, -7.55, 10.99985, -3.25, -7.550200000000001, -0.009345
15, 11.000000000000005, -3.300000000000001, -7.55, 10.99985, -3.2999, -7.549950000000001, -0.009319
15, 11.000000000000005, -3.350000000000001, -7.55, 11.0007, -3.3493000000000004, -7.54985, -0.009334
15, 11.000000000000005, -3.400000000000001, -7.55, 11.000300000000001, -3.4003, -7.5501000000000005, -0.00934
15, 11.000000000000005, -3.4500000000000006, -7.55, 11.0012, -3.449, -7.5501000000000005, -0.009287
15, 11.000000000000005, -3.5000000000000004, -7.55, 10.999600000000001, -3.49975, -7.55, -0.009303
15, 11.000000000000005, -3.5500000000000003, -7.55, 10.999900000000002, -3.54985, -7.5498, -0.009293
15, 11.000000000000005, -3.6, -7.55, 10.999600000000001, -3.5998500000000004, -7.5501000000000005, -0.009334
15, 11.000000000000005, -3.65, -7.55, 11.001800000000001, -3.65085, -7.55015, -0.009334
15, 11.000000000000005, -3.6999999999999997, -7.55, 11.001, -3.7005500000000002, -7.550200000000001, -0.009334
15, 11.000000000000005, -3.7499999999999996, -7.55, 11.000800000000002, -3.7502000000000004, -7.54985, -0.009298
15, 11.000000000000005, -3.7999999999999994, -7.55, 10.9989, -3.8002000000000002, -7.5498, -0.009324
15, 11.000000000000005, -3.849999999999999, -7.55, 10.999600000000001, -3.8493500000000003, -7.5501000000000005, -0.009334
15, 11.000000000000005, -3.899999999999999, -7.55, 11.00045, -3.89915, -7.550200000000001, -0.009298
15, 11.000000000000005, -3.949999999999999, -7.55, 10.99985, -3.9494000000000002, -7.5498, -0.009329
15, 11.000000000000005, -3.9999999999999987, -7.55, 11.00135, -4.00045, -7.54985, -0.009308
16, 10.950000000000005, -3.9999999999999987, -7.55, 10.94935, -4.0003, -7.549950000000001, -0.009345
16, 10.900000000000004, -3.9999999999999987, -7.55, 10.8999, -3.9997000000000003, -7.550200000000001, -0.009345
16, 10.850000000000003, -3.9999999999999987, -7.55, 10.848900000000002, -4.0005, -7.550050000000001, -0.009272
16, 10.800000000000002, -3.9999999999999987, -7.55, 10.79975, -3.9999000000000002, -7.54975, -0.009298
16, 10.750000000000002, -3.9999999999999987, -7.55, 10.74975, -4.0, -7.549950000000001, -0.009287
16, 10.700000000000001, -3.9999999999999987, -7.55, 10.7006, -3.99995, -7.550200000000001, -0.009298
16, 10.65, -3.9999999999999987, -7.55, 10.6502, -3.9998500000000003, -7.549950000000001, -0.009298
16, 10.6, -3.9999999999999987, -7.55, 10.599800000000002, -4.0005, -7.5498, -0.009329
16, 10.549999999999999, -3.9999999999999987, -7.55, 10.5507, -4.0, -7.549950000000001, -0.009329
16, 10.499999999999998, -3.9999999999999987, -7.55, 10.501100000000001, -3.9999000000000002, -7.550050000000001, -0.009314
16, 10.449999999999998, -3.9999999999999987, -7.55, 10.45015, -3.9998500000000003, -7.55015, -0.009334
16, 10.399999999999997, -3.9999999999999987, -7.55, 10.3993, -3.9998500000000003, -7.5501000000000005, -0.009329
16, 10.349999999999996, -3.9999999999999987, -7.55, 10.350900000000001, -4.0005500000000005, -7.549950000000001, -0.009303
16, 10.299999999999995, -3.9999999999999987, -7.55, 10.29995, -3.9999000000000002, -7.549950000000001, -0.009319
16, 10.249999999999995, -3.9999999999999987, -7.55, 10.2498, -4.00005, -7.55015, -0.009314
16, 10.199999999999994, -3.9999999999999987, -7.55, 10.199950000000001, -3.9998500000000003, -7.5501000000000005, -0.009319
16, 10.199999999999994, -3.949999999999999, -7.55, 10.200050000000001, -3.9505, -7.550050000000001, -0.009287
16, 10.199999999999994, -3.899999999999999, -7.55, 10.19975, -3.8998500000000003, -7.54985, -0.009293
16, 10.199999999999994, -3.849999999999999, -7.55, 10.200400000000002, -3.84995, -7.5501000000000005, -0.009287
16, 10.199999999999994, -3.7999999999999994, -7.55, 10.20045, -3.8007000000000004, -7.55015, -0.009303
16, 10.199999999999994, -3.7499999999999996, -7.55, 10.1994, -3.7504500000000003, -7.5501000000000005, -0.009308
16, 10.199999999999994, -3.6999999999999997, -7.55, 10.2001, -3.7003500000000003, -7.54985, -0.009334
16, 10.199999999999994, -3.65, -7.55, 10.199150000000001, -3.6503, -7.549900000000001, -0.009345
16, 10.199999999999994, -3.6, -7.55, 10.20125, -3.5998500000000004, -7.5501000000000005, -0.009324
16, 10.199999999999994, -3.5500000000000003, -7.55, 10.2005, -3.5496000000000003, -7.5501000000000005, -0.009329
16, 10.199999999999994, -3.5000000000000004, -7.55, 10.1985, -3.4997000000000003, -7.5501000000000005, -0.009334
16, 10.199999999999994, -3.4500000000000006, -7.55, 10.2, -3.45005, -7.549950000000001, -0.009319
16, 10.199999999999994, -3.400000000000001, -7.55, 10.198900000000002, -3.4004000000000003, -7.54985, -0.009267
16, 10.199999999999994, -3.350000000000001, -7.55, 10.19945, -3.35, -7.549950000000001, -0.009277
16, 10.199999999999994, -3.300000000000001, -7.55, 10.2, -3.3004000000000002, -7.550200000000001, -0.009298
16, 10.199999999999994, -3.2500000000000013, -7.55, 10.20015, -3.2501, -7.54985, -0.009314
16, 10.199999999999994, -3.2000000000000015, -7.55, 10.1985, -3.2005500000000002, -7.54985, -0.009329
17, 10.249999999999995, -3.2000000000000015, -7.55, 10.247950000000001, -3.2005, -7.55, -0.009324
17, 10.299999999999995, -3.2000000000000015, -7.55, 10.29995, -3.2003000000000004, -7.550200000000001, -0.009355
17, 10.349999999999996, -3.2000000000000015, -7.55, 10.3496, -3.20005, -7.549900000000001, -0.009308
17, 10.399999999999997, -3.2000000000000015, -7.55, 10.40025, -3.1998, -7.55, -0.009308
17, 10.449999999999998, -3.2000000000000015, -7.55, 10.4505, -3.2001500000000003, -7.550200000000001, -0.00935
17, 10.499999999999998, -3.2000000000000015, -7.55, 10.50025, -3.19975, -7.55, -0.009329
17, 10.549999999999999, -3.2000000000000015, -7.55, 10.549550000000002, -3.2003500000000003, -7.54985, -0.009308
17, 10.6, -3.2000000000000015, -7.55, 10.60045, -3.1997000000000004, -7.550050000000001, -0.009334
17, 10.65, -3.2000000000000015, -7.55, 10.6498, -3.2005, -7.5501000000000005, -0.009319
17, 10.700000000000001, -3.2000000000000015, -7.55, 10.699950000000001, -3.1999, -7.549950000000001, -0.009298
17, 10.750000000000002, -3.2000000000000015, -7.55, 10.74995, -3.2002, -7.54985, -0.009298
17, 10.800000000000002, -3.2000000000000015, -7.55, 10.8002, -3.19975, -7.549900000000001, -0.009324
17, 10.850000000000003, -3.2000000000000015, -7.55, 10.850950000000001, -3.2, -7.5501000000000005, -0.00934
17, 10.900000000000004, -3.2000000000000015, -7.55, 10.899700000000001, -3.1998500000000005, -7.5501000000000005, -0.009303
17, 10.950000000000005, -3.2000000000000015, -7.55, 10.950050000000001, -3.2, -7.549900000000001, -0.009293
17, 11.000000000000005, -3.2000000000000015, -7.55, 10.99895, -3.2001000000000004, -7.5498, -0.009293
17, 11.050000000000006, -3.2000000000000015, -7.55, 11.049400000000002, -3.2003000000000004, -7.54985, -0.009334
17, 11.050000000000006, -3.2500000000000013, -7.55, 11.049550000000002, -3.24925, -7.5501000000000005, -0.009329
17, 11.050000000000006, -3.300000000000001, -7.55, 11.050650000000001, -3.29945, -7.55015, -0.009355
17, 11.050000000000006, -3.350000000000001, -7.55, 11.0508, -3.3495500000000002, -7.549950000000001, -0.009303
17, 11.050000000000006, -3.400000000000001, -7.55, 11.049900000000001, -3.40045, -7.54985, -0.009293
17, 11.050000000000006, -3.4500000000000006, -7.55, 11.0511, -3.4504, -7.549950000000001, -0.009324
17, 11.050000000000006, -3.5000000000000004, -7.55, 11.04875, -3.4994500000000004, -7.550200000000001, -0.009329
17, 11.050000000000006, -3.5500000000000003, -7.55, 11.05125, -3.55025, -7.55, -0.009319
17, 11.050000000000006, -3.6, -7.55, 11.049150000000001, -3.6, -7.55, -0.009308
17, 11.050000000000006, -3.65, -7.55, 11.04875, -3.6503, -7.54975, -0.009324
17, 11.050000000000006, -3.6999999999999997, -7.55, 11.04935, -3.7003000000000004, -7.54975, -0.009324
17, 11.050000000000006, -3.7499999999999996, -7.55, 11.049900000000001, -3.7506000000000004, -7.550200000000001, -0.009303
17, 11.050000000000006, -3.7999999999999994, -7.55, 11.05035, -3.80025, -7.5501000000000005, -0.009282
17, 11.050000000000006, -3.849999999999999, -7.55, 11.05075, -3.84995, -7.54985, -0.009298
17, 11.050000000000006, -3.899999999999999, -7.55, 11.05005, -3.8996500000000003, -7.5498, -0.009298
17, 11.050000000000006, -3.949999999999999, -7.55, 11.051950000000001, -3.9508500000000004, -7.549900000000001, -0.009303
17, 11.050000000000006, -3.9999999999999987, -7.55, 11.050300000000002, -4.00005, -7.550050000000001, -0.009334
17, 11.050000000000006, -4.049999999999999, -7.55, 11.04995, -4.049600000000001, -7.5501000000000005, -0.009329
18, 11.000000000000005, -4.049999999999999, -7.55, 11.00085, -4.05025, -7.55015, -0.009345
18, 10.950000000000005, -4.049999999999999, -7.55, 10.9518, -4.05, -7.550050000000001, -0.009319
18, 10.900000000000004, -4.049999999999999, -7.55, 10.8996, -4.04985, -7.549900000000001, -0.009329
18, 10.850000000000003, -4.049999999999999, -7.55, 10.850950000000001, -4.0503, -7.549900000000001, -0.009314
18, 10.800000000000002, -4.049999999999999, -7.55, 10.8005, -4.0497000000000005, -7.5501000000000005, -0.00934
18, 10.750000000000002, -4.049999999999999, -7.55, 10.74965, -4.05015, -7.55015, -0.009324
18, 10.700000000000001, -4.049999999999999, -7.55, 10.701450000000001, -4.0504, -7.5501000000000005, -0.009298
18, 10.65, -4.049999999999999, -7.55, 10.6508, -4.0499, -7.549950000000001, -0.009324
18, 10.6, -4.049999999999999, -7.55, 10.60075, -4.04995, -7.5498, -0.009303
18, 10.549999999999999, -4.049999999999999, -7.55, 10.550550000000001, -4.05015, -7.550050000000001, -0.009303
18, 10.499999999999998, -4.049999999999999, -7.55, 10.500150000000001, -4.04985, -7.55015, -0.009298
18, 10.449999999999998, -4.049999999999999, -7.55, 10.4505, -4.050050000000001, -7.54985, -0.009329
18, 10.399999999999997, -4.049999999999999, -7.55, 10.4006, -4.0502, -7.5498, -0.009303
18, 10.349999999999996, -4.049999999999999, -7.55, 10.350700000000002, -4.05015, -7.549950000000001, -0.009272
18, 10.299999999999995, -4.049999999999999, -7.55, 10.299100000000001, -4.049600000000001, -7.55015, -0.009287
18, 10.249999999999995, -4.049999999999999, -7.55, 10.249550000000001, -4.050050000000001, -7.55015, -0.009334
18, 10.199999999999994, -4.049999999999999, -7.55, 10.2003, -4.04965, -7.54975, -0.009329
18, 10.149999999999993, -4.049999999999999, -7.55, 10.151, -4.05, -7.549900000000001, -0.009324
18, 10.149999999999993, -3.999999999999999, -7.55, 10.152, -3.9991000000000003, -7.5501000000000005, -0.009329
18, 10.149999999999993, -3.9499999999999993, -7.55, 10.149, -3.9497000000000004, -7.550200000000001, -0.009355
18, 10.149999999999993, -3.8999999999999995, -7.55, 10.1506, -3.9003500000000004, -7.54985, -0.009324
18, 10.149999999999993, -3.8499999999999996, -7.55, 10.148050000000001, -3.8493500000000003, -7.55, -0.009314
18, 10.149999999999993, -3.8, -7.55, 10.15, -3.80015, -7.550200000000001, -0.009319
18, 10.149999999999993, -3.75, -7.55, 10.1506, -3.7503, -7.550200000000001, -0.009282
18, 10.149999999999993, -3.7, -7.55, 10.14935, -3.7008, -7.5501000000000005, -0.009319
18, 10.149999999999993, -3.6500000000000004, -7.55, 10.1496, -3.6504000000000003, -7.55, -0.009282
18, 10.149999999999993, -3.6000000000000005, -7.55, 10.14985, -3.60025, -7.54985, -0.009267
18, 10.149999999999993, -3.5500000000000007, -7.55, 10.150900000000002, -3.55015, -7.5501000000000005, -0.009272
18, 10.149999999999993, -3.500000000000001, -7.55, 10.15085, -3.4998, -7.550200000000001, -0.009345
18, 10.149999999999993, -3.450000000000001, -7.55, 10.1502, -3.4505, -7.550200000000001, -0.009287
18, 10.149999999999993, -3.4000000000000012, -7.55, 10.14945, -3.4006000000000003, -7.5501000000000005, -0.009329
18, 10.149999999999993, -3.3500000000000014, -7.55, 10.150900000000002, -3.3497000000000003, -7.54985, -0.009298
18, 10.149999999999993, -3.3000000000000016, -7.55, 10.1505, -3.30025, -7.5501000000000005, -0.009329
18, 10.149999999999993, -3.2500000000000018, -7.55, 10.14985, -3.25015, -7.55015, -0.009324
18, 10.149999999999993, -3.200000000000002, -7.55, 10.150300000000001, -3.2004, -7.55, -0.009303
18, 10.149999999999993, -3.150000000000002, -7.55, 10.14975, -3.15065, -7.55, -0.009287
19, 10.199999999999994, -3.150000000000002, -7.55, 10.2001, -3.1497, -7.54985, -0.009334
19, 10.249999999999995, -3.150000000000002, -7.55, 10.249450000000001, -3.1499, -7.54975, -0.009329
19, 10.299999999999995, -3.150000000000002, -7.55, 10.30025, -3.1502000000000003, -7.550050000000001, -0.009293
19, 10.349999999999996, -3.150000000000002, -7.55, 10.35, -3.1499, -7.550200000000001, -0.00934
19, 10.399999999999997, -3.150000000000002, -7.55, 10.3996, -3.1498500000000003, -7.55, -0.009282
19, 10.449999999999998, -3.150000000000002, -7.55, 10.4502, -3.15, -7.549900000000001, -0.009287
19, 10.499999999999998, -3.150000000000002, -7.55, 10.499600000000001, -3.1500500000000002, -7.5498, -0.009298
19, 10.549999999999999, -3.150000000000002, -7.55, 10.549650000000002, -3.1500500000000002, -7.55, -0.009293
19, 10.6, -3.150000000000002, -7.55, 10.601150000000002, -3.1499, -7.5501000000000005, -0.009287
19, 10.65, -3.150000000000002, -7.55, 10.6491, -3.1501000000000006, -7.5498, -0.009324
19, 10.700000000000001, -3.150000000000002, -7.55, 10.7002, -3.1501000000000006, -7.54985, -0.009298
19, 10.750000000000002, -3.150000000000002, -7.55, 10.74895, -3.15, -7.5501000000000005, -0.009314
19, 10.800000000000002, -3.150000000000002, -7.55, 10.798650000000002, -3.15, -7.550200000000001, -0.009298
19, 10.850000000000003, -3.150000000000002, -7.55, 10.849450000000001, -3.1499500000000005, -7.550200000000001, -0.009293
19, 10.900000000000004, -3.150000000000002, -7.55, 10.89995, -3.1500500000000002, -7.549950000000001, -0.009329
19, 10.950000000000005, -3.150000000000002, -7.55, 10.949050000000002, -3.15, -7.54985, -0.009345
19, 11.000000000000005, -3.150000000000002, -7.55, 10.999400000000001, -3.1499, -7.55, -0.009298
19, 11.050000000000006, -3.150000000000002, -7.55, 11.050400000000002, -3.15015, -7.55015, -0.009308
19, 11.100000000000007, -3.150000000000002, -7.55, 11.099, -3.15015, -7.5501000000000005, -0.009287
19, 11.100000000000007, -3.200000000000002, -7.55, 11.098300000000002, -3.1993500000000004, -7.5498, -0.009267
19, 11.100000000000007, -3.2500000000000018, -7.55, 11.102450000000001, -3.251, -7.54975, -0.009293
19, 11.100000000000007, -3.3000000000000016, -7.55, 11.099400000000001, -3.29965, -7.55015, -0.009324
19, 11.100000000000007, -3.3500000000000014, -7.55, 11.100200000000001, -3.3495500000000002, -7.5501000000000005, -0.00935
19, 11.100000000000007, -3.4000000000000012, -7.55, 11.09795, -3.40045, -7.54985, -0.009267
19, 11.100000000000007, -3.450000000000001, -7.55, 11.101150000000002, -3.4503000000000004, -7.54985, -0.009324
19, 11.100000000000007, -3.500000000000001, -7.55, 11.100400000000002, -3.4989500000000002, -7.55, -0.009282
19, 11.100000000000007, -3.5500000000000007, -7.55, 11.100050000000001, -3.55, -7.55, -0.00935
19, 11.100000000000007, -3.6000000000000005, -7.55, 11.10075, -3.59965, -7.55, -0.009308
19, 11.100000000000007, -3.6500000000000004, -7.55, 11.099900000000002, -3.6499500000000005, -7.549950000000001, -0.009298
19, 11.100000000000007, -3.7, -7.55, 11.100150000000001, -3.7004500000000005, -7.5501000000000005, -0.00934
19, 11.100000000000007, -3.75, -7.55, 11.10235, -3.7505, -7.550200000000001, -0.009293
19, 11.100000000000007, -3.8, -7.55, 11.1, -3.7989500000000005, -7.550200000000001, -0.009282
19, 11.100000000000007, -3.8499999999999996, -7.55, 11.100150000000001, -3.85, -7.549950000000001, -0.009329
19, 11.100000000000007, -3.8999999999999995, -7.55, 11.099050000000002, -3.8997, -7.54985, -0.009298
19, 11.100000000000007, -3.9499999999999993, -7.55, 11.10045, -3.94945, -7.55, -0.009308
19, 11.100000000000007, -3.999999999999999, -7.55, 11.10075, -4.00035, -7.55, -0.009293
19, 11.100000000000007, -4.049999999999999, -7.55, 11.099350000000001, -4.050350000000001, -7.55, -0.009293
19, 11.100000000000007, -4.099999999999999, -7.55, 11.101600000000001, -4.0995, -7.5501000000000005, -0.00934
20, 11.050000000000006, -4.099999999999999, -7.55, 11.049800000000001, -4.1006, -7.5501000000000005, -0.009298
20, 11.000000000000005, -4.099999999999999, -7.55, 11.0005, -4.0996999999999995, -7.5501000000000005, -0.009319
20, 10.950000000000005, -4.099999999999999, -7.55, 10.9503, -4.1002, -7.54985, -0.009329
20, 10.900000000000004, -4.099999999999999, -7.55, 10.9006, -4.1, -7.5498, -0.009293
20, 10.850000000000003, -4.099999999999999, -7.55, 10.8505, -4.0998, -7.5501000000000005, -0.009319
20, 10.800000000000002, -4.099999999999999, -7.55, 10.799550000000002, -4.09985, -7.5501000000000005, -0.00934
20, 10.750000000000002, -4.099999999999999, -7.55, 10.75075, -4.099900000000001, -7.5501000000000005, -0.009319
20, 10.700000000000001, -4.099999999999999, -7.55, 10.69935, -4.09995, -7.549950000000001, -0.009329
20, 10.65, -4.099999999999999, -7.55, 10.648950000000001, -4.0998, -7.54985, -0.009282
20, 10.6, -4.099999999999999, -7.55, 10.6006, -4.1004000000000005, -7.54985, -0.009319
20, 10.549999999999999, -4.099999999999999, -7.55, 10.548950000000001, -4.0996500000000005, -7.550200000000001, -0.009287
20, 10.499999999999998, -4.099999999999999, -7.55, 10.500350000000001, -4.1002, -7.550200000000001, -0.009308
20, 10.449999999999998, -4.099999999999999, -7.55, 10.4496, -4.10015, -7.549950000000001, -0.009329
20, 10.399999999999997, -4.099999999999999, -7.55, 10.39975, -4.099900000000001, -7.549900000000001, -0.009319
20, 10.349999999999996, -4.099999999999999, -7.55, 10.34955, -4.10005, -7.549950000000001, -0.009334
20, 10.299999999999995, -4.099999999999999, -7.55, 10.2993, -4.10005, -7.55015, -0.009324
20, 10.249999999999995, -4.099999999999999, -7.55, 10.24905, -4.09995, -7.55015, -0.009298
20, 10.199999999999994, -4.099999999999999, -7.55, 10.199200000000001, -4.1001, -7.54985, -0.009324
20, 10.149999999999993, -4.099999999999999, -7.55, 10.15005, -4.09995, -7.55015, -0.009282
20, 10.099999999999993, -4.099999999999999, -7.55, 10.099800000000002, -4.09985, -7.550200000000001, -0.009319
20, 10.099999999999993, -4.049999999999999, -7.55, 10.101, -4.05, -7.55, -0.009293
20, 10.099999999999993, -3.999999999999999, -7.55, 10.099900000000002, -3.9999000000000002, -7.549950000000001, -0.009324
20, 10.099999999999993, -3.9499999999999993, -7.55, 10.09985, -3.9503500000000003, -7.54985, -0.009293
20, 10.099999999999993, -3.8999999999999995, -7.55, 10.099400000000001, -3.9007, -7.5501000000000005, -0.009345
20, 10.099999999999993, -3.8499999999999996, -7.55, 10.100550000000002, -3.8504500000000004, -7.55015, -0.009287
20, 10.099999999999993, -3.8, -7.55, 10.099950000000002, -3.79985, -7.55, -0.00935
20, 10.099999999999993, -3.75, -7.55, 10.100550000000002, -3.75, -7.549950000000001, -0.009319
20, 10.099999999999993, -3.7, -7.55, 10.09985, -3.7001500000000003, -7.54985, -0.009324
20, 10.099999999999993, -3.6500000000000004, -7.55, 10.1006, -3.65025, -7.549950000000001, -0.009319
20, 10.099999999999993, -3.6000000000000005, -7.55, 10.099200000000002, -3.5996000000000006, -7.5501000000000005, -0.009345
20, 10.099999999999993, -3.5500000000000007, -7.55, 10.0997, -3.54965, -7.5501000000000005, -0.009324
20, 10.099999999999993, -3.500000000000001, -7.55, 10.100900000000001, -3.49955, -7.550050000000001, -0.009303
20, 10.099999999999993, -3.450000000000001, -7.55, 10.100100000000001, -3.4508, -7.54985, -0.009298
20, 10.099999999999993, -3.4000000000000012, -7.55, 10.100650000000002, -3.40025, -7.549900000000001, -0.009293
20, 10.099999999999993, -3.3500000000000014, -7.55, 10.09985, -3.35005, -7.55, -0.009282
20, 10.099999999999993, -3.3000000000000016, -7.55, 10.099350000000001, -3.2992000000000004, -7.55, -0.009324
20, 10.099999999999993, -3.2500000000000018, -7.55, 10.100050000000001, -3.25015, -7.55015, -0.009319
20, 10.099999999999993, -3.200000000000002, -7.55, 10.100650000000002, -3.19965, -7.550050000000001, -0.009298
20, 10.099999999999993, -3.150000000000002, -7.55, 10.1011, -3.1505, -7.5498, -0.009319
20, 10.099999999999993, -3.1000000000000023, -7.55, 10.0981, -3.1004, -7.5498, -0.009334
0, 10.6, -3.6, -7.45, 10.09895, -3.1004500000000004, -7.54985, -0.009334
