Voltage = 3.8, Current = 19.5, Pinhole = 10um, Objective = 20x, NA = 0.42, Check_01_A 
0, 10.56, -1.78, -0.595, 10.560150000000002, -1.7799500000000001, -0.59485, -0.00935
1, 10.562000000000001, -1.78, -0.595, 10.5615, -1.7799, -0.5946, -0.009345
1, 10.562000000000001, -1.782, -0.595, 10.561950000000001, -1.78145, -0.5946, -0.009308
2, 10.56, -1.782, -0.595, 10.56075, -1.78245, -0.59465, -0.009272
2, 10.558, -1.782, -0.595, 10.55855, -1.78235, -0.5952000000000001, -0.009282
2, 10.558, -1.78, -0.595, 10.55765, -1.7795, -0.59525, -0.009334
2, 10.558, -1.778, -0.595, 10.557450000000001, -1.7780500000000001, -0.5953, -0.009324
3, 10.56, -1.778, -0.595, 10.56, -1.7779500000000001, -0.5953, -0.009355
3, 10.562000000000001, -1.778, -0.595, 10.56185, -1.7779500000000001, -0.595, -0.009308
3, 10.564000000000002, -1.778, -0.595, 10.564, -1.7779500000000001, -0.595, -0.009293
3, 10.564000000000002, -1.78, -0.595, 10.56425, -1.77945, -0.595, -0.009298
3, 10.564000000000002, -1.782, -0.595, 10.564200000000001, -1.7824, -0.595, -0.009241
3, 10.564000000000002, -1.784, -0.595, 10.56395, -1.78375, -0.595, -0.009115
4, 10.562000000000001, -1.784, -0.595, 10.5622, -1.7838000000000003, -0.595, -0.00923
4, 10.56, -1.784, -0.595, 10.5601, -1.7839, -0.595, -0.009204
4, 10.558, -1.784, -0.595, 10.55785, -1.7838500000000002, -0.595, -0.009214
4, 10.556, -1.784, -0.595, 10.5562, -1.7839500000000001, -0.595, -0.009267
4, 10.556, -1.782, -0.595, 10.555800000000001, -1.7822, -0.595, -0.009298
4, 10.556, -1.78, -0.595, 10.55585, -1.7793500000000002, -0.595, -0.009303
4, 10.556, -1.778, -0.595, 10.555900000000001, -1.7779500000000001, -0.595, -0.009293
4, 10.556, -1.776, -0.595, 10.556, -1.7764000000000002, -0.595, -0.009324
5, 10.558, -1.776, -0.595, 10.5578, -1.77635, -0.595, -0.009334
5, 10.56, -1.776, -0.595, 10.560150000000002, -1.7763000000000002, -0.595, -0.009324
5, 10.562000000000001, -1.776, -0.595, 10.56185, -1.7754, -0.595, -0.009345
5, 10.564000000000002, -1.776, -0.595, 10.563900000000002, -1.7756500000000002, -0.595, -0.009314
5, 10.566000000000003, -1.776, -0.595, 10.566, -1.77625, -0.595, -0.009298
5, 10.566000000000003, -1.778, -0.595, 10.566150000000002, -1.7777, -0.595, -0.009345
5, 10.566000000000003, -1.78, -0.595, 10.566150000000002, -1.7793, -0.595, -0.009324
5, 10.566000000000003, -1.782, -0.595, 10.56605, -1.78225, -0.595, -0.009308
5, 10.566000000000003, -1.784, -0.595, 10.56595, -1.7836, -0.595, -0.009068
5, 10.566000000000003, -1.786, -0.595, 10.56595, -1.7862, -0.595, -0.008907
6, 10.564000000000002, -1.786, -0.595, 10.5646, -1.78625, -0.595, -0.008912
6, 10.562000000000001, -1.786, -0.595, 10.561900000000001, -1.7861500000000001, -0.595, -0.009011
6, 10.56, -1.786, -0.595, 10.56, -1.7859500000000001, -0.595, -0.008917
6, 10.558, -1.786, -0.595, 10.5578, -1.7857, -0.595, -0.008959
6, 10.556, -1.786, -0.595, 10.5561, -1.7858500000000002, -0.595, -0.009048
6, 10.553999999999998, -1.786, -0.595, 10.554300000000001, -1.7860500000000001, -0.595, -0.008954
6, 10.553999999999998, -1.784, -0.595, 10.554, -1.78435, -0.595, -0.009188
6, 10.553999999999998, -1.782, -0.595, 10.5535, -1.782, -0.595, -0.009277
6, 10.553999999999998, -1.78, -0.595, 10.55385, -1.7804, -0.595, -0.00935
6, 10.553999999999998, -1.778, -0.595, 10.554050000000002, -1.7775, -0.595, -0.009324
6, 10.553999999999998, -1.776, -0.595, 10.55425, -1.7761500000000001, -0.595, -0.009324
6, 10.553999999999998, -1.774, -0.595, 10.5541, -1.7745, -0.5949500000000001, -0.009324
7, 10.556, -1.774, -0.595, 10.5555, -1.7735, -0.5949, -0.009314
7, 10.558, -1.774, -0.595, 10.5578, -1.7735, -0.5949, -0.009334
7, 10.56, -1.774, -0.595, 10.560150000000002, -1.77445, -0.5949, -0.009303
7, 10.562000000000001, -1.774, -0.595, 10.56185, -1.77435, -0.5949, -0.009303
7, 10.564000000000002, -1.774, -0.595, 10.563900000000002, -1.7738000000000003, -0.5949, -0.009324
7, 10.566000000000003, -1.774, -0.595, 10.5661, -1.7735500000000002, -0.5949, -0.009272
7, 10.568000000000003, -1.774, -0.595, 10.56785, -1.7740500000000001, -0.59485, -0.009334
7, 10.568000000000003, -1.776, -0.595, 10.568, -1.7759500000000001, -0.5949, -0.009314
7, 10.568000000000003, -1.778, -0.595, 10.568100000000001, -1.77745, -0.5949500000000001, -0.009324
7, 10.568000000000003, -1.78, -0.595, 10.568150000000001, -1.78025, -0.5950500000000001, -0.009319
7, 10.568000000000003, -1.782, -0.595, 10.568100000000001, -1.7818000000000003, -0.59515, -0.009256
7, 10.568000000000003, -1.784, -0.595, 10.568200000000001, -1.7833, -0.59515, -0.009298
7, 10.568000000000003, -1.786, -0.595, 10.567900000000002, -1.78625, -0.59515, -0.00886
7, 10.568000000000003, -1.788, -0.595, 10.567900000000002, -1.7877, -0.59515, -0.008693
8, 10.566000000000003, -1.788, -0.595, 10.566300000000002, -1.7881000000000002, -0.59515, -0.008782
8, 10.564000000000002, -1.788, -0.595, 10.56395, -1.78855, -0.5949500000000001, -0.008693
8, 10.562000000000001, -1.788, -0.595, 10.562050000000001, -1.788, -0.5949500000000001, -0.00875
8, 10.56, -1.788, -0.595, 10.560300000000002, -1.788, -0.59485, -0.008756
8, 10.558, -1.788, -0.595, 10.5578, -1.788, -0.59485, -0.008782
8, 10.556, -1.788, -0.595, 10.5561, -1.788, -0.59485, -0.008709
8, 10.553999999999998, -1.788, -0.595, 10.554200000000002, -1.788, -0.5948000000000001, -0.008693
8, 10.551999999999998, -1.788, -0.595, 10.551900000000002, -1.788, -0.59485, -0.008766
8, 10.551999999999998, -1.786, -0.595, 10.5517, -1.7861500000000001, -0.5949500000000001, -0.008886
8, 10.551999999999998, -1.784, -0.595, 10.5517, -1.7841000000000002, -0.5951000000000001, -0.009204
8, 10.551999999999998, -1.782, -0.595, 10.552050000000001, -1.78175, -0.59515, -0.009314
8, 10.551999999999998, -1.78, -0.595, 10.552150000000001, -1.78025, -0.59515, -0.009314
8, 10.551999999999998, -1.778, -0.595, 10.552200000000001, -1.7781000000000002, -0.59515, -0.009298
8, 10.551999999999998, -1.776, -0.595, 10.552, -1.7757, -0.5952000000000001, -0.009319
8, 10.551999999999998, -1.774, -0.595, 10.551950000000001, -1.7742, -0.59515, -0.00935
8, 10.551999999999998, -1.772, -0.595, 10.55175, -1.7723000000000002, -0.595, -0.009287
9, 10.553999999999998, -1.772, -0.595, 10.55375, -1.77175, -0.595, -0.009298
9, 10.556, -1.772, -0.595, 10.556, -1.7716, -0.595, -0.009319
9, 10.558, -1.772, -0.595, 10.55795, -1.7721000000000002, -0.595, -0.009293
9, 10.56, -1.772, -0.595, 10.5601, -1.7723000000000002, -0.595, -0.009298
9, 10.562000000000001, -1.772, -0.595, 10.561900000000001, -1.77225, -0.5950500000000001, -0.009303
9, 10.564000000000002, -1.772, -0.595, 10.56385, -1.7718000000000003, -0.5949500000000001, -0.009334
9, 10.566000000000003, -1.772, -0.595, 10.566150000000002, -1.7716, -0.5948000000000001, -0.009293
9, 10.568000000000003, -1.772, -0.595, 10.567900000000002, -1.7718000000000003, -0.5948000000000001, -0.009293
9, 10.570000000000004, -1.772, -0.595, 10.56975, -1.7723000000000002, -0.5948000000000001, -0.009293
9, 10.570000000000004, -1.774, -0.595, 10.570200000000002, -1.774, -0.5948000000000001, -0.009298
9, 10.570000000000004, -1.776, -0.595, 10.570350000000001, -1.7756, -0.59485, -0.009324
9, 10.570000000000004, -1.778, -0.595, 10.5701, -1.7778500000000002, -0.5949500000000001, -0.009287
9, 10.570000000000004, -1.78, -0.595, 10.56995, -1.7799, -0.5951000000000001, -0.009298
9, 10.570000000000004, -1.782, -0.595, 10.569900000000002, -1.7819, -0.5951000000000001, -0.009334
9, 10.570000000000004, -1.784, -0.595, 10.569900000000002, -1.7839500000000001, -0.59515, -0.009084
9, 10.570000000000004, -1.786, -0.595, 10.569900000000002, -1.7858500000000002, -0.59515, -0.008839
9, 10.570000000000004, -1.788, -0.595, 10.56995, -1.7881500000000001, -0.59515, -0.008677
9, 10.570000000000004, -1.79, -0.595, 10.5701, -1.7897, -0.59515, -0.008683
10, 10.568000000000003, -1.79, -0.595, 10.568400000000002, -1.7899, -0.5951000000000001, -0.008677
10, 10.566000000000003, -1.79, -0.595, 10.5662, -1.79, -0.595, -0.008641
10, 10.564000000000002, -1.79, -0.595, 10.56395, -1.7899500000000002, -0.5949500000000001, -0.008672
10, 10.562000000000001, -1.79, -0.595, 10.562100000000001, -1.79, -0.5949, -0.008656
10, 10.56, -1.79, -0.595, 10.56025, -1.79, -0.59485, -0.008651
10, 10.558, -1.79, -0.595, 10.55785, -1.79, -0.59485, -0.008688
10, 10.556, -1.79, -0.595, 10.55605, -1.79, -0.59485, -0.008667
10, 10.553999999999998, -1.79, -0.595, 10.554300000000001, -1.79, -0.59485, -0.008651
10, 10.551999999999998, -1.79, -0.595, 10.551800000000002, -1.79, -0.5949500000000001, -0.008641
10, 10.549999999999997, -1.79, -0.595, 10.550150000000002, -1.79, -0.5950500000000001, -0.008604
10, 10.549999999999997, -1.788, -0.595, 10.5501, -1.7886000000000002, -0.5951000000000001, -0.008578
10, 10.549999999999997, -1.786, -0.595, 10.54995, -1.78685, -0.59515, -0.008954
10, 10.549999999999997, -1.784, -0.595, 10.55, -1.7835500000000002, -0.59515, -0.009324
10, 10.549999999999997, -1.782, -0.595, 10.549800000000001, -1.7823000000000002, -0.59515, -0.009319
10, 10.549999999999997, -1.78, -0.595, 10.549850000000001, -1.7796, -0.59515, -0.009329
10, 10.549999999999997, -1.778, -0.595, 10.549800000000001, -1.77775, -0.5951000000000001, -0.009334
10, 10.549999999999997, -1.776, -0.595, 10.549800000000001, -1.7762, -0.5949500000000001, -0.009287
10, 10.549999999999997, -1.774, -0.595, 10.54995, -1.7746000000000002, -0.59485, -0.009282
10, 10.549999999999997, -1.772, -0.595, 10.55005, -1.77175, -0.59485, -0.009282
10, 10.549999999999997, -1.77, -0.595, 10.55005, -1.7701500000000001, -0.59485, -0.009084
11, 10.551999999999998, -1.77, -0.595, 10.551650000000002, -1.7701000000000002, -0.59485, -0.009261
11, 10.553999999999998, -1.77, -0.595, 10.554150000000002, -1.7698000000000003, -0.59485, -0.009308
11, 10.556, -1.77, -0.595, 10.555900000000001, -1.7695500000000002, -0.5950500000000001, -0.009324
11, 10.558, -1.77, -0.595, 10.557900000000002, -1.7701500000000001, -0.5951000000000001, -0.009261
11, 10.56, -1.77, -0.595, 10.560150000000002, -1.7702, -0.59515, -0.009319
11, 10.562000000000001, -1.77, -0.595, 10.561800000000002, -1.7701500000000001, -0.59515, -0.009345
11, 10.564000000000002, -1.77, -0.595, 10.56385, -1.7700500000000001, -0.5951000000000001, -0.009329
11, 10.566000000000003, -1.77, -0.595, 10.566150000000002, -1.7698000000000003, -0.59515, -0.009287
11, 10.568000000000003, -1.77, -0.595, 10.56785, -1.7696, -0.59515, -0.009293
11, 10.570000000000004, -1.77, -0.595, 10.569900000000002, -1.77, -0.5949500000000001, -0.009287
11, 10.572000000000005, -1.77, -0.595, 10.57205, -1.77, -0.59485, -0.009287
11, 10.572000000000005, -1.772, -0.595, 10.5721, -1.7718000000000003, -0.59485, -0.009324
11, 10.572000000000005, -1.774, -0.595, 10.57215, -1.7736500000000002, -0.59485, -0.009329
11, 10.572000000000005, -1.776, -0.595, 10.57205, -1.7762, -0.59485, -0.009298
11, 10.572000000000005, -1.778, -0.595, 10.571900000000001, -1.77775, -0.5949, -0.009334
11, 10.572000000000005, -1.78, -0.595, 10.571900000000001, -1.7801000000000002, -0.5949500000000001, -0.009314
11, 10.572000000000005, -1.782, -0.595, 10.57185, -1.7819500000000001, -0.5950500000000001, -0.009251
11, 10.572000000000005, -1.784, -0.595, 10.571900000000001, -1.7836, -0.5951000000000001, -0.009141
11, 10.572000000000005, -1.786, -0.595, 10.57205, -1.7863000000000002, -0.5951000000000001, -0.008922
11, 10.572000000000005, -1.788, -0.595, 10.57205, -1.7877, -0.5951000000000001, -0.008823
11, 10.572000000000005, -1.79, -0.595, 10.57215, -1.7895500000000002, -0.5951000000000001, -0.008823
11, 10.572000000000005, -1.792, -0.595, 10.57205, -1.79235, -0.5951000000000001, -0.008912
12, 10.570000000000004, -1.792, -0.595, 10.5701, -1.79245, -0.5951000000000001, -0.008782
12, 10.568000000000003, -1.792, -0.595, 10.568, -1.79235, -0.5951000000000001, -0.00875
12, 10.566000000000003, -1.792, -0.595, 10.566150000000002, -1.792, -0.5951000000000001, -0.008693
12, 10.564000000000002, -1.792, -0.595, 10.56385, -1.792, -0.5951000000000001, -0.00875
12, 10.562000000000001, -1.792, -0.595, 10.562050000000001, -1.792, -0.595, -0.008651
12, 10.56, -1.792, -0.595, 10.56025, -1.7919500000000002, -0.5950500000000001, -0.008651
12, 10.558, -1.792, -0.595, 10.5578, -1.7916500000000002, -0.5949500000000001, -0.008724
12, 10.556, -1.792, -0.595, 10.55605, -1.79175, -0.59485, -0.008636
12, 10.553999999999998, -1.792, -0.595, 10.55425, -1.792, -0.59485, -0.008656
12, 10.551999999999998, -1.792, -0.595, 10.551800000000002, -1.7920500000000001, -0.59485, -0.008672
12, 10.549999999999997, -1.792, -0.595, 10.5501, -1.7921500000000001, -0.59485, -0.008578
12, 10.547999999999996, -1.792, -0.595, 10.548300000000001, -1.7921500000000001, -0.59485, -0.008625
12, 10.547999999999996, -1.79, -0.595, 10.54775, -1.7896500000000002, -0.595, -0.008656
12, 10.547999999999996, -1.788, -0.595, 10.5477, -1.7881000000000002, -0.595, -0.008641
12, 10.547999999999996, -1.786, -0.595, 10.54785, -1.7865, -0.595, -0.008995
12, 10.547999999999996, -1.784, -0.595, 10.548050000000002, -1.7835, -0.595, -0.009298
12, 10.547999999999996, -1.782, -0.595, 10.548200000000001, -1.7819500000000001, -0.595, -0.009298
12, 10.547999999999996, -1.78, -0.595, 10.54825, -1.7803000000000002, -0.595, -0.009277
12, 10.547999999999996, -1.778, -0.595, 10.547900000000002, -1.778, -0.595, -0.009314
12, 10.547999999999996, -1.776, -0.595, 10.5478, -1.7756, -0.595, -0.009329
12, 10.547999999999996, -1.774, -0.595, 10.54775, -1.7742, -0.595, -0.009298
12, 10.547999999999996, -1.772, -0.595, 10.548050000000002, -1.7726000000000002, -0.595, -0.009282
12, 10.547999999999996, -1.77, -0.595, 10.548150000000001, -1.7695, -0.595, -0.009121
12, 10.547999999999996, -1.768, -0.595, 10.548200000000001, -1.76815, -0.595, -0.008688
13, 10.549999999999997, -1.768, -0.595, 10.5495, -1.76815, -0.595, -0.009147
13, 10.551999999999998, -1.768, -0.595, 10.5517, -1.7681000000000002, -0.5949500000000001, -0.008954
13, 10.553999999999998, -1.768, -0.595, 10.5541, -1.76815, -0.595, -0.009084
13, 10.556, -1.768, -0.595, 10.555950000000001, -1.76815, -0.595, -0.009095
13, 10.558, -1.768, -0.595, 10.557900000000002, -1.7678000000000003, -0.595, -0.009042
13, 10.56, -1.768, -0.595, 10.560150000000002, -1.7676, -0.595, -0.009058
13, 10.562000000000001, -1.768, -0.595, 10.56185, -1.7679, -0.595, -0.009126
13, 10.564000000000002, -1.768, -0.595, 10.5638, -1.7680500000000001, -0.595, -0.009063
13, 10.566000000000003, -1.768, -0.595, 10.5661, -1.7681000000000002, -0.595, -0.009241
13, 10.568000000000003, -1.768, -0.595, 10.567900000000002, -1.7680500000000001, -0.595, -0.009147
13, 10.570000000000004, -1.768, -0.595, 10.56995, -1.7680500000000001, -0.595, -0.009079
13, 10.572000000000005, -1.768, -0.595, 10.57215, -1.7680500000000001, -0.595, -0.009277
13, 10.574000000000005, -1.768, -0.595, 10.5738, -1.768, -0.595, -0.009314
13, 10.574000000000005, -1.77, -0.595, 10.573900000000002, -1.7693, -0.595, -0.009345
13, 10.574000000000005, -1.772, -0.595, 10.574, -1.7713500000000002, -0.595, -0.009298
13, 10.574000000000005, -1.774, -0.595, 10.574050000000002, -1.7742, -0.595, -0.009303
13, 10.574000000000005, -1.776, -0.595, 10.574150000000001, -1.7756500000000002, -0.595, -0.009345
13, 10.574000000000005, -1.778, -0.595, 10.5741, -1.77835, -0.5949500000000001, -0.009298
13, 10.574000000000005, -1.78, -0.595, 10.574150000000001, -1.78, -0.5950500000000001, -0.009319
13, 10.574000000000005, -1.782, -0.595, 10.5741, -1.7816, -0.5951000000000001, -0.009277
13, 10.574000000000005, -1.784, -0.595, 10.573900000000002, -1.78425, -0.5951000000000001, -0.009136
13, 10.574000000000005, -1.786, -0.595, 10.5738, -1.7858500000000002, -0.5951000000000001, -0.009027
13, 10.574000000000005, -1.788, -0.595, 10.573900000000002, -1.7875500000000002, -0.5951000000000001, -0.00898
13, 10.574000000000005, -1.79, -0.595, 10.573900000000002, -1.7904, -0.5951000000000001, -0.008995
13, 10.574000000000005, -1.792, -0.595, 10.574, -1.792, -0.5951000000000001, -0.009001
13, 10.574000000000005, -1.794, -0.595, 10.5741, -1.7937, -0.5951000000000001, -0.009084
14, 10.572000000000005, -1.794, -0.595, 10.57235, -1.7939500000000002, -0.5951000000000001, -0.008985
14, 10.570000000000004, -1.794, -0.595, 10.570050000000002, -1.79485, -0.5951000000000001, -0.008943
14, 10.568000000000003, -1.794, -0.595, 10.568, -1.7941, -0.5950500000000001, -0.008823
