Voltage = 3.8, Current = 19.5, Pinhole = 10um, Objective = 20x, NA = 0.42, Check_01_A 
0, 10.535, -1.81, -0.43, 10.535, -1.8095, -0.4297, -0.009183
1, 10.585, -1.81, -0.43, 10.585, -1.8101, -0.42985, -0.009136
1, 10.585, -1.86, -0.43, 10.5855, -1.8601500000000002, -0.42995000000000005, -0.008865
2, 10.535, -1.86, -0.43, 10.536700000000002, -1.8599, -0.43005, -0.008975
2, 10.485, -1.86, -0.43, 10.48605, -1.85965, -0.43005, -0.009413
2, 10.485, -1.81, -0.43, 10.484900000000001, -1.8100500000000002, -0.43, -0.009381
2, 10.485, -1.76, -0.43, 10.48535, -1.76, -0.43, -0.009381
3, 10.535, -1.76, -0.43, 10.53495, -1.7599, -0.43, -0.008954
3, 10.585, -1.76, -0.43, 10.58575, -1.7600500000000001, -0.43, -0.00886
3, 10.635000000000002, -1.76, -0.43, 10.634400000000001, -1.7602, -0.43, -0.009308
3, 10.635000000000002, -1.81, -0.43, 10.637150000000002, -1.8101, -0.43, -0.009387
3, 10.635000000000002, -1.86, -0.43, 10.63625, -1.8608500000000001, -0.43, -0.009397
3, 10.635000000000002, -1.9100000000000001, -0.43, 10.63385, -1.9105500000000002, -0.43, -0.009418
4, 10.585, -1.9100000000000001, -0.43, 10.58595, -1.9105500000000002, -0.43, -0.009397
4, 10.535, -1.9100000000000001, -0.43, 10.534650000000001, -1.90975, -0.43, -0.009392
4, 10.485, -1.9100000000000001, -0.43, 10.4844, -1.9099000000000002, -0.43, -0.009454
4, 10.434999999999999, -1.9100000000000001, -0.43, 10.435300000000002, -1.9103, -0.43, -0.009439
4, 10.434999999999999, -1.86, -0.43, 10.4331, -1.86025, -0.43, -0.009449
4, 10.434999999999999, -1.81, -0.43, 10.4343, -1.80965, -0.43, -0.009486
4, 10.434999999999999, -1.76, -0.43, 10.4342, -1.7598000000000003, -0.43, -0.009433
4, 10.434999999999999, -1.71, -0.43, 10.4343, -1.7102, -0.43, -0.009439
5, 10.485, -1.71, -0.43, 10.4861, -1.7101000000000002, -0.43, -0.009188
5, 10.535, -1.71, -0.43, 10.535150000000002, -1.7101000000000002, -0.43, -0.008604
5, 10.585, -1.71, -0.43, 10.585300000000002, -1.71, -0.43, -0.008224
5, 10.635000000000002, -1.71, -0.43, 10.63575, -1.71, -0.43, -0.009261
5, 10.685000000000002, -1.71, -0.43, 10.68625, -1.71, -0.43, -0.009444
5, 10.685000000000002, -1.76, -0.43, 10.6856, -1.7602, -0.43, -0.009439
5, 10.685000000000002, -1.81, -0.43, 10.685400000000001, -1.8103000000000002, -0.43010000000000004, -0.009439
5, 10.685000000000002, -1.86, -0.43, 10.683300000000001, -1.8597000000000001, -0.43005, -0.009428
5, 10.685000000000002, -1.9100000000000001, -0.43, 10.6881, -1.9104, -0.43005, -0.009439
5, 10.685000000000002, -1.9600000000000002, -0.43, 10.6861, -1.9600500000000003, -0.43, -0.009475
6, 10.635000000000002, -1.9600000000000002, -0.43, 10.635, -1.95985, -0.42990000000000006, -0.009433
6, 10.585, -1.9600000000000002, -0.43, 10.5858, -1.95975, -0.42990000000000006, -0.00947
6, 10.535, -1.9600000000000002, -0.43, 10.535050000000002, -1.9599000000000002, -0.42985, -0.009454
6, 10.485, -1.9600000000000002, -0.43, 10.48515, -1.9600500000000003, -0.42990000000000006, -0.009491
6, 10.434999999999999, -1.9600000000000002, -0.43, 10.434550000000002, -1.96015, -0.42995000000000005, -0.00947
6, 10.384999999999998, -1.9600000000000002, -0.43, 10.3842, -1.96, -0.43, -0.009439
6, 10.384999999999998, -1.9100000000000001, -0.43, 10.383150000000002, -1.9089, -0.43, -0.009444
6, 10.384999999999998, -1.86, -0.43, 10.385150000000001, -1.8601, -0.43010000000000004, -0.009428
6, 10.384999999999998, -1.81, -0.43, 10.3851, -1.80995, -0.43, -0.00947
6, 10.384999999999998, -1.76, -0.43, 10.383550000000001, -1.7596500000000002, -0.43, -0.009444
6, 10.384999999999998, -1.71, -0.43, 10.3861, -1.71035, -0.43, -0.009475
6, 10.384999999999998, -1.66, -0.43, 10.3862, -1.65985, -0.43, -0.009449
7, 10.434999999999999, -1.66, -0.43, 10.434650000000001, -1.6602000000000001, -0.43, -0.00948
7, 10.485, -1.66, -0.43, 10.4845, -1.66025, -0.43005, -0.009423
7, 10.535, -1.66, -0.43, 10.534300000000002, -1.6602000000000001, -0.42995000000000005, -0.009199
7, 10.585, -1.66, -0.43, 10.585300000000002, -1.6600500000000002, -0.42985, -0.009402
7, 10.635000000000002, -1.66, -0.43, 10.63615, -1.66, -0.42985, -0.009413
7, 10.685000000000002, -1.66, -0.43, 10.6851, -1.6600500000000002, -0.4302, -0.00947
7, 10.735000000000003, -1.66, -0.43, 10.735800000000001, -1.6600500000000002, -0.4302, -0.009439
7, 10.735000000000003, -1.71, -0.43, 10.737650000000002, -1.71035, -0.43025, -0.009444
7, 10.735000000000003, -1.76, -0.43, 10.736550000000001, -1.7595, -0.42995000000000005, -0.009439
7, 10.735000000000003, -1.81, -0.43, 10.733400000000001, -1.8095500000000002, -0.4298, -0.009433
7, 10.735000000000003, -1.86, -0.43, 10.73455, -1.8598500000000002, -0.42995000000000005, -0.009449
7, 10.735000000000003, -1.9100000000000001, -0.43, 10.7344, -1.90995, -0.43015000000000003, -0.009454
7, 10.735000000000003, -1.9600000000000002, -0.43, 10.73475, -1.9595500000000001, -0.43005, -0.009433
7, 10.735000000000003, -2.0100000000000002, -0.43, 10.7362, -2.01135, -0.42995000000000005, -0.00948
8, 10.685000000000002, -2.0100000000000002, -0.43, 10.68585, -2.00985, -0.42990000000000006, -0.009486
8, 10.635000000000002, -2.0100000000000002, -0.43, 10.6372, -2.0098000000000003, -0.42990000000000006, -0.00948
8, 10.585, -2.0100000000000002, -0.43, 10.58575, -2.00975, -0.42990000000000006, -0.00947
8, 10.535, -2.0100000000000002, -0.43, 10.536, -2.00995, -0.42990000000000006, -0.00948
8, 10.485, -2.0100000000000002, -0.43, 10.485, -2.0104, -0.42990000000000006, -0.009433
8, 10.434999999999999, -2.0100000000000002, -0.43, 10.4349, -2.00995, -0.43005, -0.009486
8, 10.384999999999998, -2.0100000000000002, -0.43, 10.38345, -2.0099, -0.43010000000000004, -0.009475
8, 10.334999999999997, -2.0100000000000002, -0.43, 10.336050000000002, -2.0099, -0.43015000000000003, -0.009444
8, 10.334999999999997, -1.9600000000000002, -0.43, 10.333200000000001, -1.9592, -0.43010000000000004, -0.009444
8, 10.334999999999997, -1.9100000000000001, -0.43, 10.3345, -1.90985, -0.43, -0.009454
8, 10.334999999999997, -1.86, -0.43, 10.335300000000002, -1.8595, -0.43, -0.009428
8, 10.334999999999997, -1.81, -0.43, 10.336450000000001, -1.8096, -0.43, -0.009428
8, 10.334999999999997, -1.76, -0.43, 10.333150000000002, -1.7588000000000001, -0.43, -0.009439
8, 10.334999999999997, -1.71, -0.43, 10.335450000000002, -1.7100500000000003, -0.42985, -0.009423
8, 10.334999999999997, -1.66, -0.43, 10.334200000000001, -1.65975, -0.43005, -0.009475
8, 10.334999999999997, -1.6099999999999999, -0.43, 10.333800000000002, -1.61025, -0.43005, -0.009496
9, 10.384999999999998, -1.6099999999999999, -0.43, 10.3861, -1.61025, -0.43015000000000003, -0.00948
9, 10.434999999999999, -1.6099999999999999, -0.43, 10.4349, -1.6105, -0.43010000000000004, -0.00947
9, 10.485, -1.6099999999999999, -0.43, 10.485550000000002, -1.61045, -0.43005, -0.009439
9, 10.535, -1.6099999999999999, -0.43, 10.5357, -1.60965, -0.42995000000000005, -0.009439
9, 10.585, -1.6099999999999999, -0.43, 10.585450000000002, -1.61025, -0.42995000000000005, -0.009465
9, 10.635000000000002, -1.6099999999999999, -0.43, 10.63495, -1.6097000000000001, -0.42995000000000005, -0.00946
9, 10.685000000000002, -1.6099999999999999, -0.43, 10.6861, -1.6102, -0.43005, -0.009423
9, 10.735000000000003, -1.6099999999999999, -0.43, 10.736400000000001, -1.6104, -0.43005, -0.00947
9, 10.785000000000004, -1.6099999999999999, -0.43, 10.78525, -1.6102, -0.43005, -0.009428
9, 10.785000000000004, -1.66, -0.43, 10.7847, -1.65985, -0.43005, -0.009444
9, 10.785000000000004, -1.71, -0.43, 10.786150000000001, -1.70995, -0.43005, -0.009475
9, 10.785000000000004, -1.76, -0.43, 10.784600000000001, -1.7598500000000001, -0.43, -0.009465
9, 10.785000000000004, -1.81, -0.43, 10.78495, -1.8109000000000002, -0.42995000000000005, -0.009428
9, 10.785000000000004, -1.86, -0.43, 10.78725, -1.86045, -0.42990000000000006, -0.009439
9, 10.785000000000004, -1.9100000000000001, -0.43, 10.78575, -1.90955, -0.42990000000000006, -0.009439
9, 10.785000000000004, -1.9600000000000002, -0.43, 10.78405, -1.9611, -0.42995000000000005, -0.009428
9, 10.785000000000004, -2.0100000000000002, -0.43, 10.786800000000001, -2.01145, -0.42995000000000005, -0.00947
9, 10.785000000000004, -2.06, -0.43, 10.784650000000001, -2.05925, -0.42995000000000005, -0.009433
10, 10.735000000000003, -2.06, -0.43, 10.7353, -2.0603000000000002, -0.43, -0.009454
10, 10.685000000000002, -2.06, -0.43, 10.68475, -2.0601, -0.43005, -0.009465
10, 10.635000000000002, -2.06, -0.43, 10.634450000000001, -2.05975, -0.43005, -0.009439
10, 10.585, -2.06, -0.43, 10.583900000000002, -2.0599000000000003, -0.42995000000000005, -0.009423
10, 10.535, -2.06, -0.43, 10.5341, -2.0600500000000004, -0.42990000000000006, -0.009433
10, 10.485, -2.06, -0.43, 10.4852, -2.0600500000000004, -0.42990000000000006, -0.00947
10, 10.434999999999999, -2.06, -0.43, 10.4351, -2.0599000000000003, -0.42995000000000005, -0.009444
10, 10.384999999999998, -2.06, -0.43, 10.384, -2.0599000000000003, -0.43, -0.009465
10, 10.334999999999997, -2.06, -0.43, 10.33425, -2.0599000000000003, -0.43010000000000004, -0.009428
10, 10.284999999999997, -2.06, -0.43, 10.28555, -2.05995, -0.43005, -0.009439
10, 10.284999999999997, -2.0100000000000002, -0.43, 10.28525, -2.01015, -0.43010000000000004, -0.009428
10, 10.284999999999997, -1.9600000000000002, -0.43, 10.28325, -1.95895, -0.43005, -0.009439
10, 10.284999999999997, -1.9100000000000001, -0.43, 10.285350000000001, -1.9089, -0.43, -0.00948
10, 10.284999999999997, -1.86, -0.43, 10.2845, -1.8594000000000002, -0.43, -0.009423
10, 10.284999999999997, -1.81, -0.43, 10.284150000000002, -1.8102, -0.43005, -0.009486
10, 10.284999999999997, -1.76, -0.43, 10.2832, -1.7590500000000002, -0.43, -0.00947
10, 10.284999999999997, -1.71, -0.43, 10.2848, -1.71, -0.43, -0.00947
10, 10.284999999999997, -1.66, -0.43, 10.2826, -1.66015, -0.42995000000000005, -0.009428
10, 10.284999999999997, -1.6099999999999999, -0.43, 10.284900000000002, -1.60975, -0.42990000000000006, -0.009433
10, 10.284999999999997, -1.5599999999999998, -0.43, 10.285350000000001, -1.55965, -0.43, -0.009433
11, 10.334999999999997, -1.5599999999999998, -0.43, 10.335150000000002, -1.5600500000000002, -0.43005, -0.009486
11, 10.384999999999998, -1.5599999999999998, -0.43, 10.3853, -1.5601, -0.43015000000000003, -0.009433
11, 10.434999999999999, -1.5599999999999998, -0.43, 10.434400000000002, -1.56, -0.43005, -0.009465
11, 10.485, -1.5599999999999998, -0.43, 10.48605, -1.55995, -0.43, -0.009486
11, 10.535, -1.5599999999999998, -0.43, 10.5356, -1.5599, -0.43, -0.009418
11, 10.585, -1.5599999999999998, -0.43, 10.585900000000002, -1.5599, -0.42995000000000005, -0.009454
11, 10.635000000000002, -1.5599999999999998, -0.43, 10.63475, -1.5600500000000002, -0.42990000000000006, -0.009475
11, 10.685000000000002, -1.5599999999999998, -0.43, 10.686350000000001, -1.5601, -0.42990000000000006, -0.009433
11, 10.735000000000003, -1.5599999999999998, -0.43, 10.735100000000001, -1.56, -0.43005, -0.009444
11, 10.785000000000004, -1.5599999999999998, -0.43, 10.785050000000002, -1.55995, -0.43010000000000004, -0.009407
11, 10.835000000000004, -1.5599999999999998, -0.43, 10.83535, -1.5599, -0.43010000000000004, -0.009475
11, 10.835000000000004, -1.6099999999999999, -0.43, 10.836400000000001, -1.6111000000000002, -0.43015000000000003, -0.009475
11, 10.835000000000004, -1.66, -0.43, 10.8371, -1.65995, -0.43015000000000003, -0.00946
11, 10.835000000000004, -1.71, -0.43, 10.835150000000002, -1.7095500000000001, -0.43, -0.009433
11, 10.835000000000004, -1.76, -0.43, 10.834200000000001, -1.7598000000000003, -0.43, -0.00948
11, 10.835000000000004, -1.81, -0.43, 10.8374, -1.81075, -0.43, -0.009423
11, 10.835000000000004, -1.86, -0.43, 10.835150000000002, -1.8602, -0.43, -0.009449
11, 10.835000000000004, -1.9100000000000001, -0.43, 10.8345, -1.9106, -0.43, -0.009475
11, 10.835000000000004, -1.9600000000000002, -0.43, 10.8343, -1.95985, -0.42990000000000006, -0.009475
11, 10.835000000000004, -2.0100000000000002, -0.43, 10.83475, -2.0104, -0.42990000000000006, -0.009418
11, 10.835000000000004, -2.06, -0.43, 10.833150000000002, -2.05925, -0.42995000000000005, -0.009475
11, 10.835000000000004, -2.11, -0.43, 10.8345, -2.11005, -0.42995000000000005, -0.009491
12, 10.785000000000004, -2.11, -0.43, 10.78585, -2.1104000000000003, -0.43005, -0.009465
12, 10.735000000000003, -2.11, -0.43, 10.73445, -2.1102000000000003, -0.43015000000000003, -0.009444
12, 10.685000000000002, -2.11, -0.43, 10.684700000000001, -2.1096, -0.43010000000000004, -0.009428
12, 10.635000000000002, -2.11, -0.43, 10.63555, -2.1101, -0.43010000000000004, -0.009496
12, 10.585, -2.11, -0.43, 10.584700000000002, -2.11025, -0.43005, -0.009423
12, 10.535, -2.11, -0.43, 10.5365, -2.1102000000000003, -0.42995000000000005, -0.00946
12, 10.485, -2.11, -0.43, 10.48475, -2.10985, -0.42990000000000006, -0.009439
12, 10.434999999999999, -2.11, -0.43, 10.43355, -2.1096500000000002, -0.42990000000000006, -0.009444
12, 10.384999999999998, -2.11, -0.43, 10.383300000000002, -2.1101, -0.42990000000000006, -0.00947
12, 10.334999999999997, -2.11, -0.43, 10.33425, -2.11015, -0.42995000000000005, -0.009439
12, 10.284999999999997, -2.11, -0.43, 10.284650000000001, -2.11, -0.43010000000000004, -0.009433
12, 10.234999999999996, -2.11, -0.43, 10.234, -2.11, -0.43015000000000003, -0.00947
12, 10.234999999999996, -2.06, -0.43, 10.236600000000001, -2.0598, -0.43005, -0.009444
12, 10.234999999999996, -2.0100000000000002, -0.43, 10.235050000000001, -2.01015, -0.43005, -0.00947
12, 10.234999999999996, -1.9600000000000002, -0.43, 10.232800000000001, -1.9588, -0.42995000000000005, -0.009428
12, 10.234999999999996, -1.9100000000000001, -0.43, 10.23525, -1.90955, -0.42990000000000006, -0.009465
12, 10.234999999999996, -1.86, -0.43, 10.2367, -1.85945, -0.42990000000000006, -0.009501
12, 10.234999999999996, -1.81, -0.43, 10.2332, -1.8101500000000001, -0.42995000000000005, -0.00946
12, 10.234999999999996, -1.76, -0.43, 10.2338, -1.7592, -0.43005, -0.00947
12, 10.234999999999996, -1.71, -0.43, 10.2356, -1.71025, -0.43010000000000004, -0.009423
12, 10.234999999999996, -1.66, -0.43, 10.23605, -1.6603, -0.42995000000000005, -0.009444
12, 10.234999999999996, -1.6099999999999999, -0.43, 10.235100000000001, -1.6105, -0.42985, -0.009439
12, 10.234999999999996, -1.5599999999999998, -0.43, 10.236550000000001, -1.5604500000000001, -0.42995000000000005, -0.009465
12, 10.234999999999996, -1.5099999999999998, -0.43, 10.2352, -1.5100500000000001, -0.43005, -0.009428
13, 10.284999999999997, -1.5099999999999998, -0.43, 10.2842, -1.5098500000000001, -0.43015000000000003, -0.009428
13, 10.334999999999997, -1.5099999999999998, -0.43, 10.33355, -1.5098500000000001, -0.43010000000000004, -0.009465
13, 10.384999999999998, -1.5099999999999998, -0.43, 10.3846, -1.5099, -0.43005, -0.009428
13, 10.434999999999999, -1.5099999999999998, -0.43, 10.4365, -1.5098000000000003, -0.42990000000000006, -0.009501
13, 10.485, -1.5099999999999998, -0.43, 10.4847, -1.5094, -0.42990000000000006, -0.009491
13, 10.535, -1.5099999999999998, -0.43, 10.53485, -1.5103000000000002, -0.42995000000000005, -0.009433
13, 10.585, -1.5099999999999998, -0.43, 10.58585, -1.51, -0.43005, -0.00947
13, 10.635000000000002, -1.5099999999999998, -0.43, 10.6356, -1.5096500000000002, -0.43010000000000004, -0.00947
13, 10.685000000000002, -1.5099999999999998, -0.43, 10.686150000000001, -1.51, -0.43010000000000004, -0.009418
13, 10.735000000000003, -1.5099999999999998, -0.43, 10.73635, -1.5099500000000001, -0.43010000000000004, -0.009433
13, 10.785000000000004, -1.5099999999999998, -0.43, 10.78545, -1.50975, -0.43, -0.009439
13, 10.835000000000004, -1.5099999999999998, -0.43, 10.83585, -1.5095500000000002, -0.42990000000000006, -0.009428
13, 10.885000000000005, -1.5099999999999998, -0.43, 10.88575, -1.5108000000000001, -0.42990000000000006, -0.00946
13, 10.885000000000005, -1.5599999999999998, -0.43, 10.88475, -1.56055, -0.42995000000000005, -0.009475
13, 10.885000000000005, -1.6099999999999999, -0.43, 10.88435, -1.60995, -0.42995000000000005, -0.009465
13, 10.885000000000005, -1.66, -0.43, 10.88495, -1.6605, -0.43005, -0.009449
13, 10.885000000000005, -1.71, -0.43, 10.8845, -1.7103000000000002, -0.43010000000000004, -0.009439
13, 10.885000000000005, -1.76, -0.43, 10.8855, -1.7599500000000001, -0.42995000000000005, -0.009454
13, 10.885000000000005, -1.81, -0.43, 10.8861, -1.81, -0.42985, -0.009428
13, 10.885000000000005, -1.86, -0.43, 10.885800000000001, -1.8597000000000001, -0.42995000000000005, -0.009439
13, 10.885000000000005, -1.9100000000000001, -0.43, 10.885900000000001, -1.91045, -0.43, -0.009486
13, 10.885000000000005, -1.9600000000000002, -0.43, 10.88405, -1.9605, -0.43010000000000004, -0.009428
13, 10.885000000000005, -2.0100000000000002, -0.43, 10.883700000000001, -2.0101, -0.43005, -0.009413
13, 10.885000000000005, -2.06, -0.43, 10.8842, -2.0598, -0.43, -0.009428
13, 10.885000000000005, -2.11, -0.43, 10.8845, -2.10985, -0.43, -0.009428
13, 10.885000000000005, -2.1599999999999997, -0.43, 10.8851, -2.15945, -0.43, -0.009491
14, 10.835000000000004, -2.1599999999999997, -0.43, 10.834400000000002, -2.1603000000000003, -0.42995000000000005, -0.00948
14, 10.785000000000004, -2.1599999999999997, -0.43, 10.78545, -2.1602, -0.42990000000000006, -0.00948
14, 10.735000000000003, -2.1599999999999997, -0.43, 10.73475, -2.1599500000000003, -0.42985, -0.009433
14, 10.685000000000002, -2.1599999999999997, -0.43, 10.684, -2.1595500000000003, -0.42985, -0.009439
14, 10.635000000000002, -2.1599999999999997, -0.43, 10.6351, -2.16005, -0.42985, -0.009491
14, 10.585, -2.1599999999999997, -0.43, 10.5858, -2.1601, -0.43, -0.009475
14, 10.535, -2.1599999999999997, -0.43, 10.53485, -2.15985, -0.43, -0.00946
14, 10.485, -2.1599999999999997, -0.43, 10.4852, -2.15985, -0.43, -0.009439
14, 10.434999999999999, -2.1599999999999997, -0.43, 10.43355, -2.16005, -0.43, -0.009423
14, 10.384999999999998, -2.1599999999999997, -0.43, 10.38485, -2.1597000000000004, -0.43, -0.009444
14, 10.334999999999997, -2.1599999999999997, -0.43, 10.334100000000001, -2.1601, -0.43005, -0.009444
14, 10.284999999999997, -2.1599999999999997, -0.43, 10.284600000000001, -2.1601500000000002, -0.43005, -0.009433
14, 10.234999999999996, -2.1599999999999997, -0.43, 10.23365, -2.1595999999999997, -0.43005, -0.009418
14, 10.184999999999995, -2.1599999999999997, -0.43, 10.185, -2.16005, -0.43, -0.00948
14, 10.184999999999995, -2.11, -0.43, 10.185400000000001, -2.10985, -0.42995000000000005, -0.00946
14, 10.184999999999995, -2.06, -0.43, 10.1865, -2.05985, -0.42990000000000006, -0.009418
14, 10.184999999999995, -2.0100000000000002, -0.43, 10.184700000000001, -2.0095500000000004, -0.43005, -0.009454
14, 10.184999999999995, -1.9600000000000002, -0.43, 10.1827, -1.95925, -0.43010000000000004, -0.009433
14, 10.184999999999995, -1.9100000000000001, -0.43, 10.186200000000001, -1.9098000000000002, -0.43010000000000004, -0.009407
14, 10.184999999999995, -1.86, -0.43, 10.18655, -1.8603000000000003, -0.43005, -0.009475
14, 10.184999999999995, -1.81, -0.43, 10.1827, -1.8093000000000001, -0.43, -0.00946
14, 10.184999999999995, -1.76, -0.43, 10.18575, -1.75915, -0.43, -0.009449
14, 10.184999999999995, -1.71, -0.43, 10.18325, -1.7100500000000003, -0.43, -0.00948
14, 10.184999999999995, -1.66, -0.43, 10.18285, -1.66075, -0.43, -0.00948
14, 10.184999999999995, -1.6099999999999999, -0.43, 10.1866, -1.6105, -0.43005, -0.009449
14, 10.184999999999995, -1.5599999999999998, -0.43, 10.1849, -1.5599, -0.42990000000000006, -0.009439
14, 10.184999999999995, -1.5099999999999998, -0.43, 10.1834, -1.5088500000000002, -0.42990000000000006, -0.009439
14, 10.184999999999995, -1.4599999999999997, -0.43, 10.186, -1.4595500000000001, -0.43, -0.009475
15, 10.234999999999996, -1.4599999999999997, -0.43, 10.235, -1.46035, -0.43, -0.009444
15, 10.284999999999997, -1.4599999999999997, -0.43, 10.28395, -1.4595, -0.43, -0.009465
15, 10.334999999999997, -1.4599999999999997, -0.43, 10.3345, -1.45995, -0.43015000000000003, -0.00947
15, 10.384999999999998, -1.4599999999999997, -0.43, 10.3855, -1.46025, -0.43015000000000003, -0.009439
15, 10.434999999999999, -1.4599999999999997, -0.43, 10.43435, -1.4597, -0.42995000000000005, -0.009423
15, 10.485, -1.4599999999999997, -0.43, 10.4856, -1.4595500000000001, -0.42985, -0.00947
15, 10.535, -1.4599999999999997, -0.43, 10.535300000000001, -1.4603000000000002, -0.42990000000000006, -0.009475
15, 10.585, -1.4599999999999997, -0.43, 10.585600000000001, -1.45995, -0.42995000000000005, -0.009439
15, 10.635000000000002, -1.4599999999999997, -0.43, 10.63555, -1.4598000000000002, -0.43, -0.009444
15, 10.685000000000002, -1.4599999999999997, -0.43, 10.68565, -1.46015, -0.43, -0.00948
15, 10.735000000000003, -1.4599999999999997, -0.43, 10.735850000000001, -1.4600500000000003, -0.43, -0.00948
15, 10.785000000000004, -1.4599999999999997, -0.43, 10.785200000000001, -1.4599000000000002, -0.43, -0.009433
15, 10.835000000000004, -1.4599999999999997, -0.43, 10.83585, -1.45985, -0.43, -0.009486
15, 10.885000000000005, -1.4599999999999997, -0.43, 10.885950000000001, -1.4600500000000003, -0.43005, -0.009465
15, 10.935000000000006, -1.4599999999999997, -0.43, 10.9366, -1.4601000000000002, -0.43015000000000003, -0.009475
15, 10.935000000000006, -1.5099999999999998, -0.43, 10.937400000000002, -1.5111, -0.43015000000000003, -0.009454
15, 10.935000000000006, -1.5599999999999998, -0.43, 10.93585, -1.5600500000000002, -0.43005, -0.009413
15, 10.935000000000006, -1.6099999999999999, -0.43, 10.934550000000002, -1.61, -0.42990000000000006, -0.009418
15, 10.935000000000006, -1.66, -0.43, 10.9367, -1.6606500000000002, -0.42995000000000005, -0.009418
15, 10.935000000000006, -1.71, -0.43, 10.9352, -1.7100500000000003, -0.43, -0.009418
15, 10.935000000000006, -1.76, -0.43, 10.9352, -1.76, -0.43, -0.009465
15, 10.935000000000006, -1.81, -0.43, 10.93645, -1.8097, -0.43005, -0.00947
15, 10.935000000000006, -1.86, -0.43, 10.9357, -1.8609, -0.43010000000000004, -0.009475
15, 10.935000000000006, -1.9100000000000001, -0.43, 10.934650000000001, -1.91, -0.43005, -0.009465
15, 10.935000000000006, -1.9600000000000002, -0.43, 10.935400000000001, -1.9607, -0.43005, -0.00947
15, 10.935000000000006, -2.0100000000000002, -0.43, 10.936800000000002, -2.01105, -0.43005, -0.009475
15, 10.935000000000006, -2.06, -0.43, 10.93425, -2.0599000000000003, -0.42995000000000005, -0.009407
15, 10.935000000000006, -2.11, -0.43, 10.93585, -2.1098000000000003, -0.42985, -0.009486
15, 10.935000000000006, -2.1599999999999997, -0.43, 10.93335, -2.16065, -0.42985, -0.009439
15, 10.935000000000006, -2.2099999999999995, -0.43, 10.9372, -2.2109, -0.43005, -0.009465
16, 10.885000000000005, -2.2099999999999995, -0.43, 10.8841, -2.2104500000000002, -0.43005, -0.009433
16, 10.835000000000004, -2.2099999999999995, -0.43, 10.83435, -2.20975, -0.43010000000000004, -0.009439
16, 10.785000000000004, -2.2099999999999995, -0.43, 10.78575, -2.20975, -0.43010000000000004, -0.009439
16, 10.735000000000003, -2.2099999999999995, -0.43, 10.73475, -2.2102000000000004, -0.43005, -0.00948
16, 10.685000000000002, -2.2099999999999995, -0.43, 10.68255, -2.2103, -0.43005, -0.009444
16, 10.635000000000002, -2.2099999999999995, -0.43, 10.635950000000001, -2.21035, -0.43005, -0.00947
16, 10.585, -2.2099999999999995, -0.43, 10.58445, -2.20985, -0.42990000000000006, -0.009465
16, 10.535, -2.2099999999999995, -0.43, 10.534900000000002, -2.21015, -0.42990000000000006, -0.009439
16, 10.485, -2.2099999999999995, -0.43, 10.4847, -2.21, -0.42990000000000006, -0.009418
16, 10.434999999999999, -2.2099999999999995, -0.43, 10.434800000000001, -2.2099, -0.42995000000000005, -0.00946
16, 10.384999999999998, -2.2099999999999995, -0.43, 10.3842, -2.21, -0.43010000000000004, -0.009449
16, 10.334999999999997, -2.2099999999999995, -0.43, 10.333650000000002, -2.21015, -0.43005, -0.009491
16, 10.284999999999997, -2.2099999999999995, -0.43, 10.2842, -2.2100500000000003, -0.43005, -0.009439
16, 10.234999999999996, -2.2099999999999995, -0.43, 10.2355, -2.2099, -0.43, -0.009433
16, 10.184999999999995, -2.2099999999999995, -0.43, 10.185300000000002, -2.20985, -0.42995000000000005, -0.009506
16, 10.134999999999994, -2.2099999999999995, -0.43, 10.1354, -2.21, -0.42990000000000006, -0.009486
16, 10.134999999999994, -2.1599999999999997, -0.43, 10.1351, -2.15965, -0.42990000000000006, -0.009449
16, 10.134999999999994, -2.11, -0.43, 10.13435, -2.11, -0.43, -0.009475
16, 10.134999999999994, -2.06, -0.43, 10.13555, -2.05925, -0.43, -0.009475
16, 10.134999999999994, -2.0100000000000002, -0.43, 10.13545, -2.01045, -0.43, -0.009444
16, 10.134999999999994, -1.9600000000000002, -0.43, 10.1353, -1.9595500000000001, -0.43010000000000004, -0.009433
16, 10.134999999999994, -1.9100000000000001, -0.43, 10.135200000000001, -1.9094, -0.43005, -0.009444
16, 10.134999999999994, -1.86, -0.43, 10.134900000000002, -1.8596000000000001, -0.42985, -0.00948
16, 10.134999999999994, -1.81, -0.43, 10.1366, -1.80975, -0.42995000000000005, -0.009439
16, 10.134999999999994, -1.76, -0.43, 10.137400000000001, -1.7596500000000002, -0.43005, -0.00946
16, 10.134999999999994, -1.71, -0.43, 10.13555, -1.7101000000000002, -0.43005, -0.009491
16, 10.134999999999994, -1.66, -0.43, 10.132650000000002, -1.6605500000000002, -0.43010000000000004, -0.009428
16, 10.134999999999994, -1.6099999999999999, -0.43, 10.133150000000002, -1.6104, -0.43010000000000004, -0.009423
16, 10.134999999999994, -1.5599999999999998, -0.43, 10.135150000000001, -1.5599, -0.43005, -0.009413
16, 10.134999999999994, -1.5099999999999998, -0.43, 10.13275, -1.50945, -0.43, -0.009423
16, 10.134999999999994, -1.4599999999999997, -0.43, 10.13575, -1.4594, -0.43, -0.009444
16, 10.134999999999994, -1.4099999999999997, -0.43, 10.133300000000002, -1.40995, -0.43, -0.00947
17, 10.184999999999995, -1.4099999999999997, -0.43, 10.18735, -1.41, -0.43, -0.009465
17, 10.234999999999996, -1.4099999999999997, -0.43, 10.236150000000002, -1.4100500000000002, -0.43, -0.009444
17, 10.284999999999997, -1.4099999999999997, -0.43, 10.286150000000001, -1.40995, -0.43, -0.00947
17, 10.334999999999997, -1.4099999999999997, -0.43, 10.3352, -1.4101000000000001, -0.42995000000000005, -0.009454
17, 10.384999999999998, -1.4099999999999997, -0.43, 10.38555, -1.41015, -0.42995000000000005, -0.009486
17, 10.434999999999999, -1.4099999999999997, -0.43, 10.4346, -1.4100500000000002, -0.43, -0.009465
17, 10.485, -1.4099999999999997, -0.43, 10.4846, -1.4100500000000002, -0.43, -0.009475
17, 10.535, -1.4099999999999997, -0.43, 10.536400000000002, -1.41, -0.43005, -0.009444
17, 10.585, -1.4099999999999997, -0.43, 10.585400000000002, -1.4100500000000002, -0.43010000000000004, -0.009402
17, 10.635000000000002, -1.4099999999999997, -0.43, 10.635650000000002, -1.40995, -0.43005, -0.009475
17, 10.685000000000002, -1.4099999999999997, -0.43, 10.68575, -1.41, -0.43005, -0.00948
17, 10.735000000000003, -1.4099999999999997, -0.43, 10.736600000000001, -1.41, -0.43, -0.009444
17, 10.785000000000004, -1.4099999999999997, -0.43, 10.7857, -1.4100500000000002, -0.43, -0.009475
17, 10.835000000000004, -1.4099999999999997, -0.43, 10.834550000000002, -1.4094, -0.43, -0.009439
17, 10.885000000000005, -1.4099999999999997, -0.43, 10.88495, -1.4100500000000002, -0.43, -0.00947
17, 10.935000000000006, -1.4099999999999997, -0.43, 10.9364, -1.4101000000000001, -0.42995000000000005, -0.00947
17, 10.985000000000007, -1.4099999999999997, -0.43, 10.9852, -1.4101000000000001, -0.42995000000000005, -0.009439
17, 10.985000000000007, -1.4599999999999997, -0.43, 10.98475, -1.45975, -0.42995000000000005, -0.009491
17, 10.985000000000007, -1.5099999999999998, -0.43, 10.98535, -1.51, -0.43, -0.009423
17, 10.985000000000007, -1.5599999999999998, -0.43, 10.9831, -1.5597, -0.43, -0.00948
17, 10.985000000000007, -1.6099999999999999, -0.43, 10.9867, -1.6103500000000002, -0.43005, -0.009439
17, 10.985000000000007, -1.66, -0.43, 10.98605, -1.6594, -0.43005, -0.009428
17, 10.985000000000007, -1.71, -0.43, 10.98635, -1.71045, -0.43005, -0.00948
17, 10.985000000000007, -1.76, -0.43, 10.98525, -1.7599, -0.43005, -0.009433
17, 10.985000000000007, -1.81, -0.43, 10.98695, -1.8095, -0.43005, -0.00947
17, 10.985000000000007, -1.86, -0.43, 10.984650000000002, -1.8603500000000002, -0.43, -0.009465
17, 10.985000000000007, -1.9100000000000001, -0.43, 10.98365, -1.90995, -0.42995000000000005, -0.009449
17, 10.985000000000007, -1.9600000000000002, -0.43, 10.983, -1.96025, -0.42995000000000005, -0.009433
17, 10.985000000000007, -2.0100000000000002, -0.43, 10.985700000000001, -2.0106, -0.42995000000000005, -0.009433
17, 10.985000000000007, -2.06, -0.43, 10.98635, -2.06, -0.43, -0.00948
17, 10.985000000000007, -2.11, -0.43, 10.98515, -2.1098000000000003, -0.43, -0.009465
17, 10.985000000000007, -2.1599999999999997, -0.43, 10.986450000000001, -2.1607000000000003, -0.43, -0.009413
17, 10.985000000000007, -2.2099999999999995, -0.43, 10.98515, -2.2105, -0.43, -0.009454
17, 10.985000000000007, -2.2599999999999993, -0.43, 10.9853, -2.26015, -0.43005, -0.00946
18, 10.935000000000006, -2.2599999999999993, -0.43, 10.934550000000002, -2.26015, -0.43005, -0.009433
18, 10.885000000000005, -2.2599999999999993, -0.43, 10.8853, -2.26005, -0.43005, -0.009491
18, 10.835000000000004, -2.2599999999999993, -0.43, 10.834950000000001, -2.26, -0.43005, -0.00946
18, 10.785000000000004, -2.2599999999999993, -0.43, 10.785650000000002, -2.2599500000000003, -0.43005, -0.009486
18, 10.735000000000003, -2.2599999999999993, -0.43, 10.7344, -2.2599500000000003, -0.43005, -0.009439
18, 10.685000000000002, -2.2599999999999993, -0.43, 10.68445, -2.26005, -0.42990000000000006, -0.009433
18, 10.635000000000002, -2.2599999999999993, -0.43, 10.63685, -2.2601, -0.42990000000000006, -0.00946
18, 10.585, -2.2599999999999993, -0.43, 10.58535, -2.26005, -0.42990000000000006, -0.009444
18, 10.535, -2.2599999999999993, -0.43, 10.536050000000001, -2.26, -0.42990000000000006, -0.009465
18, 10.485, -2.2599999999999993, -0.43, 10.4852, -2.2595500000000004, -0.42995000000000005, -0.00947
18, 10.434999999999999, -2.2599999999999993, -0.43, 10.435450000000001, -2.2602, -0.42995000000000005, -0.009465
18, 10.384999999999998, -2.2599999999999993, -0.43, 10.383550000000001, -2.2598000000000003, -0.43005, -0.009428
18, 10.334999999999997, -2.2599999999999993, -0.43, 10.3352, -2.26, -0.43010000000000004, -0.009439
18, 10.284999999999997, -2.2599999999999993, -0.43, 10.285350000000001, -2.2602, -0.43005, -0.00947
18, 10.234999999999996, -2.2599999999999993, -0.43, 10.2362, -2.26015, -0.43005, -0.009413
18, 10.184999999999995, -2.2599999999999993, -0.43, 10.186050000000002, -2.26, -0.43, -0.00946
18, 10.134999999999994, -2.2599999999999993, -0.43, 10.133700000000001, -2.2598000000000003, -0.43, -0.009439
18, 10.084999999999994, -2.2599999999999993, -0.43, 10.085400000000002, -2.2602, -0.42995000000000005, -0.009465
18, 10.084999999999994, -2.2099999999999995, -0.43, 10.08325, -2.2093000000000003, -0.42990000000000006, -0.00948
18, 10.084999999999994, -2.1599999999999997, -0.43, 10.08435, -2.15925, -0.42995000000000005, -0.009465
18, 10.084999999999994, -2.11, -0.43, 10.0835, -2.10895, -0.43, -0.009465
18, 10.084999999999994, -2.06, -0.43, 10.0828, -2.0603000000000002, -0.43, -0.009433
18, 10.084999999999994, -2.0100000000000002, -0.43, 10.085, -2.0096000000000003, -0.43005, -0.00948
18, 10.084999999999994, -1.9600000000000002, -0.43, 10.08625, -1.95985, -0.43005, -0.00946
18, 10.084999999999994, -1.9100000000000001, -0.43, 10.084400000000002, -1.90945, -0.43005, -0.009418
18, 10.084999999999994, -1.86, -0.43, 10.083, -1.85995, -0.43, -0.009423
18, 10.084999999999994, -1.81, -0.43, 10.084200000000001, -1.809, -0.43, -0.009418
18, 10.084999999999994, -1.76, -0.43, 10.085450000000002, -1.7601000000000002, -0.42995000000000005, -0.009418
18, 10.084999999999994, -1.71, -0.43, 10.084900000000001, -1.7100500000000003, -0.42995000000000005, -0.009449
18, 10.084999999999994, -1.66, -0.43, 10.083450000000001, -1.6597, -0.42995000000000005, -0.009475
18, 10.084999999999994, -1.6099999999999999, -0.43, 10.085550000000001, -1.6104, -0.42995000000000005, -0.009433
18, 10.084999999999994, -1.5599999999999998, -0.43, 10.084100000000001, -1.55995, -0.43010000000000004, -0.009439
18, 10.084999999999994, -1.5099999999999998, -0.43, 10.082650000000001, -1.5095500000000002, -0.43005, -0.00948
18, 10.084999999999994, -1.4599999999999997, -0.43, 10.08535, -1.4608, -0.43005, -0.009444
18, 10.084999999999994, -1.4099999999999997, -0.43, 10.084050000000001, -1.4098000000000002, -0.42995000000000005, -0.00946
18, 10.084999999999994, -1.3599999999999997, -0.43, 10.085150000000002, -1.35995, -0.42990000000000006, -0.00948
19, 10.134999999999994, -1.3599999999999997, -0.43, 10.1353, -1.3602, -0.42995000000000005, -0.00948
19, 10.184999999999995, -1.3599999999999997, -0.43, 10.186050000000002, -1.3604, -0.42995000000000005, -0.009486
19, 10.234999999999996, -1.3599999999999997, -0.43, 10.235, -1.35995, -0.43, -0.00948
19, 10.284999999999997, -1.3599999999999997, -0.43, 10.283900000000001, -1.3599, -0.43, -0.009402
19, 10.334999999999997, -1.3599999999999997, -0.43, 10.334100000000001, -1.36, -0.43005, -0.009428
19, 10.384999999999998, -1.3599999999999997, -0.43, 10.38435, -1.3602, -0.43005, -0.00946
19, 10.434999999999999, -1.3599999999999997, -0.43, 10.4349, -1.36, -0.43005, -0.00947
19, 10.485, -1.3599999999999997, -0.43, 10.4856, -1.36, -0.43, -0.009439
19, 10.535, -1.3599999999999997, -0.43, 10.535050000000002, -1.3599, -0.43, -0.009496
19, 10.585, -1.3599999999999997, -0.43, 10.58535, -1.3599, -0.43, -0.00948
19, 10.635000000000002, -1.3599999999999997, -0.43, 10.63425, -1.35995, -0.43, -0.00947
19, 10.685000000000002, -1.3599999999999997, -0.43, 10.68575, -1.3601, -0.43, -0.00946
19, 10.735000000000003, -1.3599999999999997, -0.43, 10.735800000000001, -1.3601, -0.42995000000000005, -0.009428
19, 10.785000000000004, -1.3599999999999997, -0.43, 10.784900000000002, -1.36, -0.42990000000000006, -0.009465
19, 10.835000000000004, -1.3599999999999997, -0.43, 10.833950000000002, -1.36, -0.42990000000000006, -0.009439
19, 10.885000000000005, -1.3599999999999997, -0.43, 10.88555, -1.35995, -0.42995000000000005, -0.009454
19, 10.935000000000006, -1.3599999999999997, -0.43, 10.935900000000002, -1.36, -0.43, -0.009444
19, 10.985000000000007, -1.3599999999999997, -0.43, 10.984650000000002, -1.3601, -0.43, -0.00947
19, 11.035000000000007, -1.3599999999999997, -0.43, 11.035350000000001, -1.3600500000000002, -0.43005, -0.00946
19, 11.035000000000007, -1.4099999999999997, -0.43, 11.035150000000002, -1.4104, -0.43010000000000004, -0.009475
19, 11.035000000000007, -1.4599999999999997, -0.43, 11.03475, -1.4607, -0.43015000000000003, -0.00946
19, 11.035000000000007, -1.5099999999999998, -0.43, 11.0365, -1.51115, -0.43010000000000004, -0.009439
19, 11.035000000000007, -1.5599999999999998, -0.43, 11.0356, -1.5602, -0.43, -0.00947
19, 11.035000000000007, -1.6099999999999999, -0.43, 11.035350000000001, -1.61045, -0.43, -0.009465
19, 11.035000000000007, -1.66, -0.43, 11.036100000000001, -1.6603, -0.42995000000000005, -0.009454
19, 11.035000000000007, -1.71, -0.43, 11.035950000000001, -1.7101000000000002, -0.42995000000000005, -0.00947
19, 11.035000000000007, -1.76, -0.43, 11.0351, -1.76, -0.42995000000000005, -0.009486
19, 11.035000000000007, -1.81, -0.43, 11.03555, -1.80975, -0.42995000000000005, -0.009449
19, 11.035000000000007, -1.86, -0.43, 11.033850000000001, -1.8605, -0.43, -0.009475
19, 11.035000000000007, -1.9100000000000001, -0.43, 11.037150000000002, -1.9101000000000001, -0.42995000000000005, -0.009428
19, 11.035000000000007, -1.9600000000000002, -0.43, 11.034450000000001, -1.96035, -0.43, -0.009465
19, 11.035000000000007, -2.0100000000000002, -0.43, 11.033650000000002, -2.0106, -0.43, -0.009433
19, 11.035000000000007, -2.06, -0.43, 11.035350000000001, -2.0594, -0.43010000000000004, -0.00946
19, 11.035000000000007, -2.11, -0.43, 11.034150000000002, -2.1096, -0.43010000000000004, -0.009465
19, 11.035000000000007, -2.1599999999999997, -0.43, 11.0348, -2.1595999999999997, -0.43005, -0.009413
19, 11.035000000000007, -2.2099999999999995, -0.43, 11.0357, -2.21025, -0.42990000000000006, -0.009449
19, 11.035000000000007, -2.2599999999999993, -0.43, 11.0336, -2.2604, -0.42990000000000006, -0.009439
19, 11.035000000000007, -2.309999999999999, -0.43, 11.037450000000002, -2.3104, -0.42990000000000006, -0.009444
20, 10.985000000000007, -2.309999999999999, -0.43, 10.984650000000002, -2.3099000000000003, -0.43, -0.00948
20, 10.935000000000006, -2.309999999999999, -0.43, 10.9355, -2.3099000000000003, -0.43, -0.009433
20, 10.885000000000005, -2.309999999999999, -0.43, 10.88555, -2.3099000000000003, -0.43, -0.009475
20, 10.835000000000004, -2.309999999999999, -0.43, 10.835, -2.30995, -0.43, -0.009465
20, 10.785000000000004, -2.309999999999999, -0.43, 10.785900000000002, -2.31, -0.43005, -0.00947
20, 10.735000000000003, -2.309999999999999, -0.43, 10.734800000000002, -2.31, -0.43005, -0.009423
20, 10.685000000000002, -2.309999999999999, -0.43, 10.685, -2.3101, -0.43005, -0.009413
20, 10.635000000000002, -2.309999999999999, -0.43, 10.63615, -2.3100500000000004, -0.43010000000000004, -0.009439
20, 10.585, -2.309999999999999, -0.43, 10.58575, -2.3101, -0.43005, -0.009465
20, 10.535, -2.309999999999999, -0.43, 10.536150000000001, -2.3101, -0.43005, -0.009428
20, 10.485, -2.309999999999999, -0.43, 10.485050000000001, -2.3099000000000003, -0.43, -0.00947
20, 10.434999999999999, -2.309999999999999, -0.43, 10.435300000000002, -2.3099000000000003, -0.43, -0.009423
20, 10.384999999999998, -2.309999999999999, -0.43, 10.3839, -2.31, -0.42990000000000006, -0.009486
20, 10.334999999999997, -2.309999999999999, -0.43, 10.3361, -2.3100500000000004, -0.42995000000000005, -0.009454
20, 10.284999999999997, -2.309999999999999, -0.43, 10.284550000000001, -2.3101, -0.42995000000000005, -0.009433
20, 10.234999999999996, -2.309999999999999, -0.43, 10.23525, -2.3100500000000004, -0.42995000000000005, -0.009486
20, 10.184999999999995, -2.309999999999999, -0.43, 10.186300000000001, -2.30995, -0.42995000000000005, -0.009407
20, 10.134999999999994, -2.309999999999999, -0.43, 10.13455, -2.3099000000000003, -0.43005, -0.009439
20, 10.084999999999994, -2.309999999999999, -0.43, 10.085150000000002, -2.3100500000000004, -0.43005, -0.009465
20, 10.034999999999993, -2.309999999999999, -0.43, 10.0357, -2.3100500000000004, -0.43005, -0.009454
20, 10.034999999999993, -2.2599999999999993, -0.43, 10.0324, -2.2596, -0.43, -0.009465
20, 10.034999999999993, -2.2099999999999995, -0.43, 10.034300000000002, -2.2093000000000003, -0.43005, -0.009428
20, 10.034999999999993, -2.1599999999999997, -0.43, 10.0348, -2.1603499999999998, -0.42990000000000006, -0.009465
20, 10.034999999999993, -2.11, -0.43, 10.035800000000002, -2.10925, -0.42990000000000006, -0.009444
20, 10.034999999999993, -2.06, -0.43, 10.0325, -2.05975, -0.42995000000000005, -0.00947
20, 10.034999999999993, -2.0100000000000002, -0.43, 10.035300000000001, -2.0104, -0.42995000000000005, -0.009423
20, 10.034999999999993, -1.9600000000000002, -0.43, 10.03645, -1.9597, -0.43, -0.009413
20, 10.034999999999993, -1.9100000000000001, -0.43, 10.03625, -1.9098000000000002, -0.43005, -0.00946
20, 10.034999999999993, -1.86, -0.43, 10.03485, -1.86, -0.43010000000000004, -0.009402
20, 10.034999999999993, -1.81, -0.43, 10.0335, -1.8093500000000002, -0.43015000000000003, -0.009439
20, 10.034999999999993, -1.76, -0.43, 10.03585, -1.76025, -0.43005, -0.00947
20, 10.034999999999993, -1.71, -0.43, 10.033700000000001, -1.7099000000000002, -0.43, -0.009428
20, 10.034999999999993, -1.66, -0.43, 10.0342, -1.6605500000000002, -0.43, -0.009465
20, 10.034999999999993, -1.6099999999999999, -0.43, 10.03335, -1.61045, -0.43, -0.009454
20, 10.034999999999993, -1.5599999999999998, -0.43, 10.03725, -1.5604, -0.43, -0.009423
20, 10.034999999999993, -1.5099999999999998, -0.43, 10.03475, -1.5095, -0.43, -0.009475
20, 10.034999999999993, -1.4599999999999997, -0.43, 10.034650000000001, -1.46025, -0.43, -0.009418
20, 10.034999999999993, -1.4099999999999997, -0.43, 10.034, -1.4105500000000002, -0.43, -0.009428
20, 10.034999999999993, -1.3599999999999997, -0.43, 10.0341, -1.36075, -0.43, -0.009433
20, 10.034999999999993, -1.3099999999999996, -0.43, 10.036900000000001, -1.3103500000000001, -0.43, -0.009428
0, 10.535, -1.81, -0.32999999999999996, 10.0365, -1.3101500000000001, -0.43, -0.009433
