Voltage = 3.6, Current = 18.2, Pinhole = 10um, Objective = 20x, NA = 0.42 
0, 10.45, -1.81, -0.35, 10.45, -1.8094000000000001, -0.35, -0.009329
1, 10.45, -1.78, -0.35, 10.4512, -1.78095, -0.35, -0.009287
1, 10.45, -1.78, -0.38, 10.450050000000001, -1.7799500000000001, -0.38, -0.009314
2, 10.45, -1.81, -0.38, 10.45095, -1.8111000000000002, -0.38, -0.009334
2, 10.45, -1.84, -0.38, 10.448300000000001, -1.83975, -0.37995000000000007, -0.00935
2, 10.45, -1.84, -0.35, 10.4496, -1.8400500000000002, -0.34995000000000004, -0.00934
2, 10.45, -1.84, -0.31999999999999995, 10.449800000000002, -1.83995, -0.31965000000000005, -0.009319
3, 10.45, -1.81, -0.31999999999999995, 10.4488, -1.8100500000000002, -0.31995000000000007, -0.009314
3, 10.45, -1.78, -0.31999999999999995, 10.44955, -1.78035, -0.32020000000000004, -0.00934
3, 10.45, -1.75, -0.31999999999999995, 10.447650000000001, -1.75015, -0.32, -0.009282
3, 10.45, -1.75, -0.35, 10.449150000000001, -1.75045, -0.35040000000000004, -0.009319
3, 10.45, -1.75, -0.38, 10.4497, -1.74945, -0.3798, -0.009308
3, 10.45, -1.75, -0.41000000000000003, 10.449900000000001, -1.74975, -0.40955, -0.00934
4, 10.45, -1.78, -0.41000000000000003, 10.449950000000001, -1.77945, -0.40995000000000004, -0.00935
4, 10.45, -1.81, -0.41000000000000003, 10.449900000000001, -1.8098, -0.41005, -0.009287
4, 10.45, -1.84, -0.41000000000000003, 10.45105, -1.83965, -0.41005, -0.009334
4, 10.45, -1.87, -0.41000000000000003, 10.4481, -1.87, -0.41, -0.00934
4, 10.45, -1.87, -0.38, 10.450550000000002, -1.87, -0.3799, -0.009298
4, 10.45, -1.87, -0.35, 10.4503, -1.87, -0.34985000000000005, -0.009293
4, 10.45, -1.87, -0.31999999999999995, 10.4505, -1.86995, -0.32005, -0.009277
4, 10.45, -1.87, -0.2899999999999999, 10.449950000000001, -1.87, -0.28985, -0.009256
5, 10.45, -1.84, -0.2899999999999999, 10.448, -1.83975, -0.29, -0.009303
5, 10.45, -1.81, -0.2899999999999999, 10.4502, -1.8100500000000002, -0.29, -0.009308
5, 10.45, -1.78, -0.2899999999999999, 10.450050000000001, -1.7792000000000001, -0.29, -0.009277
5, 10.45, -1.75, -0.2899999999999999, 10.4476, -1.74975, -0.28995, -0.009308
5, 10.45, -1.72, -0.2899999999999999, 10.448150000000002, -1.7202, -0.28995, -0.009287
5, 10.45, -1.72, -0.31999999999999995, 10.449800000000002, -1.71975, -0.3201, -0.00934
5, 10.45, -1.72, -0.35, 10.44975, -1.71975, -0.3508, -0.009298
5, 10.45, -1.72, -0.38, 10.450050000000001, -1.7201000000000002, -0.38005, -0.009334
5, 10.45, -1.72, -0.41000000000000003, 10.4501, -1.7201000000000002, -0.4093, -0.009308
5, 10.45, -1.72, -0.44000000000000006, 10.45, -1.72015, -0.43925, -0.00935
6, 10.45, -1.75, -0.44000000000000006, 10.449950000000001, -1.75015, -0.43975, -0.009319
6, 10.45, -1.78, -0.44000000000000006, 10.448300000000001, -1.7793500000000002, -0.43995000000000006, -0.00934
6, 10.45, -1.81, -0.44000000000000006, 10.448400000000001, -1.80975, -0.4399, -0.009324
6, 10.45, -1.84, -0.44000000000000006, 10.44985, -1.8396000000000001, -0.44, -0.009355
6, 10.45, -1.87, -0.44000000000000006, 10.452900000000001, -1.8708500000000001, -0.44005, -0.009308
6, 10.45, -1.9000000000000001, -0.44000000000000006, 10.4505, -1.9003, -0.44, -0.009329
6, 10.45, -1.9000000000000001, -0.41000000000000003, 10.449150000000001, -1.9, -0.41, -0.009319
6, 10.45, -1.9000000000000001, -0.38, 10.449650000000002, -1.9, -0.38055, -0.009319
6, 10.45, -1.9000000000000001, -0.35, 10.4497, -1.9000500000000002, -0.34990000000000004, -0.009293
6, 10.45, -1.9000000000000001, -0.31999999999999995, 10.450050000000001, -1.9, -0.31995000000000007, -0.009287
6, 10.45, -1.9000000000000001, -0.2899999999999999, 10.44975, -1.8999000000000001, -0.28990000000000005, -0.009277
6, 10.45, -1.9000000000000001, -0.2599999999999999, 10.449900000000001, -1.8999000000000001, -0.2595, -0.009267
7, 10.45, -1.87, -0.2599999999999999, 10.44725, -1.87, -0.25945, -0.009261
7, 10.45, -1.84, -0.2599999999999999, 10.450650000000001, -1.83905, -0.2602, -0.009256
7, 10.45, -1.81, -0.2599999999999999, 10.448550000000001, -1.80895, -0.26015000000000005, -0.009272
7, 10.45, -1.78, -0.2599999999999999, 10.446900000000001, -1.7789000000000001, -0.26015000000000005, -0.009235
7, 10.45, -1.75, -0.2599999999999999, 10.450650000000001, -1.75095, -0.25985, -0.009241
7, 10.45, -1.72, -0.2599999999999999, 10.451150000000002, -1.71975, -0.26, -0.009261
7, 10.45, -1.69, -0.2599999999999999, 10.448300000000001, -1.6903500000000002, -0.2601, -0.009298
7, 10.45, -1.69, -0.2899999999999999, 10.449800000000002, -1.6902000000000001, -0.29055000000000003, -0.009345
7, 10.45, -1.69, -0.31999999999999995, 10.449800000000002, -1.6902000000000001, -0.32, -0.009324
7, 10.45, -1.69, -0.35, 10.4502, -1.68995, -0.35, -0.009293
7, 10.45, -1.69, -0.38, 10.45, -1.6901000000000002, -0.38020000000000004, -0.009308
7, 10.45, -1.69, -0.41000000000000003, 10.449950000000001, -1.6901000000000002, -0.40945000000000004, -0.00934
7, 10.45, -1.69, -0.44000000000000006, 10.449900000000001, -1.6901000000000002, -0.43915000000000004, -0.009298
7, 10.45, -1.69, -0.4700000000000001, 10.45, -1.6900500000000003, -0.469, -0.009293
8, 10.45, -1.72, -0.4700000000000001, 10.45135, -1.7197, -0.46990000000000004, -0.009267
8, 10.45, -1.75, -0.4700000000000001, 10.4502, -1.7492, -0.4698, -0.009298
8, 10.45, -1.78, -0.4700000000000001, 10.452050000000002, -1.7804, -0.47015, -0.009345
8, 10.45, -1.81, -0.4700000000000001, 10.452900000000001, -1.8098, -0.4701, -0.009334
8, 10.45, -1.84, -0.4700000000000001, 10.4502, -1.8400500000000002, -0.4698, -0.009282
8, 10.45, -1.87, -0.4700000000000001, 10.45225, -1.8703500000000002, -0.4698, -0.00934
8, 10.45, -1.9000000000000001, -0.4700000000000001, 10.449200000000001, -1.9001000000000001, -0.47, -0.009298
8, 10.45, -1.9300000000000002, -0.4700000000000001, 10.4521, -1.93075, -0.47, -0.009303
8, 10.45, -1.9300000000000002, -0.44000000000000006, 10.4505, -1.92975, -0.4399, -0.00935
8, 10.45, -1.9300000000000002, -0.41000000000000003, 10.449800000000002, -1.9298000000000002, -0.41035000000000005, -0.00934
8, 10.45, -1.9300000000000002, -0.38, 10.4497, -1.92995, -0.38005, -0.00934
8, 10.45, -1.9300000000000002, -0.35, 10.4501, -1.9302000000000001, -0.3495, -0.009298
8, 10.45, -1.9300000000000002, -0.31999999999999995, 10.45045, -1.9302000000000001, -0.31975, -0.009314
8, 10.45, -1.9300000000000002, -0.2899999999999999, 10.449800000000002, -1.9300500000000003, -0.28985, -0.009329
8, 10.45, -1.9300000000000002, -0.2599999999999999, 10.449900000000001, -1.92995, -0.25930000000000003, -0.009319
8, 10.45, -1.9300000000000002, -0.2299999999999999, 10.449950000000001, -1.9298000000000002, -0.22965, -0.009287
9, 10.45, -1.9000000000000001, -0.2299999999999999, 10.446900000000001, -1.8996000000000002, -0.2299, -0.009303
9, 10.45, -1.87, -0.2299999999999999, 10.452350000000001, -1.8703, -0.22995000000000002, -0.009256
9, 10.45, -1.84, -0.2299999999999999, 10.448400000000001, -1.83945, -0.23, -0.009282
9, 10.45, -1.81, -0.2299999999999999, 10.450550000000002, -1.8099, -0.23, -0.009214
9, 10.45, -1.78, -0.2299999999999999, 10.450800000000001, -1.7801000000000002, -0.23005, -0.009256
9, 10.45, -1.75, -0.2299999999999999, 10.44945, -1.7511, -0.23005, -0.009277
9, 10.45, -1.72, -0.2299999999999999, 10.4503, -1.7210500000000002, -0.23005, -0.009293
9, 10.45, -1.69, -0.2299999999999999, 10.4503, -1.6910500000000002, -0.23005, -0.009329
9, 10.45, -1.66, -0.2299999999999999, 10.448900000000002, -1.6599000000000002, -0.23005, -0.009303
9, 10.45, -1.66, -0.2599999999999999, 10.452050000000002, -1.6596000000000002, -0.2596, -0.00934
9, 10.45, -1.66, -0.2899999999999999, 10.4495, -1.66025, -0.2902, -0.009329
9, 10.45, -1.66, -0.31999999999999995, 10.44955, -1.6601000000000001, -0.3209, -0.009308
9, 10.45, -1.66, -0.35, 10.4501, -1.6599000000000002, -0.3501, -0.009293
9, 10.45, -1.66, -0.38, 10.449900000000001, -1.65995, -0.3799, -0.009345
9, 10.45, -1.66, -0.41000000000000003, 10.449800000000002, -1.6600500000000002, -0.40915, -0.009319
9, 10.45, -1.66, -0.44000000000000006, 10.449900000000001, -1.6602000000000001, -0.4393, -0.009303
9, 10.45, -1.66, -0.4700000000000001, 10.45, -1.66, -0.46925, -0.009308
9, 10.45, -1.66, -0.5000000000000001, 10.4501, -1.65985, -0.49945000000000006, -0.009303
10, 10.45, -1.69, -0.5000000000000001, 10.451300000000002, -1.6905500000000002, -0.49955, -0.009303
10, 10.45, -1.72, -0.5000000000000001, 10.4502, -1.72035, -0.5002000000000001, -0.009194
10, 10.45, -1.75, -0.5000000000000001, 10.44985, -1.74975, -0.5, -0.009225
10, 10.45, -1.78, -0.5000000000000001, 10.449150000000001, -1.7795, -0.5, -0.009308
10, 10.45, -1.81, -0.5000000000000001, 10.452050000000002, -1.81055, -0.5, -0.009256
10, 10.45, -1.84, -0.5000000000000001, 10.451300000000002, -1.84075, -0.50005, -0.009293
10, 10.45, -1.87, -0.5000000000000001, 10.448400000000001, -1.87, -0.5, -0.009287
10, 10.45, -1.9000000000000001, -0.5000000000000001, 10.452350000000001, -1.8999000000000001, -0.5, -0.009308
10, 10.45, -1.9300000000000002, -0.5000000000000001, 10.449050000000002, -1.9300500000000003, -0.4999, -0.009272
10, 10.45, -1.9600000000000002, -0.5000000000000001, 10.45245, -1.9606000000000001, -0.4999, -0.009319
10, 10.45, -1.9600000000000002, -0.4700000000000001, 10.44985, -1.9595, -0.4701, -0.009303
10, 10.45, -1.9600000000000002, -0.44000000000000006, 10.450650000000001, -1.95995, -0.44070000000000004, -0.009293
10, 10.45, -1.9600000000000002, -0.41000000000000003, 10.44975, -1.9603000000000002, -0.41045000000000004, -0.009303
10, 10.45, -1.9600000000000002, -0.38, 10.45045, -1.9603000000000002, -0.38020000000000004, -0.009287
10, 10.45, -1.9600000000000002, -0.35, 10.449800000000002, -1.95975, -0.34920000000000007, -0.009345
10, 10.45, -1.9600000000000002, -0.31999999999999995, 10.449950000000001, -1.9597, -0.3195, -0.009334
10, 10.45, -1.9600000000000002, -0.2899999999999999, 10.45, -1.95995, -0.2898, -0.009334
10, 10.45, -1.9600000000000002, -0.2599999999999999, 10.4501, -1.9602, -0.25925, -0.009298
10, 10.45, -1.9600000000000002, -0.2299999999999999, 10.450050000000001, -1.96025, -0.22975, -0.00934
10, 10.45, -1.9600000000000002, -0.1999999999999999, 10.449950000000001, -1.96025, -0.20025, -0.009334
11, 10.45, -1.9300000000000002, -0.1999999999999999, 10.448, -1.93015, -0.19975, -0.009319
11, 10.45, -1.9000000000000001, -0.1999999999999999, 10.4467, -1.89965, -0.19975, -0.009241
11, 10.45, -1.87, -0.1999999999999999, 10.453400000000002, -1.8701500000000002, -0.19995000000000002, -0.009277
11, 10.45, -1.84, -0.1999999999999999, 10.4509, -1.8397000000000001, -0.20015, -0.009261
11, 10.45, -1.81, -0.1999999999999999, 10.448450000000001, -1.80995, -0.20005, -0.009241
11, 10.45, -1.78, -0.1999999999999999, 10.4494, -1.7801500000000001, -0.1999, -0.00922
11, 10.45, -1.75, -0.1999999999999999, 10.4503, -1.7505, -0.2, -0.009277
11, 10.45, -1.72, -0.1999999999999999, 10.450650000000001, -1.7197, -0.20015, -0.009261
11, 10.45, -1.69, -0.1999999999999999, 10.451600000000001, -1.6917, -0.20015, -0.009303
11, 10.45, -1.66, -0.1999999999999999, 10.4487, -1.65975, -0.20010000000000003, -0.009345
11, 10.45, -1.63, -0.1999999999999999, 10.451400000000001, -1.63045, -0.2, -0.009303
11, 10.45, -1.63, -0.2299999999999999, 10.45, -1.62995, -0.23010000000000003, -0.009293
11, 10.45, -1.63, -0.2599999999999999, 10.45, -1.63025, -0.25995, -0.009319
11, 10.45, -1.63, -0.2899999999999999, 10.450050000000001, -1.6301, -0.2905, -0.009298
11, 10.45, -1.63, -0.31999999999999995, 10.45, -1.6298000000000001, -0.32070000000000004, -0.009324
11, 10.45, -1.63, -0.35, 10.450050000000001, -1.6302, -0.3501, -0.009293
11, 10.45, -1.63, -0.38, 10.45025, -1.6299000000000001, -0.37985, -0.009319
11, 10.45, -1.63, -0.41000000000000003, 10.449800000000002, -1.6297000000000001, -0.40905, -0.009282
11, 10.45, -1.63, -0.44000000000000006, 10.449800000000002, -1.6297000000000001, -0.4393, -0.009287
11, 10.45, -1.63, -0.4700000000000001, 10.45, -1.6303, -0.46975, -0.009303
11, 10.45, -1.63, -0.5000000000000001, 10.45015, -1.6298000000000001, -0.49935, -0.009334
11, 10.45, -1.63, -0.5300000000000001, 10.450400000000002, -1.6298000000000001, -0.5294, -0.009287
12, 10.45, -1.66, -0.5300000000000001, 10.449150000000001, -1.6598000000000002, -0.5301, -0.009298
12, 10.45, -1.69, -0.5300000000000001, 10.452200000000001, -1.68995, -0.53005, -0.009256
12, 10.45, -1.72, -0.5300000000000001, 10.447550000000001, -1.71995, -0.53, -0.009188
12, 10.45, -1.75, -0.5300000000000001, 10.4496, -1.7497, -0.5298, -0.009225
12, 10.45, -1.78, -0.5300000000000001, 10.45185, -1.7793500000000002, -0.5298999999999999, -0.009178
12, 10.45, -1.81, -0.5300000000000001, 10.45345, -1.81055, -0.53005, -0.009267
12, 10.45, -1.84, -0.5300000000000001, 10.447550000000001, -1.8405500000000001, -0.5301, -0.009235
12, 10.45, -1.87, -0.5300000000000001, 10.44835, -1.87, -0.5301, -0.009194
12, 10.45, -1.9000000000000001, -0.5300000000000001, 10.44975, -1.89985, -0.53, -0.009303
12, 10.45, -1.9300000000000002, -0.5300000000000001, 10.451450000000001, -1.93075, -0.52995, -0.009334
12, 10.45, -1.9600000000000002, -0.5300000000000001, 10.451900000000002, -1.9609, -0.5298999999999999, -0.009324
12, 10.45, -1.9900000000000002, -0.5300000000000001, 10.45335, -1.99005, -0.5298999999999999, -0.009287
12, 10.45, -1.9900000000000002, -0.5000000000000001, 10.44805, -1.99, -0.5, -0.009324
12, 10.45, -1.9900000000000002, -0.4700000000000001, 10.44945, -1.99005, -0.4701, -0.009298
12, 10.45, -1.9900000000000002, -0.44000000000000006, 10.4495, -1.99005, -0.43970000000000004, -0.009334
12, 10.45, -1.9900000000000002, -0.41000000000000003, 10.4502, -1.99, -0.41045000000000004, -0.009303
12, 10.45, -1.9900000000000002, -0.38, 10.45, -1.99, -0.37935, -0.00934
12, 10.45, -1.9900000000000002, -0.35, 10.449950000000001, -1.98995, -0.34945000000000004, -0.009303
12, 10.45, -1.9900000000000002, -0.31999999999999995, 10.4501, -1.98995, -0.32035, -0.009314
12, 10.45, -1.9900000000000002, -0.2899999999999999, 10.449900000000001, -1.98995, -0.28975, -0.009308
12, 10.45, -1.9900000000000002, -0.2599999999999999, 10.449950000000001, -1.98995, -0.25930000000000003, -0.009314
12, 10.45, -1.9900000000000002, -0.2299999999999999, 10.45, -1.98995, -0.22970000000000002, -0.00935
12, 10.45, -1.9900000000000002, -0.1999999999999999, 10.449950000000001, -1.98995, -0.20015, -0.009334
12, 10.45, -1.9900000000000002, -0.1699999999999999, 10.449950000000001, -1.99005, -0.16910000000000003, -0.009303
13, 10.45, -1.9600000000000002, -0.1699999999999999, 10.4511, -1.9605500000000002, -0.17, -0.009345
13, 10.45, -1.9300000000000002, -0.1699999999999999, 10.449300000000001, -1.9301000000000001, -0.1699, -0.009277
13, 10.45, -1.9000000000000001, -0.1699999999999999, 10.45255, -1.9005, -0.1699, -0.009261
13, 10.45, -1.87, -0.1699999999999999, 10.447400000000002, -1.8701, -0.16995000000000002, -0.009235
13, 10.45, -1.84, -0.1699999999999999, 10.449200000000001, -1.83975, -0.17005, -0.009256
13, 10.45, -1.81, -0.1699999999999999, 10.4497, -1.8095500000000002, -0.17, -0.009183
13, 10.45, -1.78, -0.1699999999999999, 10.45015, -1.7799500000000001, -0.17005, -0.009168
13, 10.45, -1.75, -0.1699999999999999, 10.448550000000001, -1.75015, -0.16985000000000003, -0.009204
13, 10.45, -1.72, -0.1699999999999999, 10.4517, -1.7202, -0.17005, -0.009251
13, 10.45, -1.69, -0.1699999999999999, 10.448550000000001, -1.68995, -0.17015, -0.009298
13, 10.45, -1.66, -0.1699999999999999, 10.4517, -1.66075, -0.17015, -0.00935
13, 10.45, -1.63, -0.1699999999999999, 10.453550000000002, -1.6307, -0.16985000000000003, -0.009298
13, 10.45, -1.5999999999999999, -0.1699999999999999, 10.45165, -1.6001, -0.1699, -0.009355
13, 10.45, -1.5999999999999999, -0.1999999999999999, 10.450700000000001, -1.6, -0.19960000000000003, -0.00934
13, 10.45, -1.5999999999999999, -0.2299999999999999, 10.449900000000001, -1.6000500000000002, -0.23035000000000003, -0.009324
13, 10.45, -1.5999999999999999, -0.2599999999999999, 10.44985, -1.6000500000000002, -0.26055, -0.009293
13, 10.45, -1.5999999999999999, -0.2899999999999999, 10.45015, -1.6, -0.29045, -0.009345
13, 10.45, -1.5999999999999999, -0.31999999999999995, 10.45015, -1.6, -0.32070000000000004, -0.009298
13, 10.45, -1.5999999999999999, -0.35, 10.449950000000001, -1.59995, -0.35085, -0.009334
13, 10.45, -1.5999999999999999, -0.38, 10.450050000000001, -1.6, -0.37985, -0.009319
13, 10.45, -1.5999999999999999, -0.41000000000000003, 10.450050000000001, -1.6000500000000002, -0.40915, -0.009303
13, 10.45, -1.5999999999999999, -0.44000000000000006, 10.45, -1.6001, -0.43910000000000005, -0.009324
13, 10.45, -1.5999999999999999, -0.4700000000000001, 10.449900000000001, -1.6001, -0.46975, -0.009334
13, 10.45, -1.5999999999999999, -0.5000000000000001, 10.45, -1.5999, -0.49995000000000006, -0.009329
13, 10.45, -1.5999999999999999, -0.5300000000000001, 10.45, -1.59995, -0.53, -0.009345
13, 10.45, -1.5999999999999999, -0.5600000000000002, 10.44985, -1.59995, -0.5595, -0.009345
14, 10.45, -1.63, -0.5600000000000002, 10.45245, -1.6296000000000002, -0.5599, -0.009298
14, 10.45, -1.66, -0.5600000000000002, 10.448450000000001, -1.6608500000000002, -0.56, -0.009345
14, 10.45, -1.69, -0.5600000000000002, 10.449650000000002, -1.6903500000000002, -0.56005, -0.009261
14, 10.45, -1.72, -0.5600000000000002, 10.45255, -1.71975, -0.56, -0.009178
14, 10.45, -1.75, -0.5600000000000002, 10.452050000000002, -1.7499, -0.56, -0.009126
14, 10.45, -1.78, -0.5600000000000002, 10.4479, -1.7793, -0.56, -0.009157
14, 10.45, -1.81, -0.5600000000000002, 10.451450000000001, -1.8102, -0.5599500000000001, -0.009194
14, 10.45, -1.84, -0.5600000000000002, 10.45195, -1.8399, -0.5599500000000001, -0.009246
14, 10.45, -1.87, -0.5600000000000002, 10.4515, -1.8703, -0.5599500000000001, -0.009204
14, 10.45, -1.9000000000000001, -0.5600000000000002, 10.448550000000001, -1.89985, -0.56, -0.009256
14, 10.45, -1.9300000000000002, -0.5600000000000002, 10.451150000000002, -1.9307, -0.56, -0.009282
14, 10.45, -1.9600000000000002, -0.5600000000000002, 10.452300000000001, -1.96065, -0.56005, -0.009303
14, 10.45, -1.9900000000000002, -0.5600000000000002, 10.44795, -1.9897, -0.56005, -0.009293
14, 10.45, -2.02, -0.5600000000000002, 10.44925, -2.01995, -0.56005, -0.00936
14, 10.45, -2.02, -0.5300000000000001, 10.449300000000001, -2.02015, -0.5308, -0.009334
14, 10.45, -2.02, -0.5000000000000001, 10.451, -2.02025, -0.5005, -0.009287
14, 10.45, -2.02, -0.4700000000000001, 10.44955, -2.0202, -0.47025, -0.009329
14, 10.45, -2.02, -0.44000000000000006, 10.44985, -2.02, -0.44020000000000004, -0.009298
14, 10.45, -2.02, -0.41000000000000003, 10.4501, -2.01995, -0.41015, -0.009293
14, 10.45, -2.02, -0.38, 10.44985, -2.0199000000000003, -0.37995000000000007, -0.009277
14, 10.45, -2.02, -0.35, 10.44985, -2.0199000000000003, -0.34935000000000005, -0.009303
14, 10.45, -2.02, -0.31999999999999995, 10.449950000000001, -2.01985, -0.3196, -0.009298
14, 10.45, -2.02, -0.2899999999999999, 10.449950000000001, -2.02015, -0.28975, -0.009293
14, 10.45, -2.02, -0.2599999999999999, 10.45, -2.02035, -0.2594, -0.00934
14, 10.45, -2.02, -0.2299999999999999, 10.449950000000001, -2.02035, -0.22970000000000002, -0.009277
14, 10.45, -2.02, -0.1999999999999999, 10.45, -2.0201000000000002, -0.20020000000000002, -0.00934
14, 10.45, -2.02, -0.1699999999999999, 10.449950000000001, -2.01985, -0.16960000000000003, -0.009303
14, 10.45, -2.02, -0.1399999999999999, 10.4501, -2.01985, -0.13985, -0.009319
15, 10.45, -1.99, -0.1399999999999999, 10.45075, -1.9901000000000002, -0.13965, -0.00934
15, 10.45, -1.96, -0.1399999999999999, 10.44875, -1.9588, -0.13965, -0.009334
15, 10.45, -1.93, -0.1399999999999999, 10.450700000000001, -1.9303000000000001, -0.14020000000000002, -0.009308
15, 10.45, -1.9, -0.1399999999999999, 10.449150000000001, -1.8992, -0.14015, -0.009261
15, 10.45, -1.8699999999999999, -0.1399999999999999, 10.4491, -1.86975, -0.14015, -0.009188
15, 10.45, -1.8399999999999999, -0.1399999999999999, 10.4487, -1.8400500000000002, -0.14, -0.009188
15, 10.45, -1.8099999999999998, -0.1399999999999999, 10.4509, -1.8095, -0.13975, -0.009178
15, 10.45, -1.7799999999999998, -0.1399999999999999, 10.4479, -1.7796500000000002, -0.13985, -0.009168
15, 10.45, -1.7499999999999998, -0.1399999999999999, 10.4463, -1.75015, -0.1401, -0.009251
15, 10.45, -1.7199999999999998, -0.1399999999999999, 10.450650000000001, -1.7196500000000001, -0.1401, -0.009241
15, 10.45, -1.6899999999999997, -0.1399999999999999, 10.448900000000002, -1.69045, -0.14005, -0.009277
15, 10.45, -1.6599999999999997, -0.1399999999999999, 10.4511, -1.6601000000000001, -0.13995000000000002, -0.009303
15, 10.45, -1.6299999999999997, -0.1399999999999999, 10.4487, -1.6298500000000002, -0.13995000000000002, -0.00934
15, 10.45, -1.5999999999999996, -0.1399999999999999, 10.4502, -1.60025, -0.13995000000000002, -0.009303
15, 10.45, -1.5699999999999996, -0.1399999999999999, 10.448900000000002, -1.5706000000000002, -0.14, -0.00934
15, 10.45, -1.5699999999999996, -0.1699999999999999, 10.44985, -1.5698500000000002, -0.1695, -0.009334
15, 10.45, -1.5699999999999996, -0.1999999999999999, 10.449900000000001, -1.5697, -0.19905, -0.009324
15, 10.45, -1.5699999999999996, -0.2299999999999999, 10.45, -1.56975, -0.2299, -0.009293
15, 10.45, -1.5699999999999996, -0.2599999999999999, 10.449950000000001, -1.5702, -0.26045, -0.009293
15, 10.45, -1.5699999999999996, -0.2899999999999999, 10.450050000000001, -1.57025, -0.2906, -0.009314
15, 10.45, -1.5699999999999996, -0.31999999999999995, 10.4501, -1.5697, -0.32075, -0.009329
15, 10.45, -1.5699999999999996, -0.35, 10.4501, -1.5700500000000002, -0.35090000000000005, -0.009298
15, 10.45, -1.5699999999999996, -0.38, 10.450050000000001, -1.57, -0.3798, -0.009303
15, 10.45, -1.5699999999999996, -0.41000000000000003, 10.449950000000001, -1.5697, -0.40995000000000004, -0.009329
15, 10.45, -1.5699999999999996, -0.44000000000000006, 10.449950000000001, -1.5700500000000002, -0.43945000000000006, -0.009287
15, 10.45, -1.5699999999999996, -0.4700000000000001, 10.45, -1.57, -0.4695, -0.009293
15, 10.45, -1.5699999999999996, -0.5000000000000001, 10.45015, -1.56975, -0.49995000000000006, -0.00934
15, 10.45, -1.5699999999999996, -0.5300000000000001, 10.45, -1.5698, -0.5298, -0.009345
15, 10.45, -1.5699999999999996, -0.5600000000000002, 10.449950000000001, -1.5700500000000002, -0.55935, -0.009308
15, 10.45, -1.5699999999999996, -0.5900000000000002, 10.449800000000002, -1.57025, -0.59055, -0.00935
16, 10.45, -1.5999999999999996, -0.5900000000000002, 10.449950000000001, -1.6001500000000002, -0.5899, -0.009303
16, 10.45, -1.6299999999999997, -0.5900000000000002, 10.454450000000001, -1.62965, -0.5898000000000001, -0.009287
16, 10.45, -1.6599999999999997, -0.5900000000000002, 10.44655, -1.66015, -0.5898000000000001, -0.009324
16, 10.45, -1.6899999999999997, -0.5900000000000002, 10.45175, -1.6890500000000002, -0.5898000000000001, -0.00922
16, 10.45, -1.7199999999999998, -0.5900000000000002, 10.448550000000001, -1.7196500000000001, -0.5899500000000001, -0.009131
16, 10.45, -1.7499999999999998, -0.5900000000000002, 10.452150000000001, -1.7499, -0.5902000000000001, -0.009027
16, 10.45, -1.7799999999999998, -0.5900000000000002, 10.451400000000001, -1.7802, -0.5898000000000001, -0.009058
16, 10.45, -1.8099999999999998, -0.5900000000000002, 10.450550000000002, -1.8099, -0.5901000000000001, -0.009126
16, 10.45, -1.8399999999999999, -0.5900000000000002, 10.4532, -1.84, -0.5901000000000001, -0.009188
16, 10.45, -1.8699999999999999, -0.5900000000000002, 10.449050000000002, -1.87025, -0.5901000000000001, -0.009194
16, 10.45, -1.9, -0.5900000000000002, 10.4511, -1.89985, -0.59, -0.009287
16, 10.45, -1.93, -0.5900000000000002, 10.45175, -1.9303500000000002, -0.5899, -0.009329
16, 10.45, -1.96, -0.5900000000000002, 10.44975, -1.9598000000000002, -0.5899, -0.009293
16, 10.45, -1.99, -0.5900000000000002, 10.44935, -1.9902, -0.5900500000000001, -0.009334
16, 10.45, -2.02, -0.5900000000000002, 10.45175, -2.01995, -0.5902000000000001, -0.009334
16, 10.45, -2.05, -0.5900000000000002, 10.4506, -2.04915, -0.5899, -0.00934
16, 10.45, -2.05, -0.5600000000000002, 10.45085, -2.0498499999999997, -0.56, -0.009298
16, 10.45, -2.05, -0.5300000000000001, 10.4497, -2.0498499999999997, -0.5308, -0.009308
16, 10.45, -2.05, -0.5000000000000001, 10.449800000000002, -2.05005, -0.4999, -0.009334
16, 10.45, -2.05, -0.4700000000000001, 10.449800000000002, -2.05005, -0.4695, -0.009319
16, 10.45, -2.05, -0.44000000000000006, 10.4505, -2.05005, -0.44, -0.00935
16, 10.45, -2.05, -0.41000000000000003, 10.449900000000001, -2.0499, -0.41055, -0.009287
16, 10.45, -2.05, -0.38, 10.449900000000001, -2.0499500000000004, -0.3799, -0.009355
16, 10.45, -2.05, -0.35, 10.44985, -2.0499, -0.34940000000000004, -0.009329
16, 10.45, -2.05, -0.31999999999999995, 10.45, -2.05, -0.3194, -0.009298
16, 10.45, -2.05, -0.2899999999999999, 10.449900000000001, -2.0501, -0.2898, -0.009319
16, 10.45, -2.05, -0.2599999999999999, 10.45, -2.05015, -0.2594, -0.009298
16, 10.45, -2.05, -0.2299999999999999, 10.449950000000001, -2.0501, -0.2298, -0.009303
16, 10.45, -2.05, -0.1999999999999999, 10.450050000000001, -2.05005, -0.20015, -0.009319
16, 10.45, -2.05, -0.1699999999999999, 10.450050000000001, -2.05, -0.1698, -0.009334
16, 10.45, -2.05, -0.1399999999999999, 10.449900000000001, -2.05, -0.13965, -0.009293
16, 10.45, -2.05, -0.1099999999999999, 10.449900000000001, -2.05, -0.11065000000000001, -0.00934
17, 10.45, -2.02, -0.1099999999999999, 10.448300000000001, -2.02015, -0.11, -0.009282
17, 10.45, -1.99, -0.1099999999999999, 10.44955, -1.9899, -0.10985, -0.009355
17, 10.45, -1.96, -0.1099999999999999, 10.44705, -1.95975, -0.11005000000000001, -0.009308
17, 10.45, -1.93, -0.1099999999999999, 10.4509, -1.9300500000000003, -0.1102, -0.009251
17, 10.45, -1.9, -0.1099999999999999, 10.451300000000002, -1.8995, -0.11005000000000001, -0.009235
17, 10.45, -1.8699999999999999, -0.1099999999999999, 10.448, -1.8698500000000002, -0.10995, -0.009188
17, 10.45, -1.8399999999999999, -0.1099999999999999, 10.45135, -1.8396000000000001, -0.10985, -0.009141
17, 10.45, -1.8099999999999998, -0.1099999999999999, 10.45105, -1.8103000000000002, -0.11015000000000001, -0.009121
17, 10.45, -1.7799999999999998, -0.1099999999999999, 10.446900000000001, -1.7791000000000001, -0.11015000000000001, -0.009136
17, 10.45, -1.7499999999999998, -0.1099999999999999, 10.45185, -1.7498500000000001, -0.10980000000000001, -0.009199
17, 10.45, -1.7199999999999998, -0.1099999999999999, 10.448150000000002, -1.7205500000000002, -0.10990000000000001, -0.009287
17, 10.45, -1.6899999999999997, -0.1099999999999999, 10.45345, -1.6911, -0.1101, -0.009287
17, 10.45, -1.6599999999999997, -0.1099999999999999, 10.448900000000002, -1.65995, -0.11015000000000001, -0.009314
17, 10.45, -1.6299999999999997, -0.1099999999999999, 10.447400000000002, -1.63, -0.1101, -0.009334
17, 10.45, -1.5999999999999996, -0.1099999999999999, 10.448400000000001, -1.59995, -0.10990000000000001, -0.009334
17, 10.45, -1.5699999999999996, -0.1099999999999999, 10.45, -1.5698500000000002, -0.11, -0.009298
17, 10.45, -1.5399999999999996, -0.1099999999999999, 10.449950000000001, -1.5403000000000002, -0.1101, -0.00934
17, 10.45, -1.5399999999999996, -0.1399999999999999, 10.4497, -1.5399, -0.13965, -0.009334
17, 10.45, -1.5399999999999996, -0.1699999999999999, 10.4503, -1.5399500000000002, -0.1694, -0.009329
17, 10.45, -1.5399999999999996, -0.1999999999999999, 10.44985, -1.54, -0.19960000000000003, -0.009319
17, 10.45, -1.5399999999999996, -0.2299999999999999, 10.449950000000001, -1.5401000000000002, -0.23, -0.009319
17, 10.45, -1.5399999999999996, -0.2599999999999999, 10.44985, -1.5401000000000002, -0.26075, -0.009298
17, 10.45, -1.5399999999999996, -0.2899999999999999, 10.4501, -1.5401000000000002, -0.29065, -0.009345
17, 10.45, -1.5399999999999996, -0.31999999999999995, 10.4501, -1.5400500000000001, -0.32080000000000003, -0.009287
17, 10.45, -1.5399999999999996, -0.35, 10.45015, -1.5399, -0.35090000000000005, -0.009329
17, 10.45, -1.5399999999999996, -0.38, 10.45, -1.5399, -0.37995000000000007, -0.009293
17, 10.45, -1.5399999999999996, -0.41000000000000003, 10.4501, -1.54, -0.40965, -0.009355
17, 10.45, -1.5399999999999996, -0.44000000000000006, 10.4501, -1.5400500000000001, -0.4395, -0.009308
17, 10.45, -1.5399999999999996, -0.4700000000000001, 10.449900000000001, -1.5400500000000001, -0.4698, -0.009298
17, 10.45, -1.5399999999999996, -0.5000000000000001, 10.45, -1.5399, -0.4993, -0.009308
17, 10.45, -1.5399999999999996, -0.5300000000000001, 10.449900000000001, -1.5398500000000002, -0.5297000000000001, -0.009324
17, 10.45, -1.5399999999999996, -0.5600000000000002, 10.44985, -1.5399, -0.5593, -0.009293
17, 10.45, -1.5399999999999996, -0.5900000000000002, 10.44985, -1.54, -0.5905, -0.009293
17, 10.45, -1.5399999999999996, -0.6200000000000002, 10.4501, -1.54, -0.621, -0.009293
18, 10.45, -1.5699999999999996, -0.6200000000000002, 10.449050000000002, -1.5702, -0.6199000000000001, -0.009308
18, 10.45, -1.5999999999999996, -0.6200000000000002, 10.450800000000001, -1.5998500000000002, -0.61985, -0.009298
18, 10.45, -1.6299999999999997, -0.6200000000000002, 10.452300000000001, -1.6307, -0.61995, -0.009308
18, 10.45, -1.6599999999999997, -0.6200000000000002, 10.452150000000001, -1.65975, -0.6202000000000001, -0.009251
18, 10.45, -1.6899999999999997, -0.6200000000000002, 10.4524, -1.6903500000000002, -0.61995, -0.00922
18, 10.45, -1.7199999999999998, -0.6200000000000002, 10.45185, -1.7199, -0.61995, -0.009032
18, 10.45, -1.7499999999999998, -0.6200000000000002, 10.45225, -1.75025, -0.6199000000000001, -0.00899
18, 10.45, -1.7799999999999998, -0.6200000000000002, 10.44975, -1.7802, -0.6200500000000001, -0.009001
18, 10.45, -1.8099999999999998, -0.6200000000000002, 10.452300000000001, -1.8107, -0.6200500000000001, -0.009084
18, 10.45, -1.8399999999999999, -0.6200000000000002, 10.450400000000002, -1.8399, -0.62, -0.009204
18, 10.45, -1.8699999999999999, -0.6200000000000002, 10.451900000000002, -1.8707, -0.61995, -0.009261
18, 10.45, -1.9, -0.6200000000000002, 10.452950000000001, -1.9005, -0.6199000000000001, -0.009256
18, 10.45, -1.93, -0.6200000000000002, 10.448150000000002, -1.9300500000000003, -0.6199000000000001, -0.009329
18, 10.45, -1.96, -0.6200000000000002, 10.4526, -1.9599000000000002, -0.61995, -0.009314
18, 10.45, -1.99, -0.6200000000000002, 10.450650000000001, -1.99045, -0.6200500000000001, -0.00934
18, 10.45, -2.02, -0.6200000000000002, 10.45125, -2.0201000000000002, -0.6201500000000001, -0.009345
18, 10.45, -2.05, -0.6200000000000002, 10.44975, -2.04975, -0.62, -0.009287
18, 10.45, -2.0799999999999996, -0.6200000000000002, 10.451150000000002, -2.0802000000000005, -0.61985, -0.009303
18, 10.45, -2.0799999999999996, -0.5900000000000002, 10.449650000000002, -2.0803000000000003, -0.5890500000000001, -0.009308
18, 10.45, -2.0799999999999996, -0.5600000000000002, 10.449950000000001, -2.0801, -0.56035, -0.00935
18, 10.45, -2.0799999999999996, -0.5300000000000001, 10.449950000000001, -2.0799000000000003, -0.531, -0.009334
18, 10.45, -2.0799999999999996, -0.5000000000000001, 10.45025, -2.0798, -0.4999, -0.009319
18, 10.45, -2.0799999999999996, -0.4700000000000001, 10.449900000000001, -2.0799000000000003, -0.47025, -0.009345
18, 10.45, -2.0799999999999996, -0.44000000000000006, 10.449900000000001, -2.0801, -0.44015000000000004, -0.009308
18, 10.45, -2.0799999999999996, -0.41000000000000003, 10.449950000000001, -2.0801, -0.41020000000000006, -0.009334
18, 10.45, -2.0799999999999996, -0.38, 10.449950000000001, -2.0801, -0.3799, -0.009308
18, 10.45, -2.0799999999999996, -0.35, 10.449950000000001, -2.0799000000000003, -0.3493, -0.009345
18, 10.45, -2.0799999999999996, -0.31999999999999995, 10.4501, -2.0799000000000003, -0.31970000000000004, -0.00934
18, 10.45, -2.0799999999999996, -0.2899999999999999, 10.45, -2.0799000000000003, -0.28975, -0.009303
18, 10.45, -2.0799999999999996, -0.2599999999999999, 10.450050000000001, -2.0799000000000003, -0.25935, -0.009298
18, 10.45, -2.0799999999999996, -0.2299999999999999, 10.449950000000001, -2.08, -0.2298, -0.009355
18, 10.45, -2.0799999999999996, -0.1999999999999999, 10.449900000000001, -2.0801, -0.19985000000000003, -0.009293
18, 10.45, -2.0799999999999996, -0.1699999999999999, 10.449900000000001, -2.0800500000000004, -0.16955, -0.009329
18, 10.45, -2.0799999999999996, -0.1399999999999999, 10.449950000000001, -2.0800500000000004, -0.13965, -0.009272
18, 10.45, -2.0799999999999996, -0.1099999999999999, 10.45, -2.07995, -0.1105, -0.009314
18, 10.45, -2.0799999999999996, -0.0799999999999999, 10.45, -2.0799000000000003, -0.08015, -0.009303
19, 10.45, -2.05, -0.0799999999999999, 10.44745, -2.0498000000000003, -0.07980000000000001, -0.009308
19, 10.45, -2.02, -0.0799999999999999, 10.4505, -2.01985, -0.07995000000000001, -0.009293
19, 10.45, -1.99, -0.0799999999999999, 10.44945, -1.99025, -0.07995000000000001, -0.009293
19, 10.45, -1.96, -0.0799999999999999, 10.448900000000002, -1.9601000000000002, -0.08, -0.009303
19, 10.45, -1.93, -0.0799999999999999, 10.449800000000002, -1.9300500000000003, -0.08, -0.009303
19, 10.45, -1.9, -0.0799999999999999, 10.447700000000001, -1.89965, -0.08005000000000001, -0.009214
19, 10.45, -1.8699999999999999, -0.0799999999999999, 10.4517, -1.8703, -0.08005000000000001, -0.009183
19, 10.45, -1.8399999999999999, -0.0799999999999999, 10.4491, -1.8406000000000002, -0.08005000000000001, -0.009147
19, 10.45, -1.8099999999999998, -0.0799999999999999, 10.4491, -1.8095, -0.08, -0.009136
19, 10.45, -1.7799999999999998, -0.0799999999999999, 10.44655, -1.7790500000000002, -0.07995000000000001, -0.009115
19, 10.45, -1.7499999999999998, -0.0799999999999999, 10.448, -1.7493500000000002, -0.0799, -0.009173
19, 10.45, -1.7199999999999998, -0.0799999999999999, 10.4512, -1.7194500000000001, -0.0799, -0.009256
19, 10.45, -1.6899999999999997, -0.0799999999999999, 10.449900000000001, -1.6904000000000001, -0.08, -0.009314
19, 10.45, -1.6599999999999997, -0.0799999999999999, 10.449950000000001, -1.6598000000000002, -0.08, -0.009287
19, 10.45, -1.6299999999999997, -0.0799999999999999, 10.45025, -1.63, -0.08005000000000001, -0.009308
19, 10.45, -1.5999999999999996, -0.0799999999999999, 10.45085, -1.6004, -0.08005000000000001, -0.009282
19, 10.45, -1.5699999999999996, -0.0799999999999999, 10.4486, -1.57085, -0.08, -0.009314
19, 10.45, -1.5399999999999996, -0.0799999999999999, 10.44805, -1.5402, -0.08, -0.009293
19, 10.45, -1.5099999999999996, -0.0799999999999999, 10.448400000000001, -1.5102, -0.08, -0.009303
19, 10.45, -1.5099999999999996, -0.1099999999999999, 10.44945, -1.5098000000000003, -0.10955000000000001, -0.009293
19, 10.45, -1.5099999999999996, -0.1399999999999999, 10.4502, -1.5101000000000002, -0.13985, -0.009314
19, 10.45, -1.5099999999999996, -0.1699999999999999, 10.4502, -1.5100500000000001, -0.16910000000000003, -0.009355
19, 10.45, -1.5099999999999996, -0.1999999999999999, 10.44985, -1.5096, -0.19965, -0.00934
19, 10.45, -1.5099999999999996, -0.2299999999999999, 10.449800000000002, -1.5099, -0.2295, -0.009298
19, 10.45, -1.5099999999999996, -0.2599999999999999, 10.44985, -1.5099500000000001, -0.26055, -0.00936
19, 10.45, -1.5099999999999996, -0.2899999999999999, 10.4501, -1.5101000000000002, -0.29065, -0.009293
19, 10.45, -1.5099999999999996, -0.31999999999999995, 10.4501, -1.5101000000000002, -0.321, -0.009282
19, 10.45, -1.5099999999999996, -0.35, 10.45015, -1.5099, -0.34965, -0.009345
19, 10.45, -1.5099999999999996, -0.38, 10.4501, -1.50975, -0.38085, -0.009277
19, 10.45, -1.5099999999999996, -0.41000000000000003, 10.449950000000001, -1.5099500000000001, -0.40945000000000004, -0.009303
19, 10.45, -1.5099999999999996, -0.44000000000000006, 10.449950000000001, -1.5100500000000001, -0.43935, -0.009303
19, 10.45, -1.5099999999999996, -0.4700000000000001, 10.4501, -1.5100500000000001, -0.46965, -0.009303
19, 10.45, -1.5099999999999996, -0.5000000000000001, 10.4502, -1.50975, -0.49945000000000006, -0.009324
19, 10.45, -1.5099999999999996, -0.5300000000000001, 10.45, -1.5098000000000003, -0.52985, -0.009298
19, 10.45, -1.5099999999999996, -0.5600000000000002, 10.450050000000001, -1.5099500000000001, -0.55935, -0.009314
19, 10.45, -1.5099999999999996, -0.5900000000000002, 10.44985, -1.51, -0.5903999999999999, -0.009319
19, 10.45, -1.5099999999999996, -0.6200000000000002, 10.45025, -1.5100500000000001, -0.61995, -0.009308
19, 10.45, -1.5099999999999996, -0.6500000000000002, 10.4503, -1.51, -0.6506500000000001, -0.009308
20, 10.45, -1.5399999999999996, -0.6500000000000002, 10.44825, -1.5402, -0.65095, -0.009308
20, 10.45, -1.5699999999999996, -0.6500000000000002, 10.4502, -1.5701, -0.65, -0.009334
20, 10.45, -1.5999999999999996, -0.6500000000000002, 10.45255, -1.60025, -0.6499000000000001, -0.009345
20, 10.45, -1.6299999999999997, -0.6500000000000002, 10.4526, -1.6301, -0.6499000000000001, -0.009282
20, 10.45, -1.6599999999999997, -0.6500000000000002, 10.45175, -1.6609, -0.64985, -0.009282
20, 10.45, -1.6899999999999997, -0.6500000000000002, 10.45015, -1.6903000000000001, -0.65005, -0.00922
20, 10.45, -1.7199999999999998, -0.6500000000000002, 10.45085, -1.72005, -0.6501, -0.009037
20, 10.45, -1.7499999999999998, -0.6500000000000002, 10.449800000000002, -1.74975, -0.65, -0.00886
20, 10.45, -1.7799999999999998, -0.6500000000000002, 10.4526, -1.78055, -0.6499000000000001, -0.009006
20, 10.45, -1.8099999999999998, -0.6500000000000002, 10.451300000000002, -1.8097, -0.64995, -0.009063
20, 10.45, -1.8399999999999999, -0.6500000000000002, 10.45025, -1.84, -0.65005, -0.009188
20, 10.45, -1.8699999999999999, -0.6500000000000002, 10.44955, -1.8703500000000002, -0.6501, -0.009209
20, 10.45, -1.9, -0.6500000000000002, 10.449650000000002, -1.8997, -0.6501, -0.009303
20, 10.45, -1.93, -0.6500000000000002, 10.449650000000002, -1.9299000000000002, -0.65, -0.009287
20, 10.45, -1.96, -0.6500000000000002, 10.45225, -1.96075, -0.64995, -0.00934
20, 10.45, -1.99, -0.6500000000000002, 10.448300000000001, -1.9897, -0.64995, -0.009329
20, 10.45, -2.02, -0.6500000000000002, 10.45, -2.01885, -0.65, -0.009293
20, 10.45, -2.05, -0.6500000000000002, 10.45045, -2.0499500000000004, -0.6501500000000001, -0.009308
20, 10.45, -2.0799999999999996, -0.6500000000000002, 10.4512, -2.0793000000000004, -0.65, -0.009298
20, 10.45, -2.1099999999999994, -0.6500000000000002, 10.4495, -2.1101, -0.6499000000000001, -0.00934
20, 10.45, -2.1099999999999994, -0.6200000000000002, 10.451550000000001, -2.1099, -0.61985, -0.009287
20, 10.45, -2.1099999999999994, -0.5900000000000002, 10.449650000000002, -2.11, -0.58945, -0.009334
20, 10.45, -2.1099999999999994, -0.5600000000000002, 10.449800000000002, -2.1101, -0.5603, -0.009303
20, 10.45, -2.1099999999999994, -0.5300000000000001, 10.4506, -2.11005, -0.5301, -0.009308
20, 10.45, -2.1099999999999994, -0.5000000000000001, 10.449950000000001, -2.1101, -0.5008, -0.009303
20, 10.45, -2.1099999999999994, -0.4700000000000001, 10.449800000000002, -2.10985, -0.46945000000000003, -0.009324
20, 10.45, -2.1099999999999994, -0.44000000000000006, 10.45015, -2.1099, -0.44005, -0.00934
20, 10.45, -2.1099999999999994, -0.41000000000000003, 10.45, -2.1101, -0.41025, -0.00936
20, 10.45, -2.1099999999999994, -0.38, 10.449950000000001, -2.1101, -0.38005, -0.009293
20, 10.45, -2.1099999999999994, -0.35, 10.449800000000002, -2.1099, -0.3491, -0.009329
20, 10.45, -2.1099999999999994, -0.31999999999999995, 10.44985, -2.1098000000000003, -0.3195, -0.009282
20, 10.45, -2.1099999999999994, -0.2899999999999999, 10.45, -2.1099500000000004, -0.28985, -0.00934
20, 10.45, -2.1099999999999994, -0.2599999999999999, 10.45, -2.11005, -0.25945, -0.009334
20, 10.45, -2.1099999999999994, -0.2299999999999999, 10.450050000000001, -2.1102000000000003, -0.2299, -0.009298
20, 10.45, -2.1099999999999994, -0.1999999999999999, 10.45045, -2.1102000000000003, -0.20015, -0.009308
20, 10.45, -2.1099999999999994, -0.1699999999999999, 10.450050000000001, -2.1099500000000004, -0.1698, -0.00934
20, 10.45, -2.1099999999999994, -0.1399999999999999, 10.44985, -2.10985, -0.1396, -0.009298
20, 10.45, -2.1099999999999994, -0.1099999999999999, 10.44985, -2.11, -0.1106, -0.00935
20, 10.45, -2.1099999999999994, -0.0799999999999999, 10.449900000000001, -2.11015, -0.08005000000000001, -0.009308
20, 10.45, -2.1099999999999994, -0.049999999999999906, 10.449950000000001, -2.10985, -0.04935, -0.009334
21, 10.45, -2.0799999999999996, -0.049999999999999906, 10.4494, -2.0803000000000003, -0.04995, -0.009303
21, 10.45, -2.05, -0.049999999999999906, 10.44975, -2.0496, -0.04995, -0.00935
21, 10.45, -2.02, -0.049999999999999906, 10.449150000000001, -2.0197, -0.05, -0.009282
21, 10.45, -1.99, -0.049999999999999906, 10.45095, -1.9896500000000001, -0.05, -0.009329
21, 10.45, -1.96, -0.049999999999999906, 10.45165, -1.96, -0.04995, -0.009282
21, 10.45, -1.93, -0.049999999999999906, 10.4505, -1.9302000000000001, -0.05, -0.009303
21, 10.45, -1.9, -0.049999999999999906, 10.45075, -1.89925, -0.05, -0.009303
21, 10.45, -1.8699999999999999, -0.049999999999999906, 10.4481, -1.8697000000000001, -0.050050000000000004, -0.009194
21, 10.45, -1.8399999999999999, -0.049999999999999906, 10.45025, -1.8403000000000003, -0.050050000000000004, -0.009157
21, 10.45, -1.8099999999999998, -0.049999999999999906, 10.4476, -1.8089000000000002, -0.050050000000000004, -0.009079
21, 10.45, -1.7799999999999998, -0.049999999999999906, 10.451400000000001, -1.7801500000000001, -0.05, -0.009141
21, 10.45, -1.7499999999999998, -0.049999999999999906, 10.451, -1.75035, -0.04990000000000001, -0.009157
21, 10.45, -1.7199999999999998, -0.049999999999999906, 10.45085, -1.7198000000000002, -0.04985, -0.009261
21, 10.45, -1.6899999999999997, -0.049999999999999906, 10.4479, -1.6903500000000002, -0.0502, -0.009287
21, 10.45, -1.6599999999999997, -0.049999999999999906, 10.4526, -1.6608500000000002, -0.05015000000000001, -0.009298
21, 10.45, -1.6299999999999997, -0.049999999999999906, 10.449650000000002, -1.63015, -0.05, -0.009345
21, 10.45, -1.5999999999999996, -0.049999999999999906, 10.45165, -1.601, -0.04990000000000001, -0.009324
21, 10.45, -1.5699999999999996, -0.049999999999999906, 10.4512, -1.5695500000000002, -0.04990000000000001, -0.009345
21, 10.45, -1.5399999999999996, -0.049999999999999906, 10.44725, -1.54025, -0.04985, -0.009298
21, 10.45, -1.5099999999999996, -0.049999999999999906, 10.4526, -1.5107000000000002, -0.050050000000000004, -0.009282
21, 10.45, -1.4799999999999995, -0.049999999999999906, 10.44785, -1.4788000000000001, -0.0502, -0.009298
21, 10.45, -1.4799999999999995, -0.0799999999999999, 10.4501, -1.4792, -0.08085, -0.00934
21, 10.45, -1.4799999999999995, -0.1099999999999999, 10.449800000000002, -1.4805, -0.10975, -0.00935
21, 10.45, -1.4799999999999995, -0.1399999999999999, 10.449950000000001, -1.47975, -0.13915, -0.009345
21, 10.45, -1.4799999999999995, -0.1699999999999999, 10.45075, -1.48005, -0.1694, -0.009324
21, 10.45, -1.4799999999999995, -0.1999999999999999, 10.449900000000001, -1.48015, -0.19920000000000002, -0.009282
21, 10.45, -1.4799999999999995, -0.2299999999999999, 10.44985, -1.47995, -0.2294, -0.009287
21, 10.45, -1.4799999999999995, -0.2599999999999999, 10.449950000000001, -1.47975, -0.26055, -0.009314
21, 10.45, -1.4799999999999995, -0.2899999999999999, 10.45015, -1.48005, -0.29065, -0.009324
21, 10.45, -1.4799999999999995, -0.31999999999999995, 10.45, -1.48005, -0.32095000000000007, -0.009371
21, 10.45, -1.4799999999999995, -0.35, 10.4501, -1.48005, -0.35085, -0.00934
21, 10.45, -1.4799999999999995, -0.38, 10.449950000000001, -1.4798000000000002, -0.38085, -0.009308
21, 10.45, -1.4799999999999995, -0.41000000000000003, 10.449950000000001, -1.47985, -0.40955, -0.009355
21, 10.45, -1.4799999999999995, -0.44000000000000006, 10.450050000000001, -1.48005, -0.4395, -0.009298
21, 10.45, -1.4799999999999995, -0.4700000000000001, 10.450050000000001, -1.48, -0.46965, -0.009355
21, 10.45, -1.4799999999999995, -0.5000000000000001, 10.449950000000001, -1.4798000000000002, -0.49955, -0.009303
21, 10.45, -1.4799999999999995, -0.5300000000000001, 10.44975, -1.4798000000000002, -0.53005, -0.00935
21, 10.45, -1.4799999999999995, -0.5600000000000002, 10.449950000000001, -1.4799, -0.55935, -0.009355
21, 10.45, -1.4799999999999995, -0.5900000000000002, 10.45015, -1.48, -0.5905, -0.00934
21, 10.45, -1.4799999999999995, -0.6200000000000002, 10.45015, -1.48015, -0.6208, -0.009293
21, 10.45, -1.4799999999999995, -0.6500000000000002, 10.4497, -1.48005, -0.65095, -0.00935
21, 10.45, -1.4799999999999995, -0.6800000000000003, 10.450400000000002, -1.47985, -0.6808000000000001, -0.009298
22, 10.45, -1.5099999999999996, -0.6800000000000003, 10.4497, -1.5107000000000002, -0.6797000000000001, -0.009303
22, 10.45, -1.5399999999999996, -0.6800000000000003, 10.45085, -1.53945, -0.6797000000000001, -0.009319
22, 10.45, -1.5699999999999996, -0.6800000000000003, 10.4515, -1.5698, -0.67975, -0.009308
22, 10.45, -1.5999999999999996, -0.6800000000000003, 10.44895, -1.6, -0.67975, -0.009282
22, 10.45, -1.6299999999999997, -0.6800000000000003, 10.448900000000002, -1.6302, -0.68035, -0.009293
22, 10.45, -1.6599999999999997, -0.6800000000000003, 10.452650000000002, -1.6606500000000002, -0.6798500000000001, -0.009251
22, 10.45, -1.6899999999999997, -0.6800000000000003, 10.45245, -1.6899000000000002, -0.67975, -0.009168
22, 10.45, -1.7199999999999998, -0.6800000000000003, 10.45085, -1.71995, -0.68025, -0.008959
22, 10.45, -1.7499999999999998, -0.6800000000000003, 10.4527, -1.7502, -0.68, -0.008855
22, 10.45, -1.7799999999999998, -0.6800000000000003, 10.450400000000002, -1.78065, -0.6799000000000001, -0.008813
22, 10.45, -1.8099999999999998, -0.6800000000000003, 10.452950000000001, -1.81095, -0.67995, -0.009095
22, 10.45, -1.8399999999999999, -0.6800000000000003, 10.44635, -1.8403000000000003, -0.68, -0.00911
22, 10.45, -1.8699999999999999, -0.6800000000000003, 10.44785, -1.8701500000000002, -0.6801, -0.009267
22, 10.45, -1.9, -0.6800000000000003, 10.450800000000001, -1.9003500000000002, -0.6801, -0.009272
22, 10.45, -1.93, -0.6800000000000003, 10.44745, -1.92985, -0.6801, -0.009329
22, 10.45, -1.96, -0.6800000000000003, 10.4481, -1.9598000000000002, -0.67995, -0.009308
22, 10.45, -1.99, -0.6800000000000003, 10.44975, -1.9902, -0.6798500000000001, -0.009345
22, 10.45, -2.02, -0.6800000000000003, 10.44935, -2.0199000000000003, -0.6799000000000001, -0.00934
22, 10.45, -2.05, -0.6800000000000003, 10.45035, -2.05, -0.6802, -0.009334
22, 10.45, -2.0799999999999996, -0.6800000000000003, 10.4486, -2.08015, -0.68005, -0.009324
22, 10.45, -2.1099999999999994, -0.6800000000000003, 10.446650000000002, -2.11025, -0.67995, -0.009303
22, 10.45, -2.1399999999999992, -0.6800000000000003, 10.4496, -2.1399, -0.6799000000000001, -0.009319
22, 10.45, -2.1399999999999992, -0.6500000000000002, 10.45045, -2.1399, -0.64995, -0.009314
22, 10.45, -2.1399999999999992, -0.6200000000000002, 10.44985, -2.14, -0.6201500000000001, -0.009355
22, 10.45, -2.1399999999999992, -0.5900000000000002, 10.450400000000002, -2.14005, -0.59015, -0.009329
22, 10.45, -2.1399999999999992, -0.5600000000000002, 10.4505, -2.1399, -0.5605500000000001, -0.009345
22, 10.45, -2.1399999999999992, -0.5300000000000001, 10.449650000000002, -2.1398, -0.53005, -0.009334
22, 10.45, -2.1399999999999992, -0.5000000000000001, 10.449900000000001, -2.14005, -0.5005, -0.009308
22, 10.45, -2.1399999999999992, -0.4700000000000001, 10.449900000000001, -2.1402, -0.47, -0.009324
22, 10.45, -2.1399999999999992, -0.44000000000000006, 10.4501, -2.1399, -0.4399, -0.009355
22, 10.45, -2.1399999999999992, -0.41000000000000003, 10.449900000000001, -2.13985, -0.41035000000000005, -0.00935
22, 10.45, -2.1399999999999992, -0.38, 10.449800000000002, -2.1402, -0.3799, -0.009334
22, 10.45, -2.1399999999999992, -0.35, 10.449950000000001, -2.1399, -0.34940000000000004, -0.00935
22, 10.45, -2.1399999999999992, -0.31999999999999995, 10.45, -2.1398, -0.31955, -0.00934
22, 10.45, -2.1399999999999992, -0.2899999999999999, 10.449950000000001, -2.1401, -0.2898, -0.009308
22, 10.45, -2.1399999999999992, -0.2599999999999999, 10.449950000000001, -2.1402, -0.25925, -0.009371
22, 10.45, -2.1399999999999992, -0.2299999999999999, 10.449950000000001, -2.1402, -0.22975, -0.009334
22, 10.45, -2.1399999999999992, -0.1999999999999999, 10.449950000000001, -2.1401, -0.20015, -0.009298
22, 10.45, -2.1399999999999992, -0.1699999999999999, 10.45, -2.1398, -0.17020000000000002, -0.009345
22, 10.45, -2.1399999999999992, -0.1399999999999999, 10.450050000000001, -2.1399500000000002, -0.13970000000000002, -0.009329
22, 10.45, -2.1399999999999992, -0.1099999999999999, 10.449950000000001, -2.1402, -0.11065000000000001, -0.009334
22, 10.45, -2.1399999999999992, -0.0799999999999999, 10.45, -2.14, -0.0801, -0.009355
22, 10.45, -2.1399999999999992, -0.049999999999999906, 10.45, -2.14005, -0.04945, -0.009308
22, 10.45, -2.1399999999999992, -0.019999999999999907, 10.450050000000001, -2.1402, -0.019700000000000002, -0.009324
23, 10.45, -2.1099999999999994, -0.019999999999999907, 10.4494, -2.1092000000000004, -0.01975, -0.00934
23, 10.45, -2.0799999999999996, -0.019999999999999907, 10.449300000000001, -2.0800500000000004, -0.02, -0.00934
23, 10.45, -2.05, -0.019999999999999907, 10.4473, -2.0504000000000002, -0.020050000000000002, -0.00934
23, 10.45, -2.02, -0.019999999999999907, 10.45, -2.0197, -0.020050000000000002, -0.009329
23, 10.45, -1.99, -0.019999999999999907, 10.4503, -1.9909000000000001, -0.020050000000000002, -0.00934
23, 10.45, -1.96, -0.019999999999999907, 10.449900000000001, -1.9597, -0.020050000000000002, -0.009293
23, 10.45, -1.93, -0.019999999999999907, 10.4494, -1.9302000000000001, -0.02, -0.009251
23, 10.45, -1.9, -0.019999999999999907, 10.447, -1.899, -0.019950000000000002, -0.009188
23, 10.45, -1.8699999999999999, -0.019999999999999907, 10.448400000000001, -1.86975, -0.019850000000000003, -0.009157
23, 10.45, -1.8399999999999999, -0.019999999999999907, 10.4532, -1.8405, -0.019850000000000003, -0.009126
23, 10.45, -1.8099999999999998, -0.019999999999999907, 10.45035, -1.80975, -0.0201, -0.009095
23, 10.45, -1.7799999999999998, -0.019999999999999907, 10.44875, -1.7801500000000001, -0.020050000000000002, -0.009131
23, 10.45, -1.7499999999999998, -0.019999999999999907, 10.44715, -1.74975, -0.020050000000000002, -0.009178
23, 10.45, -1.7199999999999998, -0.019999999999999907, 10.45025, -1.7205500000000002, -0.019950000000000002, -0.009173
23, 10.45, -1.6899999999999997, -0.019999999999999907, 10.45075, -1.69065, -0.019950000000000002, -0.009319
23, 10.45, -1.6599999999999997, -0.019999999999999907, 10.448, -1.6600500000000002, -0.0199, -0.009287
23, 10.45, -1.6299999999999997, -0.019999999999999907, 10.449200000000001, -1.6298000000000001, -0.0199, -0.009303
23, 10.45, -1.5999999999999996, -0.019999999999999907, 10.4533, -1.60125, -0.019950000000000002, -0.009303
23, 10.45, -1.5699999999999996, -0.019999999999999907, 10.4496, -1.5701, -0.0201, -0.009329
23, 10.45, -1.5399999999999996, -0.019999999999999907, 10.45075, -1.5401000000000002, -0.0201, -0.009334
23, 10.45, -1.5099999999999996, -0.019999999999999907, 10.4532, -1.5105, -0.0201, -0.009303
23, 10.45, -1.4799999999999995, -0.019999999999999907, 10.4494, -1.4789, -0.0201, -0.009355
23, 10.45, -1.4499999999999995, -0.019999999999999907, 10.4472, -1.4488500000000002, -0.02, -0.009314
23, 10.45, -1.4499999999999995, -0.049999999999999906, 10.450550000000002, -1.4492, -0.04990000000000001, -0.009298
23, 10.45, -1.4499999999999995, -0.0799999999999999, 10.4501, -1.4502000000000002, -0.08, -0.009287
23, 10.45, -1.4499999999999995, -0.1099999999999999, 10.449950000000001, -1.4495500000000001, -0.10975, -0.009319
23, 10.45, -1.4499999999999995, -0.1399999999999999, 10.4501, -1.45025, -0.13935, -0.009345
23, 10.45, -1.4499999999999995, -0.1699999999999999, 10.4501, -1.4501000000000002, -0.16935000000000003, -0.009334
23, 10.45, -1.4499999999999995, -0.1999999999999999, 10.450050000000001, -1.44965, -0.19915, -0.009287
23, 10.45, -1.4499999999999995, -0.2299999999999999, 10.450050000000001, -1.4500500000000003, -0.22915, -0.009345
23, 10.45, -1.4499999999999995, -0.2599999999999999, 10.45, -1.4501000000000002, -0.26075, -0.009303
23, 10.45, -1.4499999999999995, -0.2899999999999999, 10.45, -1.4500500000000003, -0.29040000000000005, -0.009308
23, 10.45, -1.4499999999999995, -0.31999999999999995, 10.449900000000001, -1.45, -0.32075, -0.009345
23, 10.45, -1.4499999999999995, -0.35, 10.449950000000001, -1.44985, -0.35085, -0.009345
23, 10.45, -1.4499999999999995, -0.38, 10.4501, -1.4500500000000003, -0.38095000000000007, -0.009345
23, 10.45, -1.4499999999999995, -0.41000000000000003, 10.4501, -1.45015, -0.4095, -0.009334
23, 10.45, -1.4499999999999995, -0.44000000000000006, 10.44985, -1.4500500000000003, -0.43960000000000005, -0.009282
23, 10.45, -1.4499999999999995, -0.4700000000000001, 10.45, -1.4497, -0.46955, -0.00934
23, 10.45, -1.4499999999999995, -0.5000000000000001, 10.4503, -1.4500500000000003, -0.4995, -0.009293
23, 10.45, -1.4499999999999995, -0.5300000000000001, 10.450400000000002, -1.45015, -0.52985, -0.009287
23, 10.45, -1.4499999999999995, -0.5600000000000002, 10.44985, -1.4500500000000003, -0.55945, -0.009308
23, 10.45, -1.4499999999999995, -0.5900000000000002, 10.44975, -1.45, -0.59045, -0.009329
23, 10.45, -1.4499999999999995, -0.6200000000000002, 10.45015, -1.44995, -0.6208, -0.00935
23, 10.45, -1.4499999999999995, -0.6500000000000002, 10.449800000000002, -1.44985, -0.65075, -0.009277
23, 10.45, -1.4499999999999995, -0.6800000000000003, 10.45045, -1.45, -0.67975, -0.00934
23, 10.45, -1.4499999999999995, -0.7100000000000003, 10.449800000000002, -1.45015, -0.7103, -0.009308
24, 10.45, -1.4799999999999995, -0.7100000000000003, 10.452350000000001, -1.4799, -0.7105, -0.009308
24, 10.45, -1.5099999999999996, -0.7100000000000003, 10.4491, -1.5099, -0.70985, -0.009314
24, 10.45, -1.5399999999999996, -0.7100000000000003, 10.45, -1.5397, -0.70975, -0.00935
24, 10.45, -1.5699999999999996, -0.7100000000000003, 10.452200000000001, -1.5696, -0.7101500000000001, -0.009298
24, 10.45, -1.5999999999999996, -0.7100000000000003, 10.45335, -1.59995, -0.7102, -0.009303
24, 10.45, -1.6299999999999997, -0.7100000000000003, 10.445050000000002, -1.63, -0.7101500000000001, -0.009324
24, 10.45, -1.6599999999999997, -0.7100000000000003, 10.450550000000002, -1.65995, -0.7098000000000001, -0.009277
24, 10.45, -1.6899999999999997, -0.7100000000000003, 10.44925, -1.68965, -0.7099500000000001, -0.009136
24, 10.45, -1.7199999999999998, -0.7100000000000003, 10.45325, -1.7201000000000002, -0.7101500000000001, -0.008849
24, 10.45, -1.7499999999999998, -0.7100000000000003, 10.45135, -1.75005, -0.7101000000000001, -0.008829
24, 10.45, -1.7799999999999998, -0.7100000000000003, 10.45135, -1.7798000000000003, -0.70985, -0.008875
24, 10.45, -1.8099999999999998, -0.7100000000000003, 10.4487, -1.8097, -0.71, -0.009006
24, 10.45, -1.8399999999999999, -0.7100000000000003, 10.45165, -1.8403000000000003, -0.7100500000000001, -0.009194
24, 10.45, -1.8699999999999999, -0.7100000000000003, 10.452900000000001, -1.8708000000000002, -0.7100500000000001, -0.00922
24, 10.45, -1.9, -0.7100000000000003, 10.45225, -1.9004, -0.7100500000000001, -0.009303
24, 10.45, -1.93, -0.7100000000000003, 10.4476, -1.92985, -0.7100500000000001, -0.009329
24, 10.45, -1.96, -0.7100000000000003, 10.452150000000001, -1.96065, -0.7100500000000001, -0.009287
24, 10.45, -1.99, -0.7100000000000003, 10.447, -1.99, -0.70985, -0.009334
24, 10.45, -2.02, -0.7100000000000003, 10.45015, -2.02015, -0.7101500000000001, -0.00934
24, 10.45, -2.05, -0.7100000000000003, 10.450050000000001, -2.0493, -0.7101000000000001, -0.009303
24, 10.45, -2.0799999999999996, -0.7100000000000003, 10.4517, -2.0798, -0.71, -0.009298
24, 10.45, -2.1099999999999994, -0.7100000000000003, 10.452, -2.1105, -0.7099000000000001, -0.009293
24, 10.45, -2.1399999999999992, -0.7100000000000003, 10.45135, -2.1401, -0.7099000000000001, -0.009293
24, 10.45, -2.169999999999999, -0.7100000000000003, 10.450400000000002, -2.17045, -0.7100500000000001, -0.009345
24, 10.45, -2.169999999999999, -0.6800000000000003, 10.449800000000002, -2.17, -0.67945, -0.009277
24, 10.45, -2.169999999999999, -0.6500000000000002, 10.45015, -2.1699, -0.64995, -0.009303
24, 10.45, -2.169999999999999, -0.6200000000000002, 10.45045, -2.1700999999999997, -0.62055, -0.00934
24, 10.45, -2.169999999999999, -0.5900000000000002, 10.449800000000002, -2.1700500000000003, -0.58985, -0.00934
24, 10.45, -2.169999999999999, -0.5600000000000002, 10.45, -2.16985, -0.56045, -0.009298
24, 10.45, -2.169999999999999, -0.5300000000000001, 10.4501, -2.16985, -0.53005, -0.009334
24, 10.45, -2.169999999999999, -0.5000000000000001, 10.45, -2.1700999999999997, -0.5003, -0.009298
24, 10.45, -2.169999999999999, -0.4700000000000001, 10.449900000000001, -2.1702000000000004, -0.4701, -0.009308
24, 10.45, -2.169999999999999, -0.44000000000000006, 10.44985, -2.1698000000000004, -0.43995000000000006, -0.009303
24, 10.45, -2.169999999999999, -0.41000000000000003, 10.450050000000001, -2.17, -0.41045000000000004, -0.009298
24, 10.45, -2.169999999999999, -0.38, 10.449950000000001, -2.17025, -0.37995000000000007, -0.009308
24, 10.45, -2.169999999999999, -0.35, 10.449950000000001, -2.1698000000000004, -0.34940000000000004, -0.009345
24, 10.45, -2.169999999999999, -0.31999999999999995, 10.45, -2.1700500000000003, -0.3194, -0.009334
24, 10.45, -2.169999999999999, -0.2899999999999999, 10.45, -2.1699, -0.2898, -0.009319
24, 10.45, -2.169999999999999, -0.2599999999999999, 10.45, -2.16975, -0.25930000000000003, -0.00934
24, 10.45, -2.169999999999999, -0.2299999999999999, 10.45, -2.1698000000000004, -0.22970000000000002, -0.009303
24, 10.45, -2.169999999999999, -0.1999999999999999, 10.450050000000001, -2.1699500000000005, -0.20005, -0.009308
24, 10.45, -2.169999999999999, -0.1699999999999999, 10.449950000000001, -2.17035, -0.16970000000000002, -0.009345
24, 10.45, -2.169999999999999, -0.1399999999999999, 10.44985, -2.1699, -0.1401, -0.00934
24, 10.45, -2.169999999999999, -0.1099999999999999, 10.449950000000001, -2.1698000000000004, -0.1106, -0.009314
24, 10.45, -2.169999999999999, -0.0799999999999999, 10.450050000000001, -2.17, -0.08, -0.009303
24, 10.45, -2.169999999999999, -0.049999999999999906, 10.450050000000001, -2.1700500000000003, -0.049300000000000004, -0.009293
24, 10.45, -2.169999999999999, -0.019999999999999907, 10.450050000000001, -2.1699, -0.01925, -0.009329
24, 10.45, -2.169999999999999, 0.010000000000000092, 10.44985, -2.1699, 0.010150000000000001, -0.009314
25, 10.45, -2.1399999999999992, 0.010000000000000092, 10.4518, -2.1404500000000004, 0.00995, -0.009303
25, 10.45, -2.1099999999999994, 0.010000000000000092, 10.450800000000001, -2.1096, 0.009850000000000001, -0.009298
25, 10.45, -2.0799999999999996, 0.010000000000000092, 10.4501, -2.0796, 0.01, -0.009345
25, 10.45, -2.05, 0.010000000000000092, 10.451550000000001, -2.0509500000000003, 0.010100000000000001, -0.009329
25, 10.45, -2.02, 0.010000000000000092, 10.450800000000001, -2.02015, 0.010100000000000001, -0.009334
25, 10.45, -1.99, 0.010000000000000092, 10.448, -1.9906000000000001, 0.010100000000000001, -0.009319
25, 10.45, -1.96, 0.010000000000000092, 10.44835, -1.9592, 0.01, -0.009303
25, 10.45, -1.93, 0.010000000000000092, 10.449900000000001, -1.9299000000000002, 0.00995, -0.009251
25, 10.45, -1.9, 0.010000000000000092, 10.449900000000001, -1.89975, 0.01005, -0.009204
25, 10.45, -1.8699999999999999, 0.010000000000000092, 10.44895, -1.8701, 0.010100000000000001, -0.009183
25, 10.45, -1.8399999999999999, 0.010000000000000092, 10.4497, -1.8400500000000002, 0.0099, -0.009105
25, 10.45, -1.8099999999999998, 0.010000000000000092, 10.44925, -1.80995, 0.0099, -0.009063
25, 10.45, -1.7799999999999998, 0.010000000000000092, 10.45085, -1.7801500000000001, 0.010100000000000001, -0.009084
25, 10.45, -1.7499999999999998, 0.010000000000000092, 10.4511, -1.75015, 0.010100000000000001, -0.009147
25, 10.45, -1.7199999999999998, 0.010000000000000092, 10.449150000000001, -1.7205, 0.010100000000000001, -0.009209
25, 10.45, -1.6899999999999997, 0.010000000000000092, 10.452, -1.69065, 0.01, -0.009246
25, 10.45, -1.6599999999999997, 0.010000000000000092, 10.451400000000001, -1.6600500000000002, 0.0099, -0.009287
25, 10.45, -1.6299999999999997, 0.010000000000000092, 10.4517, -1.6301, 0.0099, -0.009308
25, 10.45, -1.5999999999999996, 0.010000000000000092, 10.4496, -1.5999, 0.00995, -0.00936
25, 10.45, -1.5699999999999996, 0.010000000000000092, 10.448300000000001, -1.5705, 0.01005, -0.009303
25, 10.45, -1.5399999999999996, 0.010000000000000092, 10.45075, -1.5400500000000001, 0.010150000000000001, -0.009345
25, 10.45, -1.5099999999999996, 0.010000000000000092, 10.4502, -1.51015, 0.010100000000000001, -0.009334
25, 10.45, -1.4799999999999995, 0.010000000000000092, 10.4485, -1.4787000000000001, 0.01, -0.009287
25, 10.45, -1.4499999999999995, 0.010000000000000092, 10.44705, -1.4491, 0.0099, -0.00936
25, 10.45, -1.4199999999999995, 0.010000000000000092, 10.4512, -1.41985, 0.0099, -0.009355
25, 10.45, -1.4199999999999995, -0.019999999999999907, 10.45185, -1.42, -0.0208, -0.00934
25, 10.45, -1.4199999999999995, -0.049999999999999906, 10.449650000000002, -1.41995, -0.04995, -0.009298
25, 10.45, -1.4199999999999995, -0.0799999999999999, 10.4501, -1.4199000000000002, -0.08005000000000001, -0.009314
25, 10.45, -1.4199999999999995, -0.1099999999999999, 10.4501, -1.42, -0.10975, -0.00935
25, 10.45, -1.4199999999999995, -0.1399999999999999, 10.4501, -1.4201000000000001, -0.1395, -0.009334
25, 10.45, -1.4199999999999995, -0.1699999999999999, 10.449900000000001, -1.42, -0.1698, -0.009303
25, 10.45, -1.4199999999999995, -0.1999999999999999, 10.450050000000001, -1.41995, -0.19920000000000002, -0.009303
25, 10.45, -1.4199999999999995, -0.2299999999999999, 10.4501, -1.4199000000000002, -0.22975, -0.00936
25, 10.45, -1.4199999999999995, -0.2599999999999999, 10.4501, -1.41995, -0.26065000000000005, -0.009345
25, 10.45, -1.4199999999999995, -0.2899999999999999, 10.450050000000001, -1.42, -0.29040000000000005, -0.009334
25, 10.45, -1.4199999999999995, -0.31999999999999995, 10.4501, -1.4200500000000003, -0.32055, -0.009329
25, 10.45, -1.4199999999999995, -0.35, 10.45, -1.4200500000000003, -0.3501, -0.00935
25, 10.45, -1.4199999999999995, -0.38, 10.4502, -1.41995, -0.38070000000000004, -0.00934
25, 10.45, -1.4199999999999995, -0.41000000000000003, 10.450050000000001, -1.41995, -0.4096, -0.009334
25, 10.45, -1.4199999999999995, -0.44000000000000006, 10.449800000000002, -1.41995, -0.43960000000000005, -0.009298
25, 10.45, -1.4199999999999995, -0.4700000000000001, 10.450050000000001, -1.4200500000000003, -0.46965, -0.00936
25, 10.45, -1.4199999999999995, -0.5000000000000001, 10.4503, -1.4200500000000003, -0.49955, -0.009345
25, 10.45, -1.4199999999999995, -0.5300000000000001, 10.44985, -1.42, -0.53005, -0.009334
25, 10.45, -1.4199999999999995, -0.5600000000000002, 10.44975, -1.41995, -0.5594, -0.009355
25, 10.45, -1.4199999999999995, -0.5900000000000002, 10.44975, -1.4199000000000002, -0.5905, -0.009334
25, 10.45, -1.4199999999999995, -0.6200000000000002, 10.450400000000002, -1.41995, -0.6199000000000001, -0.009298
25, 10.45, -1.4199999999999995, -0.6500000000000002, 10.4497, -1.41995, -0.6507000000000001, -0.009334
25, 10.45, -1.4199999999999995, -0.6800000000000003, 10.45025, -1.4201000000000001, -0.6809000000000001, -0.009298
25, 10.45, -1.4199999999999995, -0.7100000000000003, 10.4503, -1.4201000000000001, -0.7098000000000001, -0.009308
25, 10.45, -1.4199999999999995, -0.7400000000000003, 10.45, -1.4200500000000003, -0.7393000000000001, -0.00934
26, 10.45, -1.4499999999999995, -0.7400000000000003, 10.448400000000001, -1.44875, -0.7393500000000001, -0.009329
26, 10.45, -1.4799999999999995, -0.7400000000000003, 10.451600000000001, -1.4797, -0.7399000000000001, -0.009345
26, 10.45, -1.5099999999999996, -0.7400000000000003, 10.450650000000001, -1.50915, -0.74, -0.00934
26, 10.45, -1.5399999999999996, -0.7400000000000003, 10.4497, -1.5395500000000002, -0.74, -0.009345
26, 10.45, -1.5699999999999996, -0.7400000000000003, 10.4491, -1.5704500000000001, -0.74, -0.009298
26, 10.45, -1.5999999999999996, -0.7400000000000003, 10.4497, -1.5995, -0.73995, -0.009345
26, 10.45, -1.6299999999999997, -0.7400000000000003, 10.4542, -1.63025, -0.73995, -0.009267
26, 10.45, -1.6599999999999997, -0.7400000000000003, 10.448300000000001, -1.65985, -0.7403000000000001, -0.009246
26, 10.45, -1.6899999999999997, -0.7400000000000003, 10.450700000000001, -1.6898000000000002, -0.7403000000000001, -0.009006
26, 10.45, -1.7199999999999998, -0.7400000000000003, 10.4479, -1.7194, -0.7399000000000001, -0.008938
26, 10.45, -1.7499999999999998, -0.7400000000000003, 10.44875, -1.7502, -0.73985, -0.008829
26, 10.45, -1.7799999999999998, -0.7400000000000003, 10.450550000000002, -1.78075, -0.7402000000000001, -0.008844
26, 10.45, -1.8099999999999998, -0.7400000000000003, 10.44825, -1.8093500000000002, -0.73995, -0.008959
26, 10.45, -1.8399999999999999, -0.7400000000000003, 10.4505, -1.8401, -0.7399000000000001, -0.009152
26, 10.45, -1.8699999999999999, -0.7400000000000003, 10.449950000000001, -1.8701, -0.7399000000000001, -0.00923
26, 10.45, -1.9, -0.7400000000000003, 10.45255, -1.89995, -0.7399000000000001, -0.009251
26, 10.45, -1.93, -0.7400000000000003, 10.4517, -1.9303000000000001, -0.74, -0.009314
26, 10.45, -1.96, -0.7400000000000003, 10.451550000000001, -1.95975, -0.7400500000000001, -0.009314
26, 10.45, -1.99, -0.7400000000000003, 10.44925, -1.9901000000000002, -0.7400500000000001, -0.009334
26, 10.45, -2.02, -0.7400000000000003, 10.4486, -2.02, -0.73985, -0.009355
26, 10.45, -2.05, -0.7400000000000003, 10.44875, -2.0490999999999997, -0.7399000000000001, -0.009329
26, 10.45, -2.0799999999999996, -0.7400000000000003, 10.45095, -2.07905, -0.74, -0.009329
26, 10.45, -2.1099999999999994, -0.7400000000000003, 10.44895, -2.11015, -0.7402000000000001, -0.009324
26, 10.45, -2.1399999999999992, -0.7400000000000003, 10.4532, -2.1408, -0.7401500000000001, -0.009293
26, 10.45, -2.169999999999999, -0.7400000000000003, 10.450400000000002, -2.17015, -0.73985, -0.009319
26, 10.45, -2.199999999999999, -0.7400000000000003, 10.44865, -2.20005, -0.7402000000000001, -0.009329
26, 10.45, -2.199999999999999, -0.7100000000000003, 10.4496, -2.2, -0.7100500000000001, -0.009282
26, 10.45, -2.199999999999999, -0.6800000000000003, 10.4497, -2.2, -0.6795, -0.00934
26, 10.45, -2.199999999999999, -0.6500000000000002, 10.449900000000001, -2.1999, -0.6492, -0.00935
26, 10.45, -2.199999999999999, -0.6200000000000002, 10.449900000000001, -2.1999, -0.6191, -0.00935
26, 10.45, -2.199999999999999, -0.5900000000000002, 10.44985, -2.20005, -0.5895, -0.009293
26, 10.45, -2.199999999999999, -0.5600000000000002, 10.449900000000001, -2.2001500000000003, -0.5606, -0.009345
26, 10.45, -2.199999999999999, -0.5300000000000001, 10.449900000000001, -2.2001, -0.53005, -0.009329
26, 10.45, -2.199999999999999, -0.5000000000000001, 10.449900000000001, -2.2, -0.5003, -0.009293
26, 10.45, -2.199999999999999, -0.4700000000000001, 10.449950000000001, -2.1999500000000003, -0.47020000000000006, -0.009334
26, 10.45, -2.199999999999999, -0.44000000000000006, 10.449950000000001, -2.1999, -0.43995000000000006, -0.009314
26, 10.45, -2.199999999999999, -0.41000000000000003, 10.449950000000001, -2.2001, -0.41045000000000004, -0.009345
26, 10.45, -2.199999999999999, -0.38, 10.449950000000001, -2.2001, -0.38005, -0.009334
26, 10.45, -2.199999999999999, -0.35, 10.449950000000001, -2.2, -0.3493, -0.009277
26, 10.45, -2.199999999999999, -0.31999999999999995, 10.4501, -2.19985, -0.31930000000000003, -0.009345
26, 10.45, -2.199999999999999, -0.2899999999999999, 10.449950000000001, -2.2001, -0.2898, -0.009293
26, 10.45, -2.199999999999999, -0.2599999999999999, 10.45, -2.2001500000000003, -0.25930000000000003, -0.009303
26, 10.45, -2.199999999999999, -0.2299999999999999, 10.45, -2.2001500000000003, -0.22965, -0.009345
26, 10.45, -2.199999999999999, -0.1999999999999999, 10.449950000000001, -2.2001, -0.19995000000000002, -0.009355
26, 10.45, -2.199999999999999, -0.1699999999999999, 10.449900000000001, -2.1999, -0.16995000000000002, -0.009334
26, 10.45, -2.199999999999999, -0.1399999999999999, 10.449950000000001, -2.1999, -0.13985, -0.00934
26, 10.45, -2.199999999999999, -0.1099999999999999, 10.45, -2.2, -0.1105, -0.009345
26, 10.45, -2.199999999999999, -0.0799999999999999, 10.449950000000001, -2.2001, -0.08020000000000001, -0.00934
26, 10.45, -2.199999999999999, -0.049999999999999906, 10.45, -2.1999, -0.04935, -0.009345
26, 10.45, -2.199999999999999, -0.019999999999999907, 10.450050000000001, -2.19975, -0.019350000000000003, -0.00934
26, 10.45, -2.199999999999999, 0.010000000000000092, 10.449800000000002, -2.20025, 0.010150000000000001, -0.009366
26, 10.45, -2.199999999999999, 0.04000000000000009, 10.449800000000002, -2.2, 0.040900000000000006, -0.009334
27, 10.45, -2.169999999999999, 0.04000000000000009, 10.45135, -2.1700500000000003, 0.039700000000000006, -0.00934
27, 10.45, -2.1399999999999992, 0.04000000000000009, 10.450800000000001, -2.1395999999999997, 0.03995, -0.009298
27, 10.45, -2.1099999999999994, 0.04000000000000009, 10.4517, -2.1109, 0.040100000000000004, -0.009303
27, 10.45, -2.0799999999999996, 0.04000000000000009, 10.447650000000001, -2.07975, 0.03995, -0.009293
27, 10.45, -2.05, 0.04000000000000009, 10.45125, -2.05, 0.039850000000000003, -0.009319
27, 10.45, -2.02, 0.04000000000000009, 10.44895, -2.0205, 0.04, -0.009319
27, 10.45, -1.99, 0.04000000000000009, 10.44785, -1.99035, 0.0402, -0.009277
27, 10.45, -1.96, 0.04000000000000009, 10.449300000000001, -1.9603000000000002, 0.04, -0.009303
27, 10.45, -1.93, 0.04000000000000009, 10.451, -1.93025, 0.039900000000000005, -0.009272
27, 10.45, -1.9, 0.04000000000000009, 10.449950000000001, -1.9001000000000001, 0.04, -0.009188
27, 10.45, -1.8699999999999999, 0.04000000000000009, 10.448550000000001, -1.86995, 0.04005, -0.009131
27, 10.45, -1.8399999999999999, 0.04000000000000009, 10.449300000000001, -1.8399, 0.040100000000000004, -0.009063
27, 10.45, -1.8099999999999998, 0.04000000000000009, 10.449050000000002, -1.80925, 0.039900000000000005, -0.009079
27, 10.45, -1.7799999999999998, 0.04000000000000009, 10.447400000000002, -1.7796, 0.03995, -0.00911
27, 10.45, -1.7499999999999998, 0.04000000000000009, 10.449050000000002, -1.7496500000000001, 0.03995, -0.009089
27, 10.45, -1.7199999999999998, 0.04000000000000009, 10.449150000000001, -1.7205, 0.03995, -0.009188
27, 10.45, -1.6899999999999997, 0.04000000000000009, 10.4503, -1.6903500000000002, 0.040100000000000004, -0.009267
27, 10.45, -1.6599999999999997, 0.04000000000000009, 10.45085, -1.6600500000000002, 0.04, -0.009272
27, 10.45, -1.6299999999999997, 0.04000000000000009, 10.44805, -1.6297000000000001, 0.03995, -0.009324
27, 10.45, -1.5999999999999996, 0.04000000000000009, 10.45125, -1.5998, 0.03995, -0.009272
27, 10.45, -1.5699999999999996, 0.04000000000000009, 10.44685, -1.56945, 0.03995, -0.009324
27, 10.45, -1.5399999999999996, 0.04000000000000009, 10.45285, -1.5401000000000002, 0.04, -0.009298
27, 10.45, -1.5099999999999996, 0.04000000000000009, 10.4476, -1.5088000000000001, 0.04, -0.009303
27, 10.45, -1.4799999999999995, 0.04000000000000009, 10.449150000000001, -1.4793500000000002, 0.04005, -0.009287
27, 10.45, -1.4499999999999995, 0.04000000000000009, 10.44975, -1.4499000000000002, 0.040100000000000004, -0.009314
27, 10.45, -1.4199999999999995, 0.04000000000000009, 10.45345, -1.42015, 0.04005, -0.009329
27, 10.45, -1.3899999999999995, 0.04000000000000009, 10.45125, -1.39015, 0.04, -0.009298
27, 10.45, -1.3899999999999995, 0.010000000000000092, 10.4494, -1.3900500000000002, 0.00925, -0.009345
27, 10.45, -1.3899999999999995, -0.019999999999999907, 10.450800000000001, -1.38985, -0.020900000000000002, -0.009334
27, 10.45, -1.3899999999999995, -0.049999999999999906, 10.449950000000001, -1.39015, -0.0501, -0.009277
27, 10.45, -1.3899999999999995, -0.0799999999999999, 10.44985, -1.3899000000000001, -0.07995000000000001, -0.009329
27, 10.45, -1.3899999999999995, -0.1099999999999999, 10.45, -1.38975, -0.109, -0.009308
27, 10.45, -1.3899999999999995, -0.1399999999999999, 10.4501, -1.3901000000000001, -0.1391, -0.009298
27, 10.45, -1.3899999999999995, -0.1699999999999999, 10.450050000000001, -1.3899000000000001, -0.16955, -0.009293
27, 10.45, -1.3899999999999995, -0.1999999999999999, 10.44985, -1.3898000000000001, -0.1998, -0.009287
27, 10.45, -1.3899999999999995, -0.2299999999999999, 10.449800000000002, -1.38995, -0.2293, -0.009334
27, 10.45, -1.3899999999999995, -0.2599999999999999, 10.449950000000001, -1.39015, -0.2607, -0.009334
27, 10.45, -1.3899999999999995, -0.2899999999999999, 10.45015, -1.39015, -0.29035, -0.009293
27, 10.45, -1.3899999999999995, -0.31999999999999995, 10.4501, -1.38985, -0.3205, -0.009282
27, 10.45, -1.3899999999999995, -0.35, 10.450050000000001, -1.39, -0.3501, -0.009314
27, 10.45, -1.3899999999999995, -0.38, 10.45015, -1.39015, -0.38095000000000007, -0.009355
27, 10.45, -1.3899999999999995, -0.41000000000000003, 10.449900000000001, -1.39015, -0.40955, -0.009334
27, 10.45, -1.3899999999999995, -0.44000000000000006, 10.449800000000002, -1.39, -0.43970000000000004, -0.009282
27, 10.45, -1.3899999999999995, -0.4700000000000001, 10.449950000000001, -1.3899000000000001, -0.46965, -0.009329
27, 10.45, -1.3899999999999995, -0.5000000000000001, 10.450400000000002, -1.38995, -0.49945000000000006, -0.009334
27, 10.45, -1.3899999999999995, -0.5300000000000001, 10.449900000000001, -1.3900500000000002, -0.52985, -0.009334
27, 10.45, -1.3899999999999995, -0.5600000000000002, 10.449800000000002, -1.3901000000000001, -0.55945, -0.009298
27, 10.45, -1.3899999999999995, -0.5900000000000002, 10.4497, -1.39015, -0.59045, -0.009329
27, 10.45, -1.3899999999999995, -0.6200000000000002, 10.4505, -1.38995, -0.61995, -0.009298
27, 10.45, -1.3899999999999995, -0.6500000000000002, 10.4497, -1.38995, -0.6504500000000001, -0.00935
27, 10.45, -1.3899999999999995, -0.6800000000000003, 10.4501, -1.39, -0.6807000000000001, -0.009329
27, 10.45, -1.3899999999999995, -0.7100000000000003, 10.45015, -1.38995, -0.70985, -0.009272
27, 10.45, -1.3899999999999995, -0.7400000000000003, 10.449950000000001, -1.39, -0.7393000000000001, -0.00934
27, 10.45, -1.3899999999999995, -0.7700000000000004, 10.45045, -1.3900500000000002, -0.7697, -0.009324
28, 10.45, -1.4199999999999995, -0.7700000000000004, 10.45285, -1.4200500000000003, -0.76975, -0.009314
28, 10.45, -1.4499999999999995, -0.7700000000000004, 10.450400000000002, -1.4502000000000002, -0.7700500000000001, -0.009334
28, 10.45, -1.4799999999999995, -0.7700000000000004, 10.448550000000001, -1.48015, -0.76995, -0.00934
28, 10.45, -1.5099999999999996, -0.7700000000000004, 10.44935, -1.5101000000000002, -0.76985, -0.009319
28, 10.45, -1.5399999999999996, -0.7700000000000004, 10.45195, -1.5392000000000001, -0.7700500000000001, -0.009334
28, 10.45, -1.5699999999999996, -0.7700000000000004, 10.44975, -1.5705, -0.7701, -0.009314
28, 10.45, -1.5999999999999996, -0.7700000000000004, 10.452050000000002, -1.59995, -0.77, -0.009314
28, 10.45, -1.6299999999999997, -0.7700000000000004, 10.450650000000001, -1.6302, -0.7699000000000001, -0.009277
28, 10.45, -1.6599999999999997, -0.7700000000000004, 10.4494, -1.6595, -0.7699000000000001, -0.009162
28, 10.45, -1.6899999999999997, -0.7700000000000004, 10.45025, -1.6896000000000002, -0.7699000000000001, -0.008985
28, 10.45, -1.7199999999999998, -0.7700000000000004, 10.452900000000001, -1.7205, -0.76995, -0.008938
28, 10.45, -1.7499999999999998, -0.7700000000000004, 10.4494, -1.75005, -0.76995, -0.008834
28, 10.45, -1.7799999999999998, -0.7700000000000004, 10.44835, -1.7785, -0.77, -0.008834
28, 10.45, -1.8099999999999998, -0.7700000000000004, 10.449200000000001, -1.8101, -0.77, -0.008985
28, 10.45, -1.8399999999999999, -0.7700000000000004, 10.449200000000001, -1.8399, -0.77, -0.009068
28, 10.45, -1.8699999999999999, -0.7700000000000004, 10.452050000000002, -1.8704, -0.77, -0.009199
28, 10.45, -1.9, -0.7700000000000004, 10.447650000000001, -1.89995, -0.7699000000000001, -0.009235
28, 10.45, -1.93, -0.7700000000000004, 10.452300000000001, -1.93095, -0.7699000000000001, -0.009334
28, 10.45, -1.96, -0.7700000000000004, 10.449050000000002, -1.9599000000000002, -0.77, -0.009334
28, 10.45, -1.99, -0.7700000000000004, 10.45075, -1.9905, -0.77, -0.009303
28, 10.45, -2.02, -0.7700000000000004, 10.4485, -2.0200500000000003, -0.7700500000000001, -0.009303
28, 10.45, -2.05, -0.7700000000000004, 10.4517, -2.0504000000000002, -0.7700500000000001, -0.009303
28, 10.45, -2.0799999999999996, -0.7700000000000004, 10.45175, -2.0799000000000003, -0.76995, -0.00934
28, 10.45, -2.1099999999999994, -0.7700000000000004, 10.4496, -2.1094500000000003, -0.7699000000000001, -0.009324
28, 10.45, -2.1399999999999992, -0.7700000000000004, 10.4506, -2.1402, -0.77, -0.009366
28, 10.45, -2.169999999999999, -0.7700000000000004, 10.4525, -2.1707, -0.7702, -0.009329
28, 10.45, -2.199999999999999, -0.7700000000000004, 10.4495, -2.2004, -0.7701500000000001, -0.009303
28, 10.45, -2.2299999999999986, -0.7700000000000004, 10.44945, -2.23075, -0.76995, -0.009308
28, 10.45, -2.2299999999999986, -0.7400000000000003, 10.44975, -2.2296, -0.74045, -0.009324
28, 10.45, -2.2299999999999986, -0.7100000000000003, 10.450650000000001, -2.2300500000000003, -0.7102, -0.009298
28, 10.45, -2.2299999999999986, -0.6800000000000003, 10.449900000000001, -2.23035, -0.6798500000000001, -0.009298
28, 10.45, -2.2299999999999986, -0.6500000000000002, 10.449900000000001, -2.2302000000000004, -0.6491, -0.009308
28, 10.45, -2.2299999999999986, -0.6200000000000002, 10.449800000000002, -2.2299, -0.6197, -0.009303
28, 10.45, -2.2299999999999986, -0.5900000000000002, 10.4501, -2.22995, -0.5893, -0.009345
28, 10.45, -2.2299999999999986, -0.5600000000000002, 10.449900000000001, -2.2300999999999997, -0.5596, -0.009329
28, 10.45, -2.2299999999999986, -0.5300000000000001, 10.449900000000001, -2.2302000000000004, -0.53005, -0.009324
28, 10.45, -2.2299999999999986, -0.5000000000000001, 10.449900000000001, -2.2300999999999997, -0.5003, -0.009298
28, 10.45, -2.2299999999999986, -0.4700000000000001, 10.45, -2.22995, -0.46905, -0.009334
28, 10.45, -2.2299999999999986, -0.44000000000000006, 10.450050000000001, -2.22995, -0.44045000000000006, -0.009334
28, 10.45, -2.2299999999999986, -0.41000000000000003, 10.45, -2.23, -0.41040000000000004, -0.009308
28, 10.45, -2.2299999999999986, -0.38, 10.45, -2.23015, -0.38010000000000005, -0.009334
28, 10.45, -2.2299999999999986, -0.35, 10.44985, -2.23, -0.34920000000000007, -0.009298
28, 10.45, -2.2299999999999986, -0.31999999999999995, 10.449950000000001, -2.22995, -0.31925, -0.009334
28, 10.45, -2.2299999999999986, -0.2899999999999999, 10.449950000000001, -2.2299, -0.28985, -0.009298
28, 10.45, -2.2299999999999986, -0.2599999999999999, 10.45015, -2.2299, -0.2594, -0.009303
28, 10.45, -2.2299999999999986, -0.2299999999999999, 10.45045, -2.22995, -0.22975, -0.009334
28, 10.45, -2.2299999999999986, -0.1999999999999999, 10.449950000000001, -2.2300500000000003, -0.2, -0.009329
28, 10.45, -2.2299999999999986, -0.1699999999999999, 10.449950000000001, -2.2300999999999997, -0.1699, -0.00935
28, 10.45, -2.2299999999999986, -0.1399999999999999, 10.449950000000001, -2.2300999999999997, -0.1398, -0.009308
28, 10.45, -2.2299999999999986, -0.1099999999999999, 10.45, -2.22995, -0.11045, -0.009329
28, 10.45, -2.2299999999999986, -0.0799999999999999, 10.45, -2.2299, -0.08025, -0.00934
28, 10.45, -2.2299999999999986, -0.049999999999999906, 10.45, -2.23, -0.04925, -0.00936
28, 10.45, -2.2299999999999986, -0.019999999999999907, 10.4501, -2.2300500000000003, -0.01925, -0.009314
28, 10.45, -2.2299999999999986, 0.010000000000000092, 10.449800000000002, -2.2300500000000003, 0.010150000000000001, -0.009308
28, 10.45, -2.2299999999999986, 0.04000000000000009, 10.449900000000001, -2.22995, 0.039900000000000005, -0.009324
28, 10.45, -2.2299999999999986, 0.07000000000000009, 10.45, -2.22995, 0.06960000000000001, -0.009298
29, 10.45, -2.199999999999999, 0.07000000000000009, 10.4476, -2.1998, 0.07015, -0.009329
29, 10.45, -2.169999999999999, 0.07000000000000009, 10.44925, -2.17015, 0.06985000000000001, -0.009298
29, 10.45, -2.1399999999999992, 0.07000000000000009, 10.44735, -2.13925, 0.06985000000000001, -0.009314
29, 10.45, -2.1099999999999994, 0.07000000000000009, 10.4512, -2.11, 0.07015, -0.00936
29, 10.45, -2.0799999999999996, 0.07000000000000009, 10.45175, -2.0802000000000005, 0.07015, -0.009314
29, 10.45, -2.05, 0.07000000000000009, 10.450800000000001, -2.05045, 0.07, -0.009303
29, 10.45, -2.02, 0.07000000000000009, 10.450800000000001, -2.02025, 0.0699, -0.009287
29, 10.45, -1.99, 0.07000000000000009, 10.4478, -1.9899, 0.06995, -0.009282
29, 10.45, -1.96, 0.07000000000000009, 10.448, -1.9607, 0.07005, -0.009261
29, 10.45, -1.93, 0.07000000000000009, 10.4518, -1.93025, 0.07010000000000001, -0.009256
29, 10.45, -1.9, 0.07000000000000009, 10.45105, -1.9000500000000002, 0.07010000000000001, -0.009178
29, 10.45, -1.8699999999999999, 0.07000000000000009, 10.44805, -1.8701, 0.07010000000000001, -0.009147
29, 10.45, -1.8399999999999999, 0.07000000000000009, 10.44785, -1.8402, 0.0699, -0.009042
29, 10.45, -1.8099999999999998, 0.07000000000000009, 10.45105, -1.80965, 0.06995, -0.009068
29, 10.45, -1.7799999999999998, 0.07000000000000009, 10.4502, -1.7793500000000002, 0.07005, -0.009126
29, 10.45, -1.7499999999999998, 0.07000000000000009, 10.450700000000001, -1.7502, 0.07010000000000001, -0.009173
29, 10.45, -1.7199999999999998, 0.07000000000000009, 10.449800000000002, -1.72075, 0.07010000000000001, -0.009235
29, 10.45, -1.6899999999999997, 0.07000000000000009, 10.450400000000002, -1.6906, 0.07, -0.009246
29, 10.45, -1.6599999999999997, 0.07000000000000009, 10.451900000000002, -1.66, 0.06995, -0.009303
29, 10.45, -1.6299999999999997, 0.07000000000000009, 10.448900000000002, -1.6298500000000002, 0.0699, -0.009287
29, 10.45, -1.5999999999999996, 0.07000000000000009, 10.450050000000001, -1.6, 0.06995, -0.009314
29, 10.45, -1.5699999999999996, 0.07000000000000009, 10.4479, -1.5705500000000001, 0.07005, -0.009303
29, 10.45, -1.5399999999999996, 0.07000000000000009, 10.44865, -1.5400500000000001, 0.07010000000000001, -0.009303
29, 10.45, -1.5099999999999996, 0.07000000000000009, 10.4487, -1.50925, 0.07015, -0.00934
29, 10.45, -1.4799999999999995, 0.07000000000000009, 10.450700000000001, -1.48005, 0.07005, -0.009287
29, 10.45, -1.4499999999999995, 0.07000000000000009, 10.450800000000001, -1.4503000000000001, 0.06995, -0.00935
29, 10.45, -1.4199999999999995, 0.07000000000000009, 10.4503, -1.4209, 0.0699, -0.009345
29, 10.45, -1.3899999999999995, 0.07000000000000009, 10.449800000000002, -1.3898000000000001, 0.07010000000000001, -0.009303
29, 10.45, -1.3599999999999994, 0.07000000000000009, 10.45045, -1.3602, 0.06995, -0.009334
29, 10.45, -1.3599999999999994, 0.04000000000000009, 10.449050000000002, -1.3603500000000002, 0.04, -0.009293
29, 10.45, -1.3599999999999994, 0.010000000000000092, 10.449800000000002, -1.3602, 0.009349999999999999, -0.009282
29, 10.45, -1.3599999999999994, -0.019999999999999907, 10.45045, -1.3599, -0.02015, -0.009293
29, 10.45, -1.3599999999999994, -0.049999999999999906, 10.450050000000001, -1.3599, -0.049800000000000004, -0.009282
29, 10.45, -1.3599999999999994, -0.0799999999999999, 10.4501, -1.3601500000000002, -0.07985, -0.009308
29, 10.45, -1.3599999999999994, -0.1099999999999999, 10.450050000000001, -1.35995, -0.10965000000000001, -0.009345
29, 10.45, -1.3599999999999994, -0.1399999999999999, 10.4502, -1.35975, -0.1393, -0.009329
29, 10.45, -1.3599999999999994, -0.1699999999999999, 10.45, -1.36025, -0.1695, -0.009329
29, 10.45, -1.3599999999999994, -0.1999999999999999, 10.450050000000001, -1.3598500000000002, -0.19960000000000003, -0.00934
29, 10.45, -1.3599999999999994, -0.2299999999999999, 10.449900000000001, -1.3598500000000002, -0.2299, -0.009282
29, 10.45, -1.3599999999999994, -0.2599999999999999, 10.44975, -1.35995, -0.2607, -0.009293
29, 10.45, -1.3599999999999994, -0.2899999999999999, 10.450050000000001, -1.36025, -0.29035, -0.009334
29, 10.45, -1.3599999999999994, -0.31999999999999995, 10.4501, -1.3599, -0.3205, -0.009303
29, 10.45, -1.3599999999999994, -0.35, 10.4502, -1.3601, -0.35020000000000007, -0.009303
29, 10.45, -1.3599999999999994, -0.38, 10.45, -1.36025, -0.381, -0.009303
29, 10.45, -1.3599999999999994, -0.41000000000000003, 10.45, -1.36025, -0.41045000000000004, -0.009329
29, 10.45, -1.3599999999999994, -0.44000000000000006, 10.44975, -1.3598000000000001, -0.43960000000000005, -0.009303
29, 10.45, -1.3599999999999994, -0.4700000000000001, 10.450400000000002, -1.3601, -0.46920000000000006, -0.00935
29, 10.45, -1.3599999999999994, -0.5000000000000001, 10.449800000000002, -1.3602, -0.49935, -0.009329
29, 10.45, -1.3599999999999994, -0.5300000000000001, 10.449800000000002, -1.36, -0.5301, -0.009287
29, 10.45, -1.3599999999999994, -0.5600000000000002, 10.4501, -1.3598000000000001, -0.5594, -0.00935
29, 10.45, -1.3599999999999994, -0.5900000000000002, 10.45, -1.3597000000000001, -0.59045, -0.009334
29, 10.45, -1.3599999999999994, -0.6200000000000002, 10.449950000000001, -1.3600500000000002, -0.62075, -0.009324
29, 10.45, -1.3599999999999994, -0.6500000000000002, 10.44985, -1.36025, -0.65085, -0.009293
29, 10.45, -1.3599999999999994, -0.6800000000000003, 10.450400000000002, -1.3599, -0.6807000000000001, -0.009329
29, 10.45, -1.3599999999999994, -0.7100000000000003, 10.45035, -1.35975, -0.7099000000000001, -0.009329
29, 10.45, -1.3599999999999994, -0.7400000000000003, 10.4497, -1.3598000000000001, -0.73925, -0.009303
29, 10.45, -1.3599999999999994, -0.7700000000000004, 10.4503, -1.3602, -0.7695500000000001, -0.009319
29, 10.45, -1.3599999999999994, -0.8000000000000004, 10.449900000000001, -1.3600500000000002, -0.79935, -0.009293
30, 10.45, -1.3899999999999995, -0.8000000000000004, 10.452350000000001, -1.3898000000000001, -0.8002, -0.009303
30, 10.45, -1.4199999999999995, -0.8000000000000004, 10.44785, -1.41985, -0.8001, -0.009319
30, 10.45, -1.4499999999999995, -0.8000000000000004, 10.450800000000001, -1.45035, -0.7998500000000001, -0.009334
30, 10.45, -1.4799999999999995, -0.8000000000000004, 10.4496, -1.4796500000000001, -0.8, -0.009334
30, 10.45, -1.5099999999999996, -0.8000000000000004, 10.4481, -1.5098500000000001, -0.8001, -0.00935
30, 10.45, -1.5399999999999996, -0.8000000000000004, 10.45185, -1.5406000000000002, -0.80005, -0.009329
30, 10.45, -1.5699999999999996, -0.8000000000000004, 10.45255, -1.5701500000000002, -0.80005, -0.009324
30, 10.45, -1.5999999999999996, -0.8000000000000004, 10.453100000000001, -1.59965, -0.8, -0.009298
30, 10.45, -1.6299999999999997, -0.8000000000000004, 10.4503, -1.63025, -0.7999, -0.009272
30, 10.45, -1.6599999999999997, -0.8000000000000004, 10.45275, -1.6598000000000002, -0.7999, -0.009115
30, 10.45, -1.6899999999999997, -0.8000000000000004, 10.4467, -1.69, -0.7999, -0.009068
30, 10.45, -1.7199999999999998, -0.8000000000000004, 10.4509, -1.7205, -0.8, -0.008896
30, 10.45, -1.7499999999999998, -0.8000000000000004, 10.450800000000001, -1.7494, -0.80005, -0.008792
30, 10.45, -1.7799999999999998, -0.8000000000000004, 10.4503, -1.7798000000000003, -0.80005, -0.008834
30, 10.45, -1.8099999999999998, -0.8000000000000004, 10.453650000000001, -1.811, -0.8001, -0.008933
30, 10.45, -1.8399999999999999, -0.8000000000000004, 10.4486, -1.8398500000000002, -0.80005, -0.009141
30, 10.45, -1.8699999999999999, -0.8000000000000004, 10.450550000000002, -1.8705500000000002, -0.8, -0.009194
30, 10.45, -1.9, -0.8000000000000004, 10.448900000000002, -1.9, -0.7999, -0.009298
30, 10.45, -1.93, -0.8000000000000004, 10.450800000000001, -1.9311, -0.7999, -0.009287
30, 10.45, -1.96, -0.8000000000000004, 10.44925, -1.9601000000000002, -0.8, -0.009287
30, 10.45, -1.99, -0.8000000000000004, 10.44885, -1.99005, -0.8, -0.009298
30, 10.45, -2.02, -0.8000000000000004, 10.44895, -2.01985, -0.80005, -0.009355
30, 10.45, -2.05, -0.8000000000000004, 10.4518, -2.0492000000000004, -0.80005, -0.009334
30, 10.45, -2.0799999999999996, -0.8000000000000004, 10.44875, -2.08, -0.80005, -0.00934
30, 10.45, -2.1099999999999994, -0.8000000000000004, 10.4509, -2.11065, -0.8, -0.009303
30, 10.45, -2.1399999999999992, -0.8000000000000004, 10.44885, -2.1402, -0.79995, -0.00934
30, 10.45, -2.169999999999999, -0.8000000000000004, 10.45105, -2.1700999999999997, -0.79995, -0.009314
30, 10.45, -2.199999999999999, -0.8000000000000004, 10.4509, -2.2004500000000005, -0.79995, -0.009303
30, 10.45, -2.2299999999999986, -0.8000000000000004, 10.44835, -2.2297000000000002, -0.8001, -0.009334
30, 10.45, -2.2599999999999985, -0.8000000000000004, 10.4515, -2.2599500000000003, -0.8001, -0.009334
30, 10.45, -2.2599999999999985, -0.7700000000000004, 10.4502, -2.2599, -0.7708, -0.00934
30, 10.45, -2.2599999999999985, -0.7400000000000003, 10.4497, -2.2598499999999997, -0.7406500000000001, -0.009329
30, 10.45, -2.2599999999999985, -0.7100000000000003, 10.450700000000001, -2.2599, -0.71085, -0.009282
30, 10.45, -2.2599999999999985, -0.6800000000000003, 10.450050000000001, -2.2599, -0.6799000000000001, -0.009303
30, 10.45, -2.2599999999999985, -0.6500000000000002, 10.449900000000001, -2.2599500000000003, -0.64905, -0.009303
30, 10.45, -2.2599999999999985, -0.6200000000000002, 10.44985, -2.26, -0.6201500000000001, -0.009293
30, 10.45, -2.2599999999999985, -0.5900000000000002, 10.4497, -2.26015, -0.58975, -0.009282
30, 10.45, -2.2599999999999985, -0.5600000000000002, 10.44985, -2.2601, -0.5605500000000001, -0.009334
30, 10.45, -2.2599999999999985, -0.5300000000000001, 10.449950000000001, -2.2601, -0.531, -0.009329
30, 10.45, -2.2599999999999985, -0.5000000000000001, 10.450400000000002, -2.2601, -0.50025, -0.009277
30, 10.45, -2.2599999999999985, -0.4700000000000001, 10.449900000000001, -2.26005, -0.4703, -0.009329
30, 10.45, -2.2599999999999985, -0.44000000000000006, 10.449900000000001, -2.2599, -0.4398, -0.009303
30, 10.45, -2.2599999999999985, -0.41000000000000003, 10.449900000000001, -2.2599, -0.4105, -0.009308
30, 10.45, -2.2599999999999985, -0.38, 10.449950000000001, -2.2599500000000003, -0.38010000000000005, -0.009298
30, 10.45, -2.2599999999999985, -0.35, 10.450050000000001, -2.2599500000000003, -0.34925, -0.009298
30, 10.45, -2.2599999999999985, -0.31999999999999995, 10.45, -2.26, -0.31975, -0.009334
30, 10.45, -2.2599999999999985, -0.2899999999999999, 10.45, -2.26, -0.2898, -0.009355
30, 10.45, -2.2599999999999985, -0.2599999999999999, 10.450050000000001, -2.26, -0.25925, -0.00934
30, 10.45, -2.2599999999999985, -0.2299999999999999, 10.450050000000001, -2.26005, -0.22970000000000002, -0.00934
30, 10.45, -2.2599999999999985, -0.1999999999999999, 10.450050000000001, -2.26005, -0.19995000000000002, -0.009298
30, 10.45, -2.2599999999999985, -0.1699999999999999, 10.449900000000001, -2.2599, -0.16995000000000002, -0.009293
30, 10.45, -2.2599999999999985, -0.1399999999999999, 10.449900000000001, -2.2599500000000003, -0.13995000000000002, -0.009324
30, 10.45, -2.2599999999999985, -0.1099999999999999, 10.449950000000001, -2.2599500000000003, -0.1106, -0.009345
30, 10.45, -2.2599999999999985, -0.0799999999999999, 10.45, -2.2599500000000003, -0.08, -0.009303
30, 10.45, -2.2599999999999985, -0.049999999999999906, 10.45, -2.2599500000000003, -0.04925, -0.009308
30, 10.45, -2.2599999999999985, -0.019999999999999907, 10.450050000000001, -2.26, -0.01975, -0.009345
30, 10.45, -2.2599999999999985, 0.010000000000000092, 10.45, -2.26005, 0.010150000000000001, -0.009298
30, 10.45, -2.2599999999999985, 0.04000000000000009, 10.449950000000001, -2.26005, 0.0398, -0.009324
30, 10.45, -2.2599999999999985, 0.07000000000000009, 10.449950000000001, -2.26005, 0.06975, -0.00934
30, 10.45, -2.2599999999999985, 0.10000000000000009, 10.449950000000001, -2.26005, 0.09995, -0.00934
