Voltage = 3.8, Current = 20.0, Pinhole = 10um 
0, 9.5, -3.2, 5.52, 9.50045, -3.19975, 5.51985, -0.009334
1, 9.505, -3.2, 5.52, 9.50525, -3.2001000000000004, 5.5203, -0.009381
1, 9.505, -3.205, 5.52, 9.5054, -3.2048500000000004, 5.5203500000000005, -0.009324
2, 9.5, -3.205, 5.52, 9.5, -3.205, 5.51985, -0.009366
2, 9.495, -3.205, 5.52, 9.4949, -3.205, 5.51985, -0.009397
2, 9.495, -3.2, 5.52, 9.494800000000001, -3.2004500000000005, 5.52, -0.009319
2, 9.495, -3.1950000000000003, 5.52, 9.494800000000001, -3.19545, 5.52, -0.009366
3, 9.5, -3.1950000000000003, 5.52, 9.50055, -3.1953500000000004, 5.5201, -0.009298
3, 9.505, -3.1950000000000003, 5.52, 9.50525, -3.19505, 5.520200000000001, -0.00934
3, 9.510000000000002, -3.1950000000000003, 5.52, 9.50985, -3.1947, 5.52025, -0.009366
3, 9.510000000000002, -3.2, 5.52, 9.510050000000001, -3.2005500000000002, 5.519900000000001, -0.009329
3, 9.510000000000002, -3.205, 5.52, 9.51015, -3.205, 5.51985, -0.009334
3, 9.510000000000002, -3.21, 5.52, 9.50995, -3.2104500000000002, 5.52025, -0.009319
4, 9.505, -3.21, 5.52, 9.5054, -3.2104, 5.52025, -0.009376
4, 9.5, -3.21, 5.52, 9.5, -3.2104500000000002, 5.52, -0.00935
4, 9.495, -3.21, 5.52, 9.495, -3.2094500000000004, 5.52, -0.009371
4, 9.489999999999998, -3.21, 5.52, 9.490200000000002, -3.21015, 5.52005, -0.009334
4, 9.489999999999998, -3.205, 5.52, 9.489600000000001, -3.2045500000000002, 5.5198, -0.009413
4, 9.489999999999998, -3.2, 5.52, 9.489550000000001, -3.2, 5.5198, -0.009314
4, 9.489999999999998, -3.1950000000000003, 5.52, 9.490050000000002, -3.1951000000000005, 5.5198, -0.009392
4, 9.489999999999998, -3.1900000000000004, 5.52, 9.4901, -3.1898, 5.5198, -0.009319
5, 9.495, -3.1900000000000004, 5.52, 9.4947, -3.18955, 5.519950000000001, -0.009381
5, 9.5, -3.1900000000000004, 5.52, 9.49985, -3.1900500000000003, 5.52005, -0.009329
5, 9.505, -3.1900000000000004, 5.52, 9.50525, -3.1902000000000004, 5.52015, -0.009376
5, 9.510000000000002, -3.1900000000000004, 5.52, 9.50975, -3.1902000000000004, 5.5201, -0.00934
5, 9.515000000000002, -3.1900000000000004, 5.52, 9.51475, -3.1901, 5.5201, -0.009319
5, 9.515000000000002, -3.1950000000000003, 5.52, 9.51495, -3.1949, 5.5201, -0.009355
5, 9.515000000000002, -3.2, 5.52, 9.515450000000001, -3.2, 5.5201, -0.00934
5, 9.515000000000002, -3.205, 5.52, 9.51535, -3.2046000000000006, 5.52005, -0.009334
5, 9.515000000000002, -3.21, 5.52, 9.5151, -3.21015, 5.519950000000001, -0.009324
5, 9.515000000000002, -3.215, 5.52, 9.51515, -3.2148000000000003, 5.519900000000001, -0.009324
6, 9.510000000000002, -3.215, 5.52, 9.51, -3.21485, 5.519900000000001, -0.009387
6, 9.505, -3.215, 5.52, 9.5054, -3.21485, 5.519900000000001, -0.009329
6, 9.5, -3.215, 5.52, 9.4997, -3.21485, 5.519950000000001, -0.009387
6, 9.495, -3.215, 5.52, 9.495149999999999, -3.2148000000000003, 5.519900000000001, -0.00934
6, 9.489999999999998, -3.215, 5.52, 9.490300000000001, -3.2149, 5.519950000000001, -0.009392
6, 9.484999999999998, -3.215, 5.52, 9.48465, -3.21485, 5.52, -0.009298
6, 9.484999999999998, -3.21, 5.52, 9.484800000000002, -3.2100500000000003, 5.52, -0.009376
6, 9.484999999999998, -3.205, 5.52, 9.4849, -3.20525, 5.519950000000001, -0.009303
6, 9.484999999999998, -3.2, 5.52, 9.485149999999999, -3.1995500000000003, 5.52, -0.00935
6, 9.484999999999998, -3.1950000000000003, 5.52, 9.485100000000001, -3.1954000000000002, 5.52, -0.00936
6, 9.484999999999998, -3.1900000000000004, 5.52, 9.484950000000001, -3.1901, 5.52, -0.009334
6, 9.484999999999998, -3.1850000000000005, 5.52, 9.48485, -3.1850500000000004, 5.52, -0.009371
7, 9.489999999999998, -3.1850000000000005, 5.52, 9.489700000000001, -3.1845, 5.52, -0.00935
7, 9.495, -3.1850000000000005, 5.52, 9.495149999999999, -3.1854, 5.52005, -0.009397
7, 9.5, -3.1850000000000005, 5.52, 9.499649999999999, -3.18455, 5.52005, -0.009329
7, 9.505, -3.1850000000000005, 5.52, 9.5049, -3.18455, 5.52005, -0.009381
7, 9.510000000000002, -3.1850000000000005, 5.52, 9.510050000000001, -3.1855, 5.52005, -0.009324
7, 9.515000000000002, -3.1850000000000005, 5.52, 9.514850000000001, -3.18455, 5.52, -0.009381
7, 9.520000000000003, -3.1850000000000005, 5.52, 9.52025, -3.18455, 5.52, -0.009329
7, 9.520000000000003, -3.1900000000000004, 5.52, 9.5204, -3.1905, 5.52005, -0.009397
7, 9.520000000000003, -3.1950000000000003, 5.52, 9.520050000000001, -3.1953500000000004, 5.519950000000001, -0.009329
7, 9.520000000000003, -3.2, 5.52, 9.5199, -3.1999, 5.519900000000001, -0.009334
7, 9.520000000000003, -3.205, 5.52, 9.51985, -3.2054, 5.519900000000001, -0.009324
7, 9.520000000000003, -3.21, 5.52, 9.5202, -3.2099, 5.519900000000001, -0.009392
7, 9.520000000000003, -3.215, 5.52, 9.5199, -3.2153500000000004, 5.52005, -0.009371
7, 9.520000000000003, -3.2199999999999998, 5.52, 9.51985, -3.2201500000000003, 5.52015, -0.00936
8, 9.515000000000002, -3.2199999999999998, 5.52, 9.51525, -3.2201500000000003, 5.52015, -0.009387
8, 9.510000000000002, -3.2199999999999998, 5.52, 9.5101, -3.2201000000000004, 5.52015, -0.00934
8, 9.505, -3.2199999999999998, 5.52, 9.5054, -3.2201000000000004, 5.52005, -0.009392
8, 9.5, -3.2199999999999998, 5.52, 9.499649999999999, -3.22005, 5.519950000000001, -0.009392
8, 9.495, -3.2199999999999998, 5.52, 9.495149999999999, -3.22005, 5.519900000000001, -0.009392
8, 9.489999999999998, -3.2199999999999998, 5.52, 9.490300000000001, -3.2201000000000004, 5.519900000000001, -0.009329
8, 9.484999999999998, -3.2199999999999998, 5.52, 9.4847, -3.2199500000000003, 5.519900000000001, -0.009381
8, 9.479999999999997, -3.2199999999999998, 5.52, 9.48015, -3.2199, 5.519900000000001, -0.009319
8, 9.479999999999997, -3.215, 5.52, 9.48, -3.2149500000000004, 5.519900000000001, -0.009366
8, 9.479999999999997, -3.21, 5.52, 9.479899999999999, -3.2104, 5.519900000000001, -0.00934
8, 9.479999999999997, -3.205, 5.52, 9.47985, -3.2048500000000004, 5.519950000000001, -0.009402
8, 9.479999999999997, -3.2, 5.52, 9.479800000000001, -3.2003000000000004, 5.52, -0.009381
8, 9.479999999999997, -3.1950000000000003, 5.52, 9.479800000000001, -3.19475, 5.52, -0.009334
8, 9.479999999999997, -3.1900000000000004, 5.52, 9.479899999999999, -3.18995, 5.52, -0.009371
8, 9.479999999999997, -3.1850000000000005, 5.52, 9.48, -3.1854500000000003, 5.52, -0.00936
8, 9.479999999999997, -3.1800000000000006, 5.52, 9.48, -3.1798, 5.5201, -0.009381
9, 9.484999999999998, -3.1800000000000006, 5.52, 9.48465, -3.18055, 5.5201, -0.009345
9, 9.489999999999998, -3.1800000000000006, 5.52, 9.490200000000002, -3.1798, 5.52, -0.009376
9, 9.495, -3.1800000000000006, 5.52, 9.495149999999999, -3.17975, 5.52, -0.009308
9, 9.5, -3.1800000000000006, 5.52, 9.49975, -3.1798, 5.52, -0.009376
9, 9.505, -3.1800000000000006, 5.52, 9.5051, -3.1799500000000003, 5.52, -0.009308
9, 9.510000000000002, -3.1800000000000006, 5.52, 9.50985, -3.1802, 5.52, -0.009397
9, 9.515000000000002, -3.1800000000000006, 5.52, 9.514800000000001, -3.1803500000000002, 5.519950000000001, -0.009392
9, 9.520000000000003, -3.1800000000000006, 5.52, 9.5203, -3.18, 5.519900000000001, -0.009392
9, 9.525000000000004, -3.1800000000000006, 5.52, 9.525, -3.1799500000000003, 5.519900000000001, -0.009381
9, 9.525000000000004, -3.1850000000000005, 5.52, 9.5251, -3.1854, 5.519900000000001, -0.009381
9, 9.525000000000004, -3.1900000000000004, 5.52, 9.5251, -3.1902000000000004, 5.519950000000001, -0.009324
9, 9.525000000000004, -3.1950000000000003, 5.52, 9.52485, -3.1951000000000005, 5.5201, -0.009381
9, 9.525000000000004, -3.2, 5.52, 9.52505, -3.1995500000000003, 5.52015, -0.009319
9, 9.525000000000004, -3.205, 5.52, 9.5252, -3.20535, 5.52015, -0.009376
9, 9.525000000000004, -3.21, 5.52, 9.5251, -3.2094500000000004, 5.519900000000001, -0.00934
9, 9.525000000000004, -3.215, 5.52, 9.5252, -3.2149500000000004, 5.519900000000001, -0.009329
9, 9.525000000000004, -3.2199999999999998, 5.52, 9.52475, -3.2194000000000003, 5.52015, -0.009329
9, 9.525000000000004, -3.2249999999999996, 5.52, 9.5252, -3.22505, 5.52015, -0.009376
10, 9.520000000000003, -3.2249999999999996, 5.52, 9.51975, -3.22505, 5.52015, -0.009387
10, 9.515000000000002, -3.2249999999999996, 5.52, 9.51495, -3.22505, 5.519950000000001, -0.009319
10, 9.510000000000002, -3.2249999999999996, 5.52, 9.5099, -3.225, 5.519900000000001, -0.009392
10, 9.505, -3.2249999999999996, 5.52, 9.504950000000001, -3.225, 5.519900000000001, -0.009392
10, 9.5, -3.2249999999999996, 5.52, 9.499550000000001, -3.2249, 5.519900000000001, -0.009392
10, 9.495, -3.2249999999999996, 5.52, 9.4952, -3.22495, 5.519900000000001, -0.009329
10, 9.489999999999998, -3.2249999999999996, 5.52, 9.489600000000001, -3.22495, 5.519900000000001, -0.009381
10, 9.484999999999998, -3.2249999999999996, 5.52, 9.485050000000001, -3.22495, 5.519900000000001, -0.009314
10, 9.479999999999997, -3.2249999999999996, 5.52, 9.480300000000002, -3.22495, 5.52, -0.009397
10, 9.474999999999996, -3.2249999999999996, 5.52, 9.4745, -3.22495, 5.52, -0.009366
10, 9.474999999999996, -3.2199999999999998, 5.52, 9.474950000000002, -3.2202, 5.52, -0.00935
10, 9.474999999999996, -3.215, 5.52, 9.47525, -3.2145, 5.5201, -0.009392
10, 9.474999999999996, -3.21, 5.52, 9.4747, -3.21, 5.520200000000001, -0.009308
10, 9.474999999999996, -3.205, 5.52, 9.474950000000002, -3.20465, 5.52015, -0.009371
10, 9.474999999999996, -3.2, 5.52, 9.475100000000001, -3.20005, 5.52005, -0.009334
10, 9.474999999999996, -3.1950000000000003, 5.52, 9.475200000000001, -3.1953, 5.519950000000001, -0.009387
10, 9.474999999999996, -3.1900000000000004, 5.52, 9.47515, -3.1896000000000004, 5.51985, -0.009334
10, 9.474999999999996, -3.1850000000000005, 5.52, 9.4749, -3.1850500000000004, 5.51985, -0.00935
10, 9.474999999999996, -3.1800000000000006, 5.52, 9.475100000000001, -3.18, 5.52015, -0.009355
10, 9.474999999999996, -3.1750000000000007, 5.52, 9.475200000000001, -3.175, 5.520200000000001, -0.009376
11, 9.479999999999997, -3.1750000000000007, 5.52, 9.47995, -3.1749500000000004, 5.52, -0.009319
11, 9.484999999999998, -3.1750000000000007, 5.52, 9.48485, -3.1749500000000004, 5.52, -0.009407
11, 9.489999999999998, -3.1750000000000007, 5.52, 9.490300000000001, -3.1749500000000004, 5.52, -0.009329
11, 9.495, -3.1750000000000007, 5.52, 9.49485, -3.175, 5.52, -0.009387
11, 9.5, -3.1750000000000007, 5.52, 9.4997, -3.17505, 5.52, -0.009402
11, 9.505, -3.1750000000000007, 5.52, 9.504950000000001, -3.17505, 5.52, -0.009324
11, 9.510000000000002, -3.1750000000000007, 5.52, 9.5099, -3.17505, 5.52, -0.009387
11, 9.515000000000002, -3.1750000000000007, 5.52, 9.514850000000001, -3.17505, 5.52, -0.009324
11, 9.520000000000003, -3.1750000000000007, 5.52, 9.52025, -3.1751000000000005, 5.519950000000001, -0.009381
11, 9.525000000000004, -3.1750000000000007, 5.52, 9.525, -3.17505, 5.519900000000001, -0.00934
11, 9.530000000000005, -3.1750000000000007, 5.52, 9.5296, -3.175, 5.519900000000001, -0.00934
11, 9.530000000000005, -3.1800000000000006, 5.52, 9.5302, -3.1801500000000003, 5.51985, -0.009308
11, 9.530000000000005, -3.1850000000000005, 5.52, 9.53, -3.1846000000000005, 5.52025, -0.009371
11, 9.530000000000005, -3.1900000000000004, 5.52, 9.529950000000001, -3.19015, 5.520200000000001, -0.009381
11, 9.530000000000005, -3.1950000000000003, 5.52, 9.53, -3.19485, 5.52005, -0.009381
11, 9.530000000000005, -3.2, 5.52, 9.53, -3.1995500000000003, 5.519900000000001, -0.009381
11, 9.530000000000005, -3.205, 5.52, 9.530100000000001, -3.20465, 5.519900000000001, -0.009381
11, 9.530000000000005, -3.21, 5.52, 9.53, -3.21, 5.519900000000001, -0.009334
11, 9.530000000000005, -3.215, 5.52, 9.529950000000001, -3.2147, 5.52015, -0.009381
11, 9.530000000000005, -3.2199999999999998, 5.52, 9.53, -3.2195, 5.5201, -0.009334
11, 9.530000000000005, -3.2249999999999996, 5.52, 9.530100000000001, -3.2253000000000003, 5.519900000000001, -0.009371
11, 9.530000000000005, -3.2299999999999995, 5.52, 9.530050000000001, -3.2301, 5.519900000000001, -0.009397
12, 9.525000000000004, -3.2299999999999995, 5.52, 9.525450000000001, -3.23015, 5.52005, -0.009402
12, 9.520000000000003, -3.2299999999999995, 5.52, 9.520100000000001, -3.2300500000000003, 5.52015, -0.009334
12, 9.515000000000002, -3.2299999999999995, 5.52, 9.5151, -3.23, 5.52015, -0.009392
12, 9.510000000000002, -3.2299999999999995, 5.52, 9.5101, -3.22995, 5.52015, -0.009376
12, 9.505, -3.2299999999999995, 5.52, 9.504800000000001, -3.22995, 5.52015, -0.009334
12, 9.5, -3.2299999999999995, 5.52, 9.500050000000002, -3.22995, 5.52005, -0.009376
12, 9.495, -3.2299999999999995, 5.52, 9.4954, -3.23, 5.519950000000001, -0.009334
12, 9.489999999999998, -3.2299999999999995, 5.52, 9.490450000000001, -3.2300500000000003, 5.51985, -0.009371
12, 9.484999999999998, -3.2299999999999995, 5.52, 9.48485, -3.23, 5.51985, -0.009329
12, 9.479999999999997, -3.2299999999999995, 5.52, 9.48025, -3.23, 5.51985, -0.009334
12, 9.474999999999996, -3.2299999999999995, 5.52, 9.474950000000002, -3.23, 5.51985, -0.009324
12, 9.469999999999995, -3.2299999999999995, 5.52, 9.47035, -3.22995, 5.519950000000001, -0.009329
12, 9.469999999999995, -3.2249999999999996, 5.52, 9.47005, -3.2252, 5.5201, -0.009387
12, 9.469999999999995, -3.2199999999999998, 5.52, 9.46995, -3.2199, 5.520200000000001, -0.009319
12, 9.469999999999995, -3.215, 5.52, 9.469850000000001, -3.2154000000000003, 5.520200000000001, -0.009387
12, 9.469999999999995, -3.21, 5.52, 9.469800000000001, -3.2097, 5.520200000000001, -0.009329
12, 9.469999999999995, -3.205, 5.52, 9.469899999999999, -3.2054, 5.52005, -0.009376
12, 9.469999999999995, -3.2, 5.52, 9.46995, -3.20005, 5.519950000000001, -0.009308
12, 9.469999999999995, -3.1950000000000003, 5.52, 9.47005, -3.1952000000000003, 5.51985, -0.009402
12, 9.469999999999995, -3.1900000000000004, 5.52, 9.47005, -3.18955, 5.51985, -0.00934
12, 9.469999999999995, -3.1850000000000005, 5.52, 9.46995, -3.18475, 5.519950000000001, -0.009324
12, 9.469999999999995, -3.1800000000000006, 5.52, 9.469899999999999, -3.1798, 5.520200000000001, -0.009376
12, 9.469999999999995, -3.1750000000000007, 5.52, 9.47, -3.17515, 5.519950000000001, -0.009334
12, 9.469999999999995, -3.170000000000001, 5.52, 9.4701, -3.1696000000000004, 5.519950000000001, -0.009329
13, 9.474999999999996, -3.170000000000001, 5.52, 9.47525, -3.1701000000000006, 5.519950000000001, -0.009397
13, 9.479999999999997, -3.170000000000001, 5.52, 9.479800000000001, -3.1703, 5.519900000000001, -0.009366
13, 9.484999999999998, -3.170000000000001, 5.52, 9.48485, -3.1703500000000004, 5.519900000000001, -0.009387
13, 9.489999999999998, -3.170000000000001, 5.52, 9.49025, -3.1698000000000004, 5.519900000000001, -0.009345
13, 9.495, -3.170000000000001, 5.52, 9.4949, -3.16975, 5.519900000000001, -0.009366
13, 9.5, -3.170000000000001, 5.52, 9.49985, -3.1698500000000003, 5.519950000000001, -0.009334
13, 9.505, -3.170000000000001, 5.52, 9.5052, -3.1700500000000003, 5.52005, -0.009392
13, 9.510000000000002, -3.170000000000001, 5.52, 9.5098, -3.17025, 5.52015, -0.009345
13, 9.515000000000002, -3.170000000000001, 5.52, 9.514850000000001, -3.1702000000000004, 5.52015, -0.00934
13, 9.520000000000003, -3.170000000000001, 5.52, 9.52025, -3.17, 5.52015, -0.009376
13, 9.525000000000004, -3.170000000000001, 5.52, 9.52495, -3.1698500000000003, 5.5201, -0.009355
13, 9.530000000000005, -3.170000000000001, 5.52, 9.5296, -3.1698000000000004, 5.519950000000001, -0.009402
13, 9.535000000000005, -3.170000000000001, 5.52, 9.5347, -3.1703, 5.519900000000001, -0.009371
13, 9.535000000000005, -3.1750000000000007, 5.52, 9.53485, -3.1745, 5.52005, -0.009402
13, 9.535000000000005, -3.1800000000000006, 5.52, 9.53485, -3.18025, 5.52015, -0.009334
13, 9.535000000000005, -3.1850000000000005, 5.52, 9.53485, -3.18475, 5.52015, -0.009371
13, 9.535000000000005, -3.1900000000000004, 5.52, 9.53545, -3.1903500000000005, 5.5201, -0.009329
13, 9.535000000000005, -3.1950000000000003, 5.52, 9.535, -3.1949500000000004, 5.52, -0.009392
13, 9.535000000000005, -3.2, 5.52, 9.53495, -3.2004, 5.519900000000001, -0.009402
13, 9.535000000000005, -3.205, 5.52, 9.53515, -3.2055, 5.51985, -0.009397
13, 9.535000000000005, -3.21, 5.52, 9.535050000000002, -3.2100500000000003, 5.52005, -0.009303
13, 9.535000000000005, -3.215, 5.52, 9.5349, -3.21545, 5.52015, -0.009334
13, 9.535000000000005, -3.2199999999999998, 5.52, 9.5349, -3.2198, 5.5201, -0.009381
13, 9.535000000000005, -3.2249999999999996, 5.52, 9.535, -3.2254, 5.519900000000001, -0.009387
13, 9.535000000000005, -3.2299999999999995, 5.52, 9.535050000000002, -3.22965, 5.519900000000001, -0.009387
13, 9.535000000000005, -3.2349999999999994, 5.52, 9.53515, -3.2344500000000003, 5.519900000000001, -0.00936
14, 9.530000000000005, -3.2349999999999994, 5.52, 9.53045, -3.2353, 5.519900000000001, -0.009376
14, 9.525000000000004, -3.2349999999999994, 5.52, 9.525450000000001, -3.2348000000000003, 5.52005, -0.009402
14, 9.520000000000003, -3.2349999999999994, 5.52, 9.520100000000001, -3.2347, 5.52015, -0.009329
14, 9.515000000000002, -3.2349999999999994, 5.52, 9.5152, -3.2349, 5.52015, -0.00935
14, 9.510000000000002, -3.2349999999999994, 5.52, 9.5098, -3.23505, 5.52015, -0.009376
14, 9.505, -3.2349999999999994, 5.52, 9.5052, -3.23515, 5.52015, -0.009376
14, 9.5, -3.2349999999999994, 5.52, 9.49995, -3.23515, 5.52, -0.009376
14, 9.495, -3.2349999999999994, 5.52, 9.4954, -3.235, 5.52, -0.009376
14, 9.489999999999998, -3.2349999999999994, 5.52, 9.489700000000001, -3.23475, 5.52, -0.00935
14, 9.484999999999998, -3.2349999999999994, 5.52, 9.485149999999999, -3.2349500000000004, 5.519950000000001, -0.00934
14, 9.479999999999997, -3.2349999999999994, 5.52, 9.48025, -3.23505, 5.51985, -0.009366
14, 9.474999999999996, -3.2349999999999994, 5.52, 9.47515, -3.2352000000000003, 5.51985, -0.009387
14, 9.469999999999995, -3.2349999999999994, 5.52, 9.4702, -3.2351000000000005, 5.51985, -0.00935
14, 9.464999999999995, -3.2349999999999994, 5.52, 9.46535, -3.23505, 5.519900000000001, -0.00936
14, 9.464999999999995, -3.2299999999999995, 5.52, 9.4646, -3.2296000000000005, 5.519950000000001, -0.009381
14, 9.464999999999995, -3.2249999999999996, 5.52, 9.465, -3.225, 5.5201, -0.009366
14, 9.464999999999995, -3.2199999999999998, 5.52, 9.4651, -3.2195500000000004, 5.5201, -0.009392
14, 9.464999999999995, -3.215, 5.52, 9.4649, -3.21485, 5.52, -0.009392
14, 9.464999999999995, -3.21, 5.52, 9.4648, -3.2096000000000005, 5.519950000000001, -0.009355
14, 9.464999999999995, -3.205, 5.52, 9.465050000000002, -3.20525, 5.519950000000001, -0.009376
14, 9.464999999999995, -3.2, 5.52, 9.46515, -3.1999, 5.519950000000001, -0.009329
14, 9.464999999999995, -3.1950000000000003, 5.52, 9.4651, -3.1953, 5.519900000000001, -0.009397
14, 9.464999999999995, -3.1900000000000004, 5.52, 9.465, -3.1896000000000004, 5.519900000000001, -0.00934
14, 9.464999999999995, -3.1850000000000005, 5.52, 9.46495, -3.1854, 5.519950000000001, -0.009376
14, 9.464999999999995, -3.1800000000000006, 5.52, 9.4648, -3.17965, 5.52, -0.009387
14, 9.464999999999995, -3.1750000000000007, 5.52, 9.4648, -3.1754000000000002, 5.52005, -0.00935
14, 9.464999999999995, -3.170000000000001, 5.52, 9.4651, -3.1696000000000004, 5.5201, -0.00935
14, 9.464999999999995, -3.165000000000001, 5.52, 9.46515, -3.1651000000000002, 5.52005, -0.00934
15, 9.469999999999995, -3.165000000000001, 5.52, 9.4695, -3.1650500000000004, 5.5201, -0.009392
15, 9.474999999999996, -3.165000000000001, 5.52, 9.47475, -3.165, 5.5201, -0.009319
15, 9.479999999999997, -3.165000000000001, 5.52, 9.479700000000001, -3.16495, 5.5201, -0.009324
15, 9.484999999999998, -3.165000000000001, 5.52, 9.484800000000002, -3.16495, 5.52, -0.009392
15, 9.489999999999998, -3.165000000000001, 5.52, 9.490300000000001, -3.165, 5.52, -0.009355
15, 9.495, -3.165000000000001, 5.52, 9.4949, -3.16495, 5.52, -0.009334
15, 9.5, -3.165000000000001, 5.52, 9.49975, -3.1650500000000004, 5.52, -0.009397
15, 9.505, -3.165000000000001, 5.52, 9.5051, -3.1651000000000002, 5.52, -0.009324
15, 9.510000000000002, -3.165000000000001, 5.52, 9.5098, -3.1651000000000002, 5.519950000000001, -0.009293
15, 9.515000000000002, -3.165000000000001, 5.52, 9.514800000000001, -3.1651000000000002, 5.52, -0.00935
15, 9.520000000000003, -3.165000000000001, 5.52, 9.52035, -3.1651000000000002, 5.52, -0.009355
15, 9.525000000000004, -3.165000000000001, 5.52, 9.52495, -3.1650500000000004, 5.52, -0.009387
15, 9.530000000000005, -3.165000000000001, 5.52, 9.5297, -3.165, 5.52, -0.009319
15, 9.535000000000005, -3.165000000000001, 5.52, 9.53515, -3.165, 5.519950000000001, -0.009376
15, 9.540000000000006, -3.165000000000001, 5.52, 9.5403, -3.16495, 5.519900000000001, -0.009329
15, 9.540000000000006, -3.170000000000001, 5.52, 9.540550000000001, -3.1699, 5.519900000000001, -0.009366
15, 9.540000000000006, -3.1750000000000007, 5.52, 9.54025, -3.1747, 5.519900000000001, -0.009314
15, 9.540000000000006, -3.1800000000000006, 5.52, 9.539950000000001, -3.1804, 5.519900000000001, -0.009371
15, 9.540000000000006, -3.1850000000000005, 5.52, 9.539800000000001, -3.1846000000000005, 5.519900000000001, -0.009387
15, 9.540000000000006, -3.1900000000000004, 5.52, 9.54005, -3.1903500000000005, 5.519950000000001, -0.009397
15, 9.540000000000006, -3.1950000000000003, 5.52, 9.540149999999999, -3.1949, 5.52005, -0.00935
15, 9.540000000000006, -3.2, 5.52, 9.54, -3.2003000000000004, 5.52015, -0.00936
15, 9.540000000000006, -3.205, 5.52, 9.5399, -3.2045500000000002, 5.5201, -0.009319
15, 9.540000000000006, -3.21, 5.52, 9.54, -3.20955, 5.52005, -0.009324
15, 9.540000000000006, -3.215, 5.52, 9.539950000000001, -3.2153500000000004, 5.519900000000001, -0.00935
15, 9.540000000000006, -3.2199999999999998, 5.52, 9.5399, -3.2199, 5.519900000000001, -0.009387
15, 9.540000000000006, -3.2249999999999996, 5.52, 9.54, -3.2254, 5.519900000000001, -0.009381
15, 9.540000000000006, -3.2299999999999995, 5.52, 9.540149999999999, -3.2297000000000002, 5.519900000000001, -0.009381
15, 9.540000000000006, -3.2349999999999994, 5.52, 9.539950000000001, -3.2354000000000003, 5.519950000000001, -0.009329
15, 9.540000000000006, -3.2399999999999993, 5.52, 9.53985, -3.2397000000000005, 5.52005, -0.009376
16, 9.535000000000005, -3.2399999999999993, 5.52, 9.5351, -3.2398000000000002, 5.52015, -0.009334
16, 9.530000000000005, -3.2399999999999993, 5.52, 9.53035, -3.2398500000000006, 5.52015, -0.009381
16, 9.525000000000004, -3.2399999999999993, 5.52, 9.525, -3.2399, 5.52, -0.009392
16, 9.520000000000003, -3.2399999999999993, 5.52, 9.519950000000001, -3.2398500000000006, 5.519950000000001, -0.009334
16, 9.515000000000002, -3.2399999999999993, 5.52, 9.51505, -3.2399500000000003, 5.519950000000001, -0.009381
16, 9.510000000000002, -3.2399999999999993, 5.52, 9.50955, -3.24005, 5.519900000000001, -0.009314
16, 9.505, -3.2399999999999993, 5.52, 9.5046, -3.24005, 5.519950000000001, -0.009402
16, 9.5, -3.2399999999999993, 5.52, 9.5001, -3.24005, 5.519900000000001, -0.009329
16, 9.495, -3.2399999999999993, 5.52, 9.4954, -3.24, 5.519950000000001, -0.009397
16, 9.489999999999998, -3.2399999999999993, 5.52, 9.489700000000001, -3.2399, 5.52, -0.009329
16, 9.484999999999998, -3.2399999999999993, 5.52, 9.485100000000001, -3.2399, 5.52, -0.009402
16, 9.479999999999997, -3.2399999999999993, 5.52, 9.48025, -3.2399500000000003, 5.52005, -0.00934
16, 9.474999999999996, -3.2399999999999993, 5.52, 9.474950000000002, -3.24, 5.5201, -0.009371
16, 9.469999999999995, -3.2399999999999993, 5.52, 9.47035, -3.24005, 5.5201, -0.009381
16, 9.464999999999995, -3.2399999999999993, 5.52, 9.4655, -3.24005, 5.5201, -0.009345
16, 9.459999999999994, -3.2399999999999993, 5.52, 9.459950000000001, -3.24005, 5.5201, -0.00935
16, 9.459999999999994, -3.2349999999999994, 5.52, 9.45975, -3.23505, 5.5201, -0.009376
16, 9.459999999999994, -3.2299999999999995, 5.52, 9.46, -3.22965, 5.519950000000001, -0.009387
16, 9.459999999999994, -3.2249999999999996, 5.52, 9.46015, -3.2249, 5.519900000000001, -0.009381
16, 9.459999999999994, -3.2199999999999998, 5.52, 9.459950000000001, -3.2195, 5.519950000000001, -0.009329
16, 9.459999999999994, -3.215, 5.52, 9.4599, -3.21455, 5.519950000000001, -0.009397
16, 9.459999999999994, -3.21, 5.52, 9.459850000000001, -3.2096000000000005, 5.52, -0.009355
16, 9.459999999999994, -3.205, 5.52, 9.46, -3.2053000000000003, 5.52, -0.009376
16, 9.459999999999994, -3.2, 5.52, 9.46, -3.1999500000000003, 5.52005, -0.009366
16, 9.459999999999994, -3.1950000000000003, 5.52, 9.4601, -3.1953, 5.5201, -0.009381
16, 9.459999999999994, -3.1900000000000004, 5.52, 9.4601, -3.18965, 5.52005, -0.009334
16, 9.459999999999994, -3.1850000000000005, 5.52, 9.46005, -3.1855, 5.5201, -0.009407
16, 9.459999999999994, -3.1800000000000006, 5.52, 9.459850000000001, -3.1795, 5.519950000000001, -0.009376
16, 9.459999999999994, -3.1750000000000007, 5.52, 9.46, -3.1754000000000002, 5.519950000000001, -0.009381
16, 9.459999999999994, -3.170000000000001, 5.52, 9.46015, -3.1698500000000003, 5.519950000000001, -0.009314
16, 9.459999999999994, -3.165000000000001, 5.52, 9.46015, -3.16515, 5.519900000000001, -0.009387
16, 9.459999999999994, -3.160000000000001, 5.52, 9.46005, -3.16035, 5.519900000000001, -0.00934
17, 9.464999999999995, -3.160000000000001, 5.52, 9.465200000000001, -3.15965, 5.519950000000001, -0.009397
17, 9.469999999999995, -3.160000000000001, 5.52, 9.469550000000002, -3.1599, 5.52, -0.009376
17, 9.474999999999996, -3.160000000000001, 5.52, 9.475050000000001, -3.16035, 5.52, -0.009366
17, 9.479999999999997, -3.160000000000001, 5.52, 9.479700000000001, -3.16035, 5.52, -0.009334
17, 9.484999999999998, -3.160000000000001, 5.52, 9.484800000000002, -3.1599, 5.52, -0.00936
17, 9.489999999999998, -3.160000000000001, 5.52, 9.490200000000002, -3.1598, 5.52, -0.009355
17, 9.495, -3.160000000000001, 5.52, 9.494950000000001, -3.1598, 5.52, -0.009314
17, 9.5, -3.160000000000001, 5.52, 9.4998, -3.1598500000000005, 5.519950000000001, -0.009387
17, 9.505, -3.160000000000001, 5.52, 9.50525, -3.1601000000000004, 5.52005, -0.009324
17, 9.510000000000002, -3.160000000000001, 5.52, 9.5098, -3.1604, 5.5201, -0.009376
17, 9.515000000000002, -3.160000000000001, 5.52, 9.51475, -3.16025, 5.5201, -0.009334
17, 9.520000000000003, -3.160000000000001, 5.52, 9.5204, -3.1598500000000005, 5.5201, -0.009387
17, 9.525000000000004, -3.160000000000001, 5.52, 9.524899999999999, -3.15975, 5.5201, -0.009329
17, 9.530000000000005, -3.160000000000001, 5.52, 9.5297, -3.1598, 5.5201, -0.009387
17, 9.535000000000005, -3.160000000000001, 5.52, 9.534550000000001, -3.1599, 5.5201, -0.00935
17, 9.540000000000006, -3.160000000000001, 5.52, 9.5403, -3.1603000000000003, 5.52005, -0.00935
17, 9.545000000000007, -3.160000000000001, 5.52, 9.54485, -3.1604, 5.519950000000001, -0.009381
17, 9.545000000000007, -3.165000000000001, 5.52, 9.545, -3.1647000000000003, 5.519900000000001, -0.009334
17, 9.545000000000007, -3.170000000000001, 5.52, 9.5451, -3.1703, 5.51985, -0.009387
17, 9.545000000000007, -3.1750000000000007, 5.52, 9.545200000000001, -3.1748000000000003, 5.51985, -0.009387
17, 9.545000000000007, -3.1800000000000006, 5.52, 9.54515, -3.1805, 5.52, -0.009329
17, 9.545000000000007, -3.1850000000000005, 5.52, 9.5451, -3.185, 5.5201, -0.009407
17, 9.545000000000007, -3.1900000000000004, 5.52, 9.5451, -3.18955, 5.52025, -0.009308
17, 9.545000000000007, -3.1950000000000003, 5.52, 9.5451, -3.1951000000000005, 5.52025, -0.009418
17, 9.545000000000007, -3.2, 5.52, 9.545, -3.2004, 5.52, -0.00934
17, 9.545000000000007, -3.205, 5.52, 9.5446, -3.20465, 5.52, -0.009345
17, 9.545000000000007, -3.21, 5.52, 9.545, -3.2104, 5.519900000000001, -0.00935
17, 9.545000000000007, -3.215, 5.52, 9.54485, -3.2146000000000003, 5.5201, -0.009381
17, 9.545000000000007, -3.2199999999999998, 5.52, 9.5449, -3.22005, 5.5201, -0.009334
17, 9.545000000000007, -3.2249999999999996, 5.52, 9.5451, -3.22525, 5.519950000000001, -0.009355
17, 9.545000000000007, -3.2299999999999995, 5.52, 9.545050000000002, -3.2300500000000003, 5.519900000000001, -0.00936
17, 9.545000000000007, -3.2349999999999994, 5.52, 9.545, -3.2355500000000004, 5.519900000000001, -0.009324
17, 9.545000000000007, -3.2399999999999993, 5.52, 9.545, -3.2403500000000003, 5.52005, -0.009413
17, 9.545000000000007, -3.244999999999999, 5.52, 9.54515, -3.2455, 5.5201, -0.009355
18, 9.540000000000006, -3.244999999999999, 5.52, 9.53985, -3.2446, 5.52015, -0.009381
18, 9.535000000000005, -3.244999999999999, 5.52, 9.535200000000001, -3.24465, 5.5201, -0.009355
18, 9.530000000000005, -3.244999999999999, 5.52, 9.5304, -3.24475, 5.5201, -0.009345
18, 9.525000000000004, -3.244999999999999, 5.52, 9.5248, -3.2454500000000004, 5.52, -0.009397
18, 9.520000000000003, -3.244999999999999, 5.52, 9.520100000000001, -3.24465, 5.52, -0.009381
18, 9.515000000000002, -3.244999999999999, 5.52, 9.51515, -3.2446, 5.519950000000001, -0.009345
18, 9.510000000000002, -3.244999999999999, 5.52, 9.51025, -3.24465, 5.519900000000001, -0.009381
18, 9.505, -3.244999999999999, 5.52, 9.505300000000002, -3.2447000000000004, 5.519900000000001, -0.00934
18, 9.5, -3.244999999999999, 5.52, 9.5, -3.2448, 5.519900000000001, -0.009407
18, 9.495, -3.244999999999999, 5.52, 9.49545, -3.24535, 5.519900000000001, -0.009329
18, 9.489999999999998, -3.244999999999999, 5.52, 9.489600000000001, -3.2455, 5.52, -0.009387
18, 9.484999999999998, -3.244999999999999, 5.52, 9.485, -3.24465, 5.52, -0.009319
18, 9.479999999999997, -3.244999999999999, 5.52, 9.48025, -3.2447000000000004, 5.52, -0.009387
18, 9.474999999999996, -3.244999999999999, 5.52, 9.475, -3.2448, 5.52, -0.009355
18, 9.469999999999995, -3.244999999999999, 5.52, 9.47025, -3.2453000000000003, 5.52, -0.00936
18, 9.464999999999995, -3.244999999999999, 5.52, 9.4646, -3.2448, 5.52, -0.009345
18, 9.459999999999994, -3.244999999999999, 5.52, 9.46025, -3.24475, 5.52, -0.009345
18, 9.454999999999993, -3.244999999999999, 5.52, 9.455350000000001, -3.2448500000000005, 5.52005, -0.009387
18, 9.454999999999993, -3.2399999999999993, 5.52, 9.45475, -3.2398500000000006, 5.5201, -0.00936
18, 9.454999999999993, -3.2349999999999994, 5.52, 9.4549, -3.23505, 5.5201, -0.009345
18, 9.454999999999993, -3.2299999999999995, 5.52, 9.455, -3.22955, 5.5201, -0.009345
18, 9.454999999999993, -3.2249999999999996, 5.52, 9.455050000000002, -3.22515, 5.5201, -0.009314
18, 9.454999999999993, -3.2199999999999998, 5.52, 9.455050000000002, -3.2197000000000005, 5.519950000000001, -0.009381
18, 9.454999999999993, -3.215, 5.52, 9.455050000000002, -3.2153, 5.519900000000001, -0.009334
18, 9.454999999999993, -3.21, 5.52, 9.4549, -3.20965, 5.519900000000001, -0.009355
18, 9.454999999999993, -3.205, 5.52, 9.4549, -3.2055, 5.519900000000001, -0.009334
18, 9.454999999999993, -3.2, 5.52, 9.4549, -3.1999, 5.519950000000001, -0.009397
18, 9.454999999999993, -3.1950000000000003, 5.52, 9.4548, -3.19525, 5.52, -0.009329
18, 9.454999999999993, -3.1900000000000004, 5.52, 9.4549, -3.1898500000000003, 5.52, -0.009392
18, 9.454999999999993, -3.1850000000000005, 5.52, 9.455050000000002, -3.1853000000000002, 5.52, -0.00935
18, 9.454999999999993, -3.1800000000000006, 5.52, 9.455050000000002, -3.1798500000000005, 5.52, -0.009407
18, 9.454999999999993, -3.1750000000000007, 5.52, 9.4551, -3.17545, 5.52, -0.009376
18, 9.454999999999993, -3.170000000000001, 5.52, 9.455050000000002, -3.1699, 5.52, -0.009366
18, 9.454999999999993, -3.165000000000001, 5.52, 9.455050000000002, -3.1652000000000005, 5.52, -0.009397
18, 9.454999999999993, -3.160000000000001, 5.52, 9.45495, -3.1601000000000004, 5.52, -0.009334
18, 9.454999999999993, -3.155000000000001, 5.52, 9.4549, -3.1549500000000004, 5.52, -0.00936
19, 9.459999999999994, -3.155000000000001, 5.52, 9.4599, -3.1549, 5.52, -0.00934
19, 9.464999999999995, -3.155000000000001, 5.52, 9.46485, -3.1549, 5.52, -0.009319
19, 9.469999999999995, -3.155000000000001, 5.52, 9.4696, -3.1549, 5.519950000000001, -0.009397
19, 9.474999999999996, -3.155000000000001, 5.52, 9.475100000000001, -3.1549500000000004, 5.52005, -0.009334
19, 9.479999999999997, -3.155000000000001, 5.52, 9.479899999999999, -3.1549500000000004, 5.5201, -0.009392
19, 9.484999999999998, -3.155000000000001, 5.52, 9.4847, -3.1549500000000004, 5.5201, -0.009324
19, 9.489999999999998, -3.155000000000001, 5.52, 9.490200000000002, -3.1549500000000004, 5.5201, -0.009402
19, 9.495, -3.155000000000001, 5.52, 9.495, -3.1549500000000004, 5.5201, -0.009334
19, 9.5, -3.155000000000001, 5.52, 9.4997, -3.155, 5.5201, -0.009402
19, 9.505, -3.155000000000001, 5.52, 9.505, -3.15515, 5.5201, -0.00936
19, 9.510000000000002, -3.155000000000001, 5.52, 9.50975, -3.15515, 5.519950000000001, -0.00934
19, 9.515000000000002, -3.155000000000001, 5.52, 9.514700000000001, -3.15515, 5.51985, -0.009329
19, 9.520000000000003, -3.155000000000001, 5.52, 9.52035, -3.15515, 5.51985, -0.009392
19, 9.525000000000004, -3.155000000000001, 5.52, 9.52505, -3.1551000000000005, 5.51985, -0.00934
19, 9.530000000000005, -3.155000000000001, 5.52, 9.52965, -3.1551000000000005, 5.519900000000001, -0.009381
19, 9.535000000000005, -3.155000000000001, 5.52, 9.535300000000001, -3.15505, 5.52, -0.009345
19, 9.540000000000006, -3.155000000000001, 5.52, 9.5399, -3.1549500000000004, 5.52, -0.00936
19, 9.545000000000007, -3.155000000000001, 5.52, 9.544649999999999, -3.1549500000000004, 5.52, -0.009376
19, 9.550000000000008, -3.155000000000001, 5.52, 9.549850000000001, -3.1549500000000004, 5.52, -0.009329
19, 9.550000000000008, -3.160000000000001, 5.52, 9.55025, -3.15975, 5.52, -0.009381
19, 9.550000000000008, -3.165000000000001, 5.52, 9.550450000000001, -3.1655, 5.52, -0.00936
19, 9.550000000000008, -3.170000000000001, 5.52, 9.5499, -3.1697, 5.52, -0.009355
19, 9.550000000000008, -3.1750000000000007, 5.52, 9.549850000000001, -3.1749, 5.52, -0.009387
19, 9.550000000000008, -3.1800000000000006, 5.52, 9.5501, -3.1804, 5.5201, -0.009381
19, 9.550000000000008, -3.1850000000000005, 5.52, 9.55005, -3.18495, 5.5201, -0.009329
19, 9.550000000000008, -3.1900000000000004, 5.52, 9.54995, -3.1895, 5.5201, -0.009387
19, 9.550000000000008, -3.1950000000000003, 5.52, 9.5499, -3.195, 5.5201, -0.009324
19, 9.550000000000008, -3.2, 5.52, 9.54995, -3.1995500000000003, 5.52005, -0.009407
19, 9.550000000000008, -3.205, 5.52, 9.55, -3.20465, 5.519950000000001, -0.009334
19, 9.550000000000008, -3.21, 5.52, 9.55015, -3.2104500000000002, 5.51985, -0.009402
19, 9.550000000000008, -3.215, 5.52, 9.55005, -3.2144500000000003, 5.519900000000001, -0.009376
19, 9.550000000000008, -3.2199999999999998, 5.52, 9.54995, -3.2202, 5.519900000000001, -0.009381
19, 9.550000000000008, -3.2249999999999996, 5.52, 9.54995, -3.22465, 5.519900000000001, -0.009345
19, 9.550000000000008, -3.2299999999999995, 5.52, 9.54995, -3.2297000000000002, 5.519950000000001, -0.009329
19, 9.550000000000008, -3.2349999999999994, 5.52, 9.54995, -3.23455, 5.52005, -0.00935
19, 9.550000000000008, -3.2399999999999993, 5.52, 9.5501, -3.2398500000000006, 5.5201, -0.009381
19, 9.550000000000008, -3.244999999999999, 5.52, 9.55015, -3.2445500000000003, 5.5201, -0.00936
19, 9.550000000000008, -3.249999999999999, 5.52, 9.55015, -3.2497000000000003, 5.52015, -0.009324
20, 9.545000000000007, -3.249999999999999, 5.52, 9.545399999999999, -3.25025, 5.52015, -0.009376
20, 9.540000000000006, -3.249999999999999, 5.52, 9.53985, -3.2503, 5.5201, -0.009371
20, 9.535000000000005, -3.249999999999999, 5.52, 9.53515, -3.25015, 5.52, -0.009387
20, 9.530000000000005, -3.249999999999999, 5.52, 9.5304, -3.25, 5.519950000000001, -0.009329
20, 9.525000000000004, -3.249999999999999, 5.52, 9.524700000000001, -3.2501, 5.519900000000001, -0.009319
20, 9.520000000000003, -3.249999999999999, 5.52, 9.52, -3.25015, 5.519900000000001, -0.009345
20, 9.515000000000002, -3.249999999999999, 5.52, 9.5151, -3.25015, 5.519900000000001, -0.009345
20, 9.510000000000002, -3.249999999999999, 5.52, 9.510200000000001, -3.2498, 5.519950000000001, -0.00935
20, 9.505, -3.249999999999999, 5.52, 9.504550000000002, -3.2500500000000003, 5.520200000000001, -0.009376
20, 9.5, -3.249999999999999, 5.52, 9.500050000000002, -3.25015, 5.520200000000001, -0.009334
20, 9.495, -3.249999999999999, 5.52, 9.49535, -3.25015, 5.520200000000001, -0.009381
20, 9.489999999999998, -3.249999999999999, 5.52, 9.489700000000001, -3.2500500000000003, 5.52015, -0.00934
20, 9.484999999999998, -3.249999999999999, 5.52, 9.485050000000001, -3.24995, 5.52005, -0.009392
20, 9.479999999999997, -3.249999999999999, 5.52, 9.480300000000002, -3.2499000000000002, 5.519950000000001, -0.009345
20, 9.474999999999996, -3.249999999999999, 5.52, 9.475, -3.2499000000000002, 5.519900000000001, -0.009366
20, 9.469999999999995, -3.249999999999999, 5.52, 9.47025, -3.2498500000000003, 5.519900000000001, -0.009392
20, 9.464999999999995, -3.249999999999999, 5.52, 9.464649999999999, -3.2500500000000003, 5.519900000000001, -0.009392
20, 9.459999999999994, -3.249999999999999, 5.52, 9.4602, -3.25015, 5.519900000000001, -0.009381
20, 9.454999999999993, -3.249999999999999, 5.52, 9.455350000000001, -3.25015, 5.519900000000001, -0.009381
20, 9.449999999999992, -3.249999999999999, 5.52, 9.4499, -3.2501, 5.519900000000001, -0.009324
20, 9.449999999999992, -3.244999999999999, 5.52, 9.449800000000002, -3.2446, 5.519950000000001, -0.009387
20, 9.449999999999992, -3.2399999999999993, 5.52, 9.449800000000002, -3.2401000000000004, 5.52, -0.009319
20, 9.449999999999992, -3.2349999999999994, 5.52, 9.449800000000002, -3.23525, 5.52005, -0.009319
20, 9.449999999999992, -3.2299999999999995, 5.52, 9.4501, -3.2296000000000005, 5.5201, -0.009329
20, 9.449999999999992, -3.2249999999999996, 5.52, 9.4502, -3.22525, 5.5201, -0.009381
20, 9.449999999999992, -3.2199999999999998, 5.52, 9.4501, -3.2196000000000002, 5.5201, -0.009324
20, 9.449999999999992, -3.215, 5.52, 9.4497, -3.2154000000000003, 5.52005, -0.009376
20, 9.449999999999992, -3.21, 5.52, 9.44975, -3.2100500000000003, 5.519950000000001, -0.009334
20, 9.449999999999992, -3.205, 5.52, 9.45, -3.2045, 5.519900000000001, -0.009314
20, 9.449999999999992, -3.2, 5.52, 9.44975, -3.20005, 5.519950000000001, -0.009407
20, 9.449999999999992, -3.1950000000000003, 5.52, 9.450050000000001, -3.1953, 5.519950000000001, -0.009334
20, 9.449999999999992, -3.1900000000000004, 5.52, 9.45025, -3.1899, 5.52, -0.009381
20, 9.449999999999992, -3.1850000000000005, 5.52, 9.4502, -3.1855, 5.52005, -0.009308
20, 9.449999999999992, -3.1800000000000006, 5.52, 9.449800000000002, -3.1799, 5.5201, -0.009319
20, 9.449999999999992, -3.1750000000000007, 5.52, 9.4502, -3.1755500000000003, 5.52005, -0.009387
20, 9.449999999999992, -3.170000000000001, 5.52, 9.45025, -3.1698500000000003, 5.52, -0.009381
20, 9.449999999999992, -3.165000000000001, 5.52, 9.450149999999999, -3.1652000000000005, 5.52, -0.009376
20, 9.449999999999992, -3.160000000000001, 5.52, 9.45, -3.15975, 5.52, -0.009329
20, 9.449999999999992, -3.155000000000001, 5.52, 9.4497, -3.155, 5.52, -0.00934
20, 9.449999999999992, -3.1500000000000012, 5.52, 9.45, -3.15045, 5.52, -0.009407
21, 9.454999999999993, -3.1500000000000012, 5.52, 9.45495, -3.15045, 5.52, -0.009314
21, 9.459999999999994, -3.1500000000000012, 5.52, 9.459800000000001, -3.1504000000000003, 5.52, -0.009387
21, 9.464999999999995, -3.1500000000000012, 5.52, 9.4648, -3.1497, 5.52, -0.00936
21, 9.469999999999995, -3.1500000000000012, 5.52, 9.4702, -3.1502000000000003, 5.52, -0.00936
21, 9.474999999999996, -3.1500000000000012, 5.52, 9.475050000000001, -3.1503500000000004, 5.52, -0.009308
21, 9.479999999999997, -3.1500000000000012, 5.52, 9.479800000000001, -3.15015, 5.52, -0.009381
21, 9.484999999999998, -3.1500000000000012, 5.52, 9.48475, -3.1497, 5.519950000000001, -0.009334
21, 9.489999999999998, -3.1500000000000012, 5.52, 9.4901, -3.14955, 5.519900000000001, -0.009381
21, 9.495, -3.1500000000000012, 5.52, 9.4949, -3.15025, 5.519900000000001, -0.009345
21, 9.5, -3.1500000000000012, 5.52, 9.4998, -3.15045, 5.519900000000001, -0.009345
21, 9.505, -3.1500000000000012, 5.52, 9.50515, -3.14975, 5.519900000000001, -0.009324
21, 9.510000000000002, -3.1500000000000012, 5.52, 9.5098, -3.1496000000000004, 5.519900000000001, -0.009324
21, 9.515000000000002, -3.1500000000000012, 5.52, 9.514700000000001, -3.15, 5.519900000000001, -0.009345
21, 9.520000000000003, -3.1500000000000012, 5.52, 9.51955, -3.1503, 5.519950000000001, -0.009376
21, 9.525000000000004, -3.1500000000000012, 5.52, 9.52505, -3.1503500000000004, 5.52, -0.009324
21, 9.530000000000005, -3.1500000000000012, 5.52, 9.52965, -3.14975, 5.52, -0.009402
21, 9.535000000000005, -3.1500000000000012, 5.52, 9.535350000000001, -3.1496500000000003, 5.52, -0.009324
21, 9.540000000000006, -3.1500000000000012, 5.52, 9.5399, -3.15, 5.52, -0.009392
21, 9.545000000000007, -3.1500000000000012, 5.52, 9.5447, -3.1503, 5.52005, -0.009319
21, 9.550000000000008, -3.1500000000000012, 5.52, 9.55005, -3.1503500000000004, 5.5201, -0.009392
21, 9.555000000000009, -3.1500000000000012, 5.52, 9.555050000000001, -3.1500500000000002, 5.5201, -0.009392
21, 9.555000000000009, -3.155000000000001, 5.52, 9.555200000000001, -3.1552000000000002, 5.5201, -0.009397
21, 9.555000000000009, -3.160000000000001, 5.52, 9.5553, -3.16005, 5.5201, -0.009329
21, 9.555000000000009, -3.165000000000001, 5.52, 9.55525, -3.1654500000000003, 5.5201, -0.009387
21, 9.555000000000009, -3.170000000000001, 5.52, 9.55485, -3.1702000000000004, 5.52, -0.009324
21, 9.555000000000009, -3.1750000000000007, 5.52, 9.555200000000001, -3.17475, 5.52, -0.009381
21, 9.555000000000009, -3.1800000000000006, 5.52, 9.5553, -3.1804, 5.52, -0.009319
21, 9.555000000000009, -3.1850000000000005, 5.52, 9.55515, -3.1846000000000005, 5.52005, -0.009381
21, 9.555000000000009, -3.1900000000000004, 5.52, 9.554800000000002, -3.18955, 5.519900000000001, -0.009334
21, 9.555000000000009, -3.1950000000000003, 5.52, 9.555050000000001, -3.19515, 5.51985, -0.009392
21, 9.555000000000009, -3.2, 5.52, 9.55525, -3.1995, 5.51985, -0.00935
21, 9.555000000000009, -3.205, 5.52, 9.55525, -3.2048, 5.51985, -0.009345
21, 9.555000000000009, -3.21, 5.52, 9.555200000000001, -3.2104500000000002, 5.52, -0.009392
21, 9.555000000000009, -3.215, 5.52, 9.5553, -3.2145, 5.52, -0.009324
21, 9.555000000000009, -3.2199999999999998, 5.52, 9.555050000000001, -3.2204500000000005, 5.52, -0.009392
21, 9.555000000000009, -3.2249999999999996, 5.52, 9.555200000000001, -3.2247000000000003, 5.52, -0.009329
21, 9.555000000000009, -3.2299999999999995, 5.52, 9.555, -3.2302000000000004, 5.52, -0.009397
21, 9.555000000000009, -3.2349999999999994, 5.52, 9.55475, -3.23455, 5.52, -0.009329
21, 9.555000000000009, -3.2399999999999993, 5.52, 9.5551, -3.24045, 5.52, -0.009402
21, 9.555000000000009, -3.244999999999999, 5.52, 9.555200000000001, -3.2447000000000004, 5.52, -0.009345
21, 9.555000000000009, -3.249999999999999, 5.52, 9.555, -3.2504500000000003, 5.52, -0.009381
21, 9.555000000000009, -3.254999999999999, 5.52, 9.55485, -3.2546500000000003, 5.52015, -0.009329
22, 9.550000000000008, -3.254999999999999, 5.52, 9.5502, -3.2548000000000004, 5.52015, -0.009366
22, 9.545000000000007, -3.254999999999999, 5.52, 9.54545, -3.2549500000000005, 5.5201, -0.009355
22, 9.540000000000006, -3.254999999999999, 5.52, 9.53985, -3.25505, 5.5201, -0.009334
22, 9.535000000000005, -3.254999999999999, 5.52, 9.5351, -3.25515, 5.5201, -0.009303
22, 9.530000000000005, -3.254999999999999, 5.52, 9.53045, -3.25515, 5.52, -0.00934
22, 9.525000000000004, -3.254999999999999, 5.52, 9.52475, -3.2551000000000005, 5.52005, -0.009387
22, 9.520000000000003, -3.254999999999999, 5.52, 9.520100000000001, -3.2551000000000005, 5.519950000000001, -0.009324
22, 9.515000000000002, -3.254999999999999, 5.52, 9.5152, -3.25505, 5.519900000000001, -0.009366
22, 9.510000000000002, -3.254999999999999, 5.52, 9.5103, -3.2548000000000004, 5.519900000000001, -0.009376
22, 9.505, -3.254999999999999, 5.52, 9.5045, -3.2549, 5.519900000000001, -0.009314
22, 9.5, -3.254999999999999, 5.52, 9.50015, -3.2549, 5.519950000000001, -0.009381
22, 9.495, -3.254999999999999, 5.52, 9.4954, -3.2549500000000005, 5.52005, -0.009329
22, 9.489999999999998, -3.254999999999999, 5.52, 9.489700000000001, -3.255, 5.5201, -0.009366
22, 9.484999999999998, -3.254999999999999, 5.52, 9.485149999999999, -3.2551000000000005, 5.5201, -0.009371
22, 9.479999999999997, -3.254999999999999, 5.52, 9.4802, -3.25505, 5.5201, -0.009319
22, 9.474999999999996, -3.254999999999999, 5.52, 9.475, -3.25505, 5.5201, -0.009366
22, 9.469999999999995, -3.254999999999999, 5.52, 9.470300000000002, -3.2551000000000005, 5.5201, -0.009345
22, 9.464999999999995, -3.254999999999999, 5.52, 9.4646, -3.25505, 5.52005, -0.009387
22, 9.459999999999994, -3.254999999999999, 5.52, 9.46025, -3.255, 5.52, -0.009319
22, 9.454999999999993, -3.254999999999999, 5.52, 9.45545, -3.2549500000000005, 5.519950000000001, -0.009329
22, 9.449999999999992, -3.254999999999999, 5.52, 9.45, -3.2549, 5.519950000000001, -0.009387
22, 9.444999999999991, -3.254999999999999, 5.52, 9.44525, -3.2549500000000005, 5.519950000000001, -0.009324
22, 9.444999999999991, -3.249999999999999, 5.52, 9.445, -3.2503500000000005, 5.519900000000001, -0.009376
22, 9.444999999999991, -3.244999999999999, 5.52, 9.4448, -3.2445500000000003, 5.519950000000001, -0.009329
22, 9.444999999999991, -3.2399999999999993, 5.52, 9.44475, -3.2399, 5.519950000000001, -0.009381
22, 9.444999999999991, -3.2349999999999994, 5.52, 9.4448, -3.2352000000000003, 5.519950000000001, -0.009329
22, 9.444999999999991, -3.2299999999999995, 5.52, 9.44495, -3.2304500000000003, 5.52, -0.009376
22, 9.444999999999991, -3.2249999999999996, 5.52, 9.445, -3.2251000000000003, 5.52, -0.009319
22, 9.444999999999991, -3.2199999999999998, 5.52, 9.445050000000002, -3.2196000000000002, 5.52, -0.009324
22, 9.444999999999991, -3.215, 5.52, 9.445050000000002, -3.2154000000000003, 5.52, -0.009381
22, 9.444999999999991, -3.21, 5.52, 9.4451, -3.2100500000000003, 5.52, -0.00936
22, 9.444999999999991, -3.205, 5.52, 9.4449, -3.205, 5.5201, -0.009303
22, 9.444999999999991, -3.2, 5.52, 9.4449, -3.2004, 5.5201, -0.009376
22, 9.444999999999991, -3.1950000000000003, 5.52, 9.4449, -3.19545, 5.52005, -0.009334
22, 9.444999999999991, -3.1900000000000004, 5.52, 9.4449, -3.1899, 5.5201, -0.009402
22, 9.444999999999991, -3.1850000000000005, 5.52, 9.445, -3.1853500000000006, 5.52, -0.009314
22, 9.444999999999991, -3.1800000000000006, 5.52, 9.445050000000002, -3.1798500000000005, 5.52, -0.009381
22, 9.444999999999991, -3.1750000000000007, 5.52, 9.445050000000002, -3.1755, 5.52, -0.009319
22, 9.444999999999991, -3.170000000000001, 5.52, 9.445, -3.1697, 5.52, -0.009397
22, 9.444999999999991, -3.165000000000001, 5.52, 9.44495, -3.16515, 5.52, -0.009319
22, 9.444999999999991, -3.160000000000001, 5.52, 9.4449, -3.1597000000000004, 5.52, -0.009345
22, 9.444999999999991, -3.155000000000001, 5.52, 9.4449, -3.155, 5.52, -0.009329
22, 9.444999999999991, -3.1500000000000012, 5.52, 9.4449, -3.1505, 5.519950000000001, -0.00935
22, 9.444999999999991, -3.1450000000000014, 5.52, 9.44495, -3.1449000000000003, 5.519900000000001, -0.00936
23, 9.449999999999992, -3.1450000000000014, 5.52, 9.4499, -3.1448, 5.519900000000001, -0.009407
23, 9.454999999999993, -3.1450000000000014, 5.52, 9.4547, -3.1448, 5.519950000000001, -0.009329
23, 9.459999999999994, -3.1450000000000014, 5.52, 9.459700000000002, -3.1448500000000004, 5.519950000000001, -0.009376
23, 9.464999999999995, -3.1450000000000014, 5.52, 9.46485, -3.14495, 5.519900000000001, -0.009308
23, 9.469999999999995, -3.1450000000000014, 5.52, 9.469700000000001, -3.1450500000000003, 5.519900000000001, -0.009387
23, 9.474999999999996, -3.1450000000000014, 5.52, 9.475050000000001, -3.1451000000000002, 5.519950000000001, -0.009334
23, 9.479999999999997, -3.1450000000000014, 5.52, 9.47985, -3.1451000000000002, 5.52, -0.009392
23, 9.484999999999998, -3.1450000000000014, 5.52, 9.484800000000002, -3.1450500000000003, 5.52, -0.009334
23, 9.489999999999998, -3.1450000000000014, 5.52, 9.49015, -3.1451000000000002, 5.52005, -0.009381
23, 9.495, -3.1450000000000014, 5.52, 9.49485, -3.1450500000000003, 5.52015, -0.009314
23, 9.5, -3.1450000000000014, 5.52, 9.4999, -3.145, 5.52015, -0.009371
23, 9.505, -3.1450000000000014, 5.52, 9.504800000000001, -3.1449000000000003, 5.520200000000001, -0.009329
23, 9.510000000000002, -3.1450000000000014, 5.52, 9.5097, -3.1449000000000003, 5.52015, -0.009371
23, 9.515000000000002, -3.1450000000000014, 5.52, 9.514800000000001, -3.1449000000000003, 5.52, -0.009329
23, 9.520000000000003, -3.1450000000000014, 5.52, 9.52045, -3.14495, 5.52, -0.009387
23, 9.525000000000004, -3.1450000000000014, 5.52, 9.52505, -3.145, 5.519900000000001, -0.009324
23, 9.530000000000005, -3.1450000000000014, 5.52, 9.5296, -3.145, 5.51985, -0.009319
23, 9.535000000000005, -3.1450000000000014, 5.52, 9.5356, -3.1451000000000002, 5.519900000000001, -0.009324
23, 9.540000000000006, -3.1450000000000014, 5.52, 9.539950000000001, -3.1451000000000002, 5.52, -0.009392
23, 9.545000000000007, -3.1450000000000014, 5.52, 9.54475, -3.1450500000000003, 5.52, -0.009319
23, 9.550000000000008, -3.1450000000000014, 5.52, 9.5504, -3.1450500000000003, 5.52, -0.009402
23, 9.555000000000009, -3.1450000000000014, 5.52, 9.554950000000002, -3.14495, 5.52, -0.009334
23, 9.56000000000001, -3.1450000000000014, 5.52, 9.55965, -3.1449000000000003, 5.52, -0.009355
23, 9.56000000000001, -3.1500000000000012, 5.52, 9.5602, -3.1503500000000004, 5.5201, -0.009334
23, 9.56000000000001, -3.155000000000001, 5.52, 9.5602, -3.15515, 5.5201, -0.009392
23, 9.56000000000001, -3.160000000000001, 5.52, 9.5601, -3.16005, 5.5201, -0.009314
23, 9.56000000000001, -3.165000000000001, 5.52, 9.56, -3.1654, 5.5201, -0.009371
23, 9.56000000000001, -3.170000000000001, 5.52, 9.56, -3.1697, 5.5201, -0.009334
23, 9.56000000000001, -3.1750000000000007, 5.52, 9.56, -3.1748000000000003, 5.52005, -0.009334
23, 9.56000000000001, -3.1800000000000006, 5.52, 9.56015, -3.1805, 5.51985, -0.009319
23, 9.56000000000001, -3.1850000000000005, 5.52, 9.56005, -3.1846000000000005, 5.519950000000001, -0.009329
23, 9.56000000000001, -3.1900000000000004, 5.52, 9.56005, -3.1903, 5.52005, -0.009387
23, 9.56000000000001, -3.1950000000000003, 5.52, 9.56, -3.1947, 5.5201, -0.009334
23, 9.56000000000001, -3.2, 5.52, 9.56, -3.2001000000000004, 5.5201, -0.009381
23, 9.56000000000001, -3.205, 5.52, 9.55995, -3.20465, 5.5201, -0.009381
23, 9.56000000000001, -3.21, 5.52, 9.55995, -3.2098500000000003, 5.52015, -0.009376
23, 9.56000000000001, -3.215, 5.52, 9.56, -3.21455, 5.5201, -0.009371
23, 9.56000000000001, -3.2199999999999998, 5.52, 9.56005, -3.22025, 5.51985, -0.00936
23, 9.56000000000001, -3.2249999999999996, 5.52, 9.56005, -3.22495, 5.519950000000001, -0.009381
23, 9.56000000000001, -3.2299999999999995, 5.52, 9.559700000000001, -3.2304500000000003, 5.52015, -0.009397
23, 9.56000000000001, -3.2349999999999994, 5.52, 9.56, -3.2349, 5.5201, -0.009345
23, 9.56000000000001, -3.2399999999999993, 5.52, 9.56015, -3.2401500000000003, 5.519950000000001, -0.009345
23, 9.56000000000001, -3.244999999999999, 5.52, 9.5601, -3.24465, 5.519900000000001, -0.009334
23, 9.56000000000001, -3.249999999999999, 5.52, 9.55995, -3.2497000000000003, 5.519900000000001, -0.00934
23, 9.56000000000001, -3.254999999999999, 5.52, 9.56005, -3.2549, 5.519950000000001, -0.009381
23, 9.56000000000001, -3.259999999999999, 5.52, 9.5601, -3.2595500000000004, 5.52, -0.00934
24, 9.555000000000009, -3.259999999999999, 5.52, 9.55475, -3.25965, 5.52015, -0.00935
24, 9.550000000000008, -3.259999999999999, 5.52, 9.55, -3.2603, 5.519900000000001, -0.00935
24, 9.545000000000007, -3.259999999999999, 5.52, 9.5445, -3.2603500000000003, 5.51985, -0.00934
24, 9.540000000000006, -3.259999999999999, 5.52, 9.5401, -3.26, 5.51985, -0.009402
24, 9.535000000000005, -3.259999999999999, 5.52, 9.535200000000001, -3.2598000000000003, 5.519900000000001, -0.00934
24, 9.530000000000005, -3.259999999999999, 5.52, 9.53035, -3.2597000000000005, 5.519900000000001, -0.009329
24, 9.525000000000004, -3.259999999999999, 5.52, 9.524700000000001, -3.2597000000000005, 5.519950000000001, -0.00936
24, 9.520000000000003, -3.259999999999999, 5.52, 9.5202, -3.2601000000000004, 5.52, -0.009329
24, 9.515000000000002, -3.259999999999999, 5.52, 9.51495, -3.2603, 5.52, -0.009376
24, 9.510000000000002, -3.259999999999999, 5.52, 9.5101, -3.2597000000000005, 5.52005, -0.009329
24, 9.505, -3.259999999999999, 5.52, 9.504550000000002, -3.26025, 5.5201, -0.00934
24, 9.5, -3.259999999999999, 5.52, 9.500300000000001, -3.26025, 5.5201, -0.009381
24, 9.495, -3.259999999999999, 5.52, 9.49545, -3.2599, 5.5201, -0.009324
24, 9.489999999999998, -3.259999999999999, 5.52, 9.48975, -3.2597000000000005, 5.52005, -0.009392
24, 9.484999999999998, -3.259999999999999, 5.52, 9.485050000000001, -3.25975, 5.52005, -0.009334
24, 9.479999999999997, -3.259999999999999, 5.52, 9.480300000000002, -3.2601000000000004, 5.519950000000001, -0.009387
24, 9.474999999999996, -3.259999999999999, 5.52, 9.475, -3.26025, 5.519900000000001, -0.009345
24, 9.469999999999995, -3.259999999999999, 5.52, 9.470300000000002, -3.26025, 5.519900000000001, -0.009355
24, 9.464999999999995, -3.259999999999999, 5.52, 9.46545, -3.2601000000000004, 5.519900000000001, -0.009329
24, 9.459999999999994, -3.259999999999999, 5.52, 9.459950000000001, -3.2598500000000006, 5.519950000000001, -0.009324
24, 9.454999999999993, -3.259999999999999, 5.52, 9.455350000000001, -3.25975, 5.519950000000001, -0.009387
24, 9.449999999999992, -3.259999999999999, 5.52, 9.449950000000001, -3.2598500000000006, 5.519950000000001, -0.009329
24, 9.444999999999991, -3.259999999999999, 5.52, 9.445200000000002, -3.26005, 5.52, -0.009371
24, 9.43999999999999, -3.259999999999999, 5.52, 9.4404, -3.2602, 5.52, -0.009329
24, 9.43999999999999, -3.254999999999999, 5.52, 9.43965, -3.25515, 5.519950000000001, -0.009371
24, 9.43999999999999, -3.249999999999999, 5.52, 9.43955, -3.2500500000000003, 5.52, -0.009324
24, 9.43999999999999, -3.244999999999999, 5.52, 9.4402, -3.2445500000000003, 5.52005, -0.009355
24, 9.43999999999999, -3.2399999999999993, 5.52, 9.44, -3.2396000000000003, 5.5201, -0.009329
24, 9.43999999999999, -3.2349999999999994, 5.52, 9.4397, -3.235, 5.5201, -0.00935
24, 9.43999999999999, -3.2299999999999995, 5.52, 9.44015, -3.23, 5.5201, -0.009334
24, 9.43999999999999, -3.2249999999999996, 5.52, 9.44025, -3.225, 5.52005, -0.009345
24, 9.43999999999999, -3.2199999999999998, 5.52, 9.439950000000001, -3.2197000000000005, 5.52, -0.009387
24, 9.43999999999999, -3.215, 5.52, 9.43975, -3.2153500000000004, 5.52, -0.009324
24, 9.43999999999999, -3.21, 5.52, 9.44015, -3.2096000000000005, 5.52, -0.009376
24, 9.43999999999999, -3.205, 5.52, 9.43975, -3.2053000000000003, 5.52, -0.009392
24, 9.43999999999999, -3.2, 5.52, 9.43975, -3.20025, 5.52, -0.009329
24, 9.43999999999999, -3.1950000000000003, 5.52, 9.44, -3.1955, 5.52, -0.009381
24, 9.43999999999999, -3.1900000000000004, 5.52, 9.440100000000001, -3.18995, 5.52, -0.00935
24, 9.43999999999999, -3.1850000000000005, 5.52, 9.440100000000001, -3.1852000000000005, 5.519950000000001, -0.009329
24, 9.43999999999999, -3.1800000000000006, 5.52, 9.440100000000001, -3.1799, 5.519950000000001, -0.009387
24, 9.43999999999999, -3.1750000000000007, 5.52, 9.4399, -3.17455, 5.519950000000001, -0.009324
24, 9.43999999999999, -3.170000000000001, 5.52, 9.44, -3.1699, 5.52, -0.009345
24, 9.43999999999999, -3.165000000000001, 5.52, 9.440100000000001, -3.16525, 5.52, -0.00935
24, 9.43999999999999, -3.160000000000001, 5.52, 9.440100000000001, -3.1597000000000004, 5.52, -0.009329
24, 9.43999999999999, -3.155000000000001, 5.52, 9.440100000000001, -3.15505, 5.519950000000001, -0.009371
24, 9.43999999999999, -3.1500000000000012, 5.52, 9.44, -3.1500500000000002, 5.52015, -0.009334
24, 9.43999999999999, -3.1450000000000014, 5.52, 9.4399, -3.1450500000000003, 5.52015, -0.009392
24, 9.43999999999999, -3.1400000000000015, 5.52, 9.439800000000002, -3.1404500000000004, 5.52015, -0.009324
25, 9.444999999999991, -3.1400000000000015, 5.52, 9.445200000000002, -3.1402, 5.519950000000001, -0.009381
25, 9.449999999999992, -3.1400000000000015, 5.52, 9.449800000000002, -3.14025, 5.519900000000001, -0.009334
25, 9.454999999999993, -3.1400000000000015, 5.52, 9.4547, -3.14015, 5.519900000000001, -0.009376
25, 9.459999999999994, -3.1400000000000015, 5.52, 9.459800000000001, -3.1401000000000003, 5.519900000000001, -0.009329
25, 9.464999999999995, -3.1400000000000015, 5.52, 9.46485, -3.1397000000000004, 5.519900000000001, -0.009387
25, 9.469999999999995, -3.1400000000000015, 5.52, 9.46975, -3.13965, 5.519900000000001, -0.009329
25, 9.474999999999996, -3.1400000000000015, 5.52, 9.475050000000001, -3.14005, 5.519900000000001, -0.009387
25, 9.479999999999997, -3.1400000000000015, 5.52, 9.47975, -3.1402, 5.519950000000001, -0.009303
25, 9.484999999999998, -3.1400000000000015, 5.52, 9.484950000000001, -3.1402, 5.52, -0.009345
25, 9.489999999999998, -3.1400000000000015, 5.52, 9.49, -3.1401000000000003, 5.52, -0.009308
25, 9.495, -3.1400000000000015, 5.52, 9.49485, -3.1399500000000002, 5.52, -0.009397
25, 9.5, -3.1400000000000015, 5.52, 9.49985, -3.1398, 5.52, -0.009329
25, 9.505, -3.1400000000000015, 5.52, 9.505, -3.13975, 5.52, -0.009387
25, 9.510000000000002, -3.1400000000000015, 5.52, 9.5097, -3.14, 5.52, -0.009314
25, 9.515000000000002, -3.1400000000000015, 5.52, 9.51535, -3.14015, 5.52, -0.009334
25, 9.520000000000003, -3.1400000000000015, 5.52, 9.52015, -3.14005, 5.52, -0.009381
25, 9.525000000000004, -3.1400000000000015, 5.52, 9.52495, -3.1399500000000002, 5.52005, -0.009345
25, 9.530000000000005, -3.1400000000000015, 5.52, 9.5296, -3.1398, 5.5201, -0.009355
25, 9.535000000000005, -3.1400000000000015, 5.52, 9.535350000000001, -3.1398, 5.52005, -0.009376
25, 9.540000000000006, -3.1400000000000015, 5.52, 9.539950000000001, -3.1399, 5.5201, -0.00934
25, 9.545000000000007, -3.1400000000000015, 5.52, 9.5448, -3.14005, 5.5201, -0.009402
25, 9.550000000000008, -3.1400000000000015, 5.52, 9.5504, -3.14015, 5.5201, -0.009345
25, 9.555000000000009, -3.1400000000000015, 5.52, 9.555, -3.14015, 5.52005, -0.009314
25, 9.56000000000001, -3.1400000000000015, 5.52, 9.559800000000001, -3.1399500000000002, 5.52, -0.009345
25, 9.56500000000001, -3.1400000000000015, 5.52, 9.56545, -3.1399, 5.519950000000001, -0.009392
25, 9.56500000000001, -3.1450000000000014, 5.52, 9.56465, -3.14495, 5.519950000000001, -0.009314
25, 9.56500000000001, -3.1500000000000012, 5.52, 9.5654, -3.1495, 5.519900000000001, -0.009381
25, 9.56500000000001, -3.155000000000001, 5.52, 9.56535, -3.15515, 5.519950000000001, -0.009334
25, 9.56500000000001, -3.160000000000001, 5.52, 9.56475, -3.1599500000000003, 5.519950000000001, -0.009397
25, 9.56500000000001, -3.165000000000001, 5.52, 9.5647, -3.1654, 5.52, -0.009314
25, 9.56500000000001, -3.170000000000001, 5.52, 9.5649, -3.1702000000000004, 5.5201, -0.009381
25, 9.56500000000001, -3.1750000000000007, 5.52, 9.56485, -3.1746000000000003, 5.5201, -0.009324
25, 9.56500000000001, -3.1800000000000006, 5.52, 9.56485, -3.18005, 5.5201, -0.009371
25, 9.56500000000001, -3.1850000000000005, 5.52, 9.5649, -3.1854, 5.519900000000001, -0.00934
25, 9.56500000000001, -3.1900000000000004, 5.52, 9.565050000000001, -3.19, 5.51985, -0.009334
25, 9.56500000000001, -3.1950000000000003, 5.52, 9.565, -3.19545, 5.519950000000001, -0.009355
25, 9.56500000000001, -3.2, 5.52, 9.564950000000001, -3.1999500000000003, 5.5201, -0.009334
25, 9.56500000000001, -3.205, 5.52, 9.564950000000001, -3.2053000000000003, 5.520200000000001, -0.009371
25, 9.56500000000001, -3.21, 5.52, 9.565, -3.2104500000000002, 5.5201, -0.009381
25, 9.56500000000001, -3.215, 5.52, 9.565100000000001, -3.21455, 5.519950000000001, -0.009329
25, 9.56500000000001, -3.2199999999999998, 5.52, 9.565100000000001, -3.2203500000000003, 5.51985, -0.009334
25, 9.56500000000001, -3.2249999999999996, 5.52, 9.565050000000001, -3.22465, 5.51985, -0.009392
25, 9.56500000000001, -3.2299999999999995, 5.52, 9.564950000000001, -3.23025, 5.52, -0.009334
25, 9.56500000000001, -3.2349999999999994, 5.52, 9.564950000000001, -3.23455, 5.52, -0.009376
25, 9.56500000000001, -3.2399999999999993, 5.52, 9.565, -3.24045, 5.5201, -0.009308
25, 9.56500000000001, -3.244999999999999, 5.52, 9.565050000000001, -3.24475, 5.5201, -0.009397
25, 9.56500000000001, -3.249999999999999, 5.52, 9.565, -3.25, 5.52, -0.009387
25, 9.56500000000001, -3.254999999999999, 5.52, 9.56485, -3.25505, 5.519950000000001, -0.009308
25, 9.56500000000001, -3.259999999999999, 5.52, 9.564950000000001, -3.25965, 5.519900000000001, -0.009376
25, 9.56500000000001, -3.264999999999999, 5.52, 9.564950000000001, -3.2653000000000003, 5.519900000000001, -0.009314
26, 9.56000000000001, -3.264999999999999, 5.52, 9.5605, -3.2654, 5.519900000000001, -0.009376
26, 9.555000000000009, -3.264999999999999, 5.52, 9.554800000000002, -3.26465, 5.519950000000001, -0.009371
26, 9.550000000000008, -3.264999999999999, 5.52, 9.5501, -3.26515, 5.520200000000001, -0.00934
26, 9.545000000000007, -3.264999999999999, 5.52, 9.5446, -3.26515, 5.52015, -0.009387
26, 9.540000000000006, -3.264999999999999, 5.52, 9.54, -3.2651000000000003, 5.520200000000001, -0.009324
26, 9.535000000000005, -3.264999999999999, 5.52, 9.535200000000001, -3.2651000000000003, 5.52015, -0.009381
26, 9.530000000000005, -3.264999999999999, 5.52, 9.52985, -3.265, 5.52, -0.009355
26, 9.525000000000004, -3.264999999999999, 5.52, 9.52515, -3.2649, 5.52, -0.009376
26, 9.520000000000003, -3.264999999999999, 5.52, 9.5202, -3.26475, 5.52, -0.009387
26, 9.515000000000002, -3.264999999999999, 5.52, 9.51515, -3.2648, 5.52, -0.009324
26, 9.510000000000002, -3.264999999999999, 5.52, 9.510050000000001, -3.2651000000000003, 5.52, -0.009387
26, 9.505, -3.264999999999999, 5.52, 9.504550000000002, -3.265, 5.519950000000001, -0.009334
26, 9.5, -3.264999999999999, 5.52, 9.50025, -3.2648, 5.51985, -0.00934
26, 9.495, -3.264999999999999, 5.52, 9.49545, -3.2648500000000005, 5.51985, -0.009366
26, 9.489999999999998, -3.264999999999999, 5.52, 9.48975, -3.2649, 5.51985, -0.009371
26, 9.484999999999998, -3.264999999999999, 5.52, 9.485100000000001, -3.26505, 5.51985, -0.009329
26, 9.479999999999997, -3.264999999999999, 5.52, 9.48015, -3.2651000000000003, 5.52, -0.009387
26, 9.474999999999996, -3.264999999999999, 5.52, 9.475, -3.2651000000000003, 5.519950000000001, -0.009334
26, 9.469999999999995, -3.264999999999999, 5.52, 9.470300000000002, -3.2651000000000003, 5.5201, -0.009376
26, 9.464999999999995, -3.264999999999999, 5.52, 9.46545, -3.2651000000000003, 5.520200000000001, -0.009324
26, 9.459999999999994, -3.264999999999999, 5.52, 9.46, -3.26505, 5.520200000000001, -0.009387
26, 9.454999999999993, -3.264999999999999, 5.52, 9.455350000000001, -3.2649500000000002, 5.520200000000001, -0.009324
26, 9.449999999999992, -3.264999999999999, 5.52, 9.4499, -3.2648500000000005, 5.52015, -0.009392
26, 9.444999999999991, -3.264999999999999, 5.52, 9.445300000000001, -3.2649, 5.52, -0.009329
26, 9.43999999999999, -3.264999999999999, 5.52, 9.44045, -3.2649, 5.52, -0.00936
26, 9.43499999999999, -3.264999999999999, 5.52, 9.435, -3.26505, 5.52005, -0.009329
26, 9.43499999999999, -3.259999999999999, 5.52, 9.434800000000001, -3.25975, 5.519900000000001, -0.009345
26, 9.43499999999999, -3.254999999999999, 5.52, 9.434800000000001, -3.2547, 5.51985, -0.009366
26, 9.43499999999999, -3.249999999999999, 5.52, 9.43485, -3.25015, 5.51985, -0.009376
26, 9.43499999999999, -3.244999999999999, 5.52, 9.435, -3.2454, 5.51985, -0.009324
26, 9.43499999999999, -3.2399999999999993, 5.52, 9.43505, -3.2395500000000004, 5.519900000000001, -0.009329
26, 9.43499999999999, -3.2349999999999994, 5.52, 9.43515, -3.23505, 5.52, -0.00936
26, 9.43499999999999, -3.2299999999999995, 5.52, 9.43515, -3.2304, 5.52, -0.00935
26, 9.43499999999999, -3.2249999999999996, 5.52, 9.435, -3.2249, 5.52005, -0.009376
26, 9.43499999999999, -3.2199999999999998, 5.52, 9.434800000000001, -3.22025, 5.52005, -0.009324
26, 9.43499999999999, -3.215, 5.52, 9.434800000000001, -3.2153500000000004, 5.52015, -0.009387
26, 9.43499999999999, -3.21, 5.52, 9.43495, -3.2098500000000003, 5.520200000000001, -0.009319
26, 9.43499999999999, -3.205, 5.52, 9.43515, -3.2045500000000002, 5.52, -0.009387
26, 9.43499999999999, -3.2, 5.52, 9.43515, -3.2002, 5.52, -0.009334
26, 9.43499999999999, -3.1950000000000003, 5.52, 9.43505, -3.19545, 5.519950000000001, -0.009387
26, 9.43499999999999, -3.1900000000000004, 5.52, 9.434899999999999, -3.1900500000000003, 5.519950000000001, -0.009324
26, 9.43499999999999, -3.1850000000000005, 5.52, 9.434800000000001, -3.18455, 5.519950000000001, -0.009387
26, 9.43499999999999, -3.1800000000000006, 5.52, 9.435, -3.1796, 5.519950000000001, -0.009334
26, 9.43499999999999, -3.1750000000000007, 5.52, 9.43515, -3.1747, 5.52, -0.009381
26, 9.43499999999999, -3.170000000000001, 5.52, 9.43485, -3.1699, 5.519950000000001, -0.009319
26, 9.43499999999999, -3.165000000000001, 5.52, 9.434899999999999, -3.1653000000000002, 5.5201, -0.009381
26, 9.43499999999999, -3.160000000000001, 5.52, 9.43485, -3.15965, 5.52015, -0.009314
26, 9.43499999999999, -3.155000000000001, 5.52, 9.43495, -3.1549500000000004, 5.52015, -0.009381
26, 9.43499999999999, -3.1500000000000012, 5.52, 9.43525, -3.1501000000000006, 5.5201, -0.009324
26, 9.43499999999999, -3.1450000000000014, 5.52, 9.4352, -3.14495, 5.52, -0.009381
26, 9.43499999999999, -3.1400000000000015, 5.52, 9.435, -3.1404, 5.52, -0.009397
26, 9.43499999999999, -3.1350000000000016, 5.52, 9.43485, -3.1348500000000006, 5.52, -0.009334
27, 9.43999999999999, -3.1350000000000016, 5.52, 9.4402, -3.1348000000000003, 5.52, -0.009397
27, 9.444999999999991, -3.1350000000000016, 5.52, 9.444550000000001, -3.1349500000000003, 5.52, -0.009334
27, 9.449999999999992, -3.1350000000000016, 5.52, 9.4499, -3.13515, 5.52, -0.009402
27, 9.454999999999993, -3.1350000000000016, 5.52, 9.454649999999999, -3.13525, 5.52, -0.009334
27, 9.459999999999994, -3.1350000000000016, 5.52, 9.459850000000001, -3.1351000000000004, 5.52, -0.009381
27, 9.464999999999995, -3.1350000000000016, 5.52, 9.46475, -3.1349500000000003, 5.52, -0.009324
27, 9.469999999999995, -3.1350000000000016, 5.52, 9.46965, -3.1348500000000006, 5.52, -0.009381
27, 9.474999999999996, -3.1350000000000016, 5.52, 9.475050000000001, -3.1349, 5.52, -0.009324
27, 9.479999999999997, -3.1350000000000016, 5.52, 9.479700000000001, -3.1349500000000003, 5.52, -0.009392
27, 9.484999999999998, -3.1350000000000016, 5.52, 9.484950000000001, -3.135, 5.519950000000001, -0.009329
27, 9.489999999999998, -3.1350000000000016, 5.52, 9.4899, -3.13515, 5.519950000000001, -0.009355
27, 9.495, -3.1350000000000016, 5.52, 9.494800000000001, -3.1351000000000004, 5.519900000000001, -0.009366
27, 9.5, -3.1350000000000016, 5.52, 9.49995, -3.13505, 5.519900000000001, -0.009355
27, 9.505, -3.1350000000000016, 5.52, 9.504950000000001, -3.1349500000000003, 5.519900000000001, -0.00935
27, 9.510000000000002, -3.1350000000000016, 5.52, 9.509649999999999, -3.1348500000000006, 5.519900000000001, -0.009387
27, 9.515000000000002, -3.1350000000000016, 5.52, 9.51525, -3.1348500000000006, 5.519900000000001, -0.009319
27, 9.520000000000003, -3.1350000000000016, 5.52, 9.520100000000001, -3.1349500000000003, 5.519900000000001, -0.00935
27, 9.525000000000004, -3.1350000000000016, 5.52, 9.52495, -3.1351000000000004, 5.519950000000001, -0.009324
27, 9.530000000000005, -3.1350000000000016, 5.52, 9.5296, -3.13525, 5.52, -0.009387
27, 9.535000000000005, -3.1350000000000016, 5.52, 9.535350000000001, -3.1352, 5.519950000000001, -0.009324
27, 9.540000000000006, -3.1350000000000016, 5.52, 9.539950000000001, -3.135, 5.52005, -0.009371
27, 9.545000000000007, -3.1350000000000016, 5.52, 9.544649999999999, -3.1348000000000003, 5.520200000000001, -0.009329
27, 9.550000000000008, -3.1350000000000016, 5.52, 9.54995, -3.1348500000000006, 5.520200000000001, -0.009381
27, 9.555000000000009, -3.1350000000000016, 5.52, 9.555050000000001, -3.1349500000000003, 5.520200000000001, -0.009308
27, 9.56000000000001, -3.1350000000000016, 5.52, 9.559700000000001, -3.1351000000000004, 5.52015, -0.009397
27, 9.56500000000001, -3.1350000000000016, 5.52, 9.5655, -3.1349500000000003, 5.52, -0.009345
27, 9.570000000000011, -3.1350000000000016, 5.52, 9.570200000000002, -3.1348500000000006, 5.519950000000001, -0.00935
27, 9.570000000000011, -3.1400000000000015, 5.52, 9.570350000000001, -3.1401000000000003, 5.51985, -0.009392
27, 9.570000000000011, -3.1450000000000014, 5.52, 9.570450000000001, -3.1448500000000004, 5.51985, -0.009345
27, 9.570000000000011, -3.1500000000000012, 5.52, 9.5701, -3.1494500000000003, 5.519900000000001, -0.009376
27, 9.570000000000011, -3.155000000000001, 5.52, 9.5699, -3.155, 5.52005, -0.009308
27, 9.570000000000011, -3.160000000000001, 5.52, 9.56985, -3.1598, 5.52015, -0.009392
27, 9.570000000000011, -3.165000000000001, 5.52, 9.570050000000002, -3.1655, 5.5201, -0.009334
27, 9.570000000000011, -3.170000000000001, 5.52, 9.5701, -3.1702000000000004, 5.52005, -0.00934
27, 9.570000000000011, -3.1750000000000007, 5.52, 9.56995, -3.17455, 5.52005, -0.009334
27, 9.570000000000011, -3.1800000000000006, 5.52, 9.5699, -3.1801500000000003, 5.519950000000001, -0.009381
27, 9.570000000000011, -3.1850000000000005, 5.52, 9.57015, -3.18425, 5.519900000000001, -0.009371
27, 9.570000000000011, -3.1900000000000004, 5.52, 9.57, -3.1898, 5.52, -0.009308
27, 9.570000000000011, -3.1950000000000003, 5.52, 9.56975, -3.1954000000000002, 5.52015, -0.009371
27, 9.570000000000011, -3.2, 5.52, 9.57, -3.1999500000000003, 5.52015, -0.009314
27, 9.570000000000011, -3.205, 5.52, 9.57, -3.2054, 5.52005, -0.009392
27, 9.570000000000011, -3.21, 5.52, 9.5699, -3.2103, 5.52, -0.009376
27, 9.570000000000011, -3.215, 5.52, 9.57, -3.2146000000000003, 5.52, -0.009319
27, 9.570000000000011, -3.2199999999999998, 5.52, 9.5701, -3.2201500000000003, 5.52, -0.009319
27, 9.570000000000011, -3.2249999999999996, 5.52, 9.57015, -3.22475, 5.52, -0.009381
27, 9.570000000000011, -3.2299999999999995, 5.52, 9.5698, -3.2304, 5.52, -0.009387
27, 9.570000000000011, -3.2349999999999994, 5.52, 9.5699, -3.23455, 5.52, -0.00935
27, 9.570000000000011, -3.2399999999999993, 5.52, 9.56995, -3.2402, 5.519900000000001, -0.009345
27, 9.570000000000011, -3.244999999999999, 5.52, 9.5699, -3.2451000000000003, 5.52005, -0.009366
27, 9.570000000000011, -3.249999999999999, 5.52, 9.56995, -3.24975, 5.52015, -0.009355
27, 9.570000000000011, -3.254999999999999, 5.52, 9.570050000000002, -3.25505, 5.52015, -0.009314
27, 9.570000000000011, -3.259999999999999, 5.52, 9.570200000000002, -3.2596000000000003, 5.5201, -0.009376
27, 9.570000000000011, -3.264999999999999, 5.52, 9.57015, -3.26515, 5.5201, -0.009319
27, 9.570000000000011, -3.2699999999999987, 5.52, 9.57, -3.2699000000000003, 5.52, -0.009392
28, 9.56500000000001, -3.2699999999999987, 5.52, 9.56515, -3.2700500000000003, 5.52005, -0.009371
28, 9.56000000000001, -3.2699999999999987, 5.52, 9.5604, -3.27015, 5.519950000000001, -0.009371
28, 9.555000000000009, -3.2699999999999987, 5.52, 9.5549, -3.27015, 5.519900000000001, -0.009329
28, 9.550000000000008, -3.2699999999999987, 5.52, 9.5505, -3.2702000000000004, 5.519900000000001, -0.009397
28, 9.545000000000007, -3.2699999999999987, 5.52, 9.5445, -3.2701000000000002, 5.519900000000001, -0.009329
28, 9.540000000000006, -3.2699999999999987, 5.52, 9.54, -3.26995, 5.519900000000001, -0.009402
28, 9.535000000000005, -3.2699999999999987, 5.52, 9.535050000000002, -3.2698500000000004, 5.519950000000001, -0.009334
28, 9.530000000000005, -3.2699999999999987, 5.52, 9.5299, -3.2698, 5.52, -0.009387
28, 9.525000000000004, -3.2699999999999987, 5.52, 9.525, -3.2699000000000003, 5.52, -0.009334
28, 9.520000000000003, -3.2699999999999987, 5.52, 9.5203, -3.26995, 5.52005, -0.009366
28, 9.515000000000002, -3.2699999999999987, 5.52, 9.5151, -3.26995, 5.5201, -0.00934
28, 9.510000000000002, -3.2699999999999987, 5.52, 9.5099, -3.2700500000000003, 5.5201, -0.009397
28, 9.505, -3.2699999999999987, 5.52, 9.5046, -3.2701000000000002, 5.5201, -0.009371
28, 9.5, -3.2699999999999987, 5.52, 9.500050000000002, -3.2700500000000003, 5.519950000000001, -0.00935
28, 9.495, -3.2699999999999987, 5.52, 9.4954, -3.27, 5.519950000000001, -0.009355
28, 9.489999999999998, -3.2699999999999987, 5.52, 9.4905, -3.26995, 5.519950000000001, -0.009329
28, 9.484999999999998, -3.2699999999999987, 5.52, 9.48485, -3.26995, 5.519950000000001, -0.009376
28, 9.479999999999997, -3.2699999999999987, 5.52, 9.48015, -3.2699000000000003, 5.519900000000001, -0.009334
28, 9.474999999999996, -3.2699999999999987, 5.52, 9.47485, -3.26995, 5.519900000000001, -0.009329
28, 9.469999999999995, -3.2699999999999987, 5.52, 9.470300000000002, -3.26995, 5.519950000000001, -0.00934
28, 9.464999999999995, -3.2699999999999987, 5.52, 9.46545, -3.2700500000000003, 5.519950000000001, -0.009329
28, 9.459999999999994, -3.2699999999999987, 5.52, 9.46005, -3.2701000000000002, 5.52, -0.009366
28, 9.454999999999993, -3.2699999999999987, 5.52, 9.455350000000001, -3.2700500000000003, 5.52, -0.00934
28, 9.449999999999992, -3.2699999999999987, 5.52, 9.449950000000001, -3.2701000000000002, 5.52005, -0.009345
28, 9.444999999999991, -3.2699999999999987, 5.52, 9.44525, -3.2701000000000002, 5.5201, -0.009371
28, 9.43999999999999, -3.2699999999999987, 5.52, 9.44025, -3.2700500000000003, 5.5201, -0.009334
28, 9.43499999999999, -3.2699999999999987, 5.52, 9.435, -3.27, 5.5201, -0.009366
28, 9.429999999999989, -3.2699999999999987, 5.52, 9.4305, -3.2699000000000003, 5.5201, -0.009402
28, 9.429999999999989, -3.264999999999999, 5.52, 9.430050000000001, -3.2651000000000003, 5.5201, -0.009397
28, 9.429999999999989, -3.259999999999999, 5.52, 9.42955, -3.2595, 5.52005, -0.009397
28, 9.429999999999989, -3.254999999999999, 5.52, 9.430050000000001, -3.2546500000000003, 5.519900000000001, -0.00935
28, 9.429999999999989, -3.249999999999999, 5.52, 9.430050000000001, -3.25, 5.519900000000001, -0.009376
28, 9.429999999999989, -3.244999999999999, 5.52, 9.4301, -3.24525, 5.519900000000001, -0.009366
28, 9.429999999999989, -3.2399999999999993, 5.52, 9.43, -3.24045, 5.519900000000001, -0.009402
28, 9.429999999999989, -3.2349999999999994, 5.52, 9.429950000000002, -3.2347, 5.519900000000001, -0.009402
28, 9.429999999999989, -3.2299999999999995, 5.52, 9.4299, -3.23025, 5.519900000000001, -0.009314
28, 9.429999999999989, -3.2249999999999996, 5.52, 9.4299, -3.2252, 5.519950000000001, -0.009366
28, 9.429999999999989, -3.2199999999999998, 5.52, 9.4299, -3.2199, 5.52, -0.009319
28, 9.429999999999989, -3.215, 5.52, 9.429950000000002, -3.2154000000000003, 5.52, -0.009392
28, 9.429999999999989, -3.21, 5.52, 9.43, -3.2104, 5.52, -0.009334
28, 9.429999999999989, -3.205, 5.52, 9.43015, -3.2047000000000003, 5.52005, -0.009329
28, 9.429999999999989, -3.2, 5.52, 9.43015, -3.2003000000000004, 5.5201, -0.009371
28, 9.429999999999989, -3.1950000000000003, 5.52, 9.43, -3.19465, 5.52005, -0.009381
28, 9.429999999999989, -3.1900000000000004, 5.52, 9.4299, -3.1902000000000004, 5.5201, -0.00936
28, 9.429999999999989, -3.1850000000000005, 5.52, 9.4299, -3.1845, 5.52, -0.009381
28, 9.429999999999989, -3.1800000000000006, 5.52, 9.430050000000001, -3.17965, 5.52, -0.009308
28, 9.429999999999989, -3.1750000000000007, 5.52, 9.429950000000002, -3.17515, 5.519950000000001, -0.00934
28, 9.429999999999989, -3.170000000000001, 5.52, 9.4299, -3.17, 5.519950000000001, -0.009366
28, 9.429999999999989, -3.165000000000001, 5.52, 9.4299, -3.16455, 5.519950000000001, -0.009319
28, 9.429999999999989, -3.160000000000001, 5.52, 9.4299, -3.1599500000000003, 5.519950000000001, -0.009366
28, 9.429999999999989, -3.155000000000001, 5.52, 9.4299, -3.15505, 5.519950000000001, -0.009334
28, 9.429999999999989, -3.1500000000000012, 5.52, 9.4301, -3.1505, 5.5201, -0.009392
28, 9.429999999999989, -3.1450000000000014, 5.52, 9.430050000000001, -3.1449000000000003, 5.5201, -0.00935
28, 9.429999999999989, -3.1400000000000015, 5.52, 9.43, -3.1404, 5.5201, -0.009371
28, 9.429999999999989, -3.1350000000000016, 5.52, 9.429950000000002, -3.135, 5.5201, -0.009329
28, 9.429999999999989, -3.1300000000000017, 5.52, 9.4299, -3.13005, 5.52005, -0.009387
29, 9.43499999999999, -3.1300000000000017, 5.52, 9.434550000000002, -3.1299, 5.52, -0.00934
29, 9.43999999999999, -3.1300000000000017, 5.52, 9.43985, -3.1299500000000005, 5.519950000000001, -0.009392
29, 9.444999999999991, -3.1300000000000017, 5.52, 9.444550000000001, -3.1299, 5.519950000000001, -0.009334
29, 9.449999999999992, -3.1300000000000017, 5.52, 9.45, -3.1299500000000005, 5.519900000000001, -0.009397
29, 9.454999999999993, -3.1300000000000017, 5.52, 9.4545, -3.1299500000000005, 5.519900000000001, -0.00934
29, 9.459999999999994, -3.1300000000000017, 5.52, 9.459850000000001, -3.13, 5.519900000000001, -0.009387
29, 9.464999999999995, -3.1300000000000017, 5.52, 9.464649999999999, -3.13, 5.519900000000001, -0.009334
29, 9.469999999999995, -3.1300000000000017, 5.52, 9.4696, -3.13005, 5.519900000000001, -0.00934
29, 9.474999999999996, -3.1300000000000017, 5.52, 9.47515, -3.13005, 5.519950000000001, -0.009366
29, 9.479999999999997, -3.1300000000000017, 5.52, 9.479700000000001, -3.1301000000000005, 5.52005, -0.009387
29, 9.484999999999998, -3.1300000000000017, 5.52, 9.485100000000001, -3.13005, 5.5201, -0.00934
29, 9.489999999999998, -3.1300000000000017, 5.52, 9.4898, -3.13, 5.5201, -0.009376
29, 9.495, -3.1300000000000017, 5.52, 9.49475, -3.1299500000000005, 5.52015, -0.009376
29, 9.5, -3.1300000000000017, 5.52, 9.49995, -3.1299, 5.5201, -0.009319
29, 9.505, -3.1300000000000017, 5.52, 9.5049, -3.1299, 5.52005, -0.009345
29, 9.510000000000002, -3.1300000000000017, 5.52, 9.5097, -3.1299, 5.52005, -0.009371
29, 9.515000000000002, -3.1300000000000017, 5.52, 9.5154, -3.1299500000000005, 5.519950000000001, -0.009308
29, 9.520000000000003, -3.1300000000000017, 5.52, 9.520050000000001, -3.1299500000000005, 5.519900000000001, -0.009387
29, 9.525000000000004, -3.1300000000000017, 5.52, 9.52495, -3.13, 5.519900000000001, -0.009324
29, 9.530000000000005, -3.1300000000000017, 5.52, 9.52955, -3.13005, 5.519900000000001, -0.009366
29, 9.535000000000005, -3.1300000000000017, 5.52, 9.535300000000001, -3.13005, 5.519900000000001, -0.009345
29, 9.540000000000006, -3.1300000000000017, 5.52, 9.53985, -3.13005, 5.519900000000001, -0.00935
29, 9.545000000000007, -3.1300000000000017, 5.52, 9.54475, -3.13005, 5.519900000000001, -0.00935
29, 9.550000000000008, -3.1300000000000017, 5.52, 9.550300000000002, -3.13, 5.519950000000001, -0.009376
29, 9.555000000000009, -3.1300000000000017, 5.52, 9.55475, -3.1299500000000005, 5.52, -0.009308
29, 9.56000000000001, -3.1300000000000017, 5.52, 9.55965, -3.1299, 5.52, -0.009387
29, 9.56500000000001, -3.1300000000000017, 5.52, 9.5655, -3.13, 5.5201, -0.009376
29, 9.570000000000011, -3.1300000000000017, 5.52, 9.56975, -3.13, 5.52025, -0.009324
29, 9.575000000000012, -3.1300000000000017, 5.52, 9.57465, -3.13005, 5.52025, -0.009334
29, 9.575000000000012, -3.1350000000000016, 5.52, 9.57485, -3.1349, 5.52025, -0.009366
29, 9.575000000000012, -3.1400000000000015, 5.52, 9.574950000000001, -3.14035, 5.519950000000001, -0.009371
29, 9.575000000000012, -3.1450000000000014, 5.52, 9.575050000000001, -3.1448, 5.51985, -0.009329
29, 9.575000000000012, -3.1500000000000012, 5.52, 9.5752, -3.1503, 5.51985, -0.00936
29, 9.575000000000012, -3.155000000000001, 5.52, 9.575050000000001, -3.1549, 5.5201, -0.009397
29, 9.575000000000012, -3.160000000000001, 5.52, 9.575, -3.1598, 5.52025, -0.009334
29, 9.575000000000012, -3.165000000000001, 5.52, 9.575, -3.16555, 5.52025, -0.009314
29, 9.575000000000012, -3.170000000000001, 5.52, 9.575050000000001, -3.17015, 5.520200000000001, -0.009345
29, 9.575000000000012, -3.1750000000000007, 5.52, 9.575, -3.1747, 5.52, -0.009334
29, 9.575000000000012, -3.1800000000000006, 5.52, 9.575, -3.18025, 5.52, -0.009324
29, 9.575000000000012, -3.1850000000000005, 5.52, 9.57485, -3.1855, 5.51985, -0.009345
29, 9.575000000000012, -3.1900000000000004, 5.52, 9.57485, -3.19, 5.52, -0.009387
29, 9.575000000000012, -3.1950000000000003, 5.52, 9.5751, -3.1952000000000003, 5.519950000000001, -0.009324
29, 9.575000000000012, -3.2, 5.52, 9.575149999999999, -3.2, 5.52, -0.009392
29, 9.575000000000012, -3.205, 5.52, 9.5751, -3.2045, 5.52, -0.00934
29, 9.575000000000012, -3.21, 5.52, 9.5751, -3.2098500000000003, 5.52005, -0.00935
29, 9.575000000000012, -3.215, 5.52, 9.5751, -3.2147, 5.52015, -0.009334
29, 9.575000000000012, -3.2199999999999998, 5.52, 9.575050000000001, -3.21965, 5.519950000000001, -0.00935
29, 9.575000000000012, -3.2249999999999996, 5.52, 9.575050000000001, -3.22475, 5.519950000000001, -0.009387
29, 9.575000000000012, -3.2299999999999995, 5.52, 9.575050000000001, -3.2304, 5.519900000000001, -0.009376
29, 9.575000000000012, -3.2349999999999994, 5.52, 9.5751, -3.2347, 5.519900000000001, -0.009387
29, 9.575000000000012, -3.2399999999999993, 5.52, 9.5751, -3.2404, 5.519950000000001, -0.009319
29, 9.575000000000012, -3.244999999999999, 5.52, 9.5751, -3.2448500000000005, 5.52005, -0.009387
29, 9.575000000000012, -3.249999999999999, 5.52, 9.575149999999999, -3.24955, 5.5201, -0.009324
29, 9.575000000000012, -3.254999999999999, 5.52, 9.575149999999999, -3.2548000000000004, 5.52015, -0.009392
29, 9.575000000000012, -3.259999999999999, 5.52, 9.5751, -3.25965, 5.52015, -0.009324
29, 9.575000000000012, -3.264999999999999, 5.52, 9.575, -3.2645500000000003, 5.52, -0.009381
29, 9.575000000000012, -3.2699999999999987, 5.52, 9.575050000000001, -3.2696000000000005, 5.52005, -0.009376
29, 9.575000000000012, -3.2749999999999986, 5.52, 9.5751, -3.2748500000000003, 5.519900000000001, -0.009334
30, 9.570000000000011, -3.2749999999999986, 5.52, 9.5698, -3.275, 5.519900000000001, -0.009381
30, 9.56500000000001, -3.2749999999999986, 5.52, 9.56525, -3.27525, 5.51985, -0.00934
30, 9.56000000000001, -3.2749999999999986, 5.52, 9.559800000000001, -3.2752000000000003, 5.51985, -0.009392
30, 9.555000000000009, -3.2749999999999986, 5.52, 9.555200000000001, -3.2751000000000006, 5.519950000000001, -0.009329
30, 9.550000000000008, -3.2749999999999986, 5.52, 9.550450000000001, -3.2749, 5.52015, -0.009387
30, 9.545000000000007, -3.2749999999999986, 5.52, 9.54475, -3.2749, 5.520200000000001, -0.009319
30, 9.540000000000006, -3.2749999999999986, 5.52, 9.54005, -3.2749, 5.520200000000001, -0.009407
30, 9.535000000000005, -3.2749999999999986, 5.52, 9.53495, -3.2749, 5.52015, -0.009334
30, 9.530000000000005, -3.2749999999999986, 5.52, 9.52985, -3.2749500000000005, 5.52005, -0.009397
30, 9.525000000000004, -3.2749999999999986, 5.52, 9.5251, -3.2749500000000005, 5.519950000000001, -0.009381
30, 9.520000000000003, -3.2749999999999986, 5.52, 9.52035, -3.275, 5.51985, -0.009381
30, 9.515000000000002, -3.2749999999999986, 5.52, 9.51535, -3.275, 5.51985, -0.009387
30, 9.510000000000002, -3.2749999999999986, 5.52, 9.510050000000001, -3.275, 5.51985, -0.009381
30, 9.505, -3.2749999999999986, 5.52, 9.504550000000002, -3.2751000000000006, 5.519950000000001, -0.009345
30, 9.5, -3.2749999999999986, 5.52, 9.5001, -3.2750500000000002, 5.5201, -0.009376
30, 9.495, -3.2749999999999986, 5.52, 9.4954, -3.2750500000000002, 5.520200000000001, -0.009334
30, 9.489999999999998, -3.2749999999999986, 5.52, 9.489550000000001, -3.2750500000000002, 5.520200000000001, -0.009381
30, 9.484999999999998, -3.2749999999999986, 5.52, 9.485, -3.275, 5.520200000000001, -0.009324
30, 9.479999999999997, -3.2749999999999986, 5.52, 9.48035, -3.2749500000000005, 5.52015, -0.009371
30, 9.474999999999996, -3.2749999999999986, 5.52, 9.475, -3.2749500000000005, 5.52005, -0.009329
30, 9.469999999999995, -3.2749999999999986, 5.52, 9.47035, -3.2749, 5.519950000000001, -0.009392
30, 9.464999999999995, -3.2749999999999986, 5.52, 9.464649999999999, -3.275, 5.51985, -0.00935
30, 9.459999999999994, -3.2749999999999986, 5.52, 9.46025, -3.2749500000000005, 5.51985, -0.009324
30, 9.454999999999993, -3.2749999999999986, 5.52, 9.45545, -3.275, 5.519900000000001, -0.009397
30, 9.449999999999992, -3.2749999999999986, 5.52, 9.450050000000001, -3.2750500000000002, 5.519950000000001, -0.009366
30, 9.444999999999991, -3.2749999999999986, 5.52, 9.445300000000001, -3.2750500000000002, 5.52005, -0.00935
30, 9.43999999999999, -3.2749999999999986, 5.52, 9.44025, -3.2750500000000002, 5.5201, -0.009381
30, 9.43499999999999, -3.2749999999999986, 5.52, 9.43505, -3.2751000000000006, 5.5201, -0.009376
30, 9.429999999999989, -3.2749999999999986, 5.52, 9.4299, -3.2750500000000002, 5.5201, -0.009345
30, 9.424999999999988, -3.2749999999999986, 5.52, 9.4249, -3.275, 5.5201, -0.009381
30, 9.424999999999988, -3.2699999999999987, 5.52, 9.424700000000001, -3.2698, 5.5201, -0.009334
30, 9.424999999999988, -3.264999999999999, 5.52, 9.424700000000001, -3.2649, 5.52005, -0.009397
30, 9.424999999999988, -3.259999999999999, 5.52, 9.4249, -3.2601000000000004, 5.519950000000001, -0.009324
30, 9.424999999999988, -3.254999999999999, 5.52, 9.42515, -3.2546000000000004, 5.519950000000001, -0.009319
30, 9.424999999999988, -3.249999999999999, 5.52, 9.4251, -3.2497000000000003, 5.519900000000001, -0.00936
30, 9.424999999999988, -3.244999999999999, 5.52, 9.424800000000001, -3.24505, 5.519900000000001, -0.009303
30, 9.424999999999988, -3.2399999999999993, 5.52, 9.424700000000001, -3.2404, 5.519900000000001, -0.009392
30, 9.424999999999988, -3.2349999999999994, 5.52, 9.424800000000001, -3.2346000000000004, 5.519950000000001, -0.00934
30, 9.424999999999988, -3.2299999999999995, 5.52, 9.42495, -3.2302000000000004, 5.52, -0.009376
30, 9.424999999999988, -3.2249999999999996, 5.52, 9.42525, -3.22475, 5.52005, -0.00936
30, 9.424999999999988, -3.2199999999999998, 5.52, 9.424700000000001, -3.2195500000000004, 5.5201, -0.009319
30, 9.424999999999988, -3.215, 5.52, 9.425, -3.2154000000000003, 5.5201, -0.009392
30, 9.424999999999988, -3.21, 5.52, 9.4251, -3.2104, 5.5201, -0.009314
30, 9.424999999999988, -3.205, 5.52, 9.4252, -3.2048500000000004, 5.52, -0.009345
30, 9.424999999999988, -3.2, 5.52, 9.42515, -3.2003500000000003, 5.519950000000001, -0.009387
30, 9.424999999999988, -3.1950000000000003, 5.52, 9.425, -3.19525, 5.519900000000001, -0.009387
30, 9.424999999999988, -3.1900000000000004, 5.52, 9.4246, -3.1902000000000004, 5.519900000000001, -0.009376
30, 9.424999999999988, -3.1850000000000005, 5.52, 9.4251, -3.18465, 5.519900000000001, -0.009324
30, 9.424999999999988, -3.1800000000000006, 5.52, 9.42515, -3.18025, 5.519900000000001, -0.009402
30, 9.424999999999988, -3.1750000000000007, 5.52, 9.42505, -3.1746000000000003, 5.52, -0.009392
30, 9.424999999999988, -3.170000000000001, 5.52, 9.4246, -3.1701000000000006, 5.52, -0.009324
30, 9.424999999999988, -3.165000000000001, 5.52, 9.4251, -3.16515, 5.52, -0.009387
30, 9.424999999999988, -3.160000000000001, 5.52, 9.4252, -3.1601500000000002, 5.52, -0.00934
30, 9.424999999999988, -3.155000000000001, 5.52, 9.42515, -3.15505, 5.52, -0.009381
30, 9.424999999999988, -3.1500000000000012, 5.52, 9.4249, -3.1505, 5.52015, -0.009381
30, 9.424999999999988, -3.1450000000000014, 5.52, 9.42495, -3.1449000000000003, 5.52015, -0.009371
30, 9.424999999999988, -3.1400000000000015, 5.52, 9.42495, -3.14035, 5.520200000000001, -0.00935
30, 9.424999999999988, -3.1350000000000016, 5.52, 9.42495, -3.1348000000000003, 5.5201, -0.009376
30, 9.424999999999988, -3.1300000000000017, 5.52, 9.42495, -3.1301000000000005, 5.52, -0.009334
30, 9.424999999999988, -3.1250000000000018, 5.52, 9.425, -3.1254, 5.52, -0.009381
