Voltage = 3.6, Current = 18.1, Pinhole = 10um, Objective = 20x, NA = 0.42 
0, 9.5, -1.525, 0, 9.49985, -1.52495, 0.0001, -0.00935
1, 9.51, -1.525, 0, 9.5094, -1.5250500000000002, -0.0001, -0.009319
1, 9.51, -1.535, 0, 9.5088, -1.53445, -0.0001, -0.009314
2, 9.5, -1.535, 0, 9.5009, -1.5358500000000002, -0.0001, -0.009319
2, 9.49, -1.535, 0, 9.490200000000002, -1.53485, -0.0001, -0.009298
2, 9.49, -1.525, 0, 9.4915, -1.52475, -0.0001, -0.00934
2, 9.49, -1.515, 0, 9.488050000000001, -1.514, -5e-05, -0.009308
3, 9.5, -1.515, 0, 9.49995, -1.5155500000000002, 0.0001, -0.009308
3, 9.51, -1.515, 0, 9.50995, -1.51485, 0.00015000000000000001, -0.00935
3, 9.52, -1.515, 0, 9.520050000000001, -1.5151000000000001, 0.00015000000000000001, -0.009314
3, 9.52, -1.525, 0, 9.519, -1.52515, 0.0002, -0.009324
3, 9.52, -1.535, 0, 9.520700000000001, -1.5353500000000002, 5e-05, -0.00934
3, 9.52, -1.545, 0, 9.5203, -1.5453000000000001, -5e-05, -0.009314
4, 9.51, -1.545, 0, 9.510800000000001, -1.54525, -0.0001, -0.009329
4, 9.5, -1.545, 0, 9.500950000000001, -1.54475, -0.0001, -0.00936
4, 9.49, -1.545, 0, 9.49075, -1.545, -0.0001, -0.009303
4, 9.48, -1.545, 0, 9.4792, -1.54495, -0.0, -0.009329
4, 9.48, -1.535, 0, 9.480300000000002, -1.53515, 5e-05, -0.009324
4, 9.48, -1.525, 0, 9.479899999999999, -1.5250500000000002, 0.00015000000000000001, -0.009298
4, 9.48, -1.515, 0, 9.4806, -1.51435, 0.00015000000000000001, -0.009329
4, 9.48, -1.505, 0, 9.4791, -1.50405, -0.0, -0.009319
5, 9.49, -1.505, 0, 9.489700000000001, -1.5042, -0.0, -0.009329
5, 9.5, -1.505, 0, 9.4999, -1.5053, -0.0, -0.009334
5, 9.51, -1.505, 0, 9.5099, -1.5053, -5e-05, -0.00934
5, 9.52, -1.505, 0, 9.52035, -1.50525, -0.0001, -0.009319
5, 9.53, -1.505, 0, 9.52975, -1.5050500000000002, -5e-05, -0.009355
5, 9.53, -1.515, 0, 9.529399999999999, -1.5150500000000002, -5e-05, -0.009308
5, 9.53, -1.525, 0, 9.52925, -1.5252000000000001, -5e-05, -0.009277
5, 9.53, -1.535, 0, 9.5305, -1.5357, -0.0, -0.009371
5, 9.53, -1.545, 0, 9.529950000000001, -1.54485, -0.0, -0.009319
5, 9.53, -1.555, 0, 9.52955, -1.5554000000000001, -0.0, -0.009345
6, 9.52, -1.555, 0, 9.520800000000001, -1.55515, -0.0, -0.009303
6, 9.51, -1.555, 0, 9.508899999999999, -1.55495, -5e-05, -0.009298
6, 9.5, -1.555, 0, 9.49975, -1.5548000000000002, 5e-05, -0.009308
6, 9.49, -1.555, 0, 9.49, -1.55485, 0.00015000000000000001, -0.009308
6, 9.48, -1.555, 0, 9.481, -1.555, 0.00015000000000000001, -0.009334
6, 9.47, -1.555, 0, 9.47, -1.55495, -5e-05, -0.009308
6, 9.47, -1.545, 0, 9.4711, -1.54485, -5e-05, -0.009293
6, 9.47, -1.535, 0, 9.47015, -1.5351000000000001, -0.0001, -0.00935
6, 9.47, -1.525, 0, 9.47115, -1.5252000000000001, -0.0001, -0.00935
6, 9.47, -1.515, 0, 9.46965, -1.514, -0.0001, -0.00934
6, 9.47, -1.505, 0, 9.46945, -1.50515, -5e-05, -0.009308
6, 9.47, -1.4949999999999999, 0, 9.4704, -1.4944000000000002, 5e-05, -0.009287
7, 9.48, -1.4949999999999999, 0, 9.4787, -1.4945, 0.0001, -0.009345
7, 9.49, -1.4949999999999999, 0, 9.490050000000002, -1.49545, 0.0001, -0.009345
7, 9.5, -1.4949999999999999, 0, 9.499600000000001, -1.49465, 0.00015000000000000001, -0.009314
7, 9.51, -1.4949999999999999, 0, 9.510050000000001, -1.4952, 5e-05, -0.00934
7, 9.52, -1.4949999999999999, 0, 9.519950000000001, -1.4952, -5e-05, -0.00935
7, 9.53, -1.4949999999999999, 0, 9.52985, -1.49525, -0.0001, -0.009314
7, 9.54, -1.4949999999999999, 0, 9.54035, -1.4949000000000001, -0.0001, -0.009308
7, 9.54, -1.505, 0, 9.5397, -1.5046000000000002, -0.0002, -0.00934
7, 9.54, -1.515, 0, 9.5402, -1.51495, -5e-05, -0.009303
7, 9.54, -1.525, 0, 9.5393, -1.525, -0.0, -0.009303
7, 9.54, -1.535, 0, 9.540149999999999, -1.53575, -0.0, -0.009334
7, 9.54, -1.545, 0, 9.54025, -1.5444, 5e-05, -0.009298
7, 9.54, -1.555, 0, 9.539200000000001, -1.5557, 0.0001, -0.00935
7, 9.54, -1.565, 0, 9.539800000000001, -1.5651000000000002, 0.0001, -0.009303
8, 9.53, -1.565, 0, 9.5305, -1.5654000000000001, 0.0001, -0.009345
8, 9.52, -1.565, 0, 9.5204, -1.5651000000000002, 5e-05, -0.009324
8, 9.51, -1.565, 0, 9.51055, -1.5648000000000002, -5e-05, -0.009298
8, 9.5, -1.565, 0, 9.500800000000002, -1.5651000000000002, -0.00015000000000000001, -0.009345
8, 9.49, -1.565, 0, 9.489550000000001, -1.56525, -0.0001, -0.009308
8, 9.48, -1.565, 0, 9.4808, -1.56525, -0.0001, -0.009287
8, 9.47, -1.565, 0, 9.469899999999999, -1.56465, -5e-05, -0.00935
8, 9.46, -1.565, 0, 9.4611, -1.56485, 5e-05, -0.00936
8, 9.46, -1.555, 0, 9.46015, -1.55525, 0.0001, -0.009287
8, 9.46, -1.545, 0, 9.46035, -1.5446000000000002, 5e-05, -0.009345
8, 9.46, -1.535, 0, 9.461, -1.5343000000000002, 5e-05, -0.00934
8, 9.46, -1.525, 0, 9.4599, -1.52495, 5e-05, -0.009355
8, 9.46, -1.515, 0, 9.46095, -1.5153500000000002, -0.0, -0.009319
8, 9.46, -1.505, 0, 9.45935, -1.50465, -5e-05, -0.009308
8, 9.46, -1.4949999999999999, 0, 9.46035, -1.4959500000000001, -0.0001, -0.009329
8, 9.46, -1.4849999999999999, 0, 9.46085, -1.4850500000000002, -0.0001, -0.009329
9, 9.47, -1.4849999999999999, 0, 9.469, -1.4845, -0.0001, -0.009287
9, 9.48, -1.4849999999999999, 0, 9.480450000000001, -1.4848500000000002, -5e-05, -0.00934
9, 9.49, -1.4849999999999999, 0, 9.49025, -1.48495, -5e-05, -0.009345
9, 9.5, -1.4849999999999999, 0, 9.500350000000001, -1.485, -5e-05, -0.009314
9, 9.51, -1.4849999999999999, 0, 9.51045, -1.485, -0.0, -0.00936
9, 9.52, -1.4849999999999999, 0, 9.520050000000001, -1.4850500000000002, -0.0, -0.009329
9, 9.53, -1.4849999999999999, 0, 9.52965, -1.4850500000000002, -0.0, -0.00936
9, 9.54, -1.4849999999999999, 0, 9.5403, -1.4850500000000002, -5e-05, -0.009329
9, 9.549999999999999, -1.4849999999999999, 0, 9.5496, -1.4849, 0.00015000000000000001, -0.009293
9, 9.549999999999999, -1.4949999999999999, 0, 9.54855, -1.49435, 0.00015000000000000001, -0.009345
9, 9.549999999999999, -1.505, 0, 9.551200000000001, -1.5050500000000002, 0.00015000000000000001, -0.009314
9, 9.549999999999999, -1.515, 0, 9.55125, -1.5150500000000002, 5e-05, -0.009303
9, 9.549999999999999, -1.525, 0, 9.54885, -1.5252000000000001, -5e-05, -0.009329
9, 9.549999999999999, -1.535, 0, 9.55095, -1.5357, -0.0001, -0.009345
9, 9.549999999999999, -1.545, 0, 9.54965, -1.54465, -0.0001, -0.00935
9, 9.549999999999999, -1.555, 0, 9.55015, -1.5556, -0.0001, -0.009293
9, 9.549999999999999, -1.565, 0, 9.55065, -1.5653500000000002, -0.0001, -0.00935
9, 9.549999999999999, -1.575, 0, 9.55075, -1.5755500000000002, -0.0001, -0.009282
10, 9.54, -1.575, 0, 9.5397, -1.57515, -0.0, -0.00934
10, 9.53, -1.575, 0, 9.529399999999999, -1.57465, -0.0, -0.009319
10, 9.52, -1.575, 0, 9.519350000000001, -1.5748000000000002, -0.0, -0.00935
10, 9.51, -1.575, 0, 9.50935, -1.57545, 5e-05, -0.009314
10, 9.5, -1.575, 0, 9.49985, -1.57545, -5e-05, -0.00934
10, 9.49, -1.575, 0, 9.49, -1.5747, 0.00015000000000000001, -0.009282
10, 9.48, -1.575, 0, 9.4809, -1.5748000000000002, 0.00015000000000000001, -0.00934
10, 9.47, -1.575, 0, 9.469700000000001, -1.5749000000000002, 0.0002, -0.009345
10, 9.46, -1.575, 0, 9.4604, -1.57545, 0.00015000000000000001, -0.009308
10, 9.450000000000001, -1.575, 0, 9.4501, -1.57545, 5e-05, -0.009293
10, 9.450000000000001, -1.565, 0, 9.450700000000001, -1.5649000000000002, -5e-05, -0.009329
10, 9.450000000000001, -1.555, 0, 9.44915, -1.55445, -0.0001, -0.009319
10, 9.450000000000001, -1.545, 0, 9.4502, -1.5441, -0.0001, -0.00934
10, 9.450000000000001, -1.535, 0, 9.4502, -1.5343000000000002, -0.00015000000000000001, -0.009308
10, 9.450000000000001, -1.525, 0, 9.449800000000002, -1.52495, -0.0, -0.009345
10, 9.450000000000001, -1.515, 0, 9.45035, -1.5153500000000002, -0.0, -0.009314
10, 9.450000000000001, -1.505, 0, 9.4496, -1.50405, 0.00015000000000000001, -0.009324
10, 9.450000000000001, -1.4949999999999999, 0, 9.450149999999999, -1.4948000000000001, 0.00015000000000000001, -0.009308
10, 9.450000000000001, -1.4849999999999999, 0, 9.4506, -1.4852, 0.00015000000000000001, -0.009298
10, 9.450000000000001, -1.4749999999999999, 0, 9.45065, -1.4745500000000002, -0.0, -0.009329
11, 9.46, -1.4749999999999999, 0, 9.4599, -1.47475, -0.0, -0.009308
11, 9.47, -1.4749999999999999, 0, 9.469899999999999, -1.47575, -0.0, -0.009298
11, 9.48, -1.4749999999999999, 0, 9.4795, -1.4747000000000001, 5e-05, -0.009345
11, 9.49, -1.4749999999999999, 0, 9.4898, -1.4747000000000001, -5e-05, -0.009314
11, 9.5, -1.4749999999999999, 0, 9.5005, -1.47495, -0.00015000000000000001, -0.009287
11, 9.51, -1.4749999999999999, 0, 9.5103, -1.4755, -0.0001, -0.009355
11, 9.52, -1.4749999999999999, 0, 9.52, -1.4753000000000003, -0.00015000000000000001, -0.009303
11, 9.53, -1.4749999999999999, 0, 9.52935, -1.47465, -0.0001, -0.009319
11, 9.54, -1.4749999999999999, 0, 9.53885, -1.47495, -0.0, -0.009355
11, 9.549999999999999, -1.4749999999999999, 0, 9.5496, -1.4753500000000002, -0.0, -0.009308
11, 9.559999999999999, -1.4749999999999999, 0, 9.559550000000002, -1.4745500000000002, -0.0, -0.009298
11, 9.559999999999999, -1.4849999999999999, 0, 9.5593, -1.4848500000000002, -0.0, -0.00934
11, 9.559999999999999, -1.4949999999999999, 0, 9.560649999999999, -1.4952, -5e-05, -0.00936
11, 9.559999999999999, -1.505, 0, 9.559700000000001, -1.5049000000000001, 5e-05, -0.009308
11, 9.559999999999999, -1.515, 0, 9.560550000000001, -1.5153, 0.00015000000000000001, -0.009319
11, 9.559999999999999, -1.525, 0, 9.559149999999999, -1.52525, 0.00015000000000000001, -0.009345
11, 9.559999999999999, -1.535, 0, 9.5604, -1.5355500000000002, -0.0, -0.009319
11, 9.559999999999999, -1.545, 0, 9.56005, -1.54485, -0.0, -0.009329
11, 9.559999999999999, -1.555, 0, 9.5595, -1.5556500000000002, 5e-05, -0.009298
11, 9.559999999999999, -1.565, 0, 9.55975, -1.565, -5e-05, -0.00935
11, 9.559999999999999, -1.575, 0, 9.560649999999999, -1.5755, -0.0001, -0.009308
11, 9.559999999999999, -1.585, 0, 9.55945, -1.58515, -0.00015000000000000001, -0.009345
12, 9.549999999999999, -1.585, 0, 9.5502, -1.58525, -0.00015000000000000001, -0.009293
12, 9.54, -1.585, 0, 9.54, -1.58515, -0.0001, -0.009345
12, 9.53, -1.585, 0, 9.529800000000002, -1.58495, -0.0001, -0.009334
12, 9.52, -1.585, 0, 9.519, -1.58475, 5e-05, -0.009293
12, 9.51, -1.585, 0, 9.50935, -1.58525, 0.00015000000000000001, -0.009314
12, 9.5, -1.585, 0, 9.500350000000001, -1.58525, 0.0001, -0.00936
12, 9.49, -1.585, 0, 9.490050000000002, -1.5847, 5e-05, -0.009303
12, 9.48, -1.585, 0, 9.481050000000002, -1.58485, -5e-05, -0.009303
12, 9.47, -1.585, 0, 9.4702, -1.58515, -5e-05, -0.009355
12, 9.46, -1.585, 0, 9.46115, -1.58525, -0.0001, -0.009308
12, 9.450000000000001, -1.585, 0, 9.449950000000001, -1.58515, -0.0001, -0.009303
12, 9.440000000000001, -1.585, 0, 9.4403, -1.58495, -0.0001, -0.00935
12, 9.440000000000001, -1.575, 0, 9.44105, -1.57475, -0.0001, -0.00934
12, 9.440000000000001, -1.565, 0, 9.4403, -1.56455, -5e-05, -0.009314
12, 9.440000000000001, -1.555, 0, 9.43915, -1.555, -0.0, -0.009287
12, 9.440000000000001, -1.545, 0, 9.4399, -1.54475, -0.0, -0.009345
12, 9.440000000000001, -1.535, 0, 9.440100000000001, -1.5343000000000002, -0.0, -0.009308
12, 9.440000000000001, -1.525, 0, 9.44015, -1.52495, -0.0, -0.009308
12, 9.440000000000001, -1.515, 0, 9.44095, -1.51525, -0.0, -0.009277
12, 9.440000000000001, -1.505, 0, 9.43835, -1.5048000000000001, -0.0, -0.00934
12, 9.440000000000001, -1.4949999999999999, 0, 9.44095, -1.49435, 0.00015000000000000001, -0.009298
12, 9.440000000000001, -1.4849999999999999, 0, 9.43975, -1.485, 0.00015000000000000001, -0.009345
12, 9.440000000000001, -1.4749999999999999, 0, 9.439350000000001, -1.4745500000000002, 0.00015000000000000001, -0.009303
12, 9.440000000000001, -1.4649999999999999, 0, 9.4406, -1.46595, 0.0001, -0.009293
13, 9.450000000000001, -1.4649999999999999, 0, 9.45, -1.4647000000000001, -5e-05, -0.009303
13, 9.46, -1.4649999999999999, 0, 9.459700000000002, -1.4654, -0.00015000000000000001, -0.009319
13, 9.47, -1.4649999999999999, 0, 9.4701, -1.4654500000000001, -0.00015000000000000001, -0.009329
13, 9.48, -1.4649999999999999, 0, 9.480300000000002, -1.4645500000000002, -0.0001, -0.009324
13, 9.49, -1.4649999999999999, 0, 9.490200000000002, -1.46465, -0.00015000000000000001, -0.009303
13, 9.5, -1.4649999999999999, 0, 9.500200000000001, -1.4654, -5e-05, -0.009287
13, 9.51, -1.4649999999999999, 0, 9.51055, -1.4654500000000001, 5e-05, -0.009329
13, 9.52, -1.4649999999999999, 0, 9.520100000000001, -1.46465, 0.00015000000000000001, -0.009319
13, 9.53, -1.4649999999999999, 0, 9.5297, -1.4653000000000003, 0.00015000000000000001, -0.009287
13, 9.54, -1.4649999999999999, 0, 9.5389, -1.4653500000000002, 0.00015000000000000001, -0.00934
13, 9.549999999999999, -1.4649999999999999, 0, 9.5494, -1.46465, -5e-05, -0.009314
13, 9.559999999999999, -1.4649999999999999, 0, 9.55945, -1.4650500000000002, -0.0001, -0.009308
13, 9.569999999999999, -1.4649999999999999, 0, 9.57015, -1.4653500000000002, -5e-05, -0.009298
13, 9.569999999999999, -1.4749999999999999, 0, 9.57, -1.47425, -5e-05, -0.009329
13, 9.569999999999999, -1.4849999999999999, 0, 9.5694, -1.4849, -5e-05, -0.009303
13, 9.569999999999999, -1.4949999999999999, 0, 9.57075, -1.4946000000000002, -5e-05, -0.009287
13, 9.569999999999999, -1.505, 0, 9.5685, -1.50515, -5e-05, -0.009334
13, 9.569999999999999, -1.515, 0, 9.57085, -1.5155500000000002, 0.0001, -0.009314
13, 9.569999999999999, -1.525, 0, 9.5701, -1.5248000000000002, 0.0001, -0.00934
13, 9.569999999999999, -1.535, 0, 9.5707, -1.536, 0.0001, -0.009308
13, 9.569999999999999, -1.545, 0, 9.5705, -1.5449000000000002, 0.00015000000000000001, -0.00936
13, 9.569999999999999, -1.555, 0, 9.56925, -1.5554000000000001, -0.0, -0.009298
13, 9.569999999999999, -1.565, 0, 9.569, -1.5654000000000001, 5e-05, -0.009334
13, 9.569999999999999, -1.575, 0, 9.57055, -1.57485, -0.0001, -0.009314
13, 9.569999999999999, -1.585, 0, 9.5689, -1.58545, -5e-05, -0.009303
13, 9.569999999999999, -1.595, 0, 9.57055, -1.5946500000000001, -0.0001, -0.009287
14, 9.559999999999999, -1.595, 0, 9.5605, -1.59475, -0.0001, -0.00934
14, 9.549999999999999, -1.595, 0, 9.549800000000001, -1.59475, -0.0001, -0.00935
14, 9.54, -1.595, 0, 9.5404, -1.59495, -0.0001, -0.009298
14, 9.53, -1.595, 0, 9.52985, -1.59525, -0.0001, -0.009282
14, 9.52, -1.595, 0, 9.5203, -1.5955500000000002, -5e-05, -0.009324
14, 9.51, -1.595, 0, 9.51055, -1.59485, 0.00015000000000000001, -0.009308
14, 9.5, -1.595, 0, 9.5007, -1.5949, 0.00015000000000000001, -0.009319
14, 9.49, -1.595, 0, 9.4907, -1.59495, 5e-05, -0.009355
14, 9.48, -1.595, 0, 9.47925, -1.595, -0.0001, -0.009282
14, 9.47, -1.595, 0, 9.47005, -1.59505, -0.0001, -0.00936
14, 9.46, -1.595, 0, 9.459850000000001, -1.59515, -0.0001, -0.009293
14, 9.450000000000001, -1.595, 0, 9.450800000000001, -1.59515, -0.0001, -0.00934
14, 9.440000000000001, -1.595, 0, 9.440100000000001, -1.5951000000000002, -0.0001, -0.00934
14, 9.430000000000001, -1.595, 0, 9.430200000000001, -1.59505, -0.0001, -0.009303
14, 9.430000000000001, -1.585, 0, 9.4307, -1.58545, -5e-05, -0.009293
14, 9.430000000000001, -1.575, 0, 9.429350000000001, -1.5747, -5e-05, -0.00934
14, 9.430000000000001, -1.565, 0, 9.4288, -1.5648000000000002, 5e-05, -0.009298
14, 9.430000000000001, -1.555, 0, 9.42835, -1.55485, 0.0001, -0.009287
14, 9.430000000000001, -1.545, 0, 9.42895, -1.5441500000000001, 0.00015000000000000001, -0.009355
14, 9.430000000000001, -1.535, 0, 9.43015, -1.53515, -0.0, -0.00935
14, 9.430000000000001, -1.525, 0, 9.43085, -1.52485, -0.0, -0.009303
14, 9.430000000000001, -1.515, 0, 9.429300000000001, -1.5145500000000003, -0.0, -0.009282
14, 9.430000000000001, -1.505, 0, 9.4307, -1.5044000000000002, -0.0, -0.009329
14, 9.430000000000001, -1.4949999999999999, 0, 9.43, -1.4948000000000001, -5e-05, -0.009303
14, 9.430000000000001, -1.4849999999999999, 0, 9.4299, -1.4852, -0.0, -0.009334
14, 9.430000000000001, -1.4749999999999999, 0, 9.429800000000002, -1.47525, -0.0001, -0.009324
14, 9.430000000000001, -1.4649999999999999, 0, 9.43035, -1.4659, -0.0001, -0.009308
14, 9.430000000000001, -1.4549999999999998, 0, 9.4303, -1.4551500000000002, -0.0001, -0.009334
15, 9.440000000000001, -1.4549999999999998, 0, 9.43895, -1.45475, -5e-05, -0.009329
15, 9.450000000000001, -1.4549999999999998, 0, 9.45045, -1.4548, -5e-05, -0.009308
15, 9.46, -1.4549999999999998, 0, 9.459800000000001, -1.4549, -0.0, -0.009303
15, 9.47, -1.4549999999999998, 0, 9.4701, -1.4550500000000002, 5e-05, -0.00935
15, 9.48, -1.4549999999999998, 0, 9.4805, -1.4551, 0.0001, -0.009355
15, 9.49, -1.4549999999999998, 0, 9.489700000000001, -1.4551500000000002, 0.0001, -0.00934
15, 9.5, -1.4549999999999998, 0, 9.4998, -1.455, 0.00015000000000000001, -0.009314
15, 9.51, -1.4549999999999998, 0, 9.51015, -1.45495, 0.00015000000000000001, -0.009334
15, 9.52, -1.4549999999999998, 0, 9.5199, -1.4549, 5e-05, -0.00934
15, 9.53, -1.4549999999999998, 0, 9.52965, -1.455, -0.0001, -0.009298
15, 9.54, -1.4549999999999998, 0, 9.539950000000001, -1.4550500000000002, -0.00015000000000000001, -0.00934
15, 9.549999999999999, -1.4549999999999998, 0, 9.5495, -1.4550500000000002, -0.00015000000000000001, -0.009334
15, 9.559999999999999, -1.4549999999999998, 0, 9.55995, -1.4550500000000002, -0.0001, -0.009308
15, 9.569999999999999, -1.4549999999999998, 0, 9.5705, -1.4550500000000002, -0.0, -0.009308
15, 9.579999999999998, -1.4549999999999998, 0, 9.57975, -1.4550500000000002, -0.0, -0.00936
15, 9.579999999999998, -1.4649999999999999, 0, 9.5799, -1.4655, 5e-05, -0.009319
15, 9.579999999999998, -1.4749999999999999, 0, 9.5792, -1.47415, 0.0001, -0.009293
15, 9.579999999999998, -1.4849999999999999, 0, 9.58075, -1.4850500000000002, 0.00015000000000000001, -0.00934
15, 9.579999999999998, -1.4949999999999999, 0, 9.57865, -1.4949000000000001, 0.0001, -0.009334
15, 9.579999999999998, -1.505, 0, 9.58015, -1.5053500000000002, 0.00015000000000000001, -0.009303
15, 9.579999999999998, -1.515, 0, 9.580200000000001, -1.5153500000000002, -0.0, -0.009334
15, 9.579999999999998, -1.525, 0, 9.57925, -1.52515, -0.0, -0.00935
15, 9.579999999999998, -1.535, 0, 9.57985, -1.5356500000000002, -0.0, -0.009298
15, 9.579999999999998, -1.545, 0, 9.580200000000001, -1.54495, -0.0, -0.00935
15, 9.579999999999998, -1.555, 0, 9.58015, -1.5557, -0.0, -0.009298
15, 9.579999999999998, -1.565, 0, 9.5799, -1.5652000000000001, -0.0, -0.00934
15, 9.579999999999998, -1.575, 0, 9.57995, -1.5749000000000002, -0.0001, -0.009303
15, 9.579999999999998, -1.585, 0, 9.5809, -1.5855, -0.0001, -0.009334
15, 9.579999999999998, -1.595, 0, 9.5786, -1.5946000000000002, -0.0001, -0.00934
15, 9.579999999999998, -1.605, 0, 9.5799, -1.6048000000000002, -0.0001, -0.009319
16, 9.569999999999999, -1.605, 0, 9.57115, -1.605, -0.0001, -0.009282
16, 9.559999999999999, -1.605, 0, 9.55995, -1.60495, -0.0001, -0.00934
16, 9.549999999999999, -1.605, 0, 9.549850000000001, -1.6051000000000002, -0.0, -0.00935
16, 9.54, -1.605, 0, 9.54035, -1.60515, -0.0, -0.009314
16, 9.53, -1.605, 0, 9.529950000000001, -1.6052, -5e-05, -0.009293
16, 9.52, -1.605, 0, 9.5205, -1.605, 0.0001, -0.00934
16, 9.51, -1.605, 0, 9.5109, -1.60495, 0.00015000000000000001, -0.009303
16, 9.5, -1.605, 0, 9.50075, -1.60485, 0.00015000000000000001, -0.009303
16, 9.49, -1.605, 0, 9.4899, -1.60485, 5e-05, -0.00934
16, 9.48, -1.605, 0, 9.4805, -1.605, -0.00015000000000000001, -0.009345
16, 9.47, -1.605, 0, 9.4705, -1.605, -0.00015000000000000001, -0.009308
16, 9.46, -1.605, 0, 9.4605, -1.605, -0.0001, -0.009308
16, 9.450000000000001, -1.605, 0, 9.450149999999999, -1.60505, -0.00015000000000000001, -0.009329
16, 9.440000000000001, -1.605, 0, 9.440550000000002, -1.60515, -5e-05, -0.009319
16, 9.430000000000001, -1.605, 0, 9.429950000000002, -1.60515, 5e-05, -0.009303
16, 9.420000000000002, -1.605, 0, 9.42055, -1.60515, 0.00015000000000000001, -0.009303
16, 9.420000000000002, -1.595, 0, 9.42075, -1.59485, 0.00015000000000000001, -0.009334
16, 9.420000000000002, -1.585, 0, 9.4201, -1.5854000000000001, 0.00015000000000000001, -0.00935
16, 9.420000000000002, -1.575, 0, 9.42, -1.57465, 0.0001, -0.009314
16, 9.420000000000002, -1.565, 0, 9.41985, -1.56455, 0.0001, -0.009308
16, 9.420000000000002, -1.555, 0, 9.420200000000001, -1.55485, 5e-05, -0.009329
16, 9.420000000000002, -1.545, 0, 9.4209, -1.5440500000000001, -5e-05, -0.009334
16, 9.420000000000002, -1.535, 0, 9.4198, -1.535, -0.0001, -0.009345
16, 9.420000000000002, -1.525, 0, 9.4206, -1.5251000000000001, -0.0001, -0.009303
16, 9.420000000000002, -1.515, 0, 9.4192, -1.5146000000000002, -0.0001, -0.009293
16, 9.420000000000002, -1.505, 0, 9.421100000000001, -1.5049000000000001, -0.0001, -0.009329
16, 9.420000000000002, -1.4949999999999999, 0, 9.42015, -1.4945500000000003, -5e-05, -0.009345
16, 9.420000000000002, -1.4849999999999999, 0, 9.42, -1.4852, 5e-05, -0.009298
16, 9.420000000000002, -1.4749999999999999, 0, 9.41895, -1.4747000000000001, 0.0001, -0.009324
16, 9.420000000000002, -1.4649999999999999, 0, 9.42055, -1.46615, 0.0001, -0.009329
16, 9.420000000000002, -1.4549999999999998, 0, 9.418700000000001, -1.45465, 0.00015000000000000001, -0.009308
16, 9.420000000000002, -1.4449999999999998, 0, 9.42055, -1.4455500000000001, 0.0001, -0.009298
17, 9.430000000000001, -1.4449999999999998, 0, 9.42815, -1.4451500000000002, -0.0, -0.009324
17, 9.440000000000001, -1.4449999999999998, 0, 9.4405, -1.44525, -0.0, -0.009334
17, 9.450000000000001, -1.4449999999999998, 0, 9.44925, -1.4451500000000002, -0.0, -0.009303
17, 9.46, -1.4449999999999998, 0, 9.46, -1.4452, -0.0, -0.009303
17, 9.47, -1.4449999999999998, 0, 9.469850000000001, -1.4451, -0.0, -0.009293
17, 9.48, -1.4449999999999998, 0, 9.4805, -1.44465, -0.0, -0.00934
17, 9.49, -1.4449999999999998, 0, 9.48995, -1.44465, -0.0, -0.00935
17, 9.5, -1.4449999999999998, 0, 9.499600000000001, -1.4453000000000003, -0.0001, -0.009298
17, 9.51, -1.4449999999999998, 0, 9.5098, -1.4452, -0.00015000000000000001, -0.009308
17, 9.52, -1.4449999999999998, 0, 9.5202, -1.445, -0.00015000000000000001, -0.009329
17, 9.53, -1.4449999999999998, 0, 9.529950000000001, -1.4445500000000002, -0.00015000000000000001, -0.009329
17, 9.54, -1.4449999999999998, 0, 9.54005, -1.4450500000000002, -5e-05, -0.009303
17, 9.549999999999999, -1.4449999999999998, 0, 9.549550000000002, -1.4452, 5e-05, -0.00934
17, 9.559999999999999, -1.4449999999999998, 0, 9.5593, -1.4451, 0.00015000000000000001, -0.009345
17, 9.569999999999999, -1.4449999999999998, 0, 9.5701, -1.4448500000000002, 0.0001, -0.009298
17, 9.579999999999998, -1.4449999999999998, 0, 9.5798, -1.4447, 0.00015000000000000001, -0.009298
17, 9.589999999999998, -1.4449999999999998, 0, 9.5894, -1.44525, 0.0001, -0.009298
17, 9.589999999999998, -1.4549999999999998, 0, 9.5884, -1.4547, 0.0001, -0.009303
17, 9.589999999999998, -1.4649999999999999, 0, 9.58935, -1.4646000000000001, -0.0001, -0.009329
17, 9.589999999999998, -1.4749999999999999, 0, 9.5891, -1.47435, -0.0001, -0.009345
17, 9.589999999999998, -1.4849999999999999, 0, 9.591050000000001, -1.4851500000000002, -0.0001, -0.009308
17, 9.589999999999998, -1.4949999999999999, 0, 9.5888, -1.49495, -0.0001, -0.009303
17, 9.589999999999998, -1.505, 0, 9.590800000000002, -1.50525, -0.0001, -0.009345
17, 9.589999999999998, -1.515, 0, 9.588550000000001, -1.5156, -0.0001, -0.009324
17, 9.589999999999998, -1.525, 0, 9.5899, -1.5253, -0.0, -0.009329
17, 9.589999999999998, -1.535, 0, 9.5891, -1.5355500000000002, 5e-05, -0.009355
17, 9.589999999999998, -1.545, 0, 9.589649999999999, -1.54495, 0.0001, -0.009329
17, 9.589999999999998, -1.555, 0, 9.5892, -1.55475, 0.00015000000000000001, -0.009329
17, 9.589999999999998, -1.565, 0, 9.59, -1.56545, 5e-05, -0.009314
17, 9.589999999999998, -1.575, 0, 9.58985, -1.57515, -5e-05, -0.009314
17, 9.589999999999998, -1.585, 0, 9.589550000000001, -1.5848000000000002, -0.0001, -0.009329
17, 9.589999999999998, -1.595, 0, 9.58915, -1.59495, -0.0001, -0.00934
17, 9.589999999999998, -1.605, 0, 9.5906, -1.60525, -5e-05, -0.00935
17, 9.589999999999998, -1.615, 0, 9.59, -1.6148000000000002, -0.0001, -0.009314
18, 9.579999999999998, -1.615, 0, 9.580800000000002, -1.61495, -0.0001, -0.009287
18, 9.569999999999999, -1.615, 0, 9.5706, -1.61515, -5e-05, -0.00934
18, 9.559999999999999, -1.615, 0, 9.560550000000001, -1.6151000000000002, -5e-05, -0.009314
18, 9.549999999999999, -1.615, 0, 9.54995, -1.6151000000000002, 5e-05, -0.009298
18, 9.54, -1.615, 0, 9.54035, -1.615, 0.00015000000000000001, -0.009334
18, 9.53, -1.615, 0, 9.5299, -1.615, 0.0001, -0.00935
18, 9.52, -1.615, 0, 9.520100000000001, -1.615, 0.00015000000000000001, -0.009308
18, 9.51, -1.615, 0, 9.5103, -1.61495, 0.0001, -0.009303
18, 9.5, -1.615, 0, 9.500800000000002, -1.6149, -5e-05, -0.009329
18, 9.49, -1.615, 0, 9.489700000000001, -1.6149, -0.0001, -0.009345
18, 9.48, -1.615, 0, 9.4808, -1.61495, -0.00015000000000000001, -0.009314
18, 9.47, -1.615, 0, 9.47005, -1.61505, -0.00015000000000000001, -0.009329
18, 9.46, -1.615, 0, 9.46125, -1.61505, -0.0001, -0.009355
18, 9.450000000000001, -1.615, 0, 9.449800000000002, -1.6151000000000002, -5e-05, -0.009314
18, 9.440000000000001, -1.615, 0, 9.44025, -1.6151000000000002, 5e-05, -0.009287
18, 9.430000000000001, -1.615, 0, 9.43045, -1.615, 0.00015000000000000001, -0.009334
18, 9.420000000000002, -1.615, 0, 9.42065, -1.615, 0.00015000000000000001, -0.009308
18, 9.410000000000002, -1.615, 0, 9.41055, -1.615, 0.00015000000000000001, -0.009287
18, 9.410000000000002, -1.605, 0, 9.4104, -1.60505, 0.0001, -0.009303
18, 9.410000000000002, -1.595, 0, 9.40965, -1.5946500000000001, -0.0, -0.009334
18, 9.410000000000002, -1.585, 0, 9.4098, -1.5853000000000002, -0.0, -0.009345
18, 9.410000000000002, -1.575, 0, 9.410200000000001, -1.5746000000000002, -0.0, -0.009314
18, 9.410000000000002, -1.565, 0, 9.410300000000001, -1.56465, -0.0, -0.009293
18, 9.410000000000002, -1.555, 0, 9.409300000000002, -1.5546000000000002, -5e-05, -0.009334
18, 9.410000000000002, -1.545, 0, 9.41175, -1.54445, -0.0001, -0.00935
18, 9.410000000000002, -1.535, 0, 9.4095, -1.5340500000000001, -5e-05, -0.00935
18, 9.410000000000002, -1.525, 0, 9.40975, -1.5246000000000002, -0.0001, -0.009319
18, 9.410000000000002, -1.515, 0, 9.41075, -1.51445, -0.0001, -0.009329
18, 9.410000000000002, -1.505, 0, 9.410050000000002, -1.50405, -0.0001, -0.009298
18, 9.410000000000002, -1.4949999999999999, 0, 9.4099, -1.49465, -0.0001, -0.009345
18, 9.410000000000002, -1.4849999999999999, 0, 9.41075, -1.4854, -5e-05, -0.009303
18, 9.410000000000002, -1.4749999999999999, 0, 9.4099, -1.4745500000000002, -0.0, -0.009298
18, 9.410000000000002, -1.4649999999999999, 0, 9.4098, -1.466, 0.0001, -0.00935
18, 9.410000000000002, -1.4549999999999998, 0, 9.409600000000001, -1.4554, 0.0001, -0.00935
18, 9.410000000000002, -1.4449999999999998, 0, 9.4095, -1.4453000000000003, 0.0001, -0.009277
18, 9.410000000000002, -1.4349999999999998, 0, 9.4105, -1.4353500000000001, 0.0001, -0.00934
19, 9.420000000000002, -1.4349999999999998, 0, 9.418550000000002, -1.43525, 0.0001, -0.009334
19, 9.430000000000001, -1.4349999999999998, 0, 9.429950000000002, -1.435, 0.0001, -0.009308
19, 9.440000000000001, -1.4349999999999998, 0, 9.44025, -1.4349, -5e-05, -0.009303
19, 9.450000000000001, -1.4349999999999998, 0, 9.449800000000002, -1.4351500000000001, -0.00015000000000000001, -0.009334
19, 9.46, -1.4349999999999998, 0, 9.45965, -1.4353500000000001, -0.00015000000000000001, -0.009314
19, 9.47, -1.4349999999999998, 0, 9.469700000000001, -1.4351, -0.00015000000000000001, -0.009303
19, 9.48, -1.4349999999999998, 0, 9.48035, -1.4348500000000002, -0.00015000000000000001, -0.009282
19, 9.49, -1.4349999999999998, 0, 9.49015, -1.43465, -0.0, -0.009329
19, 9.5, -1.4349999999999998, 0, 9.499600000000001, -1.4353500000000001, -0.0, -0.00936
19, 9.51, -1.4349999999999998, 0, 9.510050000000001, -1.4351500000000001, -5e-05, -0.009308
19, 9.52, -1.4349999999999998, 0, 9.5199, -1.4349, 0.0001, -0.009334
19, 9.53, -1.4349999999999998, 0, 9.5297, -1.4349, 0.0002, -0.009319
19, 9.54, -1.4349999999999998, 0, 9.539050000000001, -1.4350500000000002, 0.0002, -0.009314
19, 9.549999999999999, -1.4349999999999998, 0, 9.549700000000001, -1.4352, 0.00015000000000000001, -0.009355
19, 9.559999999999999, -1.4349999999999998, 0, 9.56025, -1.4348500000000002, -0.00015000000000000001, -0.009334
19, 9.569999999999999, -1.4349999999999998, 0, 9.5692, -1.4348500000000002, -0.00015000000000000001, -0.00935
19, 9.579999999999998, -1.4349999999999998, 0, 9.5801, -1.43495, -0.00015000000000000001, -0.009303
19, 9.589999999999998, -1.4349999999999998, 0, 9.589450000000001, -1.4353000000000002, -0.0001, -0.009277
19, 9.599999999999998, -1.4349999999999998, 0, 9.59965, -1.4353000000000002, -0.0, -0.009324
19, 9.599999999999998, -1.4449999999999998, 0, 9.599200000000002, -1.445, -5e-05, -0.00935
19, 9.599999999999998, -1.4549999999999998, 0, 9.6004, -1.45425, 5e-05, -0.009314
19, 9.599999999999998, -1.4649999999999999, 0, 9.6, -1.46395, 0.0002, -0.009334
19, 9.599999999999998, -1.4749999999999999, 0, 9.6, -1.47435, 0.00015000000000000001, -0.009314
19, 9.599999999999998, -1.4849999999999999, 0, 9.5997, -1.4854, 5e-05, -0.009303
19, 9.599999999999998, -1.4949999999999999, 0, 9.60015, -1.4951, -0.0001, -0.00934
19, 9.599999999999998, -1.505, 0, 9.6003, -1.5053500000000002, -0.0001, -0.009308
19, 9.599999999999998, -1.515, 0, 9.5995, -1.5148000000000001, -5e-05, -0.009334
19, 9.599999999999998, -1.525, 0, 9.5981, -1.52545, -0.0, -0.00934
19, 9.599999999999998, -1.535, 0, 9.59985, -1.5356, 0.0001, -0.009298
19, 9.599999999999998, -1.545, 0, 9.599950000000002, -1.5451000000000001, 0.0001, -0.00934
19, 9.599999999999998, -1.555, 0, 9.60045, -1.5558500000000002, 0.0001, -0.009308
19, 9.599999999999998, -1.565, 0, 9.5999, -1.56575, 0.00015000000000000001, -0.00934
19, 9.599999999999998, -1.575, 0, 9.599800000000002, -1.5753000000000001, 5e-05, -0.009303
19, 9.599999999999998, -1.585, 0, 9.59875, -1.5848000000000002, -5e-05, -0.009329
19, 9.599999999999998, -1.595, 0, 9.599950000000002, -1.59515, -0.0001, -0.009355
19, 9.599999999999998, -1.605, 0, 9.60015, -1.6045, -0.0001, -0.009319
19, 9.599999999999998, -1.615, 0, 9.5996, -1.6152, -0.0001, -0.009303
19, 9.599999999999998, -1.625, 0, 9.600200000000001, -1.6254000000000002, -0.0001, -0.009319
0, 9.5, -1.525, 0.1, 9.600800000000001, -1.6254000000000002, -0.0001, -0.009298
