Voltage = 3.6, Current = 18.2, Pinhole = 10um, Objective = 20x, NA = 0.42 
0, 10.27, -1.525, -0.071, 10.27035, -1.525, -0.07095, -0.008208
1, 10.2715, -1.525, -0.071, 10.271, -1.52495, -0.07095, -0.008203
1, 10.2715, -1.5265, -0.071, 10.27175, -1.52625, -0.0709, -0.008307
2, 10.27, -1.5265, -0.071, 10.2703, -1.5273500000000002, -0.0709, -0.008234
2, 10.2685, -1.5265, -0.071, 10.2688, -1.5267, -0.07095, -0.008255
2, 10.2685, -1.525, -0.071, 10.268400000000002, -1.5251000000000001, -0.07095, -0.008229
2, 10.2685, -1.5234999999999999, -0.071, 10.2682, -1.5235500000000002, -0.071, -0.00814
3, 10.27, -1.5234999999999999, -0.071, 10.27, -1.5233500000000002, -0.07105, -0.008224
3, 10.2715, -1.5234999999999999, -0.071, 10.271300000000002, -1.52325, -0.07115, -0.008203
3, 10.273, -1.5234999999999999, -0.071, 10.272900000000002, -1.5233, -0.07110000000000001, -0.008182
3, 10.273, -1.525, -0.071, 10.273200000000001, -1.52445, -0.07110000000000001, -0.008218
3, 10.273, -1.5265, -0.071, 10.27325, -1.52695, -0.07110000000000001, -0.00826
3, 10.273, -1.528, -0.071, 10.273200000000001, -1.5278500000000002, -0.07110000000000001, -0.008328
4, 10.2715, -1.528, -0.071, 10.271700000000001, -1.5282, -0.07110000000000001, -0.008291
4, 10.27, -1.528, -0.071, 10.270050000000001, -1.5288000000000002, -0.071, -0.008271
4, 10.2685, -1.528, -0.071, 10.268400000000002, -1.5281500000000001, -0.071, -0.008291
4, 10.267, -1.528, -0.071, 10.267100000000001, -1.528, -0.07105, -0.008281
4, 10.267, -1.5265, -0.071, 10.266950000000001, -1.52635, -0.07095, -0.008234
4, 10.267, -1.525, -0.071, 10.26675, -1.52495, -0.07085000000000001, -0.008218
4, 10.267, -1.5234999999999999, -0.071, 10.26675, -1.52345, -0.0709, -0.008198
4, 10.267, -1.5219999999999998, -0.071, 10.267050000000001, -1.5216500000000002, -0.0709, -0.00814
5, 10.2685, -1.5219999999999998, -0.071, 10.268450000000001, -1.5215500000000002, -0.07085000000000001, -0.008125
5, 10.27, -1.5219999999999998, -0.071, 10.269900000000002, -1.5218500000000001, -0.0709, -0.008135
5, 10.2715, -1.5219999999999998, -0.071, 10.271600000000001, -1.5221500000000001, -0.071, -0.008192
5, 10.273, -1.5219999999999998, -0.071, 10.272900000000002, -1.5223000000000002, -0.071, -0.008119
5, 10.2745, -1.5219999999999998, -0.071, 10.27445, -1.5221500000000001, -0.071, -0.00825
5, 10.2745, -1.5234999999999999, -0.071, 10.2745, -1.52265, -0.071, -0.008198
5, 10.2745, -1.525, -0.071, 10.274550000000001, -1.5251000000000001, -0.071, -0.008265
5, 10.2745, -1.5265, -0.071, 10.274650000000001, -1.5268000000000002, -0.071, -0.008276
5, 10.2745, -1.528, -0.071, 10.274650000000001, -1.5279, -0.071, -0.008318
5, 10.2745, -1.5295, -0.071, 10.274650000000001, -1.5303000000000002, -0.071, -0.008291
6, 10.273, -1.5295, -0.071, 10.273050000000001, -1.5301500000000001, -0.071, -0.008291
6, 10.2715, -1.5295, -0.071, 10.271600000000001, -1.5295, -0.071, -0.008328
6, 10.27, -1.5295, -0.071, 10.269950000000001, -1.5295500000000002, -0.071, -0.008312
6, 10.2685, -1.5295, -0.071, 10.2685, -1.52945, -0.071, -0.008276
6, 10.267, -1.5295, -0.071, 10.267, -1.5293500000000002, -0.071, -0.008276
6, 10.2655, -1.5295, -0.071, 10.265550000000001, -1.5294, -0.071, -0.008307
6, 10.2655, -1.528, -0.071, 10.265450000000001, -1.5281500000000001, -0.071, -0.008307
6, 10.2655, -1.5265, -0.071, 10.265400000000001, -1.52635, -0.071, -0.00826
6, 10.2655, -1.525, -0.071, 10.265450000000001, -1.52495, -0.071, -0.008203
6, 10.2655, -1.5234999999999999, -0.071, 10.265400000000001, -1.5234, -0.071, -0.008166
6, 10.2655, -1.5219999999999998, -0.071, 10.26535, -1.5215500000000002, -0.071, -0.008083
6, 10.2655, -1.5204999999999997, -0.071, 10.265450000000001, -1.5207, -0.071, -0.007968
7, 10.267, -1.5204999999999997, -0.071, 10.266800000000002, -1.5201500000000001, -0.071, -0.008046
7, 10.2685, -1.5204999999999997, -0.071, 10.2685, -1.5199500000000001, -0.071, -0.008093
7, 10.27, -1.5204999999999997, -0.071, 10.269950000000001, -1.52045, -0.071, -0.008072
7, 10.2715, -1.5204999999999997, -0.071, 10.271450000000002, -1.5205500000000003, -0.071, -0.008057
7, 10.273, -1.5204999999999997, -0.071, 10.272950000000002, -1.52065, -0.071, -0.008083
7, 10.2745, -1.5204999999999997, -0.071, 10.274400000000002, -1.52065, -0.071, -0.008078
7, 10.276, -1.5204999999999997, -0.071, 10.27595, -1.5206000000000002, -0.071, -0.008062
7, 10.276, -1.5219999999999998, -0.071, 10.276200000000001, -1.5210500000000002, -0.071, -0.00813
7, 10.276, -1.5234999999999999, -0.071, 10.276200000000001, -1.52375, -0.071, -0.008177
7, 10.276, -1.525, -0.071, 10.27625, -1.52525, -0.071, -0.008276
7, 10.276, -1.5265, -0.071, 10.276050000000001, -1.5268000000000002, -0.07095, -0.008344
7, 10.276, -1.528, -0.071, 10.27595, -1.5277, -0.07105, -0.008312
7, 10.276, -1.5295, -0.071, 10.27595, -1.5304, -0.0712, -0.008302
7, 10.276, -1.5310000000000001, -0.071, 10.275900000000002, -1.53075, -0.07115, -0.008281
8, 10.2745, -1.5310000000000001, -0.071, 10.274700000000001, -1.531, -0.0712, -0.008359
8, 10.273, -1.5310000000000001, -0.071, 10.27325, -1.5312000000000001, -0.07110000000000001, -0.008333
8, 10.2715, -1.5310000000000001, -0.071, 10.271550000000001, -1.53125, -0.07105, -0.008286
8, 10.27, -1.5310000000000001, -0.071, 10.2702, -1.5313, -0.07095, -0.008281
8, 10.2685, -1.5310000000000001, -0.071, 10.26835, -1.5311000000000001, -0.07085000000000001, -0.008307
8, 10.267, -1.5310000000000001, -0.071, 10.26715, -1.5310500000000002, -0.07085000000000001, -0.008323
8, 10.2655, -1.5310000000000001, -0.071, 10.265550000000001, -1.531, -0.0709, -0.008281
8, 10.264, -1.5310000000000001, -0.071, 10.26415, -1.53095, -0.0709, -0.008307
8, 10.264, -1.5295, -0.071, 10.264050000000001, -1.52975, -0.07095, -0.008281
8, 10.264, -1.528, -0.071, 10.263900000000001, -1.5279, -0.07105, -0.00826
8, 10.264, -1.5265, -0.071, 10.26385, -1.52625, -0.0712, -0.008271
8, 10.264, -1.525, -0.071, 10.263900000000001, -1.52485, -0.0712, -0.008198
8, 10.264, -1.5234999999999999, -0.071, 10.263900000000001, -1.5233500000000002, -0.0712, -0.008177
8, 10.264, -1.5219999999999998, -0.071, 10.263900000000001, -1.5218000000000003, -0.07110000000000001, -0.008119
8, 10.264, -1.5204999999999997, -0.071, 10.263900000000001, -1.5203000000000002, -0.07105, -0.008031
8, 10.264, -1.5189999999999997, -0.071, 10.263900000000001, -1.51875, -0.07095, -0.007968
9, 10.2655, -1.5189999999999997, -0.071, 10.2655, -1.5184000000000002, -0.0709, -0.007958
9, 10.267, -1.5189999999999997, -0.071, 10.266950000000001, -1.5187, -0.07085000000000001, -0.007994
9, 10.2685, -1.5189999999999997, -0.071, 10.26835, -1.51875, -0.07085000000000001, -0.007874
9, 10.27, -1.5189999999999997, -0.071, 10.270050000000001, -1.5188000000000001, -0.07085000000000001, -0.008072
9, 10.2715, -1.5189999999999997, -0.071, 10.27135, -1.5188000000000001, -0.07095, -0.007921
9, 10.273, -1.5189999999999997, -0.071, 10.272950000000002, -1.51885, -0.07105, -0.007843
9, 10.2745, -1.5189999999999997, -0.071, 10.27445, -1.5199500000000001, -0.07115, -0.008041
9, 10.276, -1.5189999999999997, -0.071, 10.27595, -1.5191000000000001, -0.07115, -0.007921
9, 10.2775, -1.5189999999999997, -0.071, 10.27745, -1.5191000000000001, -0.07110000000000001, -0.007937
9, 10.2775, -1.5204999999999997, -0.071, 10.277700000000001, -1.5200500000000001, -0.07110000000000001, -0.008098
9, 10.2775, -1.5219999999999998, -0.071, 10.27785, -1.5219500000000001, -0.07110000000000001, -0.008198
9, 10.2775, -1.5234999999999999, -0.071, 10.2776, -1.5235500000000002, -0.071, -0.008187
9, 10.2775, -1.525, -0.071, 10.27745, -1.52515, -0.071, -0.008302
9, 10.2775, -1.5265, -0.071, 10.27745, -1.52695, -0.071, -0.008328
9, 10.2775, -1.528, -0.071, 10.27745, -1.5282, -0.071, -0.008307
9, 10.2775, -1.5295, -0.071, 10.27745, -1.5298000000000003, -0.071, -0.008318
9, 10.2775, -1.5310000000000001, -0.071, 10.27745, -1.5308000000000002, -0.071, -0.008349
9, 10.2775, -1.5325000000000002, -0.071, 10.27745, -1.5324, -0.071, -0.008338
10, 10.276, -1.5325000000000002, -0.071, 10.27655, -1.53255, -0.071, -0.008323
10, 10.2745, -1.5325000000000002, -0.071, 10.27445, -1.5330500000000002, -0.071, -0.008328
