Voltage = 3.6, Current = 18.1, Pinhole = 10um, Objective = 20x, NA = 0.42 
0, 9.5, -1.525, 0, 9.50055, -1.5253500000000002, -5e-05, -0.009298
1, 9.51, -1.525, 0, 9.50955, -1.52545, -0.0, -0.009334
1, 9.51, -1.535, 0, 9.50975, -1.535, -5e-05, -0.009298
2, 9.5, -1.535, 0, 9.50175, -1.53515, -0.0, -0.009287
2, 9.49, -1.535, 0, 9.48995, -1.53515, -5e-05, -0.009334
2, 9.49, -1.525, 0, 9.490800000000002, -1.52425, 5e-05, -0.009293
2, 9.49, -1.515, 0, 9.489700000000001, -1.5140500000000001, 0.00015000000000000001, -0.009324
3, 9.5, -1.515, 0, 9.49985, -1.5153500000000002, 0.00015000000000000001, -0.009272
3, 9.51, -1.515, 0, 9.5091, -1.51525, 0.00015000000000000001, -0.009329
3, 9.52, -1.515, 0, 9.5206, -1.51515, -0.0, -0.009319
3, 9.52, -1.525, 0, 9.52035, -1.52485, -0.0001, -0.009277
3, 9.52, -1.535, 0, 9.5181, -1.5352000000000001, -0.0001, -0.009293
3, 9.52, -1.545, 0, 9.520550000000002, -1.54595, -0.0001, -0.009355
4, 9.51, -1.545, 0, 9.510950000000001, -1.5446000000000002, -0.0001, -0.009298
4, 9.5, -1.545, 0, 9.500950000000001, -1.5448000000000002, -5e-05, -0.009324
4, 9.49, -1.545, 0, 9.490200000000002, -1.545, -0.0, -0.009324
4, 9.48, -1.545, 0, 9.48095, -1.545, -0.0, -0.009298
4, 9.48, -1.535, 0, 9.4801, -1.53485, -0.0, -0.009287
4, 9.48, -1.525, 0, 9.4791, -1.52465, -0.0, -0.009334
4, 9.48, -1.515, 0, 9.47945, -1.51495, -0.0, -0.009293
4, 9.48, -1.505, 0, 9.4791, -1.50515, -0.0, -0.009345
5, 9.49, -1.505, 0, 9.490050000000002, -1.50515, -0.0, -0.009308
5, 9.5, -1.505, 0, 9.49975, -1.5051, 5e-05, -0.009293
5, 9.51, -1.505, 0, 9.50915, -1.505, 0.00015000000000000001, -0.009334
5, 9.52, -1.505, 0, 9.5205, -1.50495, 0.00015000000000000001, -0.009303
5, 9.53, -1.505, 0, 9.529399999999999, -1.505, 0.00015000000000000001, -0.009287
5, 9.53, -1.515, 0, 9.5295, -1.5153500000000002, 0.0001, -0.009324
5, 9.53, -1.525, 0, 9.53045, -1.52485, -5e-05, -0.009303
5, 9.53, -1.535, 0, 9.529050000000002, -1.5352000000000001, -0.0001, -0.009298
5, 9.53, -1.545, 0, 9.530050000000001, -1.5456, -0.0001, -0.009319
5, 9.53, -1.555, 0, 9.53025, -1.5552000000000001, -0.0001, -0.009277
6, 9.52, -1.555, 0, 9.5202, -1.5553500000000002, -0.0001, -0.009324
6, 9.51, -1.555, 0, 9.5106, -1.55495, -0.0001, -0.009308
6, 9.5, -1.555, 0, 9.5001, -1.5549000000000002, -5e-05, -0.009298
6, 9.49, -1.555, 0, 9.490450000000001, -1.55485, 5e-05, -0.009334
6, 9.48, -1.555, 0, 9.480300000000002, -1.5553500000000002, -0.0, -0.009298
6, 9.47, -1.555, 0, 9.4704, -1.5553500000000002, 5e-05, -0.009282
6, 9.47, -1.545, 0, 9.469700000000001, -1.545, 5e-05, -0.00935
6, 9.47, -1.535, 0, 9.471350000000001, -1.5348000000000002, -5e-05, -0.009293
6, 9.47, -1.525, 0, 9.4696, -1.52465, -5e-05, -0.009287
6, 9.47, -1.515, 0, 9.4687, -1.5149000000000001, -5e-05, -0.009334
6, 9.47, -1.505, 0, 9.4696, -1.50515, -5e-05, -0.009287
6, 9.47, -1.4949999999999999, 0, 9.471, -1.4956500000000001, -5e-05, -0.009314
7, 9.48, -1.4949999999999999, 0, 9.48025, -1.4945, -5e-05, -0.009293
7, 9.49, -1.4949999999999999, 0, 9.48985, -1.49495, 5e-05, -0.009319
7, 9.5, -1.4949999999999999, 0, 9.49985, -1.4951500000000002, 0.00015000000000000001, -0.009303
7, 9.51, -1.4949999999999999, 0, 9.50925, -1.4951500000000002, 0.00015000000000000001, -0.009282
7, 9.52, -1.4949999999999999, 0, 9.5203, -1.49495, 5e-05, -0.00934
7, 9.53, -1.4949999999999999, 0, 9.52945, -1.4948500000000002, -0.0, -0.009329
7, 9.54, -1.4949999999999999, 0, 9.54035, -1.4948500000000002, -5e-05, -0.009287
7, 9.54, -1.505, 0, 9.53945, -1.5048000000000001, -5e-05, -0.009334
7, 9.54, -1.515, 0, 9.53945, -1.5151000000000001, -0.0001, -0.009324
7, 9.54, -1.525, 0, 9.53885, -1.5249000000000001, -5e-05, -0.009293
7, 9.54, -1.535, 0, 9.539550000000002, -1.53465, -0.0, -0.009324
7, 9.54, -1.545, 0, 9.5408, -1.54595, -0.0, -0.009293
7, 9.54, -1.555, 0, 9.5408, -1.55485, -0.0, -0.00934
7, 9.54, -1.565, 0, 9.539100000000001, -1.56595, -0.0, -0.009282
8, 9.53, -1.565, 0, 9.53025, -1.5653000000000001, -0.0, -0.009334
8, 9.52, -1.565, 0, 9.52045, -1.5646000000000002, 5e-05, -0.009298
8, 9.51, -1.565, 0, 9.5106, -1.56525, 0.0001, -0.009319
8, 9.5, -1.565, 0, 9.50015, -1.5653500000000002, 5e-05, -0.00934
8, 9.49, -1.565, 0, 9.490950000000002, -1.56475, 0.0001, -0.009287
8, 9.48, -1.565, 0, 9.4807, -1.56465, 0.0001, -0.009277
8, 9.47, -1.565, 0, 9.469800000000001, -1.5650500000000003, 5e-05, -0.009355
8, 9.46, -1.565, 0, 9.4605, -1.5652000000000001, -0.0, -0.009298
8, 9.46, -1.555, 0, 9.46005, -1.55465, -0.0, -0.009303
8, 9.46, -1.545, 0, 9.4605, -1.5443500000000001, -5e-05, -0.009324
8, 9.46, -1.535, 0, 9.459800000000001, -1.53525, -5e-05, -0.009334
8, 9.46, -1.525, 0, 9.460700000000001, -1.5251000000000001, -5e-05, -0.00935
8, 9.46, -1.515, 0, 9.4594, -1.51475, -5e-05, -0.009287
8, 9.46, -1.505, 0, 9.4605, -1.5050500000000002, -5e-05, -0.009324
8, 9.46, -1.4949999999999999, 0, 9.46025, -1.49425, -0.0001, -0.009324
8, 9.46, -1.4849999999999999, 0, 9.45975, -1.4847000000000001, -5e-05, -0.009298
9, 9.47, -1.4849999999999999, 0, 9.4694, -1.48475, 5e-05, -0.009319
9, 9.48, -1.4849999999999999, 0, 9.48035, -1.4848500000000002, 5e-05, -0.009345
9, 9.49, -1.4849999999999999, 0, 9.49025, -1.4848500000000002, 5e-05, -0.009314
9, 9.5, -1.4849999999999999, 0, 9.500300000000001, -1.4849, 5e-05, -0.009303
9, 9.51, -1.4849999999999999, 0, 9.5096, -1.48495, 0.0001, -0.009334
9, 9.52, -1.4849999999999999, 0, 9.52, -1.4849, 0.0001, -0.009334
9, 9.53, -1.4849999999999999, 0, 9.53035, -1.48495, -5e-05, -0.009298
9, 9.54, -1.4849999999999999, 0, 9.54025, -1.48495, -5e-05, -0.009272
9, 9.549999999999999, -1.4849999999999999, 0, 9.54975, -1.48495, -5e-05, -0.009324
9, 9.549999999999999, -1.4949999999999999, 0, 9.5492, -1.49545, -0.0001, -0.009334
9, 9.549999999999999, -1.505, 0, 9.5505, -1.5047000000000001, -0.0001, -0.009303
9, 9.549999999999999, -1.515, 0, 9.54965, -1.5153500000000002, -5e-05, -0.009308
9, 9.549999999999999, -1.525, 0, 9.549, -1.525, -5e-05, -0.009329
9, 9.549999999999999, -1.535, 0, 9.55025, -1.53575, 5e-05, -0.009298
9, 9.549999999999999, -1.545, 0, 9.55015, -1.54445, 5e-05, -0.009319
9, 9.549999999999999, -1.555, 0, 9.5494, -1.5558500000000002, -0.0, -0.009314
9, 9.549999999999999, -1.565, 0, 9.549800000000001, -1.5648000000000002, 5e-05, -0.009319
9, 9.549999999999999, -1.575, 0, 9.5499, -1.57545, 0.0001, -0.009298
10, 9.54, -1.575, 0, 9.54045, -1.57485, -0.0, -0.009314
10, 9.53, -1.575, 0, 9.53075, -1.57475, -0.0, -0.009319
10, 9.52, -1.575, 0, 9.52065, -1.5752000000000002, -0.0001, -0.009293
10, 9.51, -1.575, 0, 9.51075, -1.5751000000000002, -0.0001, -0.009324
10, 9.5, -1.575, 0, 9.5009, -1.5748000000000002, -0.0001, -0.009314
10, 9.49, -1.575, 0, 9.48995, -1.57475, -0.00015000000000000001, -0.009298
10, 9.48, -1.575, 0, 9.4795, -1.5751000000000002, -0.0001, -0.009314
10, 9.47, -1.575, 0, 9.47035, -1.5755, -0.0001, -0.009298
10, 9.46, -1.575, 0, 9.4604, -1.5752000000000002, -5e-05, -0.009277
10, 9.450000000000001, -1.575, 0, 9.4502, -1.5749000000000002, -5e-05, -0.009334
10, 9.450000000000001, -1.565, 0, 9.45065, -1.5648000000000002, 5e-05, -0.009334
10, 9.450000000000001, -1.555, 0, 9.44945, -1.5541500000000001, 0.00015000000000000001, -0.009298
10, 9.450000000000001, -1.545, 0, 9.4502, -1.54485, 5e-05, -0.009314
10, 9.450000000000001, -1.535, 0, 9.4511, -1.5350500000000002, -5e-05, -0.009308
10, 9.450000000000001, -1.525, 0, 9.4491, -1.5245, -0.0001, -0.009329
10, 9.450000000000001, -1.515, 0, 9.450800000000001, -1.51495, -5e-05, -0.00934
10, 9.450000000000001, -1.505, 0, 9.44915, -1.5046000000000002, -0.0001, -0.009287
10, 9.450000000000001, -1.4949999999999999, 0, 9.4501, -1.4957, -0.0001, -0.00934
10, 9.450000000000001, -1.4849999999999999, 0, 9.450050000000001, -1.4848000000000001, -0.0001, -0.009345
10, 9.450000000000001, -1.4749999999999999, 0, 9.4496, -1.47585, -0.0, -0.009303
11, 9.46, -1.4749999999999999, 0, 9.459850000000001, -1.4754500000000002, -5e-05, -0.009277
11, 9.47, -1.4749999999999999, 0, 9.47, -1.4743000000000002, 5e-05, -0.009334
11, 9.48, -1.4749999999999999, 0, 9.479800000000001, -1.4754500000000002, 0.00015000000000000001, -0.009334
11, 9.49, -1.4749999999999999, 0, 9.4889, -1.4754, 0.00015000000000000001, -0.009303
11, 9.5, -1.4749999999999999, 0, 9.501149999999999, -1.4746000000000001, 0.00015000000000000001, -0.009329
11, 9.51, -1.4749999999999999, 0, 9.51025, -1.4745500000000002, 5e-05, -0.009303
11, 9.52, -1.4749999999999999, 0, 9.52, -1.4754500000000002, -5e-05, -0.009314
11, 9.53, -1.4749999999999999, 0, 9.5295, -1.47465, -0.0001, -0.00935
11, 9.54, -1.4749999999999999, 0, 9.539050000000001, -1.4745500000000002, -0.0001, -0.009303
11, 9.549999999999999, -1.4749999999999999, 0, 9.5507, -1.4755, -0.0001, -0.009298
11, 9.559999999999999, -1.4749999999999999, 0, 9.55985, -1.4753500000000002, -0.0001, -0.009298
11, 9.559999999999999, -1.4849999999999999, 0, 9.5592, -1.48465, -0.0001, -0.009282
11, 9.559999999999999, -1.4949999999999999, 0, 9.5601, -1.4948000000000001, -0.0, -0.009334
11, 9.559999999999999, -1.505, 0, 9.5604, -1.5048500000000002, -5e-05, -0.00934
11, 9.559999999999999, -1.515, 0, 9.5605, -1.5156500000000002, 5e-05, -0.009272
11, 9.559999999999999, -1.525, 0, 9.560550000000001, -1.52485, 0.0001, -0.009303
11, 9.559999999999999, -1.535, 0, 9.55875, -1.5356500000000002, 0.00015000000000000001, -0.009329
11, 9.559999999999999, -1.545, 0, 9.56035, -1.5445, 0.00015000000000000001, -0.009308
11, 9.559999999999999, -1.555, 0, 9.559050000000001, -1.5558, -5e-05, -0.009324
11, 9.559999999999999, -1.565, 0, 9.5601, -1.5650500000000003, -5e-05, -0.009303
11, 9.559999999999999, -1.575, 0, 9.5592, -1.5755500000000002, -5e-05, -0.009329
11, 9.559999999999999, -1.585, 0, 9.5606, -1.58575, -0.0001, -0.009303
12, 9.549999999999999, -1.585, 0, 9.551300000000001, -1.58575, -5e-05, -0.009303
12, 9.54, -1.585, 0, 9.5404, -1.585, -0.0001, -0.00935
12, 9.53, -1.585, 0, 9.5303, -1.5850500000000003, -5e-05, -0.009308
12, 9.52, -1.585, 0, 9.5196, -1.5847, -5e-05, -0.009329
12, 9.51, -1.585, 0, 9.510399999999999, -1.58495, 5e-05, -0.00936
12, 9.5, -1.585, 0, 9.5005, -1.5852, 0.0001, -0.009324
12, 9.49, -1.585, 0, 9.490050000000002, -1.5849000000000002, -0.0, -0.009319
12, 9.48, -1.585, 0, 9.48115, -1.5848000000000002, -0.0, -0.009298
12, 9.47, -1.585, 0, 9.47, -1.58485, -0.0, -0.009329
12, 9.46, -1.585, 0, 9.46125, -1.5850500000000003, -5e-05, -0.00934
12, 9.450000000000001, -1.585, 0, 9.44975, -1.5852, -0.0001, -0.009319
12, 9.440000000000001, -1.585, 0, 9.44065, -1.5852, -0.0001, -0.009293
12, 9.440000000000001, -1.575, 0, 9.440850000000001, -1.5747, -5e-05, -0.009329
12, 9.440000000000001, -1.565, 0, 9.439350000000001, -1.5648000000000002, -0.0001, -0.009329
12, 9.440000000000001, -1.555, 0, 9.439950000000001, -1.55465, -0.0, -0.009287
12, 9.440000000000001, -1.545, 0, 9.440700000000001, -1.54485, -0.0, -0.009324
12, 9.440000000000001, -1.535, 0, 9.44015, -1.53445, -0.0, -0.009298
12, 9.440000000000001, -1.525, 0, 9.440050000000001, -1.52515, -0.0, -0.009329
12, 9.440000000000001, -1.515, 0, 9.44045, -1.5148000000000001, 5e-05, -0.009308
12, 9.440000000000001, -1.505, 0, 9.4405, -1.5049000000000001, 0.0001, -0.009298
12, 9.440000000000001, -1.4949999999999999, 0, 9.4405, -1.49445, 0.00015000000000000001, -0.009334
12, 9.440000000000001, -1.4849999999999999, 0, 9.439200000000001, -1.48475, 0.00015000000000000001, -0.009298
12, 9.440000000000001, -1.4749999999999999, 0, 9.4404, -1.4748, 0.0001, -0.009324
12, 9.440000000000001, -1.4649999999999999, 0, 9.44125, -1.46575, -0.0, -0.009345
13, 9.450000000000001, -1.4649999999999999, 0, 9.4497, -1.4644000000000001, -0.0, -0.009329
13, 9.46, -1.4649999999999999, 0, 9.459700000000002, -1.4645, -0.0, -0.00934
13, 9.47, -1.4649999999999999, 0, 9.4701, -1.4655, -5e-05, -0.009303
13, 9.48, -1.4649999999999999, 0, 9.480450000000001, -1.4654500000000001, -5e-05, -0.009314
13, 9.49, -1.4649999999999999, 0, 9.49015, -1.4646000000000001, -5e-05, -0.009329
13, 9.5, -1.4649999999999999, 0, 9.50025, -1.4645, -0.0001, -0.009334
13, 9.51, -1.4649999999999999, 0, 9.50975, -1.4653500000000002, -5e-05, -0.009298
13, 9.52, -1.4649999999999999, 0, 9.5199, -1.4648, -5e-05, -0.009272
13, 9.53, -1.4649999999999999, 0, 9.52955, -1.4653500000000002, -0.0, -0.009345
13, 9.54, -1.4649999999999999, 0, 9.538950000000002, -1.4653500000000002, -0.0, -0.009324
13, 9.549999999999999, -1.4649999999999999, 0, 9.54995, -1.4648, -0.0, -0.009329
13, 9.559999999999999, -1.4649999999999999, 0, 9.56, -1.4645500000000002, -0.0, -0.009314
13, 9.569999999999999, -1.4649999999999999, 0, 9.5699, -1.46495, -0.0, -0.00934
13, 9.569999999999999, -1.4749999999999999, 0, 9.569600000000001, -1.47415, -0.0, -0.009298
13, 9.569999999999999, -1.4849999999999999, 0, 9.57, -1.48475, -0.0, -0.009287
13, 9.569999999999999, -1.4949999999999999, 0, 9.5701, -1.4955, -0.0, -0.009329
13, 9.569999999999999, -1.505, 0, 9.570050000000002, -1.505, 5e-05, -0.009355
13, 9.569999999999999, -1.515, 0, 9.56995, -1.5153500000000002, -0.0, -0.009303
13, 9.569999999999999, -1.525, 0, 9.56865, -1.52525, -0.0, -0.009287
13, 9.569999999999999, -1.535, 0, 9.570649999999999, -1.5354, -0.0, -0.00934
13, 9.569999999999999, -1.545, 0, 9.568950000000001, -1.54525, 5e-05, -0.009308
13, 9.569999999999999, -1.555, 0, 9.570350000000001, -1.5556, 5e-05, -0.00934
13, 9.569999999999999, -1.565, 0, 9.56995, -1.56485, -0.0, -0.009298
13, 9.569999999999999, -1.575, 0, 9.5705, -1.5748000000000002, 5e-05, -0.009324
13, 9.569999999999999, -1.585, 0, 9.57135, -1.5853000000000002, 5e-05, -0.009345
13, 9.569999999999999, -1.595, 0, 9.569600000000001, -1.59485, 5e-05, -0.009293
14, 9.559999999999999, -1.595, 0, 9.562, -1.59485, -5e-05, -0.009324
14, 9.549999999999999, -1.595, 0, 9.54975, -1.595, -5e-05, -0.009345
14, 9.54, -1.595, 0, 9.540700000000001, -1.595, -5e-05, -0.009282
14, 9.53, -1.595, 0, 9.53025, -1.595, -5e-05, -0.009319
14, 9.52, -1.595, 0, 9.520550000000002, -1.59495, -5e-05, -0.009308
14, 9.51, -1.595, 0, 9.510800000000001, -1.59545, -5e-05, -0.009287
14, 9.5, -1.595, 0, 9.5009, -1.595, 5e-05, -0.009334
14, 9.49, -1.595, 0, 9.4906, -1.5948000000000002, 0.0001, -0.009308
14, 9.48, -1.595, 0, 9.47925, -1.59485, 0.0001, -0.009319
14, 9.47, -1.595, 0, 9.47, -1.59495, 0.00015000000000000001, -0.009293
14, 9.46, -1.595, 0, 9.460450000000002, -1.5952, -5e-05, -0.009308
14, 9.450000000000001, -1.595, 0, 9.451, -1.59515, -0.0001, -0.009345
14, 9.440000000000001, -1.595, 0, 9.4404, -1.59515, -0.0001, -0.009303
14, 9.430000000000001, -1.595, 0, 9.43055, -1.59505, -0.00015000000000000001, -0.009272
14, 9.430000000000001, -1.585, 0, 9.4306, -1.5853000000000002, -0.0001, -0.009334
14, 9.430000000000001, -1.575, 0, 9.429300000000001, -1.5745, -0.0001, -0.009345
14, 9.430000000000001, -1.565, 0, 9.429950000000002, -1.5647, -0.0001, -0.009314
14, 9.430000000000001, -1.555, 0, 9.429950000000002, -1.5549000000000002, -0.0, -0.00934
14, 9.430000000000001, -1.545, 0, 9.430950000000001, -1.54465, 5e-05, -0.009303
14, 9.430000000000001, -1.535, 0, 9.429450000000001, -1.53435, 5e-05, -0.009324
14, 9.430000000000001, -1.525, 0, 9.4296, -1.52515, 5e-05, -0.009298
14, 9.430000000000001, -1.515, 0, 9.4297, -1.51495, 0.0001, -0.009303
14, 9.430000000000001, -1.505, 0, 9.43085, -1.5051, -0.0, -0.009329
14, 9.430000000000001, -1.4949999999999999, 0, 9.429950000000002, -1.49435, 5e-05, -0.00934
14, 9.430000000000001, -1.4849999999999999, 0, 9.429300000000001, -1.4848000000000001, -5e-05, -0.009329
14, 9.430000000000001, -1.4749999999999999, 0, 9.430050000000001, -1.47525, -0.0001, -0.009324
14, 9.430000000000001, -1.4649999999999999, 0, 9.429300000000001, -1.4656500000000001, -0.0001, -0.009303
14, 9.430000000000001, -1.4549999999999998, 0, 9.4314, -1.4561000000000002, -0.0001, -0.009282
15, 9.440000000000001, -1.4549999999999998, 0, 9.43985, -1.45475, -5e-05, -0.009298
15, 9.450000000000001, -1.4549999999999998, 0, 9.449399999999999, -1.45495, -5e-05, -0.009324
15, 9.46, -1.4549999999999998, 0, 9.459950000000001, -1.4553000000000003, -5e-05, -0.009329
15, 9.47, -1.4549999999999998, 0, 9.46995, -1.4554, -0.0, -0.009334
15, 9.48, -1.4549999999999998, 0, 9.480649999999999, -1.455, -0.0, -0.009298
15, 9.49, -1.4549999999999998, 0, 9.48975, -1.4549, -0.0, -0.009308
15, 9.5, -1.4549999999999998, 0, 9.4997, -1.4549, -0.0, -0.009303
15, 9.51, -1.4549999999999998, 0, 9.50955, -1.455, -0.0, -0.009334
15, 9.52, -1.4549999999999998, 0, 9.52015, -1.4550500000000002, -0.0, -0.009308
15, 9.53, -1.4549999999999998, 0, 9.5297, -1.4551500000000002, -0.0, -0.009329
15, 9.54, -1.4549999999999998, 0, 9.539, -1.455, 5e-05, -0.009334
15, 9.549999999999999, -1.4549999999999998, 0, 9.549550000000002, -1.45495, 0.0001, -0.009329
15, 9.559999999999999, -1.4549999999999998, 0, 9.55985, -1.4549, 0.00015000000000000001, -0.009329
15, 9.569999999999999, -1.4549999999999998, 0, 9.57055, -1.4549, 0.00015000000000000001, -0.009298
15, 9.579999999999998, -1.4549999999999998, 0, 9.57975, -1.4549, 0.00015000000000000001, -0.009334
15, 9.579999999999998, -1.4649999999999999, 0, 9.57925, -1.4642, 5e-05, -0.009298
15, 9.579999999999998, -1.4749999999999999, 0, 9.580350000000001, -1.4741000000000002, -5e-05, -0.009293
15, 9.579999999999998, -1.4849999999999999, 0, 9.580300000000001, -1.48475, -0.0001, -0.009319
15, 9.579999999999998, -1.4949999999999999, 0, 9.57985, -1.4952, -0.0001, -0.009334
15, 9.579999999999998, -1.505, 0, 9.5798, -1.50525, -0.0001, -0.009293
15, 9.579999999999998, -1.515, 0, 9.5804, -1.51545, -0.00015000000000000001, -0.009314
15, 9.579999999999998, -1.525, 0, 9.579649999999999, -1.52525, -0.0001, -0.009334
15, 9.579999999999998, -1.535, 0, 9.57975, -1.53475, -0.0, -0.009277
15, 9.579999999999998, -1.545, 0, 9.5791, -1.5454, -0.0, -0.009324
15, 9.579999999999998, -1.555, 0, 9.5806, -1.55575, -0.0, -0.009298
15, 9.579999999999998, -1.565, 0, 9.58015, -1.5650500000000003, -0.0, -0.009334
15, 9.579999999999998, -1.575, 0, 9.58045, -1.57485, -0.0, -0.009303
15, 9.579999999999998, -1.585, 0, 9.5792, -1.5848000000000002, -0.0, -0.009287
15, 9.579999999999998, -1.595, 0, 9.5799, -1.595, 5e-05, -0.009329
15, 9.579999999999998, -1.605, 0, 9.5798, -1.6052, 0.00015000000000000001, -0.009314
16, 9.569999999999999, -1.605, 0, 9.57125, -1.60525, 0.00015000000000000001, -0.009293
16, 9.559999999999999, -1.605, 0, 9.559050000000001, -1.6052, 0.00015000000000000001, -0.009324
16, 9.549999999999999, -1.605, 0, 9.549850000000001, -1.60505, -0.0, -0.009282
16, 9.54, -1.605, 0, 9.54045, -1.6046500000000001, -5e-05, -0.009334
16, 9.53, -1.605, 0, 9.53025, -1.60475, -0.00015000000000000001, -0.009319
16, 9.52, -1.605, 0, 9.52065, -1.60515, -0.0001, -0.009298
16, 9.51, -1.605, 0, 9.5107, -1.60515, -0.0001, -0.009334
16, 9.5, -1.605, 0, 9.50085, -1.60495, -5e-05, -0.009308
16, 9.49, -1.605, 0, 9.49075, -1.60485, -0.0, -0.009298
16, 9.48, -1.605, 0, 9.47925, -1.60495, 5e-05, -0.009345
16, 9.47, -1.605, 0, 9.47, -1.605, 0.00015000000000000001, -0.009303
16, 9.46, -1.605, 0, 9.46035, -1.605, 0.0002, -0.009345
16, 9.450000000000001, -1.605, 0, 9.4511, -1.60505, 0.00015000000000000001, -0.009308
16, 9.440000000000001, -1.605, 0, 9.44035, -1.6051000000000002, -0.0, -0.009329
16, 9.430000000000001, -1.605, 0, 9.43065, -1.60515, -0.0, -0.00934
16, 9.420000000000002, -1.605, 0, 9.4199, -1.60515, 5e-05, -0.009298
16, 9.420000000000002, -1.595, 0, 9.4205, -1.59485, -5e-05, -0.009287
16, 9.420000000000002, -1.585, 0, 9.42, -1.5852, -0.0001, -0.009324
16, 9.420000000000002, -1.575, 0, 9.42025, -1.5746000000000002, -0.00015000000000000001, -0.00934
16, 9.420000000000002, -1.565, 0, 9.420050000000002, -1.56455, -0.00015000000000000001, -0.009303
16, 9.420000000000002, -1.555, 0, 9.419300000000002, -1.5548000000000002, -5e-05, -0.009334
16, 9.420000000000002, -1.545, 0, 9.42125, -1.5447, 5e-05, -0.009355
16, 9.420000000000002, -1.535, 0, 9.419649999999999, -1.53445, 0.00015000000000000001, -0.009287
16, 9.420000000000002, -1.525, 0, 9.4195, -1.5251000000000001, 0.00015000000000000001, -0.009314
16, 9.420000000000002, -1.515, 0, 9.42065, -1.5149000000000001, 5e-05, -0.009287
16, 9.420000000000002, -1.505, 0, 9.4215, -1.50425, -5e-05, -0.009324
16, 9.420000000000002, -1.4949999999999999, 0, 9.4194, -1.4953500000000002, -0.0001, -0.009314
16, 9.420000000000002, -1.4849999999999999, 0, 9.42025, -1.4850500000000002, -0.0001, -0.009287
16, 9.420000000000002, -1.4749999999999999, 0, 9.4213, -1.4745500000000002, -0.0001, -0.009324
16, 9.420000000000002, -1.4649999999999999, 0, 9.41995, -1.4659, -0.0001, -0.009345
16, 9.420000000000002, -1.4549999999999998, 0, 9.42, -1.45595, -0.00015000000000000001, -0.009324
16, 9.420000000000002, -1.4449999999999998, 0, 9.4196, -1.4450500000000002, -0.0, -0.009287
17, 9.430000000000001, -1.4449999999999998, 0, 9.429200000000002, -1.4451, 0.00015000000000000001, -0.00934
17, 9.440000000000001, -1.4449999999999998, 0, 9.439950000000001, -1.4451, 0.00015000000000000001, -0.00934
17, 9.450000000000001, -1.4449999999999998, 0, 9.449399999999999, -1.4451500000000002, 0.00015000000000000001, -0.009298
17, 9.46, -1.4449999999999998, 0, 9.45975, -1.4451500000000002, 0.00015000000000000001, -0.009329
17, 9.47, -1.4449999999999998, 0, 9.47, -1.4451500000000002, -0.0, -0.009329
17, 9.48, -1.4449999999999998, 0, 9.48, -1.4449, -0.0, -0.009324
17, 9.49, -1.4449999999999998, 0, 9.49, -1.44445, -0.0, -0.009308
17, 9.5, -1.4449999999999998, 0, 9.4997, -1.44525, -0.0001, -0.009329
17, 9.51, -1.4449999999999998, 0, 9.5096, -1.4450500000000002, -0.00015000000000000001, -0.00935
17, 9.52, -1.4449999999999998, 0, 9.5203, -1.44475, -0.00015000000000000001, -0.009303
17, 9.53, -1.4449999999999998, 0, 9.5297, -1.4453000000000003, -0.00015000000000000001, -0.009324
17, 9.54, -1.4449999999999998, 0, 9.53885, -1.4453500000000001, -5e-05, -0.009334
17, 9.549999999999999, -1.4449999999999998, 0, 9.55085, -1.44495, 0.0001, -0.009298
17, 9.559999999999999, -1.4449999999999998, 0, 9.559050000000001, -1.44465, 0.0001, -0.009329
17, 9.569999999999999, -1.4449999999999998, 0, 9.56965, -1.4452, 0.00015000000000000001, -0.009308
17, 9.579999999999998, -1.4449999999999998, 0, 9.579550000000001, -1.4453000000000003, 0.00015000000000000001, -0.009282
17, 9.589999999999998, -1.4449999999999998, 0, 9.589300000000001, -1.4448500000000002, 5e-05, -0.009334
17, 9.589999999999998, -1.4549999999999998, 0, 9.58875, -1.45475, -5e-05, -0.00935
17, 9.589999999999998, -1.4649999999999999, 0, 9.591149999999999, -1.4654500000000001, -0.0001, -0.009287
17, 9.589999999999998, -1.4749999999999999, 0, 9.5897, -1.4748, -0.0001, -0.009298
17, 9.589999999999998, -1.4849999999999999, 0, 9.588899999999999, -1.4849, -5e-05, -0.009293
17, 9.589999999999998, -1.4949999999999999, 0, 9.59065, -1.4952, -5e-05, -0.00936
17, 9.589999999999998, -1.505, 0, 9.589550000000001, -1.5048000000000001, -0.0, -0.009303
17, 9.589999999999998, -1.515, 0, 9.590050000000002, -1.5153500000000002, -0.0, -0.00935
17, 9.589999999999998, -1.525, 0, 9.589550000000001, -1.52525, -0.0, -0.009345
17, 9.589999999999998, -1.535, 0, 9.59, -1.5356500000000002, 5e-05, -0.009282
17, 9.589999999999998, -1.545, 0, 9.58985, -1.5448000000000002, 0.00015000000000000001, -0.009303
17, 9.589999999999998, -1.555, 0, 9.58975, -1.5553500000000002, 0.00015000000000000001, -0.00934
17, 9.589999999999998, -1.565, 0, 9.58935, -1.5655, -0.0, -0.009329
17, 9.589999999999998, -1.575, 0, 9.5901, -1.5753000000000001, -0.0, -0.009293
17, 9.589999999999998, -1.585, 0, 9.59015, -1.58515, -0.0, -0.009324
17, 9.589999999999998, -1.595, 0, 9.59, -1.59495, -0.0, -0.009345
17, 9.589999999999998, -1.605, 0, 9.59, -1.6044500000000002, -0.0, -0.009303
17, 9.589999999999998, -1.615, 0, 9.5892, -1.6154000000000002, 5e-05, -0.009287
18, 9.579999999999998, -1.615, 0, 9.58055, -1.61545, -5e-05, -0.009308
18, 9.569999999999999, -1.615, 0, 9.570649999999999, -1.615, -0.0001, -0.009293
18, 9.559999999999999, -1.615, 0, 9.5596, -1.6148500000000001, -0.0001, -0.00935
18, 9.549999999999999, -1.615, 0, 9.5501, -1.6148500000000001, -0.00015000000000000001, -0.009298
18, 9.54, -1.615, 0, 9.540700000000001, -1.6149, -5e-05, -0.009293
18, 9.53, -1.615, 0, 9.5302, -1.61495, 5e-05, -0.009334
18, 9.52, -1.615, 0, 9.52015, -1.61505, 0.00015000000000000001, -0.00936
18, 9.51, -1.615, 0, 9.5105, -1.6151000000000002, 0.00015000000000000001, -0.009303
18, 9.5, -1.615, 0, 9.5001, -1.6151000000000002, 0.00015000000000000001, -0.009287
18, 9.49, -1.615, 0, 9.49015, -1.6151000000000002, -5e-05, -0.00934
18, 9.48, -1.615, 0, 9.481, -1.61505, -0.0001, -0.00934
18, 9.47, -1.615, 0, 9.46975, -1.61495, -0.00015000000000000001, -0.009287
18, 9.46, -1.615, 0, 9.460300000000002, -1.61495, -0.00015000000000000001, -0.009319
18, 9.450000000000001, -1.615, 0, 9.45025, -1.61495, -0.0001, -0.009334
18, 9.440000000000001, -1.615, 0, 9.4403, -1.615, -0.00015000000000000001, -0.009293
18, 9.430000000000001, -1.615, 0, 9.43015, -1.61495, -0.0001, -0.009287
18, 9.420000000000002, -1.615, 0, 9.4205, -1.61495, -5e-05, -0.009334
18, 9.410000000000002, -1.615, 0, 9.41075, -1.61495, 0.0001, -0.009324
18, 9.410000000000002, -1.605, 0, 9.40875, -1.60525, 0.00015000000000000001, -0.009298
18, 9.410000000000002, -1.595, 0, 9.408700000000001, -1.5951000000000002, -5e-05, -0.009287
18, 9.410000000000002, -1.585, 0, 9.41115, -1.5853000000000002, -5e-05, -0.009293
18, 9.410000000000002, -1.575, 0, 9.41025, -1.5746000000000002, -5e-05, -0.009345
18, 9.410000000000002, -1.565, 0, 9.41025, -1.5646000000000002, -0.0001, -0.009355
18, 9.410000000000002, -1.555, 0, 9.4094, -1.5544, -0.0001, -0.009303
18, 9.410000000000002, -1.545, 0, 9.4105, -1.5441, -5e-05, -0.009324
18, 9.410000000000002, -1.535, 0, 9.4101, -1.5345, -0.0, -0.009282
18, 9.410000000000002, -1.525, 0, 9.41085, -1.52425, -0.0, -0.009324
18, 9.410000000000002, -1.515, 0, 9.409450000000001, -1.51425, 5e-05, -0.009293
18, 9.410000000000002, -1.505, 0, 9.4097, -1.50515, 5e-05, -0.009345
18, 9.410000000000002, -1.4949999999999999, 0, 9.4092, -1.49445, 5e-05, -0.009293
18, 9.410000000000002, -1.4849999999999999, 0, 9.4107, -1.4851500000000002, 5e-05, -0.009324
18, 9.410000000000002, -1.4749999999999999, 0, 9.41165, -1.4747000000000001, 0.0001, -0.009298
18, 9.410000000000002, -1.4649999999999999, 0, 9.4094, -1.46465, -0.0, -0.009334
18, 9.410000000000002, -1.4549999999999998, 0, 9.41055, -1.45615, 5e-05, -0.00934
18, 9.410000000000002, -1.4449999999999998, 0, 9.41015, -1.44565, -5e-05, -0.00934
18, 9.410000000000002, -1.4349999999999998, 0, 9.4092, -1.43525, -5e-05, -0.009277
19, 9.420000000000002, -1.4349999999999998, 0, 9.419, -1.43475, -5e-05, -0.009334
19, 9.430000000000001, -1.4349999999999998, 0, 9.42985, -1.4345500000000002, -0.0001, -0.009334
19, 9.440000000000001, -1.4349999999999998, 0, 9.43915, -1.4353000000000002, -0.0001, -0.009345
19, 9.450000000000001, -1.4349999999999998, 0, 9.45045, -1.4348, -5e-05, -0.009298
19, 9.46, -1.4349999999999998, 0, 9.46, -1.4347, -0.0, -0.009329
19, 9.47, -1.4349999999999998, 0, 9.469899999999999, -1.4348500000000002, -5e-05, -0.009303
19, 9.48, -1.4349999999999998, 0, 9.480550000000001, -1.4350500000000002, -0.0, -0.009303
19, 9.49, -1.4349999999999998, 0, 9.48985, -1.4353500000000001, 5e-05, -0.009345
19, 9.5, -1.4349999999999998, 0, 9.499649999999999, -1.43495, 0.0001, -0.009303
19, 9.51, -1.4349999999999998, 0, 9.5101, -1.4348500000000002, 0.00015000000000000001, -0.009334
19, 9.52, -1.4349999999999998, 0, 9.519800000000002, -1.4348500000000002, 0.00015000000000000001, -0.009355
19, 9.53, -1.4349999999999998, 0, 9.5297, -1.4351, 5e-05, -0.009287
19, 9.54, -1.4349999999999998, 0, 9.539050000000001, -1.43525, -5e-05, -0.009329
19, 9.549999999999999, -1.4349999999999998, 0, 9.549700000000001, -1.4351500000000001, -0.0001, -0.009314
19, 9.559999999999999, -1.4349999999999998, 0, 9.5592, -1.43495, -0.0001, -0.009298
19, 9.569999999999999, -1.4349999999999998, 0, 9.56905, -1.4349, -0.0001, -0.00934
19, 9.579999999999998, -1.4349999999999998, 0, 9.5799, -1.43495, -5e-05, -0.00935
19, 9.589999999999998, -1.4349999999999998, 0, 9.5888, -1.435, 5e-05, -0.009298
19, 9.599999999999998, -1.4349999999999998, 0, 9.600050000000001, -1.4350500000000002, 0.0001, -0.009329
19, 9.599999999999998, -1.4449999999999998, 0, 9.5991, -1.4454500000000001, 0.00015000000000000001, -0.009334
19, 9.599999999999998, -1.4549999999999998, 0, 9.600550000000002, -1.4546000000000001, 0.00015000000000000001, -0.009293
19, 9.599999999999998, -1.4649999999999999, 0, 9.600050000000001, -1.4639000000000002, 0.00015000000000000001, -0.009319
19, 9.599999999999998, -1.4749999999999999, 0, 9.599800000000002, -1.4757, -0.0001, -0.009303
19, 9.599999999999998, -1.4849999999999999, 0, 9.5999, -1.4848500000000002, -5e-05, -0.009319
19, 9.599999999999998, -1.4949999999999999, 0, 9.599800000000002, -1.49495, -0.0001, -0.009298
19, 9.599999999999998, -1.505, 0, 9.59925, -1.5054, -5e-05, -0.009287
19, 9.599999999999998, -1.515, 0, 9.60015, -1.51545, -5e-05, -0.009334
19, 9.599999999999998, -1.525, 0, 9.599450000000001, -1.5253500000000002, -5e-05, -0.009298
19, 9.599999999999998, -1.535, 0, 9.6005, -1.5355, 0.00015000000000000001, -0.009345
19, 9.599999999999998, -1.545, 0, 9.5994, -1.5455500000000002, 0.0001, -0.009345
19, 9.599999999999998, -1.555, 0, 9.60045, -1.5556, 0.0001, -0.009277
19, 9.599999999999998, -1.565, 0, 9.600200000000001, -1.5655500000000002, 0.00015000000000000001, -0.009308
19, 9.599999999999998, -1.575, 0, 9.600100000000001, -1.5744500000000001, -0.0, -0.009355
19, 9.599999999999998, -1.585, 0, 9.59925, -1.5851000000000002, -0.0, -0.009303
19, 9.599999999999998, -1.595, 0, 9.59955, -1.59505, -0.0, -0.009261
19, 9.599999999999998, -1.605, 0, 9.59965, -1.6044, -0.0, -0.009324
19, 9.599999999999998, -1.615, 0, 9.59985, -1.61525, -0.0, -0.009355
19, 9.599999999999998, -1.625, 0, 9.60015, -1.6253000000000002, -0.0, -0.009287
20, 9.589999999999998, -1.625, 0, 9.59125, -1.6253000000000002, -0.0, -0.009287
20, 9.579999999999998, -1.625, 0, 9.5804, -1.62505, -5e-05, -0.009334
20, 9.569999999999999, -1.625, 0, 9.57055, -1.6249, -0.0001, -0.00934
20, 9.559999999999999, -1.625, 0, 9.56015, -1.6247, -0.0001, -0.009298
20, 9.549999999999999, -1.625, 0, 9.54995, -1.6247, -0.00015000000000000001, -0.009298
20, 9.54, -1.625, 0, 9.54075, -1.6249500000000001, -0.00015000000000000001, -0.00934
20, 9.53, -1.625, 0, 9.5306, -1.62505, -5e-05, -0.009298
20, 9.52, -1.625, 0, 9.520550000000002, -1.62515, -0.0, -0.009298
20, 9.51, -1.625, 0, 9.510800000000001, -1.6252, 5e-05, -0.00935
20, 9.5, -1.625, 0, 9.5009, -1.625, 0.0001, -0.009303
20, 9.49, -1.625, 0, 9.4906, -1.6249, 5e-05, -0.009319
20, 9.48, -1.625, 0, 9.481, -1.6248500000000001, -0.0, -0.009355
20, 9.47, -1.625, 0, 9.469850000000001, -1.6248500000000001, -5e-05, -0.009282
20, 9.46, -1.625, 0, 9.461300000000001, -1.6249, -0.0001, -0.009324
20, 9.450000000000001, -1.625, 0, 9.45, -1.6249, -0.0001, -0.009324
20, 9.440000000000001, -1.625, 0, 9.44075, -1.6249500000000001, -0.0001, -0.009298
20, 9.430000000000001, -1.625, 0, 9.430200000000001, -1.625, -0.0001, -0.009319
20, 9.420000000000002, -1.625, 0, 9.42045, -1.62505, -0.0001, -0.009334
20, 9.410000000000002, -1.625, 0, 9.41015, -1.62515, -0.00015000000000000001, -0.009314
20, 9.400000000000002, -1.625, 0, 9.40015, -1.6251000000000002, -0.0001, -0.009282
20, 9.400000000000002, -1.615, 0, 9.4008, -1.61495, -0.0, -0.009298
20, 9.400000000000002, -1.605, 0, 9.39965, -1.605, -0.0, -0.00934
20, 9.400000000000002, -1.595, 0, 9.3998, -1.5947, -5e-05, -0.009324
20, 9.400000000000002, -1.585, 0, 9.40005, -1.58515, 5e-05, -0.009298
20, 9.400000000000002, -1.575, 0, 9.40015, -1.5745, 0.0001, -0.009282
20, 9.400000000000002, -1.565, 0, 9.40015, -1.5646000000000002, 0.0001, -0.009334
20, 9.400000000000002, -1.555, 0, 9.4001, -1.5542, 0.0001, -0.00934
20, 9.400000000000002, -1.545, 0, 9.40015, -1.5441, 0.0001, -0.009303
20, 9.400000000000002, -1.535, 0, 9.400300000000001, -1.53575, 5e-05, -0.009329
20, 9.400000000000002, -1.525, 0, 9.400300000000001, -1.5242, -0.0, -0.009298
20, 9.400000000000002, -1.515, 0, 9.40005, -1.5155, 5e-05, -0.009334
20, 9.400000000000002, -1.505, 0, 9.4011, -1.50425, -5e-05, -0.009314
20, 9.400000000000002, -1.4949999999999999, 0, 9.3992, -1.49445, -5e-05, -0.00934
20, 9.400000000000002, -1.4849999999999999, 0, 9.3992, -1.4851, -5e-05, -0.009298
20, 9.400000000000002, -1.4749999999999999, 0, 9.4009, -1.4748500000000002, -0.0001, -0.009329
20, 9.400000000000002, -1.4649999999999999, 0, 9.40025, -1.4654500000000001, -0.0001, -0.009334
20, 9.400000000000002, -1.4549999999999998, 0, 9.39985, -1.4552, -0.0001, -0.009293
20, 9.400000000000002, -1.4449999999999998, 0, 9.4007, -1.4457, -0.0001, -0.009324
20, 9.400000000000002, -1.4349999999999998, 0, 9.400450000000001, -1.4356000000000002, -0.0, -0.009345
20, 9.400000000000002, -1.4249999999999998, 0, 9.40005, -1.4254, -0.0, -0.009303
21, 9.410000000000002, -1.4249999999999998, 0, 9.4085, -1.42545, -5e-05, -0.009303
21, 9.420000000000002, -1.4249999999999998, 0, 9.4198, -1.4247, 5e-05, -0.009298
21, 9.430000000000001, -1.4249999999999998, 0, 9.429649999999999, -1.4247, 0.00015000000000000001, -0.009334
21, 9.440000000000001, -1.4249999999999998, 0, 9.439, -1.42495, 0.0001, -0.009303
21, 9.450000000000001, -1.4249999999999998, 0, 9.450149999999999, -1.4253000000000002, 0.00015000000000000001, -0.009287
21, 9.46, -1.4249999999999998, 0, 9.4595, -1.42545, 0.00015000000000000001, -0.009329
21, 9.47, -1.4249999999999998, 0, 9.46965, -1.4249, 0.0001, -0.00935
21, 9.48, -1.4249999999999998, 0, 9.479550000000001, -1.4248000000000003, -0.0001, -0.009293
21, 9.49, -1.4249999999999998, 0, 9.4895, -1.42495, -0.0001, -0.009319
21, 9.5, -1.4249999999999998, 0, 9.49975, -1.42525, -0.0001, -0.009334
21, 9.51, -1.4249999999999998, 0, 9.5097, -1.4252, -0.0001, -0.009298
21, 9.52, -1.4249999999999998, 0, 9.52025, -1.4250500000000001, -5e-05, -0.009293
21, 9.53, -1.4249999999999998, 0, 9.5297, -1.4249, 5e-05, -0.009345
21, 9.54, -1.4249999999999998, 0, 9.538950000000002, -1.4249, 0.0001, -0.009298
21, 9.549999999999999, -1.4249999999999998, 0, 9.550450000000001, -1.4249, 0.00015000000000000001, -0.009277
21, 9.559999999999999, -1.4249999999999998, 0, 9.56015, -1.42495, 0.0001, -0.00934
21, 9.569999999999999, -1.4249999999999998, 0, 9.569450000000002, -1.425, 0.00015000000000000001, -0.009334
21, 9.579999999999998, -1.4249999999999998, 0, 9.57985, -1.4250500000000001, 0.0001, -0.009308
21, 9.589999999999998, -1.4249999999999998, 0, 9.5901, -1.4250500000000001, 5e-05, -0.009298
21, 9.599999999999998, -1.4249999999999998, 0, 9.6, -1.4250500000000001, -5e-05, -0.009324
21, 9.609999999999998, -1.4249999999999998, 0, 9.6097, -1.4251, -0.0001, -0.009319
21, 9.609999999999998, -1.4349999999999998, 0, 9.60915, -1.43475, -0.0001, -0.009298
21, 9.609999999999998, -1.4449999999999998, 0, 9.6105, -1.44475, -0.0001, -0.009282
21, 9.609999999999998, -1.4549999999999998, 0, 9.6112, -1.4550500000000002, -0.0001, -0.009324
21, 9.609999999999998, -1.4649999999999999, 0, 9.61035, -1.4657, -5e-05, -0.009334
21, 9.609999999999998, -1.4749999999999999, 0, 9.610700000000001, -1.47415, -0.0, -0.009324
21, 9.609999999999998, -1.4849999999999999, 0, 9.6095, -1.4857, -0.0, -0.009319
21, 9.609999999999998, -1.4949999999999999, 0, 9.6103, -1.4948500000000002, -0.0, -0.009308
21, 9.609999999999998, -1.505, 0, 9.61065, -1.5048000000000001, -0.0, -0.009329
21, 9.609999999999998, -1.515, 0, 9.6111, -1.5144000000000002, -0.0, -0.009282
21, 9.609999999999998, -1.525, 0, 9.61095, -1.52485, -0.0, -0.009324
21, 9.609999999999998, -1.535, 0, 9.60895, -1.5350500000000002, 5e-05, -0.009298
21, 9.609999999999998, -1.545, 0, 9.61065, -1.5455, 5e-05, -0.009303
21, 9.609999999999998, -1.555, 0, 9.609, -1.5551000000000001, 0.0001, -0.009324
21, 9.609999999999998, -1.565, 0, 9.6104, -1.565, 0.0001, -0.009303
21, 9.609999999999998, -1.575, 0, 9.609300000000001, -1.5749000000000002, 5e-05, -0.009282
21, 9.609999999999998, -1.585, 0, 9.6099, -1.5849000000000002, 5e-05, -0.009334
21, 9.609999999999998, -1.595, 0, 9.6106, -1.59505, -0.0, -0.009303
21, 9.609999999999998, -1.605, 0, 9.60965, -1.6041500000000002, 5e-05, -0.009303
21, 9.609999999999998, -1.615, 0, 9.6111, -1.61525, -5e-05, -0.009324
21, 9.609999999999998, -1.625, 0, 9.60795, -1.6249500000000001, -0.0001, -0.009293
21, 9.609999999999998, -1.635, 0, 9.6099, -1.635, -0.0001, -0.009324
22, 9.599999999999998, -1.635, 0, 9.6003, -1.6349500000000001, -0.0001, -0.00934
22, 9.589999999999998, -1.635, 0, 9.590800000000002, -1.6350500000000001, -0.0001, -0.009293
22, 9.579999999999998, -1.635, 0, 9.57935, -1.6351000000000002, -0.0, -0.009329
22, 9.569999999999999, -1.635, 0, 9.5699, -1.635, -0.0, -0.009293
22, 9.559999999999999, -1.635, 0, 9.5606, -1.6350500000000001, -0.0, -0.009324
22, 9.549999999999999, -1.635, 0, 9.5501, -1.635, 0.00015000000000000001, -0.00935
22, 9.54, -1.635, 0, 9.540550000000001, -1.635, 0.0001, -0.009308
22, 9.53, -1.635, 0, 9.53035, -1.635, 0.00015000000000000001, -0.009282
22, 9.52, -1.635, 0, 9.520700000000001, -1.635, -0.0, -0.00934
22, 9.51, -1.635, 0, 9.50935, -1.6349500000000001, -5e-05, -0.009303
22, 9.5, -1.635, 0, 9.49995, -1.635, -0.0001, -0.00934
22, 9.49, -1.635, 0, 9.49, -1.635, -0.0001, -0.009277
22, 9.48, -1.635, 0, 9.481050000000002, -1.635, -5e-05, -0.009314
22, 9.47, -1.635, 0, 9.46995, -1.635, -5e-05, -0.009345
22, 9.46, -1.635, 0, 9.46125, -1.635, -0.0, -0.009293
22, 9.450000000000001, -1.635, 0, 9.449950000000001, -1.635, -0.0, -0.009282
22, 9.440000000000001, -1.635, 0, 9.44045, -1.6350500000000001, -0.0, -0.009329
22, 9.430000000000001, -1.635, 0, 9.430399999999999, -1.635, -0.0, -0.009287
22, 9.420000000000002, -1.635, 0, 9.4207, -1.635, -0.0, -0.009293
22, 9.410000000000002, -1.635, 0, 9.41065, -1.6350500000000001, -0.0, -0.009261
22, 9.400000000000002, -1.635, 0, 9.40015, -1.6350500000000001, -0.0, -0.009334
22, 9.390000000000002, -1.635, 0, 9.3916, -1.6350500000000001, -0.0, -0.009293
22, 9.390000000000002, -1.625, 0, 9.3887, -1.6249500000000001, 5e-05, -0.009298
22, 9.390000000000002, -1.615, 0, 9.391050000000002, -1.6148000000000002, 5e-05, -0.00934
22, 9.390000000000002, -1.605, 0, 9.389550000000002, -1.60485, 5e-05, -0.009308
22, 9.390000000000002, -1.595, 0, 9.389800000000001, -1.59475, 5e-05, -0.009277
22, 9.390000000000002, -1.585, 0, 9.38995, -1.58515, 5e-05, -0.009308
22, 9.390000000000002, -1.575, 0, 9.39, -1.5745, 5e-05, -0.009324
22, 9.390000000000002, -1.565, 0, 9.390600000000001, -1.56465, -0.0, -0.009298
22, 9.390000000000002, -1.555, 0, 9.3905, -1.55455, -0.0, -0.009282
22, 9.390000000000002, -1.545, 0, 9.3894, -1.54495, 5e-05, -0.009329
22, 9.390000000000002, -1.535, 0, 9.391200000000001, -1.53425, -5e-05, -0.009293
22, 9.390000000000002, -1.525, 0, 9.389550000000002, -1.5241000000000002, -5e-05, -0.00935
22, 9.390000000000002, -1.515, 0, 9.38975, -1.51475, -5e-05, -0.009282
22, 9.390000000000002, -1.505, 0, 9.39085, -1.5047000000000001, -5e-05, -0.009329
22, 9.390000000000002, -1.4949999999999999, 0, 9.39005, -1.4952, -0.0001, -0.009329
22, 9.390000000000002, -1.4849999999999999, 0, 9.39015, -1.4856500000000001, -5e-05, -0.009282
22, 9.390000000000002, -1.4749999999999999, 0, 9.3896, -1.4752, -0.0, -0.00936
22, 9.390000000000002, -1.4649999999999999, 0, 9.391399999999999, -1.4652, 5e-05, -0.009282
22, 9.390000000000002, -1.4549999999999998, 0, 9.391050000000002, -1.4556000000000002, 0.00015000000000000001, -0.009314
22, 9.390000000000002, -1.4449999999999998, 0, 9.38975, -1.44585, 0.0001, -0.009324
22, 9.390000000000002, -1.4349999999999998, 0, 9.390550000000001, -1.43495, 0.00015000000000000001, -0.009298
22, 9.390000000000002, -1.4249999999999998, 0, 9.39085, -1.42565, 0.00015000000000000001, -0.009277
22, 9.390000000000002, -1.4149999999999998, 0, 9.3902, -1.4154, 5e-05, -0.009334
23, 9.400000000000002, -1.4149999999999998, 0, 9.3986, -1.4153000000000002, -5e-05, -0.009345
23, 9.410000000000002, -1.4149999999999998, 0, 9.4098, -1.4148000000000003, -0.0001, -0.009298
23, 9.420000000000002, -1.4149999999999998, 0, 9.419300000000002, -1.4145, -0.0001, -0.009267
23, 9.430000000000001, -1.4149999999999998, 0, 9.43, -1.415, -0.0001, -0.009319
23, 9.440000000000001, -1.4149999999999998, 0, 9.44015, -1.4152, -0.0001, -0.009287
23, 9.450000000000001, -1.4149999999999998, 0, 9.449950000000001, -1.4149, -0.0001, -0.009329
23, 9.46, -1.4149999999999998, 0, 9.459950000000001, -1.4147, -0.0001, -0.009345
23, 9.47, -1.4149999999999998, 0, 9.46975, -1.41475, -5e-05, -0.009298
23, 9.48, -1.4149999999999998, 0, 9.480450000000001, -1.4151500000000001, 5e-05, -0.009277
23, 9.49, -1.4149999999999998, 0, 9.49, -1.4155, 0.00015000000000000001, -0.009324
23, 9.5, -1.4149999999999998, 0, 9.499550000000001, -1.4148500000000002, 0.00015000000000000001, -0.009334
23, 9.51, -1.4149999999999998, 0, 9.50995, -1.4149, 0.00015000000000000001, -0.009303
23, 9.52, -1.4149999999999998, 0, 9.52035, -1.4149, 0.00015000000000000001, -0.009267
23, 9.53, -1.4149999999999998, 0, 9.52965, -1.4152, -5e-05, -0.00934
23, 9.54, -1.4149999999999998, 0, 9.539200000000001, -1.4152, -0.0001, -0.009298
23, 9.549999999999999, -1.4149999999999998, 0, 9.54995, -1.4151000000000002, -0.0001, -0.009282
23, 9.559999999999999, -1.4149999999999998, 0, 9.56, -1.4149, -0.0001, -0.009329
23, 9.569999999999999, -1.4149999999999998, 0, 9.569550000000001, -1.4148500000000002, -0.0001, -0.00935
23, 9.579999999999998, -1.4149999999999998, 0, 9.5804, -1.4148500000000002, -0.0001, -0.009319
23, 9.589999999999998, -1.4149999999999998, 0, 9.58905, -1.4149, -0.0001, -0.009319
23, 9.599999999999998, -1.4149999999999998, 0, 9.59985, -1.4152, 0.0001, -0.009324
23, 9.609999999999998, -1.4149999999999998, 0, 9.6106, -1.415, 0.0001, -0.009308
23, 9.619999999999997, -1.4149999999999998, 0, 9.6195, -1.4149500000000002, 0.0001, -0.009345
23, 9.619999999999997, -1.4249999999999998, 0, 9.61935, -1.4251500000000001, 0.00015000000000000001, -0.009303
23, 9.619999999999997, -1.4349999999999998, 0, 9.620550000000001, -1.4348, 0.00015000000000000001, -0.009287
23, 9.619999999999997, -1.4449999999999998, 0, 9.619950000000001, -1.445, -0.0, -0.009324
23, 9.619999999999997, -1.4549999999999998, 0, 9.619200000000001, -1.4540500000000003, -0.0, -0.00934
23, 9.619999999999997, -1.4649999999999999, 0, 9.619399999999999, -1.4638000000000002, -0.0, -0.009298
23, 9.619999999999997, -1.4749999999999999, 0, 9.62025, -1.47395, -5e-05, -0.009277
23, 9.619999999999997, -1.4849999999999999, 0, 9.62045, -1.48465, -0.0001, -0.009329
23, 9.619999999999997, -1.4949999999999999, 0, 9.61945, -1.4948000000000001, -0.0001, -0.009298
23, 9.619999999999997, -1.505, 0, 9.62065, -1.5053500000000002, -0.0001, -0.009287
23, 9.619999999999997, -1.515, 0, 9.619, -1.51495, -0.00015000000000000001, -0.009314
23, 9.619999999999997, -1.525, 0, 9.62035, -1.525, -0.0, -0.009308
23, 9.619999999999997, -1.535, 0, 9.61965, -1.5355, -0.0, -0.009277
23, 9.619999999999997, -1.545, 0, 9.620550000000001, -1.5448000000000002, -0.0, -0.009324
23, 9.619999999999997, -1.555, 0, 9.6186, -1.5552000000000001, -0.0, -0.009345
23, 9.619999999999997, -1.565, 0, 9.6204, -1.56485, -0.0, -0.009293
23, 9.619999999999997, -1.575, 0, 9.6197, -1.5751000000000002, 0.0001, -0.009345
23, 9.619999999999997, -1.585, 0, 9.619, -1.5845, 5e-05, -0.009303
23, 9.619999999999997, -1.595, 0, 9.619200000000001, -1.5946000000000002, 0.0001, -0.009293
23, 9.619999999999997, -1.605, 0, 9.6197, -1.6044, 0.0001, -0.009324
23, 9.619999999999997, -1.615, 0, 9.62005, -1.61525, 0.0001, -0.009334
23, 9.619999999999997, -1.625, 0, 9.6212, -1.6254000000000002, 0.0001, -0.009298
23, 9.619999999999997, -1.635, 0, 9.6185, -1.6346500000000002, 5e-05, -0.009319
23, 9.619999999999997, -1.645, 0, 9.6205, -1.6454000000000002, -0.0, -0.009329
24, 9.609999999999998, -1.645, 0, 9.6115, -1.64535, 5e-05, -0.00934
24, 9.599999999999998, -1.645, 0, 9.60015, -1.6454000000000002, -5e-05, -0.009298
24, 9.589999999999998, -1.645, 0, 9.5905, -1.6450500000000001, -0.0001, -0.009287
24, 9.579999999999998, -1.645, 0, 9.580950000000001, -1.6449, -0.0001, -0.009334
24, 9.569999999999999, -1.645, 0, 9.56995, -1.6447, -0.0001, -0.009293
24, 9.559999999999999, -1.645, 0, 9.5609, -1.64475, -5e-05, -0.009293
24, 9.549999999999999, -1.645, 0, 9.55025, -1.6448500000000001, -5e-05, -0.009329
24, 9.54, -1.645, 0, 9.54045, -1.645, -0.0, -0.009303
24, 9.53, -1.645, 0, 9.530550000000002, -1.6450500000000001, -0.0, -0.009287
24, 9.52, -1.645, 0, 9.520550000000002, -1.6451500000000001, -0.0, -0.009329
24, 9.51, -1.645, 0, 9.51085, -1.6451500000000001, -5e-05, -0.009298
24, 9.5, -1.645, 0, 9.50025, -1.6451000000000002, 5e-05, -0.009298
24, 9.49, -1.645, 0, 9.490200000000002, -1.6449500000000001, 0.00015000000000000001, -0.009319
24, 9.48, -1.645, 0, 9.4811, -1.6449, 0.00015000000000000001, -0.00934
24, 9.47, -1.645, 0, 9.46995, -1.6449, -0.0, -0.009293
24, 9.46, -1.645, 0, 9.46125, -1.6449, -0.0, -0.009314
24, 9.450000000000001, -1.645, 0, 9.450050000000001, -1.6448500000000001, -0.0, -0.009319
24, 9.440000000000001, -1.645, 0, 9.4403, -1.6449, -0.0, -0.009308
24, 9.430000000000001, -1.645, 0, 9.430200000000001, -1.6449, -0.0, -0.009298
24, 9.420000000000002, -1.645, 0, 9.42055, -1.6449, -0.0, -0.009319
24, 9.410000000000002, -1.645, 0, 9.410800000000002, -1.645, -0.0, -0.009324
24, 9.400000000000002, -1.645, 0, 9.399700000000001, -1.645, -0.0, -0.009293
24, 9.390000000000002, -1.645, 0, 9.38995, -1.645, -5e-05, -0.009293
24, 9.380000000000003, -1.645, 0, 9.380600000000001, -1.6450500000000001, -5e-05, -0.009308
24, 9.380000000000003, -1.635, 0, 9.3805, -1.63585, -0.0001, -0.009329
24, 9.380000000000003, -1.625, 0, 9.379, -1.6245, -5e-05, -0.009293
24, 9.380000000000003, -1.615, 0, 9.3796, -1.6148000000000002, -0.0001, -0.009319
24, 9.380000000000003, -1.605, 0, 9.3809, -1.60495, -5e-05, -0.009334
24, 9.380000000000003, -1.595, 0, 9.379950000000001, -1.5946500000000001, -5e-05, -0.009329
24, 9.380000000000003, -1.585, 0, 9.379050000000001, -1.58515, -0.0, -0.009282
24, 9.380000000000003, -1.575, 0, 9.38175, -1.5748000000000002, -5e-05, -0.009324
24, 9.380000000000003, -1.565, 0, 9.37925, -1.56475, -0.0, -0.009334
24, 9.380000000000003, -1.555, 0, 9.380550000000001, -1.55455, -0.0, -0.009308
24, 9.380000000000003, -1.545, 0, 9.379700000000001, -1.5448000000000002, -0.0, -0.009298
24, 9.380000000000003, -1.535, 0, 9.3809, -1.53465, -0.0, -0.009287
24, 9.380000000000003, -1.525, 0, 9.379950000000001, -1.52425, 5e-05, -0.009334
24, 9.380000000000003, -1.515, 0, 9.37975, -1.5146000000000002, 5e-05, -0.009298
24, 9.380000000000003, -1.505, 0, 9.381, -1.50525, 5e-05, -0.009334
24, 9.380000000000003, -1.4949999999999999, 0, 9.380450000000002, -1.4942, 0.0001, -0.00934
24, 9.380000000000003, -1.4849999999999999, 0, 9.379550000000002, -1.4848500000000002, 5e-05, -0.009282
24, 9.380000000000003, -1.4749999999999999, 0, 9.38035, -1.4747000000000001, -0.0, -0.009324
24, 9.380000000000003, -1.4649999999999999, 0, 9.381050000000002, -1.46615, -0.0, -0.009293
24, 9.380000000000003, -1.4549999999999998, 0, 9.38095, -1.4555500000000001, -5e-05, -0.009324
24, 9.380000000000003, -1.4449999999999998, 0, 9.379700000000001, -1.44595, -5e-05, -0.009319
24, 9.380000000000003, -1.4349999999999998, 0, 9.37975, -1.43595, -5e-05, -0.009334
24, 9.380000000000003, -1.4249999999999998, 0, 9.379850000000001, -1.4257, -5e-05, -0.009293
24, 9.380000000000003, -1.4149999999999998, 0, 9.379950000000001, -1.41535, -5e-05, -0.009287
24, 9.380000000000003, -1.4049999999999998, 0, 9.3801, -1.4049, -5e-05, -0.009324
25, 9.390000000000002, -1.4049999999999998, 0, 9.38945, -1.4049, -0.0001, -0.009324
25, 9.400000000000002, -1.4049999999999998, 0, 9.4007, -1.405, -5e-05, -0.009293
25, 9.410000000000002, -1.4049999999999998, 0, 9.4105, -1.4050500000000001, -0.0, -0.009329
25, 9.420000000000002, -1.4049999999999998, 0, 9.4196, -1.4050500000000001, -0.0, -0.009287
25, 9.430000000000001, -1.4049999999999998, 0, 9.429800000000002, -1.4051500000000001, 5e-05, -0.009298
25, 9.440000000000001, -1.4049999999999998, 0, 9.43955, -1.4051500000000001, 0.0001, -0.009334
25, 9.450000000000001, -1.4049999999999998, 0, 9.449300000000001, -1.4051000000000002, 0.00015000000000000001, -0.009329
25, 9.46, -1.4049999999999998, 0, 9.46005, -1.4049500000000001, 0.00015000000000000001, -0.009293
25, 9.47, -1.4049999999999998, 0, 9.4696, -1.4046500000000002, 0.00015000000000000001, -0.009329
25, 9.48, -1.4049999999999998, 0, 9.47985, -1.4051000000000002, 5e-05, -0.009319
25, 9.49, -1.4049999999999998, 0, 9.489300000000002, -1.4051500000000001, -0.0, -0.009303
25, 9.5, -1.4049999999999998, 0, 9.4997, -1.4052, -0.0, -0.009303
25, 9.51, -1.4049999999999998, 0, 9.5101, -1.4051500000000001, -5e-05, -0.00935
25, 9.52, -1.4049999999999998, 0, 9.52015, -1.40475, -0.0001, -0.009303
25, 9.53, -1.4049999999999998, 0, 9.52975, -1.4053000000000002, -0.0001, -0.009319
25, 9.54, -1.4049999999999998, 0, 9.5397, -1.405, -0.0, -0.009308
25, 9.549999999999999, -1.4049999999999998, 0, 9.549800000000001, -1.40475, -0.0, -0.009345
25, 9.559999999999999, -1.4049999999999998, 0, 9.55875, -1.4046500000000002, 5e-05, -0.009293
25, 9.569999999999999, -1.4049999999999998, 0, 9.56975, -1.4051500000000001, 0.0001, -0.009324
25, 9.579999999999998, -1.4049999999999998, 0, 9.579300000000002, -1.4053000000000002, 0.00015000000000000001, -0.00934
25, 9.589999999999998, -1.4049999999999998, 0, 9.590200000000001, -1.4052, 0.00015000000000000001, -0.009345
25, 9.599999999999998, -1.4049999999999998, 0, 9.600100000000001, -1.4049500000000001, 0.0001, -0.009298
25, 9.609999999999998, -1.4049999999999998, 0, 9.609399999999999, -1.4047, -0.0, -0.009293
25, 9.619999999999997, -1.4049999999999998, 0, 9.6199, -1.40475, -0.0, -0.009298
25, 9.629999999999997, -1.4049999999999998, 0, 9.630300000000002, -1.4051000000000002, 5e-05, -0.009334
25, 9.629999999999997, -1.4149999999999998, 0, 9.6296, -1.4150500000000001, -5e-05, -0.009308
25, 9.629999999999997, -1.4249999999999998, 0, 9.6304, -1.42525, -5e-05, -0.009287
25, 9.629999999999997, -1.4349999999999998, 0, 9.6294, -1.435, -5e-05, -0.009334
25, 9.629999999999997, -1.4449999999999998, 0, 9.629950000000001, -1.4444000000000001, -5e-05, -0.00935
25, 9.629999999999997, -1.4549999999999998, 0, 9.6308, -1.4544000000000001, -0.0001, -0.009298
25, 9.629999999999997, -1.4649999999999999, 0, 9.629, -1.4635500000000001, -0.0001, -0.009261
25, 9.629999999999997, -1.4749999999999999, 0, 9.63015, -1.4745500000000002, -5e-05, -0.009329
25, 9.629999999999997, -1.4849999999999999, 0, 9.6301, -1.48425, -5e-05, -0.00934
25, 9.629999999999997, -1.4949999999999999, 0, 9.630450000000002, -1.4950500000000002, -0.0, -0.009303
25, 9.629999999999997, -1.505, 0, 9.62965, -1.5057, -0.0, -0.009293
25, 9.629999999999997, -1.515, 0, 9.63015, -1.51515, -0.0, -0.009293
25, 9.629999999999997, -1.525, 0, 9.62945, -1.5247, -0.0, -0.009287
25, 9.629999999999997, -1.535, 0, 9.629850000000001, -1.53465, -0.0, -0.009334
25, 9.629999999999997, -1.545, 0, 9.630450000000002, -1.54475, -0.0, -0.009298
25, 9.629999999999997, -1.555, 0, 9.630700000000001, -1.5547, 0.00015000000000000001, -0.009334
25, 9.629999999999997, -1.565, 0, 9.6295, -1.5655500000000002, 0.00015000000000000001, -0.009334
25, 9.629999999999997, -1.575, 0, 9.63025, -1.57525, 0.0001, -0.009282
25, 9.629999999999997, -1.585, 0, 9.629700000000001, -1.58475, 5e-05, -0.009319
25, 9.629999999999997, -1.595, 0, 9.6299, -1.59505, -0.0, -0.009345
25, 9.629999999999997, -1.605, 0, 9.6302, -1.60425, -0.0, -0.009308
25, 9.629999999999997, -1.615, 0, 9.629550000000002, -1.6153000000000002, -0.0, -0.009287
25, 9.629999999999997, -1.625, 0, 9.62945, -1.6253000000000002, -0.0, -0.009319
25, 9.629999999999997, -1.635, 0, 9.6299, -1.6347, -0.0, -0.009345
25, 9.629999999999997, -1.645, 0, 9.6299, -1.64535, -0.0, -0.009303
25, 9.629999999999997, -1.655, 0, 9.6302, -1.6548500000000002, -5e-05, -0.009287
26, 9.619999999999997, -1.655, 0, 9.61965, -1.655, -0.0, -0.009319
26, 9.609999999999998, -1.655, 0, 9.609950000000001, -1.6552, -0.0, -0.009324
26, 9.599999999999998, -1.655, 0, 9.6003, -1.6552, -0.0, -0.009298
26, 9.589999999999998, -1.655, 0, 9.5894, -1.6552, -0.0, -0.009293
26, 9.579999999999998, -1.655, 0, 9.58055, -1.6552, -0.0, -0.00934
26, 9.569999999999999, -1.655, 0, 9.56975, -1.6552, -0.0, -0.00935
26, 9.559999999999999, -1.655, 0, 9.55985, -1.655, -0.0, -0.009303
26, 9.549999999999999, -1.655, 0, 9.55015, -1.655, -5e-05, -0.009293
26, 9.54, -1.655, 0, 9.5395, -1.655, -5e-05, -0.009324
26, 9.53, -1.655, 0, 9.530100000000001, -1.655, -5e-05, -0.009355
26, 9.52, -1.655, 0, 9.5204, -1.655, -5e-05, -0.009298
26, 9.51, -1.655, 0, 9.50955, -1.655, -5e-05, -0.009303
26, 9.5, -1.655, 0, 9.50015, -1.655, -5e-05, -0.009334
26, 9.49, -1.655, 0, 9.4895, -1.655, -0.0, -0.009345
26, 9.48, -1.655, 0, 9.4794, -1.655, -0.0, -0.009293
26, 9.47, -1.655, 0, 9.470300000000002, -1.655, -5e-05, -0.009329
26, 9.46, -1.655, 0, 9.460899999999999, -1.655, -0.0, -0.00936
26, 9.450000000000001, -1.655, 0, 9.44975, -1.655, -0.0, -0.009303
26, 9.440000000000001, -1.655, 0, 9.44035, -1.655, -0.0, -0.009293
26, 9.430000000000001, -1.655, 0, 9.43025, -1.655, -0.0, -0.009329
26, 9.420000000000002, -1.655, 0, 9.4205, -1.655, -0.0, -0.009329
26, 9.410000000000002, -1.655, 0, 9.41075, -1.655, -0.0, -0.009324
26, 9.400000000000002, -1.655, 0, 9.39995, -1.655, 5e-05, -0.009298
26, 9.390000000000002, -1.655, 0, 9.389850000000001, -1.655, 0.00015000000000000001, -0.009293
26, 9.380000000000003, -1.655, 0, 9.379850000000001, -1.655, 0.00015000000000000001, -0.009334
26, 9.370000000000003, -1.655, 0, 9.36965, -1.6549, 0.00015000000000000001, -0.00935
26, 9.370000000000003, -1.645, 0, 9.370149999999999, -1.64535, 0.00015000000000000001, -0.009287
26, 9.370000000000003, -1.635, 0, 9.37005, -1.6346500000000002, -0.0, -0.009267
26, 9.370000000000003, -1.625, 0, 9.36985, -1.6251000000000002, -0.0, -0.009298
26, 9.370000000000003, -1.615, 0, 9.3702, -1.6145500000000002, -0.0, -0.009345
26, 9.370000000000003, -1.605, 0, 9.37005, -1.60505, -0.0, -0.009298
26, 9.370000000000003, -1.595, 0, 9.3701, -1.5946500000000001, -0.0, -0.009287
26, 9.370000000000003, -1.585, 0, 9.3701, -1.5852, -0.0, -0.009345
26, 9.370000000000003, -1.575, 0, 9.37065, -1.5748000000000002, -0.0, -0.009298
26, 9.370000000000003, -1.565, 0, 9.37115, -1.5648000000000002, -0.0, -0.009303
26, 9.370000000000003, -1.555, 0, 9.369800000000001, -1.5542, -0.0, -0.009319
26, 9.370000000000003, -1.545, 0, 9.369399999999999, -1.544, -0.0, -0.009308
26, 9.370000000000003, -1.535, 0, 9.37, -1.5348000000000002, -0.0, -0.009308
26, 9.370000000000003, -1.525, 0, 9.36895, -1.5243000000000002, -0.0, -0.009277
26, 9.370000000000003, -1.515, 0, 9.3706, -1.51525, -5e-05, -0.009287
26, 9.370000000000003, -1.505, 0, 9.3712, -1.5056, -5e-05, -0.009277
26, 9.370000000000003, -1.4949999999999999, 0, 9.36945, -1.4942, -5e-05, -0.009329
26, 9.370000000000003, -1.4849999999999999, 0, 9.3691, -1.4851, -5e-05, -0.009298
26, 9.370000000000003, -1.4749999999999999, 0, 9.37065, -1.47425, -0.0001, -0.009324
26, 9.370000000000003, -1.4649999999999999, 0, 9.36985, -1.4656000000000002, -5e-05, -0.009298
26, 9.370000000000003, -1.4549999999999998, 0, 9.370550000000001, -1.45565, -0.0, -0.009282
26, 9.370000000000003, -1.4449999999999998, 0, 9.3697, -1.4457, -0.0, -0.009303
26, 9.370000000000003, -1.4349999999999998, 0, 9.3704, -1.4354, -0.0, -0.009308
26, 9.370000000000003, -1.4249999999999998, 0, 9.3702, -1.4258000000000002, 5e-05, -0.009334
26, 9.370000000000003, -1.4149999999999998, 0, 9.3704, -1.4155, 5e-05, -0.00935
26, 9.370000000000003, -1.4049999999999998, 0, 9.3701, -1.4050500000000001, 0.0001, -0.009298
26, 9.370000000000003, -1.3949999999999998, 0, 9.369050000000001, -1.3948000000000003, 5e-05, -0.009303
27, 9.380000000000003, -1.3949999999999998, 0, 9.3809, -1.3949, 5e-05, -0.009334
27, 9.390000000000002, -1.3949999999999998, 0, 9.389850000000001, -1.395, 5e-05, -0.009287
27, 9.400000000000002, -1.3949999999999998, 0, 9.3993, -1.3950500000000001, 0.0001, -0.009308
27, 9.410000000000002, -1.3949999999999998, 0, 9.40975, -1.3950500000000001, 5e-05, -0.009287
27, 9.420000000000002, -1.3949999999999998, 0, 9.4197, -1.3950500000000001, -5e-05, -0.009277
27, 9.430000000000001, -1.3949999999999998, 0, 9.4296, -1.3950500000000001, -0.0001, -0.00934
27, 9.440000000000001, -1.3949999999999998, 0, 9.439200000000001, -1.395, -0.0001, -0.009298
27, 9.450000000000001, -1.3949999999999998, 0, 9.44985, -1.395, -0.0001, -0.009329
27, 9.46, -1.3949999999999998, 0, 9.459950000000001, -1.395, -0.0001, -0.009308
27, 9.47, -1.3949999999999998, 0, 9.46935, -1.3950500000000001, -0.0001, -0.009298
27, 9.48, -1.3949999999999998, 0, 9.4804, -1.3950500000000001, -0.0001, -0.009329
27, 9.49, -1.3949999999999998, 0, 9.490200000000002, -1.3950500000000001, -0.0, -0.009329
27, 9.5, -1.3949999999999998, 0, 9.499649999999999, -1.3950500000000001, -0.0, -0.009287
27, 9.51, -1.3949999999999998, 0, 9.5105, -1.395, -0.0, -0.009334
27, 9.52, -1.3949999999999998, 0, 9.520100000000001, -1.3949500000000001, -0.0, -0.009287
27, 9.53, -1.3949999999999998, 0, 9.529950000000001, -1.3949, 5e-05, -0.009324
27, 9.54, -1.3949999999999998, 0, 9.539399999999999, -1.3949500000000001, 5e-05, -0.00934
27, 9.549999999999999, -1.3949999999999998, 0, 9.550450000000001, -1.3949500000000001, 5e-05, -0.009308
27, 9.559999999999999, -1.3949999999999998, 0, 9.559800000000001, -1.395, 5e-05, -0.009324
27, 9.569999999999999, -1.3949999999999998, 0, 9.569700000000001, -1.3951000000000002, 0.0001, -0.009329
27, 9.579999999999998, -1.3949999999999998, 0, 9.58, -1.3951000000000002, 0.0001, -0.009293
27, 9.589999999999998, -1.3949999999999998, 0, 9.589550000000001, -1.3951000000000002, 5e-05, -0.009282
27, 9.599999999999998, -1.3949999999999998, 0, 9.600200000000001, -1.3951000000000002, 5e-05, -0.00934
27, 9.609999999999998, -1.3949999999999998, 0, 9.609950000000001, -1.3950500000000001, -5e-05, -0.009303
27, 9.619999999999997, -1.3949999999999998, 0, 9.6195, -1.395, -0.0001, -0.009329
27, 9.629999999999997, -1.3949999999999998, 0, 9.63015, -1.3949500000000001, -0.0001, -0.009298
27, 9.639999999999997, -1.3949999999999998, 0, 9.6396, -1.3949500000000001, -0.0001, -0.009287
27, 9.639999999999997, -1.4049999999999998, 0, 9.63995, -1.4048000000000003, -0.0001, -0.009324
27, 9.639999999999997, -1.4149999999999998, 0, 9.63935, -1.4151500000000001, -0.0001, -0.00934
27, 9.639999999999997, -1.4249999999999998, 0, 9.639899999999999, -1.4251500000000001, -5e-05, -0.009298
27, 9.639999999999997, -1.4349999999999998, 0, 9.63965, -1.43495, -0.0, -0.009282
27, 9.639999999999997, -1.4449999999999998, 0, 9.63995, -1.4450500000000002, -0.0, -0.009324
27, 9.639999999999997, -1.4549999999999998, 0, 9.6405, -1.4539000000000002, -0.0, -0.009329
27, 9.639999999999997, -1.4649999999999999, 0, 9.63925, -1.46425, -0.0, -0.009272
27, 9.639999999999997, -1.4749999999999999, 0, 9.6393, -1.4745500000000002, -0.0, -0.009324
27, 9.639999999999997, -1.4849999999999999, 0, 9.63945, -1.48525, -0.0, -0.009329
27, 9.639999999999997, -1.4949999999999999, 0, 9.6396, -1.4945500000000003, -0.0, -0.009355
27, 9.639999999999997, -1.505, 0, 9.63935, -1.50495, -0.0, -0.009308
27, 9.639999999999997, -1.515, 0, 9.63845, -1.51485, -0.0, -0.009345
27, 9.639999999999997, -1.525, 0, 9.639850000000001, -1.52465, -0.0, -0.009303
27, 9.639999999999997, -1.535, 0, 9.6386, -1.53545, -0.0, -0.009324
27, 9.639999999999997, -1.545, 0, 9.64085, -1.54495, -0.0, -0.009334
27, 9.639999999999997, -1.555, 0, 9.63925, -1.55495, -0.0, -0.009329
27, 9.639999999999997, -1.565, 0, 9.6404, -1.56565, -0.0, -0.009314
27, 9.639999999999997, -1.575, 0, 9.64015, -1.57515, -0.0, -0.009355
27, 9.639999999999997, -1.585, 0, 9.6409, -1.5849000000000002, -5e-05, -0.009282
27, 9.639999999999997, -1.595, 0, 9.638300000000001, -1.5948000000000002, -0.0, -0.009329
27, 9.639999999999997, -1.605, 0, 9.64025, -1.6045, -5e-05, -0.009355
27, 9.639999999999997, -1.615, 0, 9.6394, -1.61505, 5e-05, -0.009303
27, 9.639999999999997, -1.625, 0, 9.6401, -1.6254000000000002, 0.00015000000000000001, -0.009308
27, 9.639999999999997, -1.635, 0, 9.63975, -1.6346, 0.00015000000000000001, -0.009329
27, 9.639999999999997, -1.645, 0, 9.639899999999999, -1.64535, 0.00015000000000000001, -0.00936
27, 9.639999999999997, -1.655, 0, 9.64025, -1.6548000000000003, 0.00015000000000000001, -0.009298
27, 9.639999999999997, -1.665, 0, 9.639850000000001, -1.6652, -0.0, -0.009293
28, 9.629999999999997, -1.665, 0, 9.6314, -1.66535, 5e-05, -0.009334
28, 9.619999999999997, -1.665, 0, 9.6196, -1.6653000000000002, -5e-05, -0.009334
28, 9.609999999999998, -1.665, 0, 9.60985, -1.6652, -0.0001, -0.009303
28, 9.599999999999998, -1.665, 0, 9.6004, -1.6651500000000001, -0.0001, -0.009298
28, 9.589999999999998, -1.665, 0, 9.59065, -1.665, -0.0001, -0.009345
28, 9.579999999999998, -1.665, 0, 9.581100000000001, -1.6649500000000002, -0.0001, -0.009303
28, 9.569999999999999, -1.665, 0, 9.56975, -1.6649, -0.0001, -0.009277
28, 9.559999999999999, -1.665, 0, 9.56015, -1.6649, -0.0, -0.009324
28, 9.549999999999999, -1.665, 0, 9.551800000000002, -1.6649500000000002, 5e-05, -0.009345
28, 9.54, -1.665, 0, 9.5397, -1.6649500000000002, 0.00015000000000000001, -0.009277
28, 9.53, -1.665, 0, 9.5306, -1.6649500000000002, 0.00015000000000000001, -0.009329
28, 9.52, -1.665, 0, 9.5196, -1.6649, 0.0001, -0.009314
28, 9.51, -1.665, 0, 9.5106, -1.665, -0.0, -0.009287
28, 9.5, -1.665, 0, 9.50025, -1.665, -0.0, -0.009293
28, 9.49, -1.665, 0, 9.490300000000001, -1.6650500000000001, -0.0, -0.009308
28, 9.48, -1.665, 0, 9.481050000000002, -1.6650500000000001, -5e-05, -0.009293
28, 9.47, -1.665, 0, 9.46975, -1.6650500000000001, -0.0001, -0.009287
28, 9.46, -1.665, 0, 9.460300000000002, -1.6651000000000002, -0.0001, -0.009355
28, 9.450000000000001, -1.665, 0, 9.4511, -1.6650500000000001, -0.0001, -0.009303
28, 9.440000000000001, -1.665, 0, 9.44025, -1.6651000000000002, -0.0001, -0.009293
28, 9.430000000000001, -1.665, 0, 9.43015, -1.6650500000000001, -0.0001, -0.009334
28, 9.420000000000002, -1.665, 0, 9.420300000000001, -1.6650500000000001, -5e-05, -0.009329
28, 9.410000000000002, -1.665, 0, 9.4109, -1.665, -0.0, -0.009298
28, 9.400000000000002, -1.665, 0, 9.39975, -1.665, -5e-05, -0.009287
28, 9.390000000000002, -1.665, 0, 9.39005, -1.6649500000000002, 5e-05, -0.009329
28, 9.380000000000003, -1.665, 0, 9.38, -1.6649500000000002, -0.0, -0.009308
28, 9.370000000000003, -1.665, 0, 9.3701, -1.6649500000000002, 5e-05, -0.009282
28, 9.360000000000003, -1.665, 0, 9.36045, -1.6649500000000002, 5e-05, -0.009324
28, 9.360000000000003, -1.655, 0, 9.36075, -1.655, 5e-05, -0.009324
28, 9.360000000000003, -1.645, 0, 9.359300000000001, -1.6451000000000002, 5e-05, -0.009355
28, 9.360000000000003, -1.635, 0, 9.36025, -1.63475, 0.0001, -0.009293
28, 9.360000000000003, -1.625, 0, 9.360899999999999, -1.6253000000000002, -0.0, -0.009319
28, 9.360000000000003, -1.615, 0, 9.36045, -1.6148000000000002, 5e-05, -0.009345
28, 9.360000000000003, -1.605, 0, 9.3602, -1.605, -0.0, -0.009298
28, 9.360000000000003, -1.595, 0, 9.35985, -1.5947, -5e-05, -0.009298
28, 9.360000000000003, -1.585, 0, 9.358600000000001, -1.5853000000000002, -0.0001, -0.009329
28, 9.360000000000003, -1.575, 0, 9.3611, -1.57495, -0.0001, -0.009334
28, 9.360000000000003, -1.565, 0, 9.36035, -1.56485, -5e-05, -0.009303
28, 9.360000000000003, -1.555, 0, 9.35955, -1.55455, -0.0001, -0.009298
28, 9.360000000000003, -1.545, 0, 9.36095, -1.54485, -5e-05, -0.009334
28, 9.360000000000003, -1.535, 0, 9.36135, -1.5352000000000001, -5e-05, -0.009314
28, 9.360000000000003, -1.525, 0, 9.36, -1.5251000000000001, 5e-05, -0.009324
28, 9.360000000000003, -1.515, 0, 9.360550000000002, -1.5146000000000002, 0.00015000000000000001, -0.009334
28, 9.360000000000003, -1.505, 0, 9.359300000000001, -1.50405, 0.00015000000000000001, -0.009293
28, 9.360000000000003, -1.4949999999999999, 0, 9.3599, -1.4949000000000001, 0.00015000000000000001, -0.00934
28, 9.360000000000003, -1.4849999999999999, 0, 9.36065, -1.4852, -5e-05, -0.009345
28, 9.360000000000003, -1.4749999999999999, 0, 9.35975, -1.4747000000000001, -5e-05, -0.009277
28, 9.360000000000003, -1.4649999999999999, 0, 9.36105, -1.4650500000000002, -5e-05, -0.009324
28, 9.360000000000003, -1.4549999999999998, 0, 9.360149999999999, -1.4555, -5e-05, -0.009334
28, 9.360000000000003, -1.4449999999999998, 0, 9.3595, -1.4457, -0.0001, -0.009293
28, 9.360000000000003, -1.4349999999999998, 0, 9.360850000000001, -1.43585, -0.0001, -0.009329
28, 9.360000000000003, -1.4249999999999998, 0, 9.3617, -1.42545, -0.0001, -0.00934
28, 9.360000000000003, -1.4149999999999998, 0, 9.35945, -1.4149500000000002, -5e-05, -0.009308
28, 9.360000000000003, -1.4049999999999998, 0, 9.3582, -1.4047, 5e-05, -0.009319
28, 9.360000000000003, -1.3949999999999998, 0, 9.360800000000001, -1.39475, 0.0001, -0.00934
28, 9.360000000000003, -1.3849999999999998, 0, 9.3602, -1.3857000000000002, 0.0001, -0.009287
29, 9.370000000000003, -1.3849999999999998, 0, 9.3682, -1.38475, 0.00015000000000000001, -0.009308
29, 9.380000000000003, -1.3849999999999998, 0, 9.3805, -1.385, 0.0001, -0.00934
29, 9.390000000000002, -1.3849999999999998, 0, 9.389700000000001, -1.38545, -5e-05, -0.009287
29, 9.400000000000002, -1.3849999999999998, 0, 9.3992, -1.38535, -0.0001, -0.009329
29, 9.410000000000002, -1.3849999999999998, 0, 9.4104, -1.3849, -0.0001, -0.009324
29, 9.420000000000002, -1.3849999999999998, 0, 9.41915, -1.3848500000000001, -0.0001, -0.009298
29, 9.430000000000001, -1.3849999999999998, 0, 9.429800000000002, -1.3848500000000001, -0.00015000000000000001, -0.00934
29, 9.440000000000001, -1.3849999999999998, 0, 9.4397, -1.3849, -0.0001, -0.009324
29, 9.450000000000001, -1.3849999999999998, 0, 9.44935, -1.385, -5e-05, -0.00934
29, 9.46, -1.3849999999999998, 0, 9.459700000000002, -1.3851000000000002, -5e-05, -0.009329
29, 9.47, -1.3849999999999998, 0, 9.4695, -1.3851000000000002, -0.0, -0.009293
29, 9.48, -1.3849999999999998, 0, 9.480300000000002, -1.3851000000000002, 5e-05, -0.009298
29, 9.49, -1.3849999999999998, 0, 9.48935, -1.3850500000000001, 0.00015000000000000001, -0.009319
29, 9.5, -1.3849999999999998, 0, 9.5009, -1.385, 0.00015000000000000001, -0.00935
29, 9.51, -1.3849999999999998, 0, 9.5105, -1.385, 0.0001, -0.00934
29, 9.52, -1.3849999999999998, 0, 9.5202, -1.3849, 0.0001, -0.009319
29, 9.53, -1.3849999999999998, 0, 9.5297, -1.3849, 5e-05, -0.009298
29, 9.54, -1.3849999999999998, 0, 9.539200000000001, -1.385, -5e-05, -0.009287
29, 9.549999999999999, -1.3849999999999998, 0, 9.54995, -1.385, -5e-05, -0.00934
29, 9.559999999999999, -1.3849999999999998, 0, 9.5589, -1.3850500000000001, -0.0001, -0.009329
29, 9.569999999999999, -1.3849999999999998, 0, 9.56995, -1.3851000000000002, -0.0001, -0.009303
29, 9.579999999999998, -1.3849999999999998, 0, 9.58015, -1.3851000000000002, -0.00015000000000000001, -0.009298
29, 9.589999999999998, -1.3849999999999998, 0, 9.5897, -1.3850500000000001, -0.0, -0.00935
29, 9.599999999999998, -1.3849999999999998, 0, 9.5995, -1.3850500000000001, -0.0, -0.009293
29, 9.609999999999998, -1.3849999999999998, 0, 9.60955, -1.3850500000000001, -0.0, -0.009293
29, 9.619999999999997, -1.3849999999999998, 0, 9.6196, -1.385, -0.0, -0.009345
29, 9.629999999999997, -1.3849999999999998, 0, 9.63015, -1.385, -5e-05, -0.009329
29, 9.639999999999997, -1.3849999999999998, 0, 9.639800000000001, -1.385, -0.0, -0.009293
29, 9.649999999999997, -1.3849999999999998, 0, 9.65055, -1.385, -0.0, -0.009334
29, 9.649999999999997, -1.3949999999999998, 0, 9.6495, -1.3950500000000001, -0.0, -0.009303
29, 9.649999999999997, -1.4049999999999998, 0, 9.648800000000001, -1.4047, -0.0, -0.009293
29, 9.649999999999997, -1.4149999999999998, 0, 9.64995, -1.4149, -0.0, -0.009324
29, 9.649999999999997, -1.4249999999999998, 0, 9.64985, -1.4247, -0.0, -0.00936
29, 9.649999999999997, -1.4349999999999998, 0, 9.6501, -1.4351, -0.0, -0.009293
29, 9.649999999999997, -1.4449999999999998, 0, 9.65035, -1.4440500000000003, -0.0, -0.009293
29, 9.649999999999997, -1.4549999999999998, 0, 9.6507, -1.4557, 0.00015000000000000001, -0.00935
29, 9.649999999999997, -1.4649999999999999, 0, 9.65005, -1.46405, 0.00015000000000000001, -0.009334
29, 9.649999999999997, -1.4749999999999999, 0, 9.64905, -1.47495, 0.00015000000000000001, -0.009314
29, 9.649999999999997, -1.4849999999999999, 0, 9.65005, -1.4854, -5e-05, -0.009298
29, 9.649999999999997, -1.4949999999999999, 0, 9.65125, -1.4949000000000001, -0.0001, -0.009319
29, 9.649999999999997, -1.505, 0, 9.6485, -1.50495, -0.0001, -0.009308
29, 9.649999999999997, -1.515, 0, 9.65035, -1.5156500000000002, -0.0001, -0.009287
29, 9.649999999999997, -1.525, 0, 9.65015, -1.52545, -0.0001, -0.009308
29, 9.649999999999997, -1.535, 0, 9.6492, -1.5354, -5e-05, -0.009293
29, 9.649999999999997, -1.545, 0, 9.6489, -1.5456, -0.0, -0.009319
29, 9.649999999999997, -1.555, 0, 9.650649999999999, -1.5555, -5e-05, -0.009287
29, 9.649999999999997, -1.565, 0, 9.6491, -1.5650500000000003, 0.0001, -0.009334
29, 9.649999999999997, -1.575, 0, 9.64875, -1.5745, 0.00015000000000000001, -0.009298
29, 9.649999999999997, -1.585, 0, 9.65085, -1.58495, 0.00015000000000000001, -0.009293
29, 9.649999999999997, -1.595, 0, 9.650450000000001, -1.59495, -5e-05, -0.009303
29, 9.649999999999997, -1.605, 0, 9.64935, -1.6043000000000003, -5e-05, -0.009308
29, 9.649999999999997, -1.615, 0, 9.650300000000001, -1.6154000000000002, -0.0001, -0.00934
29, 9.649999999999997, -1.625, 0, 9.64905, -1.62505, -0.0001, -0.009314
29, 9.649999999999997, -1.635, 0, 9.6507, -1.6348000000000003, -0.0001, -0.009287
29, 9.649999999999997, -1.645, 0, 9.648800000000001, -1.6452, -0.0001, -0.009324
29, 9.649999999999997, -1.655, 0, 9.650300000000001, -1.6548500000000002, -0.0001, -0.009329
29, 9.649999999999997, -1.665, 0, 9.6498, -1.6653000000000002, 5e-05, -0.009282
29, 9.649999999999997, -1.675, 0, 9.649, -1.6747, 0.0001, -0.009324
30, 9.639999999999997, -1.675, 0, 9.64085, -1.6747, 0.0001, -0.009303
30, 9.629999999999997, -1.675, 0, 9.63015, -1.67545, 0.0001, -0.009324
30, 9.619999999999997, -1.675, 0, 9.62065, -1.67545, 0.0001, -0.00934
30, 9.609999999999998, -1.675, 0, 9.609950000000001, -1.675, -0.0, -0.009287
30, 9.599999999999998, -1.675, 0, 9.600700000000002, -1.6750500000000001, -0.0, -0.009277
30, 9.589999999999998, -1.675, 0, 9.58995, -1.6749, -0.0, -0.009329
30, 9.579999999999998, -1.675, 0, 9.581, -1.6748500000000002, -0.0, -0.009334
30, 9.569999999999999, -1.675, 0, 9.57, -1.6748500000000002, -0.0, -0.009293
30, 9.559999999999999, -1.675, 0, 9.56075, -1.6749, -0.0, -0.009319
30, 9.549999999999999, -1.675, 0, 9.5501, -1.67495, 5e-05, -0.009293
30, 9.54, -1.675, 0, 9.5396, -1.675, -0.0, -0.009303
30, 9.53, -1.675, 0, 9.530550000000002, -1.6750500000000001, -0.0, -0.009293
30, 9.52, -1.675, 0, 9.520550000000002, -1.6752, -5e-05, -0.009329
30, 9.51, -1.675, 0, 9.51065, -1.6752, -5e-05, -0.009282
30, 9.5, -1.675, 0, 9.50025, -1.6751500000000001, -5e-05, -0.009298
30, 9.49, -1.675, 0, 9.4909, -1.675, -0.0001, -0.009329
30, 9.48, -1.675, 0, 9.4807, -1.6750500000000001, -0.0001, -0.009329
30, 9.47, -1.675, 0, 9.47005, -1.6748500000000002, -5e-05, -0.009293
30, 9.46, -1.675, 0, 9.46135, -1.6748500000000002, -0.0, -0.009287
30, 9.450000000000001, -1.675, 0, 9.449950000000001, -1.6748500000000002, 0.00015000000000000001, -0.009324
30, 9.440000000000001, -1.675, 0, 9.44075, -1.6749, 0.00015000000000000001, -0.009298
30, 9.430000000000001, -1.675, 0, 9.429800000000002, -1.6749, 0.00015000000000000001, -0.009287
30, 9.420000000000002, -1.675, 0, 9.420200000000001, -1.67495, 0.00015000000000000001, -0.009319
30, 9.410000000000002, -1.675, 0, 9.41085, -1.675, 5e-05, -0.009329
30, 9.400000000000002, -1.675, 0, 9.39985, -1.675, -5e-05, -0.009319
30, 9.390000000000002, -1.675, 0, 9.3902, -1.67495, -0.0001, -0.009303
30, 9.380000000000003, -1.675, 0, 9.379700000000001, -1.675, -0.0001, -0.009324
30, 9.370000000000003, -1.675, 0, 9.36985, -1.6751, -0.0001, -0.009329
30, 9.360000000000003, -1.675, 0, 9.35975, -1.6751500000000001, -0.0001, -0.009298
30, 9.350000000000003, -1.675, 0, 9.34915, -1.6751500000000001, -0.0001, -0.009287
30, 9.350000000000003, -1.665, 0, 9.35075, -1.66545, -0.0001, -0.009334
30, 9.350000000000003, -1.655, 0, 9.35115, -1.6546, -5e-05, -0.009329
30, 9.350000000000003, -1.645, 0, 9.34965, -1.6449, -0.0, -0.009298
30, 9.350000000000003, -1.635, 0, 9.3503, -1.6346500000000002, 5e-05, -0.009293
30, 9.350000000000003, -1.625, 0, 9.351, -1.6254000000000002, 5e-05, -0.009329
30, 9.350000000000003, -1.615, 0, 9.3505, -1.615, 0.0001, -0.00934
30, 9.350000000000003, -1.605, 0, 9.3497, -1.60485, 0.0001, -0.009308
30, 9.350000000000003, -1.595, 0, 9.3488, -1.5946500000000001, 0.0001, -0.009319
30, 9.350000000000003, -1.585, 0, 9.3515, -1.58545, 0.00015000000000000001, -0.009329
30, 9.350000000000003, -1.575, 0, 9.34975, -1.57475, 0.00015000000000000001, -0.009329
30, 9.350000000000003, -1.565, 0, 9.349950000000002, -1.5652000000000001, -0.0, -0.009287
30, 9.350000000000003, -1.555, 0, 9.34975, -1.55455, 5e-05, -0.009277
30, 9.350000000000003, -1.545, 0, 9.350050000000001, -1.5449000000000002, -0.0001, -0.009329
30, 9.350000000000003, -1.535, 0, 9.34975, -1.5346000000000002, -0.00015000000000000001, -0.009298
30, 9.350000000000003, -1.525, 0, 9.35015, -1.5253500000000002, -0.00015000000000000001, -0.009293
30, 9.350000000000003, -1.515, 0, 9.351600000000001, -1.51495, -0.0001, -0.009334
30, 9.350000000000003, -1.505, 0, 9.3496, -1.50435, -0.0, -0.009287
30, 9.350000000000003, -1.4949999999999999, 0, 9.350050000000001, -1.49405, 0.0001, -0.009319
30, 9.350000000000003, -1.4849999999999999, 0, 9.35015, -1.4858500000000001, 0.0001, -0.009329
30, 9.350000000000003, -1.4749999999999999, 0, 9.3512, -1.4749, 0.0001, -0.009329
30, 9.350000000000003, -1.4649999999999999, 0, 9.3495, -1.4645500000000002, 0.0001, -0.00934
30, 9.350000000000003, -1.4549999999999998, 0, 9.3497, -1.4554500000000001, 0.0001, -0.009287
30, 9.350000000000003, -1.4449999999999998, 0, 9.350700000000002, -1.44575, 5e-05, -0.009308
30, 9.350000000000003, -1.4349999999999998, 0, 9.3515, -1.43575, -0.0, -0.009303
30, 9.350000000000003, -1.4249999999999998, 0, 9.34985, -1.4253500000000001, 5e-05, -0.009293
30, 9.350000000000003, -1.4149999999999998, 0, 9.3496, -1.4151500000000001, -5e-05, -0.009272
30, 9.350000000000003, -1.4049999999999998, 0, 9.3499, -1.4057, -0.0001, -0.009334
30, 9.350000000000003, -1.3949999999999998, 0, 9.349950000000002, -1.3955, -0.0001, -0.00934
30, 9.350000000000003, -1.3849999999999998, 0, 9.34915, -1.3852, -0.0001, -0.009298
30, 9.350000000000003, -1.3749999999999998, 0, 9.351600000000001, -1.3757000000000001, -0.0001, -0.009272
0, 9.5, -1.525, 0.1, 9.3494, -1.3755, -0.0001, -0.009298
