Voltage = 3.6, Current = 18.2, Pinhole = 10um, Objective = 20x, NA = 0.42 
0, 10.27, -1.5, -0.131, 10.270150000000001, -1.5, -0.13065000000000002, -0.005799
1, 10.2715, -1.5, -0.131, 10.270550000000002, -1.5, -0.13065000000000002, -0.005835
1, 10.2715, -1.5015, -0.131, 10.271600000000001, -1.5010500000000002, -0.1311, -0.005861
2, 10.27, -1.5015, -0.131, 10.270650000000002, -1.5016500000000002, -0.13125, -0.005575
2, 10.2685, -1.5015, -0.131, 10.268650000000001, -1.5019500000000001, -0.13125, -0.005679
2, 10.2685, -1.5, -0.131, 10.268600000000001, -1.5005500000000003, -0.13125, -0.005752
2, 10.2685, -1.4985, -0.131, 10.268450000000001, -1.498, -0.13090000000000002, -0.006242
3, 10.27, -1.4985, -0.131, 10.269050000000002, -1.4979500000000001, -0.13075, -0.006612
3, 10.2715, -1.4985, -0.131, 10.271650000000001, -1.498, -0.13075, -0.006091
3, 10.273, -1.4985, -0.131, 10.272900000000002, -1.49865, -0.13085, -0.005882
3, 10.273, -1.5, -0.131, 10.273100000000001, -1.4999500000000001, -0.13095, -0.005684
3, 10.273, -1.5015, -0.131, 10.2733, -1.5017, -0.13115000000000002, -0.005632
3, 10.273, -1.5030000000000001, -0.131, 10.273150000000001, -1.5031, -0.13125, -0.005825
4, 10.2715, -1.5030000000000001, -0.131, 10.2718, -1.5033, -0.13125, -0.005877
4, 10.27, -1.5030000000000001, -0.131, 10.2703, -1.5033, -0.13115000000000002, -0.006086
4, 10.2685, -1.5030000000000001, -0.131, 10.2685, -1.5034, -0.13090000000000002, -0.006305
4, 10.267, -1.5030000000000001, -0.131, 10.26645, -1.5030500000000002, -0.13075, -0.005684
4, 10.267, -1.5015, -0.131, 10.2667, -1.5014, -0.13075, -0.005658
4, 10.267, -1.5, -0.131, 10.266900000000001, -1.4995500000000002, -0.1308, -0.005767
4, 10.267, -1.4985, -0.131, 10.266950000000001, -1.4988500000000002, -0.13095, -0.006159
4, 10.267, -1.4969999999999999, -0.131, 10.267, -1.4968500000000002, -0.1311, -0.006717
5, 10.2685, -1.4969999999999999, -0.131, 10.268450000000001, -1.4965500000000003, -0.13125, -0.006591
5, 10.27, -1.4969999999999999, -0.131, 10.27, -1.4965500000000003, -0.13125, -0.00655
5, 10.2715, -1.4969999999999999, -0.131, 10.271450000000002, -1.4968500000000002, -0.1312, -0.00655
5, 10.273, -1.4969999999999999, -0.131, 10.272950000000002, -1.49695, -0.13105, -0.006576
5, 10.2745, -1.4969999999999999, -0.131, 10.2745, -1.4971, -0.13090000000000002, -0.006451
5, 10.2745, -1.4985, -0.131, 10.274650000000001, -1.49845, -0.13075, -0.005934
5, 10.2745, -1.5, -0.131, 10.274700000000001, -1.5001000000000002, -0.13075, -0.005616
5, 10.2745, -1.5015, -0.131, 10.274700000000001, -1.5018000000000002, -0.1308, -0.005595
5, 10.2745, -1.5030000000000001, -0.131, 10.27445, -1.50315, -0.131, -0.005856
5, 10.2745, -1.5045000000000002, -0.131, 10.274400000000002, -1.5044000000000002, -0.131, -0.006206
6, 10.273, -1.5045000000000002, -0.131, 10.27335, -1.50515, -0.131, -0.006685
6, 10.2715, -1.5045000000000002, -0.131, 10.2718, -1.50515, -0.131, -0.006247
6, 10.27, -1.5045000000000002, -0.131, 10.2702, -1.5045500000000003, -0.131, -0.005757
6, 10.2685, -1.5045000000000002, -0.131, 10.268600000000001, -1.5044000000000002, -0.131, -0.006805
6, 10.267, -1.5045000000000002, -0.131, 10.2664, -1.50435, -0.131, -0.007035
6, 10.2655, -1.5045000000000002, -0.131, 10.26565, -1.50435, -0.131, -0.006153
6, 10.2655, -1.5030000000000001, -0.131, 10.265550000000001, -1.5035500000000002, -0.131, -0.005903
6, 10.2655, -1.5015, -0.131, 10.265400000000001, -1.501, -0.131, -0.005715
6, 10.2655, -1.5, -0.131, 10.265300000000002, -1.4995500000000002, -0.131, -0.005872
6, 10.2655, -1.4985, -0.131, 10.26525, -1.4988000000000001, -0.13095, -0.00594
6, 10.2655, -1.4969999999999999, -0.131, 10.265300000000002, -1.4968000000000001, -0.13115000000000002, -0.006378
6, 10.2655, -1.4954999999999998, -0.131, 10.265450000000001, -1.4955, -0.13125, -0.006936
7, 10.267, -1.4954999999999998, -0.131, 10.266900000000001, -1.49525, -0.1313, -0.006915
7, 10.2685, -1.4954999999999998, -0.131, 10.268450000000001, -1.49525, -0.1312, -0.006524
7, 10.27, -1.4954999999999998, -0.131, 10.27, -1.4952, -0.13095, -0.006503
7, 10.2715, -1.4954999999999998, -0.131, 10.2715, -1.4953, -0.13075, -0.006414
7, 10.273, -1.4954999999999998, -0.131, 10.273, -1.4953500000000002, -0.13075, -0.006565
7, 10.2745, -1.4954999999999998, -0.131, 10.27445, -1.4955500000000002, -0.13075, -0.006842
7, 10.276, -1.4954999999999998, -0.131, 10.27595, -1.4956500000000001, -0.131, -0.007165
7, 10.276, -1.4969999999999999, -0.131, 10.27625, -1.4967000000000001, -0.131, -0.00644
7, 10.276, -1.4985, -0.131, 10.2763, -1.4985500000000003, -0.131, -0.006075
7, 10.276, -1.5, -0.131, 10.276200000000001, -1.5002, -0.13095, -0.005694
7, 10.276, -1.5015, -0.131, 10.276150000000001, -1.50175, -0.1311, -0.005835
7, 10.276, -1.5030000000000001, -0.131, 10.276, -1.5032, -0.13125, -0.006133
7, 10.276, -1.5045000000000002, -0.131, 10.276050000000001, -1.5047000000000001, -0.13125, -0.006414
7, 10.276, -1.5060000000000002, -0.131, 10.27585, -1.5059, -0.1312, -0.006936
8, 10.2745, -1.5060000000000002, -0.131, 10.2748, -1.5068500000000002, -0.13105, -0.006331
8, 10.273, -1.5060000000000002, -0.131, 10.2727, -1.5065, -0.13095, -0.007269
8, 10.2715, -1.5060000000000002, -0.131, 10.271700000000001, -1.5061000000000002, -0.13075, -0.007175
8, 10.27, -1.5060000000000002, -0.131, 10.2703, -1.506, -0.13075, -0.006878
8, 10.2685, -1.5060000000000002, -0.131, 10.2688, -1.5059, -0.1308, -0.006346
8, 10.267, -1.5060000000000002, -0.131, 10.267, -1.5058500000000001, -0.131, -0.006122
8, 10.2655, -1.5060000000000002, -0.131, 10.265550000000001, -1.5058500000000001, -0.131, -0.006268
8, 10.264, -1.5060000000000002, -0.131, 10.2643, -1.5058500000000001, -0.13095, -0.006065
8, 10.264, -1.5045000000000002, -0.131, 10.26425, -1.5053500000000002, -0.13115000000000002, -0.00644
8, 10.264, -1.5030000000000001, -0.131, 10.264050000000001, -1.5028000000000001, -0.1313, -0.006091
8, 10.264, -1.5015, -0.131, 10.2631, -1.5011, -0.13125, -0.005679
8, 10.264, -1.5, -0.131, 10.26385, -1.49975, -0.13115000000000002, -0.005867
8, 10.264, -1.4985, -0.131, 10.263900000000001, -1.4985, -0.13095, -0.005981
8, 10.264, -1.4969999999999999, -0.131, 10.263950000000001, -1.4968000000000001, -0.13075, -0.006477
8, 10.264, -1.4954999999999998, -0.131, 10.264, -1.4954, -0.13075, -0.006602
8, 10.264, -1.4939999999999998, -0.131, 10.2642, -1.4937, -0.1308, -0.007358
9, 10.2655, -1.4939999999999998, -0.131, 10.265400000000001, -1.4935, -0.131, -0.007603
9, 10.267, -1.4939999999999998, -0.131, 10.266900000000001, -1.4935, -0.131, -0.007754
9, 10.2685, -1.4939999999999998, -0.131, 10.2687, -1.4938500000000001, -0.13095, -0.007029
9, 10.27, -1.4939999999999998, -0.131, 10.27, -1.49405, -0.13115000000000002, -0.006857
9, 10.2715, -1.4939999999999998, -0.131, 10.271400000000002, -1.4942, -0.13125, -0.007144
9, 10.273, -1.4939999999999998, -0.131, 10.273050000000001, -1.49425, -0.13125, -0.007572
9, 10.2745, -1.4939999999999998, -0.131, 10.274400000000002, -1.49425, -0.13115000000000002, -0.007003
9, 10.276, -1.4939999999999998, -0.131, 10.27595, -1.4939500000000001, -0.13090000000000002, -0.007269
9, 10.2775, -1.4939999999999998, -0.131, 10.27745, -1.4939, -0.13075, -0.007306
9, 10.2775, -1.4954999999999998, -0.131, 10.2776, -1.4948000000000001, -0.13075, -0.007108
9, 10.2775, -1.4969999999999999, -0.131, 10.27775, -1.4968000000000001, -0.1308, -0.006357
9, 10.2775, -1.4985, -0.131, 10.277800000000001, -1.4985, -0.131, -0.006138
9, 10.2775, -1.5, -0.131, 10.277550000000002, -1.5005500000000003, -0.131, -0.005585
9, 10.2775, -1.5015, -0.131, 10.277400000000002, -1.5017, -0.13095, -0.005705
9, 10.2775, -1.5030000000000001, -0.131, 10.27735, -1.5032, -0.1311, -0.006226
9, 10.2775, -1.5045000000000002, -0.131, 10.27735, -1.5047000000000001, -0.13125, -0.006315
9, 10.2775, -1.5060000000000002, -0.131, 10.27735, -1.50635, -0.13125, -0.007181
9, 10.2775, -1.5075000000000003, -0.131, 10.277550000000002, -1.50745, -0.13125, -0.007697
10, 10.276, -1.5075000000000003, -0.131, 10.276650000000002, -1.5079, -0.13095, -0.008265
10, 10.2745, -1.5075000000000003, -0.131, 10.274700000000001, -1.5081000000000002, -0.13075, -0.006899
10, 10.273, -1.5075000000000003, -0.131, 10.272900000000002, -1.5077, -0.13075, -0.007733
10, 10.2715, -1.5075000000000003, -0.131, 10.271650000000001, -1.5075, -0.1308, -0.00766
10, 10.27, -1.5075000000000003, -0.131, 10.2703, -1.5074, -0.131, -0.00704
10, 10.2685, -1.5075000000000003, -0.131, 10.26875, -1.5073500000000002, -0.131, -0.007843
10, 10.267, -1.5075000000000003, -0.131, 10.26675, -1.5073500000000002, -0.131, -0.007827
10, 10.2655, -1.5075000000000003, -0.131, 10.26565, -1.5073500000000002, -0.13095, -0.007175
10, 10.264, -1.5075000000000003, -0.131, 10.264400000000002, -1.5074, -0.13115000000000002, -0.006993
10, 10.2625, -1.5075000000000003, -0.131, 10.26235, -1.50745, -0.13125, -0.006091
10, 10.2625, -1.5060000000000002, -0.131, 10.262150000000002, -1.5069000000000001, -0.13125, -0.007285
10, 10.2625, -1.5045000000000002, -0.131, 10.26225, -1.50415, -0.13115000000000002, -0.006398
10, 10.2625, -1.5030000000000001, -0.131, 10.26235, -1.5028500000000002, -0.13095, -0.006378
10, 10.2625, -1.5015, -0.131, 10.26265, -1.50145, -0.1308, -0.0057
10, 10.2625, -1.5, -0.131, 10.26265, -1.4995, -0.13075, -0.005721
10, 10.2625, -1.4985, -0.131, 10.2627, -1.4986000000000002, -0.1308, -0.006195
10, 10.2625, -1.4969999999999999, -0.131, 10.2625, -1.4968000000000001, -0.131, -0.006727
10, 10.2625, -1.4954999999999998, -0.131, 10.26265, -1.4953500000000002, -0.13095, -0.007306
10, 10.2625, -1.4939999999999998, -0.131, 10.2625, -1.4937, -0.1311, -0.007666
10, 10.2625, -1.4924999999999997, -0.131, 10.262450000000001, -1.4921000000000002, -0.13125, -0.008213
11, 10.264, -1.4924999999999997, -0.131, 10.263200000000001, -1.49205, -0.13125, -0.008323
11, 10.2655, -1.4924999999999997, -0.131, 10.2657, -1.4921000000000002, -0.1312, -0.007514
11, 10.267, -1.4924999999999997, -0.131, 10.266800000000002, -1.49265, -0.13105, -0.007994
11, 10.2685, -1.4924999999999997, -0.131, 10.2687, -1.4928000000000001, -0.13095, -0.008276
11, 10.27, -1.4924999999999997, -0.131, 10.27, -1.4929000000000001, -0.13075, -0.007853
11, 10.2715, -1.4924999999999997, -0.131, 10.2715, -1.49245, -0.13075, -0.0079
11, 10.273, -1.4924999999999997, -0.131, 10.273, -1.49225, -0.1308, -0.007874
11, 10.2745, -1.4924999999999997, -0.131, 10.27445, -1.49225, -0.131, -0.007963
11, 10.276, -1.4924999999999997, -0.131, 10.276050000000001, -1.4924000000000002, -0.131, -0.007952
11, 10.2775, -1.4924999999999997, -0.131, 10.2775, -1.49265, -0.131, -0.00778
11, 10.279, -1.4924999999999997, -0.131, 10.27895, -1.4927000000000001, -0.131, -0.008072
11, 10.279, -1.4939999999999998, -0.131, 10.279200000000001, -1.4935500000000002, -0.131, -0.007812
11, 10.279, -1.4954999999999998, -0.131, 10.279300000000001, -1.4956500000000001, -0.131, -0.006831
11, 10.279, -1.4969999999999999, -0.131, 10.279200000000001, -1.4967000000000001, -0.13095, -0.006524
11, 10.279, -1.4985, -0.131, 10.279, -1.4990500000000002, -0.13115000000000002, -0.005992
11, 10.279, -1.5, -0.131, 10.27895, -1.4999, -0.13125, -0.005616
11, 10.279, -1.5015, -0.131, 10.279050000000002, -1.50175, -0.13125, -0.005517
11, 10.279, -1.5030000000000001, -0.131, 10.27885, -1.5031, -0.13115000000000002, -0.005914
11, 10.279, -1.5045000000000002, -0.131, 10.2788, -1.5048000000000001, -0.13095, -0.006482
11, 10.279, -1.5060000000000002, -0.131, 10.2788, -1.5063000000000002, -0.13075, -0.006649
11, 10.279, -1.5075000000000003, -0.131, 10.278900000000002, -1.5078000000000003, -0.13075, -0.00802
11, 10.279, -1.5090000000000003, -0.131, 10.279, -1.5091, -0.1308, -0.008104
12, 10.2775, -1.5090000000000003, -0.131, 10.27795, -1.5094, -0.131, -0.007217
12, 10.276, -1.5090000000000003, -0.131, 10.276150000000001, -1.5095, -0.131, -0.007556
12, 10.2745, -1.5090000000000003, -0.131, 10.274550000000001, -1.5092, -0.131, -0.007546
12, 10.273, -1.5090000000000003, -0.131, 10.273100000000001, -1.5091, -0.131, -0.007546
12, 10.2715, -1.5090000000000003, -0.131, 10.2718, -1.50895, -0.131, -0.007968
12, 10.27, -1.5090000000000003, -0.131, 10.270150000000001, -1.5089000000000001, -0.131, -0.007024
12, 10.2685, -1.5090000000000003, -0.131, 10.268600000000001, -1.5089000000000001, -0.13095, -0.008354
12, 10.267, -1.5090000000000003, -0.131, 10.2664, -1.5089000000000001, -0.13115000000000002, -0.008015
12, 10.2655, -1.5090000000000003, -0.131, 10.265600000000001, -1.50895, -0.13125, -0.007473
12, 10.264, -1.5090000000000003, -0.131, 10.2643, -1.5089000000000001, -0.13125, -0.007733
12, 10.2625, -1.5090000000000003, -0.131, 10.2625, -1.5089000000000001, -0.13115000000000002, -0.007123
12, 10.261, -1.5090000000000003, -0.131, 10.260950000000001, -1.509, -0.13095, -0.007942
12, 10.261, -1.5075000000000003, -0.131, 10.26075, -1.5083000000000002, -0.13075, -0.007853
12, 10.261, -1.5060000000000002, -0.131, 10.26075, -1.5056, -0.13075, -0.006565
12, 10.261, -1.5045000000000002, -0.131, 10.260950000000001, -1.5042, -0.13085, -0.006571
12, 10.261, -1.5030000000000001, -0.131, 10.260950000000001, -1.5030500000000002, -0.131, -0.006007
12, 10.261, -1.5015, -0.131, 10.261, -1.50115, -0.131, -0.005747
12, 10.261, -1.5, -0.131, 10.261, -1.4998500000000001, -0.131, -0.00571
12, 10.261, -1.4985, -0.131, 10.261, -1.49825, -0.131, -0.006279
12, 10.261, -1.4969999999999999, -0.131, 10.2611, -1.49675, -0.131, -0.006597
12, 10.261, -1.4954999999999998, -0.131, 10.26125, -1.4953500000000002, -0.131, -0.007076
12, 10.261, -1.4939999999999998, -0.131, 10.2612, -1.4937, -0.131, -0.007671
12, 10.261, -1.4924999999999997, -0.131, 10.2611, -1.49205, -0.131, -0.008187
12, 10.261, -1.4909999999999997, -0.131, 10.260900000000001, -1.49125, -0.131, -0.008015
13, 10.2625, -1.4909999999999997, -0.131, 10.2619, -1.49075, -0.131, -0.008396
13, 10.264, -1.4909999999999997, -0.131, 10.2642, -1.4906000000000001, -0.131, -0.007921
13, 10.2655, -1.4909999999999997, -0.131, 10.26535, -1.4907000000000001, -0.131, -0.008036
13, 10.267, -1.4909999999999997, -0.131, 10.267, -1.4910500000000002, -0.131, -0.007952
13, 10.2685, -1.4909999999999997, -0.131, 10.268550000000001, -1.4911500000000002, -0.131, -0.008344
13, 10.27, -1.4909999999999997, -0.131, 10.270050000000001, -1.4911500000000002, -0.131, -0.008338
13, 10.2715, -1.4909999999999997, -0.131, 10.271450000000002, -1.4911500000000002, -0.131, -0.008052
13, 10.273, -1.4909999999999997, -0.131, 10.272950000000002, -1.4911, -0.131, -0.008359
13, 10.2745, -1.4909999999999997, -0.131, 10.2745, -1.4909000000000001, -0.131, -0.007614
13, 10.276, -1.4909999999999997, -0.131, 10.275900000000002, -1.4908500000000002, -0.131, -0.008307
13, 10.2775, -1.4909999999999997, -0.131, 10.2775, -1.4908000000000001, -0.131, -0.008484
13, 10.279, -1.4909999999999997, -0.131, 10.279050000000002, -1.4908000000000001, -0.131, -0.008318
13, 10.2805, -1.4909999999999997, -0.131, 10.280400000000002, -1.49095, -0.131, -0.007916
13, 10.2805, -1.4924999999999997, -0.131, 10.280550000000002, -1.4924000000000002, -0.131, -0.007874
13, 10.2805, -1.4939999999999998, -0.131, 10.280700000000001, -1.4941000000000002, -0.131, -0.007394
13, 10.2805, -1.4954999999999998, -0.131, 10.280700000000001, -1.4955500000000002, -0.13105, -0.00693
13, 10.2805, -1.4969999999999999, -0.131, 10.280700000000001, -1.4967000000000001, -0.13115000000000002, -0.006451
13, 10.2805, -1.4985, -0.131, 10.2805, -1.4991, -0.1312, -0.005715
13, 10.2805, -1.5, -0.131, 10.28045, -1.4998500000000001, -0.1312, -0.005569
13, 10.2805, -1.5015, -0.131, 10.2805, -1.5018000000000002, -0.13115000000000002, -0.005648
13, 10.2805, -1.5030000000000001, -0.131, 10.2805, -1.5031, -0.13095, -0.006049
13, 10.2805, -1.5045000000000002, -0.131, 10.2805, -1.50475, -0.13075, -0.006769
13, 10.2805, -1.5060000000000002, -0.131, 10.28045, -1.5063000000000002, -0.1308, -0.007389
13, 10.2805, -1.5075000000000003, -0.131, 10.28035, -1.50775, -0.13075, -0.007671
13, 10.2805, -1.5090000000000003, -0.131, 10.280400000000002, -1.5092, -0.13090000000000002, -0.007958
13, 10.2805, -1.5105000000000004, -0.131, 10.28045, -1.51035, -0.13105, -0.008855
14, 10.279, -1.5105000000000004, -0.131, 10.27945, -1.51095, -0.1312, -0.009058
14, 10.2775, -1.5105000000000004, -0.131, 10.277550000000002, -1.5106000000000002, -0.1312, -0.008521
14, 10.276, -1.5105000000000004, -0.131, 10.27635, -1.5105, -0.13115000000000002, -0.008583
14, 10.2745, -1.5105000000000004, -0.131, 10.275400000000001, -1.5105500000000003, -0.1311, -0.008547
14, 10.273, -1.5105000000000004, -0.131, 10.27325, -1.51045, -0.13105, -0.008078
14, 10.2715, -1.5105000000000004, -0.131, 10.27185, -1.5104000000000002, -0.13090000000000002, -0.00863
14, 10.27, -1.5105000000000004, -0.131, 10.2703, -1.51035, -0.13075, -0.008896
14, 10.2685, -1.5105000000000004, -0.131, 10.268400000000002, -1.51035, -0.13075, -0.007942
14, 10.267, -1.5105000000000004, -0.131, 10.266650000000002, -1.51035, -0.1308, -0.007973
14, 10.2655, -1.5105000000000004, -0.131, 10.2657, -1.5104000000000002, -0.13095, -0.00789
14, 10.264, -1.5105000000000004, -0.131, 10.26415, -1.5105, -0.1311, -0.007468
14, 10.2625, -1.5105000000000004, -0.131, 10.26275, -1.5105500000000003, -0.13125, -0.008547
14, 10.261, -1.5105000000000004, -0.131, 10.260800000000001, -1.5105500000000003, -0.13125, -0.008954
14, 10.2595, -1.5105000000000004, -0.131, 10.2597, -1.5106000000000002, -0.1312, -0.008698
14, 10.2595, -1.5090000000000003, -0.131, 10.259400000000001, -1.5093, -0.13105, -0.008234
14, 10.2595, -1.5075000000000003, -0.131, 10.25875, -1.5073, -0.13090000000000002, -0.007228
14, 10.2595, -1.5060000000000002, -0.131, 10.2595, -1.5056, -0.13075, -0.006701
14, 10.2595, -1.5045000000000002, -0.131, 10.259450000000001, -1.5041000000000002, -0.1308, -0.006247
14, 10.2595, -1.5030000000000001, -0.131, 10.2595, -1.50325, -0.1308, -0.006232
14, 10.2595, -1.5015, -0.131, 10.25955, -1.5012, -0.13090000000000002, -0.005726
14, 10.2595, -1.5, -0.131, 10.2596, -1.4997, -0.13105, -0.005741
14, 10.2595, -1.4985, -0.131, 10.2596, -1.4982, -0.13115000000000002, -0.006117
14, 10.2595, -1.4969999999999999, -0.131, 10.2596, -1.49665, -0.13115000000000002, -0.00656
14, 10.2595, -1.4954999999999998, -0.131, 10.2596, -1.4954, -0.13115000000000002, -0.007087
14, 10.2595, -1.4939999999999998, -0.131, 10.2595, -1.4939, -0.1311, -0.007535
14, 10.2595, -1.4924999999999997, -0.131, 10.259450000000001, -1.492, -0.13095, -0.008135
14, 10.2595, -1.4909999999999997, -0.131, 10.259400000000001, -1.4913000000000003, -0.13090000000000002, -0.008187
14, 10.2595, -1.4894999999999996, -0.131, 10.25935, -1.4894, -0.13090000000000002, -0.008333
15, 10.261, -1.4894999999999996, -0.131, 10.2607, -1.4892, -0.13090000000000002, -0.008307
15, 10.2625, -1.4894999999999996, -0.131, 10.262400000000001, -1.4892, -0.13090000000000002, -0.008093
15, 10.264, -1.4894999999999996, -0.131, 10.264, -1.4893000000000003, -0.13090000000000002, -0.008411
15, 10.2655, -1.4894999999999996, -0.131, 10.265600000000001, -1.4893500000000002, -0.13090000000000002, -0.008396
15, 10.267, -1.4894999999999996, -0.131, 10.266950000000001, -1.4895, -0.13095, -0.008391
15, 10.2685, -1.4894999999999996, -0.131, 10.268400000000002, -1.4896, -0.13105, -0.008291
15, 10.27, -1.4894999999999996, -0.131, 10.269950000000001, -1.4897, -0.13115000000000002, -0.008396
15, 10.2715, -1.4894999999999996, -0.131, 10.271450000000002, -1.4897, -0.13115000000000002, -0.008443
15, 10.273, -1.4894999999999996, -0.131, 10.273, -1.4897, -0.13115000000000002, -0.008484
15, 10.2745, -1.4894999999999996, -0.131, 10.27445, -1.4896500000000001, -0.1311, -0.008411
15, 10.276, -1.4894999999999996, -0.131, 10.276, -1.4895500000000002, -0.131, -0.008417
15, 10.2775, -1.4894999999999996, -0.131, 10.2775, -1.4894, -0.131, -0.008464
15, 10.279, -1.4894999999999996, -0.131, 10.279, -1.4893500000000002, -0.131, -0.008469
15, 10.2805, -1.4894999999999996, -0.131, 10.2805, -1.4893500000000002, -0.131, -0.008385
15, 10.282, -1.4894999999999996, -0.131, 10.282050000000002, -1.4893500000000002, -0.131, -0.008166
15, 10.282, -1.4909999999999997, -0.131, 10.282150000000001, -1.4907000000000001, -0.13095, -0.008005
15, 10.282, -1.4924999999999997, -0.131, 10.282150000000001, -1.4925500000000003, -0.13090000000000002, -0.007441
15, 10.282, -1.4939999999999998, -0.131, 10.2821, -1.49405, -0.13090000000000002, -0.007436
15, 10.282, -1.4954999999999998, -0.131, 10.282, -1.49545, -0.13090000000000002, -0.006357
15, 10.282, -1.4969999999999999, -0.131, 10.2821, -1.4972, -0.13090000000000002, -0.006425
15, 10.282, -1.4985, -0.131, 10.2821, -1.49865, -0.13090000000000002, -0.005736
15, 10.282, -1.5, -0.131, 10.282, -1.50015, -0.13090000000000002, -0.005548
15, 10.282, -1.5015, -0.131, 10.282, -1.5016, -0.13095, -0.005731
15, 10.282, -1.5030000000000001, -0.131, 10.282, -1.503, -0.13105, -0.006148
15, 10.282, -1.5045000000000002, -0.131, 10.28195, -1.5047000000000001, -0.13115000000000002, -0.006393
15, 10.282, -1.5060000000000002, -0.131, 10.28195, -1.5065, -0.13115000000000002, -0.007212
15, 10.282, -1.5075000000000003, -0.131, 10.28195, -1.5077, -0.13115000000000002, -0.007952
15, 10.282, -1.5090000000000003, -0.131, 10.282050000000002, -1.50925, -0.1311, -0.008224
15, 10.282, -1.5105000000000004, -0.131, 10.282050000000002, -1.51025, -0.13095, -0.008599
15, 10.282, -1.5120000000000005, -0.131, 10.2821, -1.5127000000000002, -0.13090000000000002, -0.009121
16, 10.2805, -1.5120000000000005, -0.131, 10.280800000000001, -1.51295, -0.13085, -0.0091
16, 10.279, -1.5120000000000005, -0.131, 10.2787, -1.5120500000000001, -0.13085, -0.008938
16, 10.2775, -1.5120000000000005, -0.131, 10.277800000000001, -1.512, -0.13090000000000002, -0.009011
16, 10.276, -1.5120000000000005, -0.131, 10.27635, -1.5119500000000001, -0.13095, -0.008557
16, 10.2745, -1.5120000000000005, -0.131, 10.274550000000001, -1.5119, -0.13105, -0.008359
16, 10.273, -1.5120000000000005, -0.131, 10.273, -1.5119, -0.13115000000000002, -0.008891
16, 10.2715, -1.5120000000000005, -0.131, 10.2718, -1.5119, -0.13115000000000002, -0.009032
16, 10.27, -1.5120000000000005, -0.131, 10.270100000000001, -1.5119, -0.1312, -0.008041
16, 10.2685, -1.5120000000000005, -0.131, 10.268600000000001, -1.5119500000000001, -0.1311, -0.008985
16, 10.267, -1.5120000000000005, -0.131, 10.266350000000001, -1.5120500000000001, -0.13095, -0.008964
16, 10.2655, -1.5120000000000005, -0.131, 10.26565, -1.5120500000000001, -0.13085, -0.008662
16, 10.264, -1.5120000000000005, -0.131, 10.2642, -1.5120500000000001, -0.13085, -0.008484
16, 10.2625, -1.5120000000000005, -0.131, 10.262450000000001, -1.5120500000000001, -0.13085, -0.008458
16, 10.261, -1.5120000000000005, -0.131, 10.261050000000001, -1.5120500000000001, -0.13095, -0.008745
16, 10.2595, -1.5120000000000005, -0.131, 10.2598, -1.5120500000000001, -0.13105, -0.008969
16, 10.258, -1.5120000000000005, -0.131, 10.25835, -1.5120500000000001, -0.13115000000000002, -0.009011
16, 10.258, -1.5105000000000004, -0.131, 10.257200000000001, -1.5105, -0.13115000000000002, -0.008244
16, 10.258, -1.5090000000000003, -0.131, 10.25775, -1.5088500000000002, -0.13115000000000002, -0.007812
16, 10.258, -1.5075000000000003, -0.131, 10.258, -1.5072, -0.1311, -0.00692
16, 10.258, -1.5060000000000002, -0.131, 10.25805, -1.5055, -0.131, -0.00704
16, 10.258, -1.5045000000000002, -0.131, 10.258, -1.5047000000000001, -0.131, -0.006644
16, 10.258, -1.5030000000000001, -0.131, 10.257950000000001, -1.5028500000000002, -0.131, -0.00608
16, 10.258, -1.5015, -0.131, 10.258, -1.5013500000000002, -0.131, -0.005674
16, 10.258, -1.5, -0.131, 10.258, -1.4996500000000001, -0.131, -0.005653
16, 10.258, -1.4985, -0.131, 10.257950000000001, -1.49815, -0.131, -0.005757
16, 10.258, -1.4969999999999999, -0.131, 10.257950000000001, -1.49675, -0.131, -0.006346
16, 10.258, -1.4954999999999998, -0.131, 10.257950000000001, -1.4956500000000001, -0.131, -0.006279
16, 10.258, -1.4939999999999998, -0.131, 10.258, -1.4939500000000001, -0.13095, -0.007045
16, 10.258, -1.4924999999999997, -0.131, 10.258150000000002, -1.4921000000000002, -0.13090000000000002, -0.007921
16, 10.258, -1.4909999999999997, -0.131, 10.258150000000002, -1.491, -0.13090000000000002, -0.008354
16, 10.258, -1.4894999999999996, -0.131, 10.2582, -1.4894, -0.13090000000000002, -0.008244
16, 10.258, -1.4879999999999995, -0.131, 10.25805, -1.48795, -0.13095, -0.008083
17, 10.2595, -1.4879999999999995, -0.131, 10.25875, -1.4878000000000002, -0.13095, -0.00789
17, 10.261, -1.4879999999999995, -0.131, 10.2611, -1.4878000000000002, -0.13090000000000002, -0.008349
17, 10.2625, -1.4879999999999995, -0.131, 10.26225, -1.4878000000000002, -0.13095, -0.008208
17, 10.264, -1.4879999999999995, -0.131, 10.264050000000001, -1.4878500000000001, -0.131, -0.008015
17, 10.2655, -1.4879999999999995, -0.131, 10.265600000000001, -1.4879, -0.13105, -0.008265
17, 10.267, -1.4879999999999995, -0.131, 10.266900000000001, -1.488, -0.13115000000000002, -0.008265
17, 10.2685, -1.4879999999999995, -0.131, 10.268450000000001, -1.4881000000000002, -0.1312, -0.008344
17, 10.27, -1.4879999999999995, -0.131, 10.270050000000001, -1.48805, -0.13115000000000002, -0.008307
17, 10.2715, -1.4879999999999995, -0.131, 10.271450000000002, -1.48805, -0.13115000000000002, -0.008417
17, 10.273, -1.4879999999999995, -0.131, 10.27285, -1.48805, -0.13095, -0.008344
17, 10.2745, -1.4879999999999995, -0.131, 10.27435, -1.48805, -0.13085, -0.008291
17, 10.276, -1.4879999999999995, -0.131, 10.27595, -1.488, -0.13085, -0.008244
17, 10.2775, -1.4879999999999995, -0.131, 10.27745, -1.488, -0.1308, -0.00838
17, 10.279, -1.4879999999999995, -0.131, 10.278900000000002, -1.48795, -0.13085, -0.008323
17, 10.2805, -1.4879999999999995, -0.131, 10.28045, -1.48795, -0.131, -0.008422
17, 10.282, -1.4879999999999995, -0.131, 10.282, -1.48795, -0.131, -0.008417
17, 10.2835, -1.4879999999999995, -0.131, 10.2835, -1.48795, -0.131, -0.008375
17, 10.2835, -1.4894999999999996, -0.131, 10.2835, -1.4891500000000002, -0.131, -0.008375
17, 10.2835, -1.4909999999999997, -0.131, 10.2835, -1.4909000000000001, -0.131, -0.007968
17, 10.2835, -1.4924999999999997, -0.131, 10.283550000000002, -1.4926000000000001, -0.13105, -0.007285
17, 10.2835, -1.4939999999999998, -0.131, 10.283550000000002, -1.4941000000000002, -0.13115000000000002, -0.007082
17, 10.2835, -1.4954999999999998, -0.131, 10.283550000000002, -1.4956, -0.1312, -0.006044
17, 10.2835, -1.4969999999999999, -0.131, 10.283650000000002, -1.4972, -0.1312, -0.005861
17, 10.2835, -1.4985, -0.131, 10.283550000000002, -1.49865, -0.13115000000000002, -0.005653
17, 10.2835, -1.5, -0.131, 10.283400000000002, -1.5002, -0.13095, -0.005705
17, 10.2835, -1.5015, -0.131, 10.28345, -1.5015500000000002, -0.13085, -0.005689
17, 10.2835, -1.5030000000000001, -0.131, 10.283400000000002, -1.5028500000000002, -0.13085, -0.006247
17, 10.2835, -1.5045000000000002, -0.131, 10.2835, -1.50465, -0.13085, -0.006972
17, 10.2835, -1.5060000000000002, -0.131, 10.283550000000002, -1.5066000000000002, -0.13085, -0.007733
17, 10.2835, -1.5075000000000003, -0.131, 10.2836, -1.5077, -0.13105, -0.008224
17, 10.2835, -1.5090000000000003, -0.131, 10.2835, -1.50915, -0.1312, -0.008557
17, 10.2835, -1.5105000000000004, -0.131, 10.2836, -1.5107000000000002, -0.1312, -0.008933
17, 10.2835, -1.5120000000000005, -0.131, 10.283550000000002, -1.5118500000000001, -0.1312, -0.009074
17, 10.2835, -1.5135000000000005, -0.131, 10.2835, -1.5144000000000002, -0.13115000000000002, -0.009074
18, 10.282, -1.5135000000000005, -0.131, 10.282300000000001, -1.5143000000000002, -0.13090000000000002, -0.009136
18, 10.2805, -1.5135000000000005, -0.131, 10.280400000000002, -1.5136500000000002, -0.13075, -0.008881
18, 10.279, -1.5135000000000005, -0.131, 10.27895, -1.5135500000000002, -0.13075, -0.009121
18, 10.2775, -1.5135000000000005, -0.131, 10.277800000000001, -1.5134, -0.13085, -0.008943
18, 10.276, -1.5135000000000005, -0.131, 10.2763, -1.5133, -0.131, -0.009021
18, 10.2745, -1.5135000000000005, -0.131, 10.273550000000002, -1.51325, -0.13105, -0.008865
18, 10.273, -1.5135000000000005, -0.131, 10.273200000000001, -1.5133, -0.13115000000000002, -0.009042
18, 10.2715, -1.5135000000000005, -0.131, 10.271600000000001, -1.5133500000000002, -0.1312, -0.008813
18, 10.27, -1.5135000000000005, -0.131, 10.270100000000001, -1.51345, -0.1312, -0.008839
18, 10.2685, -1.5135000000000005, -0.131, 10.268650000000001, -1.5135, -0.13115000000000002, -0.009063
18, 10.267, -1.5135000000000005, -0.131, 10.267100000000001, -1.5136500000000002, -0.131, -0.009011
18, 10.2655, -1.5135000000000005, -0.131, 10.265600000000001, -1.5136500000000002, -0.131, -0.008959
18, 10.264, -1.5135000000000005, -0.131, 10.2642, -1.5136500000000002, -0.131, -0.008834
18, 10.2625, -1.5135000000000005, -0.131, 10.262450000000001, -1.5136, -0.131, -0.008714
18, 10.261, -1.5135000000000005, -0.131, 10.261, -1.5135, -0.131, -0.008948
18, 10.2595, -1.5135000000000005, -0.131, 10.25975, -1.51345, -0.13095, -0.008896
18, 10.258, -1.5135000000000005, -0.131, 10.25835, -1.5133500000000002, -0.13090000000000002, -0.008995
18, 10.256499999999999, -1.5135000000000005, -0.131, 10.2566, -1.5133500000000002, -0.13090000000000002, -0.008964
18, 10.256499999999999, -1.5120000000000005, -0.131, 10.256200000000002, -1.51225, -0.13090000000000002, -0.008844
18, 10.256499999999999, -1.5105000000000004, -0.131, 10.25585, -1.51035, -0.13090000000000002, -0.008552
18, 10.256499999999999, -1.5090000000000003, -0.131, 10.2565, -1.5088500000000002, -0.13095, -0.008244
18, 10.256499999999999, -1.5075000000000003, -0.131, 10.2566, -1.50715, -0.13095, -0.006936
18, 10.256499999999999, -1.5060000000000002, -0.131, 10.25675, -1.5058000000000002, -0.1311, -0.007212
18, 10.256499999999999, -1.5045000000000002, -0.131, 10.2567, -1.50435, -0.1312, -0.00606
18, 10.256499999999999, -1.5030000000000001, -0.131, 10.25655, -1.50295, -0.13115000000000002, -0.005783
18, 10.256499999999999, -1.5015, -0.131, 10.256450000000001, -1.5013500000000002, -0.13115000000000002, -0.00559
18, 10.256499999999999, -1.5, -0.131, 10.2565, -1.4997, -0.1311, -0.005804
18, 10.256499999999999, -1.4985, -0.131, 10.256300000000001, -1.4981000000000002, -0.13105, -0.006023
18, 10.256499999999999, -1.4969999999999999, -0.131, 10.256450000000001, -1.4966000000000002, -0.13095, -0.006372
18, 10.256499999999999, -1.4954999999999998, -0.131, 10.256450000000001, -1.49575, -0.1308, -0.006633
18, 10.256499999999999, -1.4939999999999998, -0.131, 10.25655, -1.49405, -0.1308, -0.007426
18, 10.256499999999999, -1.4924999999999997, -0.131, 10.2567, -1.49195, -0.1308, -0.008041
18, 10.256499999999999, -1.4909999999999997, -0.131, 10.256650000000002, -1.4911, -0.13085, -0.008192
18, 10.256499999999999, -1.4894999999999996, -0.131, 10.256650000000002, -1.4894, -0.131, -0.008276
18, 10.256499999999999, -1.4879999999999995, -0.131, 10.2565, -1.48795, -0.131, -0.008062
18, 10.256499999999999, -1.4864999999999995, -0.131, 10.256400000000001, -1.4863000000000002, -0.131, -0.00777
19, 10.258, -1.4864999999999995, -0.131, 10.257550000000002, -1.48625, -0.131, -0.007906
19, 10.2595, -1.4864999999999995, -0.131, 10.259400000000001, -1.48625, -0.131, -0.007833
19, 10.261, -1.4864999999999995, -0.131, 10.261, -1.48635, -0.131, -0.007932
19, 10.2625, -1.4864999999999995, -0.131, 10.262450000000001, -1.4865, -0.131, -0.008088
19, 10.264, -1.4864999999999995, -0.131, 10.264, -1.4866000000000001, -0.131, -0.008046
19, 10.2655, -1.4864999999999995, -0.131, 10.265450000000001, -1.4867000000000001, -0.131, -0.007916
19, 10.267, -1.4864999999999995, -0.131, 10.266950000000001, -1.4867000000000001, -0.131, -0.007874
19, 10.2685, -1.4864999999999995, -0.131, 10.2685, -1.4867000000000001, -0.131, -0.007926
19, 10.27, -1.4864999999999995, -0.131, 10.27, -1.4865500000000003, -0.131, -0.007958
19, 10.2715, -1.4864999999999995, -0.131, 10.2715, -1.48645, -0.131, -0.007806
19, 10.273, -1.4864999999999995, -0.131, 10.273050000000001, -1.48635, -0.131, -0.008276
19, 10.2745, -1.4864999999999995, -0.131, 10.274400000000002, -1.4864000000000002, -0.131, -0.008093
19, 10.276, -1.4864999999999995, -0.131, 10.276050000000001, -1.48645, -0.131, -0.008125
19, 10.2775, -1.4864999999999995, -0.131, 10.27745, -1.48645, -0.131, -0.008328
19, 10.279, -1.4864999999999995, -0.131, 10.27895, -1.4865, -0.131, -0.008156
19, 10.2805, -1.4864999999999995, -0.131, 10.280400000000002, -1.4865, -0.131, -0.008166
19, 10.282, -1.4864999999999995, -0.131, 10.282, -1.4866000000000001, -0.131, -0.00802
19, 10.2835, -1.4864999999999995, -0.131, 10.28345, -1.4866000000000001, -0.131, -0.008046
19, 10.285, -1.4864999999999995, -0.131, 10.284900000000002, -1.4866000000000001, -0.13105, -0.008052
19, 10.285, -1.4879999999999995, -0.131, 10.285, -1.4876500000000001, -0.13115000000000002, -0.008328
19, 10.285, -1.4894999999999996, -0.131, 10.285050000000002, -1.48925, -0.13115000000000002, -0.008464
19, 10.285, -1.4909999999999997, -0.131, 10.285150000000002, -1.49095, -0.13115000000000002, -0.008448
19, 10.285, -1.4924999999999997, -0.131, 10.2851, -1.49265, -0.1311, -0.007634
19, 10.285, -1.4939999999999998, -0.131, 10.285150000000002, -1.4941000000000002, -0.13105, -0.007212
19, 10.285, -1.4954999999999998, -0.131, 10.285, -1.4955, -0.13095, -0.006847
19, 10.285, -1.4969999999999999, -0.131, 10.28495, -1.4972, -0.1308, -0.006268
19, 10.285, -1.4985, -0.131, 10.28475, -1.49875, -0.1308, -0.005814
19, 10.285, -1.5, -0.131, 10.2848, -1.5001000000000002, -0.1308, -0.00559
19, 10.285, -1.5015, -0.131, 10.28495, -1.5017, -0.13085, -0.005648
19, 10.285, -1.5030000000000001, -0.131, 10.2851, -1.5028000000000001, -0.13105, -0.005611
19, 10.285, -1.5045000000000002, -0.131, 10.2851, -1.50515, -0.13115000000000002, -0.006305
19, 10.285, -1.5060000000000002, -0.131, 10.2851, -1.506, -0.13115000000000002, -0.006842
19, 10.285, -1.5075000000000003, -0.131, 10.285150000000002, -1.5078000000000003, -0.13115000000000002, -0.007713
19, 10.285, -1.5090000000000003, -0.131, 10.285150000000002, -1.5092, -0.13115000000000002, -0.007916
19, 10.285, -1.5105000000000004, -0.131, 10.28495, -1.5108000000000001, -0.13095, -0.00826
19, 10.285, -1.5120000000000005, -0.131, 10.2848, -1.51235, -0.1308, -0.008896
19, 10.285, -1.5135000000000005, -0.131, 10.2848, -1.5134, -0.1308, -0.009079
19, 10.285, -1.5150000000000006, -0.131, 10.28495, -1.5155, -0.1308, -0.009095
20, 10.2835, -1.5150000000000006, -0.131, 10.2841, -1.5158500000000001, -0.13085, -0.008902
20, 10.282, -1.5150000000000006, -0.131, 10.2824, -1.5152, -0.131, -0.009089
20, 10.2805, -1.5150000000000006, -0.131, 10.2802, -1.51515, -0.131, -0.008975
20, 10.279, -1.5150000000000006, -0.131, 10.27875, -1.515, -0.131, -0.008985
20, 10.2775, -1.5150000000000006, -0.131, 10.277800000000001, -1.5149000000000001, -0.13115000000000002, -0.009105
20, 10.276, -1.5150000000000006, -0.131, 10.27625, -1.51475, -0.1312, -0.009089
20, 10.2745, -1.5150000000000006, -0.131, 10.27435, -1.51475, -0.13115000000000002, -0.009048
20, 10.273, -1.5150000000000006, -0.131, 10.272950000000002, -1.5148000000000001, -0.13115000000000002, -0.009032
20, 10.2715, -1.5150000000000006, -0.131, 10.2718, -1.5149000000000001, -0.13095, -0.008813
20, 10.27, -1.5150000000000006, -0.131, 10.270100000000001, -1.515, -0.1308, -0.009032
20, 10.2685, -1.5150000000000006, -0.131, 10.26925, -1.5150500000000002, -0.13075, -0.009011
20, 10.267, -1.5150000000000006, -0.131, 10.26715, -1.5151000000000001, -0.1308, -0.009058
20, 10.2655, -1.5150000000000006, -0.131, 10.2658, -1.5151000000000001, -0.1308, -0.009006
20, 10.264, -1.5150000000000006, -0.131, 10.264400000000002, -1.5151000000000001, -0.13095, -0.008975
20, 10.2625, -1.5150000000000006, -0.131, 10.2625, -1.5151000000000001, -0.13105, -0.008573
20, 10.261, -1.5150000000000006, -0.131, 10.26055, -1.51515, -0.13115000000000002, -0.008964
20, 10.2595, -1.5150000000000006, -0.131, 10.25975, -1.515, -0.13115000000000002, -0.009001
20, 10.258, -1.5150000000000006, -0.131, 10.25835, -1.51495, -0.13115000000000002, -0.009068
20, 10.256499999999999, -1.5150000000000006, -0.131, 10.25655, -1.5149000000000001, -0.13105, -0.008922
20, 10.254999999999999, -1.5150000000000006, -0.131, 10.255, -1.5149000000000001, -0.13105, -0.00898
20, 10.254999999999999, -1.5135000000000005, -0.131, 10.25475, -1.5136, -0.131, -0.008912
20, 10.254999999999999, -1.5120000000000005, -0.131, 10.25475, -1.5118500000000001, -0.131, -0.008745
20, 10.254999999999999, -1.5105000000000004, -0.131, 10.255, -1.5103000000000002, -0.131, -0.008458
20, 10.254999999999999, -1.5090000000000003, -0.131, 10.2551, -1.50875, -0.13095, -0.007525
20, 10.254999999999999, -1.5075000000000003, -0.131, 10.25525, -1.5073, -0.13075, -0.007509
20, 10.254999999999999, -1.5060000000000002, -0.131, 10.2551, -1.50575, -0.13075, -0.006398
20, 10.254999999999999, -1.5045000000000002, -0.131, 10.2551, -1.50435, -0.1308, -0.005825
20, 10.254999999999999, -1.5030000000000001, -0.131, 10.255, -1.5028500000000002, -0.131, -0.005559
20, 10.254999999999999, -1.5015, -0.131, 10.254850000000001, -1.5013, -0.131, -0.005569
20, 10.254999999999999, -1.5, -0.131, 10.254900000000001, -1.4996500000000001, -0.131, -0.005715
20, 10.254999999999999, -1.4985, -0.131, 10.254950000000001, -1.49805, -0.131, -0.00583
20, 10.254999999999999, -1.4969999999999999, -0.131, 10.254900000000001, -1.49725, -0.131, -0.006232
20, 10.254999999999999, -1.4954999999999998, -0.131, 10.25505, -1.49545, -0.131, -0.006946
20, 10.254999999999999, -1.4939999999999998, -0.131, 10.255150000000002, -1.4941000000000002, -0.131, -0.007577
20, 10.254999999999999, -1.4924999999999997, -0.131, 10.255150000000002, -1.49205, -0.131, -0.008119
20, 10.254999999999999, -1.4909999999999997, -0.131, 10.255, -1.4909000000000001, -0.131, -0.008318
20, 10.254999999999999, -1.4894999999999996, -0.131, 10.254900000000001, -1.4894, -0.131, -0.008198
20, 10.254999999999999, -1.4879999999999995, -0.131, 10.254850000000001, -1.4879, -0.131, -0.008088
20, 10.254999999999999, -1.4864999999999995, -0.131, 10.254850000000001, -1.4863000000000002, -0.131, -0.007692
20, 10.254999999999999, -1.4849999999999994, -0.131, 10.254850000000001, -1.48465, -0.131, -0.007259
21, 10.256499999999999, -1.4849999999999994, -0.131, 10.256350000000001, -1.48465, -0.131, -0.007848
21, 10.258, -1.4849999999999994, -0.131, 10.25805, -1.48475, -0.131, -0.007895
21, 10.2595, -1.4849999999999994, -0.131, 10.259400000000001, -1.4848000000000001, -0.131, -0.007864
21, 10.261, -1.4849999999999994, -0.131, 10.261, -1.4856500000000001, -0.131, -0.007593
21, 10.2625, -1.4849999999999994, -0.131, 10.262550000000001, -1.48525, -0.131, -0.006946
21, 10.264, -1.4849999999999994, -0.131, 10.263950000000001, -1.4848000000000001, -0.131, -0.007556
21, 10.2655, -1.4849999999999994, -0.131, 10.265450000000001, -1.48475, -0.131, -0.00765
21, 10.267, -1.4849999999999994, -0.131, 10.266900000000001, -1.4848000000000001, -0.13095, -0.007353
21, 10.2685, -1.4849999999999994, -0.131, 10.268600000000001, -1.4848500000000002, -0.1311, -0.007222
21, 10.27, -1.4849999999999994, -0.131, 10.27, -1.48525, -0.13125, -0.007848
21, 10.2715, -1.4849999999999994, -0.131, 10.271450000000002, -1.4855500000000001, -0.13125, -0.007911
21, 10.273, -1.4849999999999994, -0.131, 10.273, -1.4848000000000001, -0.1312, -0.007551
21, 10.2745, -1.4849999999999994, -0.131, 10.27445, -1.4848000000000001, -0.13105, -0.008046
21, 10.276, -1.4849999999999994, -0.131, 10.27595, -1.4848000000000001, -0.13095, -0.00753
21, 10.2775, -1.4849999999999994, -0.131, 10.27745, -1.4848500000000002, -0.1308, -0.007394
21, 10.279, -1.4849999999999994, -0.131, 10.279, -1.48495, -0.1308, -0.007321
21, 10.2805, -1.4849999999999994, -0.131, 10.28045, -1.48545, -0.1308, -0.007864
21, 10.282, -1.4849999999999994, -0.131, 10.2821, -1.4854, -0.13085, -0.008255
21, 10.2835, -1.4849999999999994, -0.131, 10.28345, -1.4848000000000001, -0.13105, -0.008145
21, 10.285, -1.4849999999999994, -0.131, 10.28495, -1.48475, -0.13115000000000002, -0.007593
21, 10.2865, -1.4849999999999994, -0.131, 10.286400000000002, -1.4848500000000002, -0.13115000000000002, -0.007499
21, 10.2865, -1.4864999999999995, -0.131, 10.286700000000002, -1.48645, -0.13115000000000002, -0.008271
21, 10.2865, -1.4879999999999995, -0.131, 10.28675, -1.48795, -0.13115000000000002, -0.00849
21, 10.2865, -1.4894999999999996, -0.131, 10.286700000000002, -1.4893500000000002, -0.13095, -0.008495
21, 10.2865, -1.4909999999999997, -0.131, 10.2865, -1.4909000000000001, -0.1308, -0.008208
21, 10.2865, -1.4924999999999997, -0.131, 10.286400000000002, -1.493, -0.1308, -0.00764
21, 10.2865, -1.4939999999999998, -0.131, 10.28625, -1.4939500000000001, -0.1308, -0.007462
21, 10.2865, -1.4954999999999998, -0.131, 10.286400000000002, -1.49545, -0.13085, -0.006404
21, 10.2865, -1.4969999999999999, -0.131, 10.286400000000002, -1.4971, -0.131, -0.006185
21, 10.2865, -1.4985, -0.131, 10.2865, -1.49875, -0.131, -0.00559
21, 10.2865, -1.5, -0.131, 10.2866, -1.5003000000000002, -0.131, -0.00559
21, 10.2865, -1.5015, -0.131, 10.2866, -1.5016500000000002, -0.131, -0.005642
21, 10.2865, -1.5030000000000001, -0.131, 10.286700000000002, -1.5028000000000001, -0.131, -0.005887
21, 10.2865, -1.5045000000000002, -0.131, 10.286550000000002, -1.50515, -0.131, -0.007024
21, 10.2865, -1.5060000000000002, -0.131, 10.2865, -1.5058500000000001, -0.131, -0.006618
21, 10.2865, -1.5075000000000003, -0.131, 10.28645, -1.5078000000000003, -0.13105, -0.008098
21, 10.2865, -1.5090000000000003, -0.131, 10.28635, -1.50915, -0.13115000000000002, -0.008516
21, 10.2865, -1.5105000000000004, -0.131, 10.2863, -1.5107000000000002, -0.13115000000000002, -0.00887
21, 10.2865, -1.5120000000000005, -0.131, 10.286400000000002, -1.51235, -0.13115000000000002, -0.008969
21, 10.2865, -1.5135000000000005, -0.131, 10.2866, -1.51375, -0.1311, -0.0091
21, 10.2865, -1.5150000000000006, -0.131, 10.286650000000002, -1.5151000000000001, -0.131, -0.009037
21, 10.2865, -1.5165000000000006, -0.131, 10.286700000000002, -1.5165500000000003, -0.131, -0.008677
22, 10.285, -1.5165000000000006, -0.131, 10.28495, -1.5169000000000001, -0.131, -0.009006
22, 10.2835, -1.5165000000000006, -0.131, 10.28395, -1.5171000000000001, -0.13095, -0.008823
22, 10.282, -1.5165000000000006, -0.131, 10.28225, -1.51685, -0.13085, -0.009136
22, 10.2805, -1.5165000000000006, -0.131, 10.279950000000001, -1.5166000000000002, -0.13090000000000002, -0.009001
22, 10.279, -1.5165000000000006, -0.131, 10.279200000000001, -1.5165, -0.13085, -0.009074
22, 10.2775, -1.5165000000000006, -0.131, 10.277800000000001, -1.51645, -0.13085, -0.008688
22, 10.276, -1.5165000000000006, -0.131, 10.276200000000001, -1.5164000000000002, -0.13095, -0.009079
22, 10.2745, -1.5165000000000006, -0.131, 10.2742, -1.51635, -0.13105, -0.009141
22, 10.273, -1.5165000000000006, -0.131, 10.272950000000002, -1.51635, -0.13115000000000002, -0.009032
22, 10.2715, -1.5165000000000006, -0.131, 10.27185, -1.51635, -0.13115000000000002, -0.00862
22, 10.27, -1.5165000000000006, -0.131, 10.27025, -1.51645, -0.13115000000000002, -0.009079
22, 10.2685, -1.5165000000000006, -0.131, 10.26825, -1.5165500000000003, -0.13105, -0.009115
22, 10.267, -1.5165000000000006, -0.131, 10.266900000000001, -1.5166000000000002, -0.13095, -0.008735
22, 10.2655, -1.5165000000000006, -0.131, 10.26565, -1.5166000000000002, -0.13090000000000002, -0.008411
22, 10.264, -1.5165000000000006, -0.131, 10.26425, -1.5166000000000002, -0.13090000000000002, -0.008839
22, 10.2625, -1.5165000000000006, -0.131, 10.2622, -1.51665, -0.13090000000000002, -0.009037
22, 10.261, -1.5165000000000006, -0.131, 10.260950000000001, -1.51665, -0.13090000000000002, -0.00886
22, 10.2595, -1.5165000000000006, -0.131, 10.25975, -1.5165500000000003, -0.13090000000000002, -0.008672
22, 10.258, -1.5165000000000006, -0.131, 10.2582, -1.51645, -0.13095, -0.009084
22, 10.256499999999999, -1.5165000000000006, -0.131, 10.256650000000002, -1.51635, -0.131, -0.008813
22, 10.254999999999999, -1.5165000000000006, -0.131, 10.254550000000002, -1.51635, -0.13095, -0.009021
22, 10.253499999999999, -1.5165000000000006, -0.131, 10.25385, -1.51635, -0.13105, -0.008902
22, 10.253499999999999, -1.5150000000000006, -0.131, 10.2536, -1.51545, -0.13115000000000002, -0.008902
22, 10.253499999999999, -1.5135000000000005, -0.131, 10.25325, -1.51345, -0.13115000000000002, -0.008959
22, 10.253499999999999, -1.5120000000000005, -0.131, 10.2531, -1.5116500000000002, -0.13115000000000002, -0.008656
22, 10.253499999999999, -1.5105000000000004, -0.131, 10.253350000000001, -1.5102, -0.1311, -0.008406
22, 10.253499999999999, -1.5090000000000003, -0.131, 10.253350000000001, -1.5091, -0.13105, -0.008234
22, 10.253499999999999, -1.5075000000000003, -0.131, 10.2536, -1.5068500000000002, -0.13090000000000002, -0.00705
22, 10.253499999999999, -1.5060000000000002, -0.131, 10.2537, -1.5061000000000002, -0.1308, -0.00667
22, 10.253499999999999, -1.5045000000000002, -0.131, 10.25375, -1.50415, -0.1308, -0.006211
22, 10.253499999999999, -1.5030000000000001, -0.131, 10.25355, -1.50275, -0.1308, -0.005595
22, 10.253499999999999, -1.5015, -0.131, 10.25345, -1.5013500000000002, -0.13085, -0.005538
22, 10.253499999999999, -1.5, -0.131, 10.25345, -1.4997, -0.13105, -0.005449
22, 10.253499999999999, -1.4985, -0.131, 10.25345, -1.49815, -0.13115000000000002, -0.005835
22, 10.253499999999999, -1.4969999999999999, -0.131, 10.25345, -1.49725, -0.13115000000000002, -0.005987
22, 10.253499999999999, -1.4954999999999998, -0.131, 10.253350000000001, -1.4954, -0.13115000000000002, -0.006644
22, 10.253499999999999, -1.4939999999999998, -0.131, 10.2535, -1.4941000000000002, -0.1311, -0.007572
22, 10.253499999999999, -1.4924999999999997, -0.131, 10.253650000000002, -1.4921000000000002, -0.13105, -0.007984
22, 10.253499999999999, -1.4909999999999997, -0.131, 10.2536, -1.4908500000000002, -0.13090000000000002, -0.008104
22, 10.253499999999999, -1.4894999999999996, -0.131, 10.253650000000002, -1.4893500000000002, -0.1308, -0.008255
22, 10.253499999999999, -1.4879999999999995, -0.131, 10.25355, -1.48795, -0.1308, -0.0079
22, 10.253499999999999, -1.4864999999999995, -0.131, 10.2535, -1.4865, -0.13085, -0.007765
22, 10.253499999999999, -1.4849999999999994, -0.131, 10.253400000000001, -1.4847000000000001, -0.13095, -0.007191
22, 10.253499999999999, -1.4834999999999994, -0.131, 10.253350000000001, -1.4832, -0.13105, -0.006758
23, 10.254999999999999, -1.4834999999999994, -0.131, 10.25475, -1.4832, -0.13115000000000002, -0.006852
23, 10.256499999999999, -1.4834999999999994, -0.131, 10.256400000000001, -1.48325, -0.13115000000000002, -0.006544
23, 10.258, -1.4834999999999994, -0.131, 10.2581, -1.4836500000000001, -0.13115000000000002, -0.006591
23, 10.2595, -1.4834999999999994, -0.131, 10.25955, -1.4842, -0.13115000000000002, -0.007014
23, 10.261, -1.4834999999999994, -0.131, 10.260900000000001, -1.4832, -0.13095, -0.007316
23, 10.2625, -1.4834999999999994, -0.131, 10.26235, -1.4832, -0.1308, -0.007504
23, 10.264, -1.4834999999999994, -0.131, 10.264, -1.4833000000000003, -0.1308, -0.00692
23, 10.2655, -1.4834999999999994, -0.131, 10.265550000000001, -1.4835, -0.1308, -0.006764
23, 10.267, -1.4834999999999994, -0.131, 10.266900000000001, -1.48405, -0.13095, -0.007123
23, 10.2685, -1.4834999999999994, -0.131, 10.268400000000002, -1.48375, -0.13105, -0.006946
23, 10.27, -1.4834999999999994, -0.131, 10.270150000000001, -1.48325, -0.13115000000000002, -0.007551
23, 10.2715, -1.4834999999999994, -0.131, 10.271300000000002, -1.4832, -0.13115000000000002, -0.007045
23, 10.273, -1.4834999999999994, -0.131, 10.273100000000001, -1.4833000000000003, -0.13115000000000002, -0.007248
23, 10.2745, -1.4834999999999994, -0.131, 10.27445, -1.4835, -0.1311, -0.007301
23, 10.276, -1.4834999999999994, -0.131, 10.27595, -1.48395, -0.13105, -0.007567
23, 10.2775, -1.4834999999999994, -0.131, 10.27745, -1.4839, -0.13090000000000002, -0.00753
23, 10.279, -1.4834999999999994, -0.131, 10.27895, -1.4832, -0.1308, -0.006534
23, 10.2805, -1.4834999999999994, -0.131, 10.28045, -1.4832, -0.1308, -0.006701
23, 10.282, -1.4834999999999994, -0.131, 10.282, -1.4833000000000003, -0.1308, -0.006831
23, 10.2835, -1.4834999999999994, -0.131, 10.2835, -1.4835500000000001, -0.13085, -0.007181
23, 10.285, -1.4834999999999994, -0.131, 10.285, -1.484, -0.13105, -0.007202
23, 10.2865, -1.4834999999999994, -0.131, 10.28645, -1.4836, -0.13115000000000002, -0.006393
23, 10.288, -1.4834999999999994, -0.131, 10.288050000000002, -1.48345, -0.13115000000000002, -0.006565
23, 10.288, -1.4849999999999994, -0.131, 10.288200000000002, -1.4844000000000002, -0.13115000000000002, -0.007645
23, 10.288, -1.4864999999999995, -0.131, 10.288300000000001, -1.4867000000000001, -0.1311, -0.008109
23, 10.288, -1.4879999999999995, -0.131, 10.288150000000002, -1.4878500000000001, -0.13105, -0.00837
23, 10.288, -1.4894999999999996, -0.131, 10.2881, -1.4893000000000003, -0.13095, -0.008453
