Voltage = 3.6, Current = 18.1, Pinhole = 10um, Objective = 20x, NA = 0.42 
0, 10, -1.7, 0, 10.000050000000002, -1.7, -5e-05, -0.009277
1, 10.01, -1.7, 0, 10.010050000000001, -1.7000500000000003, 0.00015000000000000001, -0.009334
1, 10.01, -1.71, 0, 10.009900000000002, -1.7096500000000001, 0.00015000000000000001, -0.009308
2, 10.0, -1.71, 0, 9.999, -1.71025, 5e-05, -0.009319
2, 9.99, -1.71, 0, 9.99055, -1.7102, -5e-05, -0.009298
2, 9.99, -1.7, 0, 9.989900000000002, -1.70035, -0.0001, -0.009298
2, 9.99, -1.69, 0, 9.9901, -1.6902000000000001, -0.0001, -0.009334
3, 10.0, -1.69, 0, 10.000800000000002, -1.6900500000000003, -0.0001, -0.00934
3, 10.01, -1.69, 0, 10.009150000000002, -1.68995, -0.0001, -0.009319
3, 10.02, -1.69, 0, 10.019350000000001, -1.6899000000000002, -0.0001, -0.009334
3, 10.02, -1.7, 0, 10.019050000000002, -1.6992, -0.0001, -0.009293
3, 10.02, -1.71, 0, 10.020650000000002, -1.7099000000000002, -5e-05, -0.009282
3, 10.02, -1.72, 0, 10.020150000000001, -1.7195, -0.0, -0.009314
4, 10.01, -1.72, 0, 10.011550000000002, -1.7196500000000001, -0.0, -0.00935
4, 10.0, -1.72, 0, 9.99975, -1.72015, -0.0, -0.009298
4, 9.99, -1.72, 0, 9.9906, -1.72035, 5e-05, -0.009293
4, 9.98, -1.72, 0, 9.979700000000001, -1.7203000000000002, 0.0001, -0.009329
4, 9.98, -1.71, 0, 9.980400000000001, -1.71045, 0.0001, -0.00935
4, 9.98, -1.7, 0, 9.97985, -1.7000500000000003, 0.0001, -0.009303
4, 9.98, -1.69, 0, 9.9801, -1.6903000000000001, 0.0001, -0.009277
4, 9.98, -1.68, 0, 9.980550000000001, -1.6799000000000002, 0.00015000000000000001, -0.009324
5, 9.99, -1.68, 0, 9.990350000000001, -1.67985, -0.0, -0.009303
5, 10.0, -1.68, 0, 9.9997, -1.67995, -0.0, -0.009324
5, 10.01, -1.68, 0, 10.0098, -1.6801000000000001, -0.0, -0.009308
5, 10.02, -1.68, 0, 10.019400000000001, -1.68015, -0.0, -0.009298
5, 10.03, -1.68, 0, 10.0291, -1.6801000000000001, -0.0, -0.009267
5, 10.03, -1.69, 0, 10.02895, -1.6896000000000002, -5e-05, -0.009345
5, 10.03, -1.7, 0, 10.0306, -1.7001000000000002, -0.0001, -0.009345
5, 10.03, -1.71, 0, 10.02975, -1.7099000000000002, -5e-05, -0.009303
5, 10.03, -1.72, 0, 10.028900000000002, -1.7191500000000002, -5e-05, -0.009324
5, 10.03, -1.73, 0, 10.030700000000001, -1.72995, -5e-05, -0.009345
6, 10.02, -1.73, 0, 10.020900000000001, -1.7299, -5e-05, -0.009298
6, 10.01, -1.73, 0, 10.01085, -1.73, -0.0, -0.009329
6, 10.0, -1.73, 0, 10.00055, -1.72995, -5e-05, -0.009345
6, 9.99, -1.73, 0, 9.9907, -1.73, 5e-05, -0.009287
6, 9.98, -1.73, 0, 9.980150000000002, -1.73005, 0.00015000000000000001, -0.009314
6, 9.97, -1.73, 0, 9.970650000000001, -1.7301000000000002, 0.00015000000000000001, -0.009329
6, 9.97, -1.72, 0, 9.968650000000002, -1.7197, 5e-05, -0.009287
6, 9.97, -1.71, 0, 9.9701, -1.71035, -5e-05, -0.009282
6, 9.97, -1.7, 0, 9.97025, -1.70065, -0.0001, -0.009334
6, 9.97, -1.69, 0, 9.969550000000002, -1.6902000000000001, -0.0001, -0.009303
6, 9.97, -1.68, 0, 9.971, -1.68, -0.0001, -0.009298
6, 9.97, -1.67, 0, 9.969850000000001, -1.6695, -0.0001, -0.009324
7, 9.98, -1.67, 0, 9.9792, -1.6696000000000002, -5e-05, -0.009345
7, 9.99, -1.67, 0, 9.99055, -1.66995, -0.0001, -0.009308
7, 10.0, -1.67, 0, 9.999300000000002, -1.67025, -5e-05, -0.009319
7, 10.01, -1.67, 0, 10.009450000000001, -1.6703500000000002, -0.0, -0.009345
7, 10.02, -1.67, 0, 10.0197, -1.6700500000000003, -0.0, -0.009298
7, 10.03, -1.67, 0, 10.02945, -1.66995, 5e-05, -0.009287
7, 10.04, -1.67, 0, 10.0395, -1.66985, 0.0001, -0.009334
7, 10.04, -1.68, 0, 10.038800000000002, -1.68015, 5e-05, -0.009366
7, 10.04, -1.69, 0, 10.04035, -1.6892, 0.0001, -0.009298
7, 10.04, -1.7, 0, 10.039550000000002, -1.69985, 0.0001, -0.009298
7, 10.04, -1.71, 0, 10.039100000000001, -1.7096000000000002, 0.00015000000000000001, -0.009329
7, 10.04, -1.72, 0, 10.03985, -1.7193000000000003, 5e-05, -0.009355
7, 10.04, -1.73, 0, 10.039900000000001, -1.7292, -5e-05, -0.009314
7, 10.04, -1.74, 0, 10.04005, -1.73895, -0.0001, -0.009287
8, 10.03, -1.74, 0, 10.03165, -1.73995, -0.0001, -0.00934
8, 10.02, -1.74, 0, 10.020800000000001, -1.73995, -0.0001, -0.00936
8, 10.01, -1.74, 0, 10.010650000000002, -1.74, -0.0001, -0.009298
8, 10.0, -1.74, 0, 10.000200000000001, -1.74, -0.0001, -0.009282
8, 9.99, -1.74, 0, 9.99025, -1.74, -0.0001, -0.009334
8, 9.98, -1.74, 0, 9.979800000000001, -1.74, -0.0001, -0.009334
8, 9.97, -1.74, 0, 9.970300000000002, -1.74, -5e-05, -0.009303
8, 9.96, -1.74, 0, 9.959950000000001, -1.74, 5e-05, -0.009293
8, 9.96, -1.73, 0, 9.960600000000001, -1.73095, 0.0001, -0.009324
8, 9.96, -1.72, 0, 9.9601, -1.7201000000000002, 0.0001, -0.009345
8, 9.96, -1.71, 0, 9.96025, -1.7107, 0.0001, -0.009314
8, 9.96, -1.7, 0, 9.96005, -1.70095, 0.00015000000000000001, -0.009293
8, 9.96, -1.69, 0, 9.959700000000002, -1.69045, 0.00015000000000000001, -0.009324
8, 9.96, -1.68, 0, 9.9602, -1.6798000000000002, -5e-05, -0.009334
8, 9.96, -1.67, 0, 9.9605, -1.67015, -0.0001, -0.009298
8, 9.96, -1.66, 0, 9.9602, -1.6600500000000002, -0.0001, -0.009272
9, 9.97, -1.66, 0, 9.970450000000001, -1.65995, -0.00015000000000000001, -0.009314
9, 9.98, -1.66, 0, 9.98005, -1.6599000000000002, -0.00015000000000000001, -0.009303
9, 9.99, -1.66, 0, 9.990450000000001, -1.6599000000000002, -5e-05, -0.009261
9, 10.0, -1.66, 0, 9.999450000000001, -1.6599000000000002, 5e-05, -0.009319
9, 10.01, -1.66, 0, 10.009450000000001, -1.65995, 0.0001, -0.009308
9, 10.02, -1.66, 0, 10.01955, -1.66, 0.0001, -0.009303
9, 10.03, -1.66, 0, 10.0294, -1.66, 5e-05, -0.009303
9, 10.04, -1.66, 0, 10.03935, -1.66, 0.00015000000000000001, -0.009329
9, 10.049999999999999, -1.66, 0, 10.0492, -1.66, 5e-05, -0.009308
9, 10.049999999999999, -1.67, 0, 10.048950000000001, -1.67, 5e-05, -0.009282
9, 10.049999999999999, -1.68, 0, 10.0496, -1.68025, 5e-05, -0.009293
9, 10.049999999999999, -1.69, 0, 10.049850000000001, -1.689, -0.0, -0.009334
9, 10.049999999999999, -1.7, 0, 10.05035, -1.7002000000000002, -0.0, -0.00935
9, 10.049999999999999, -1.71, 0, 10.04995, -1.7096000000000002, -0.0, -0.009298
9, 10.049999999999999, -1.72, 0, 10.04925, -1.71975, -0.0, -0.00934
9, 10.049999999999999, -1.73, 0, 10.048800000000002, -1.7295, -0.0, -0.009329
9, 10.049999999999999, -1.74, 0, 10.05005, -1.7393500000000002, -0.0, -0.009308
9, 10.049999999999999, -1.75, 0, 10.05005, -1.7498000000000002, 5e-05, -0.009298
10, 10.04, -1.75, 0, 10.04165, -1.7499, -5e-05, -0.009334
10, 10.03, -1.75, 0, 10.0302, -1.7499500000000001, -0.0001, -0.009303
10, 10.02, -1.75, 0, 10.02075, -1.7499500000000001, -0.0001, -0.009293
10, 10.01, -1.75, 0, 10.00995, -1.7499500000000001, -0.0001, -0.009334
10, 10.0, -1.75, 0, 10.00045, -1.75, -0.0001, -0.00934
10, 9.99, -1.75, 0, 9.9891, -1.75, -5e-05, -0.009282
10, 9.98, -1.75, 0, 9.9799, -1.75, -0.0, -0.00934
10, 9.97, -1.75, 0, 9.970400000000001, -1.75, -0.0, -0.009303
10, 9.96, -1.75, 0, 9.96, -1.75, 0.0001, -0.009314
10, 9.950000000000001, -1.75, 0, 9.94975, -1.75, 0.00015000000000000001, -0.009329
10, 9.950000000000001, -1.74, 0, 9.949950000000001, -1.74065, 0.0001, -0.009303
10, 9.950000000000001, -1.73, 0, 9.9505, -1.73025, 0.00015000000000000001, -0.009293
10, 9.950000000000001, -1.72, 0, 9.95075, -1.72025, 0.0001, -0.009329
10, 9.950000000000001, -1.71, 0, 9.94945, -1.71045, -0.0, -0.00934
10, 9.950000000000001, -1.7, 0, 9.9505, -1.7012, -0.0, -0.009298
10, 9.950000000000001, -1.69, 0, 9.95, -1.6905, -0.0, -0.009303
10, 9.950000000000001, -1.68, 0, 9.95, -1.68095, -0.0, -0.009282
10, 9.950000000000001, -1.67, 0, 9.9495, -1.6697, -0.0, -0.009314
10, 9.950000000000001, -1.66, 0, 9.95135, -1.66025, -0.0, -0.009298
10, 9.950000000000001, -1.65, 0, 9.94985, -1.65045, -0.0, -0.009319
11, 9.96, -1.65, 0, 9.959200000000001, -1.6499000000000001, -0.0, -0.009334
11, 9.97, -1.65, 0, 9.970300000000002, -1.64985, -0.0, -0.009308
11, 9.98, -1.65, 0, 9.97985, -1.64975, -0.0, -0.009287
11, 9.99, -1.65, 0, 9.990150000000002, -1.64985, -0.0, -0.009334
11, 10.0, -1.65, 0, 9.99935, -1.64995, -0.0, -0.009355
11, 10.01, -1.65, 0, 10.009450000000001, -1.6501000000000001, -0.0, -0.009303
11, 10.02, -1.65, 0, 10.019400000000001, -1.65025, -0.0, -0.009298
11, 10.03, -1.65, 0, 10.029300000000001, -1.6502000000000001, -0.0, -0.009329
11, 10.04, -1.65, 0, 10.0393, -1.65015, -0.0, -0.00935
11, 10.049999999999999, -1.65, 0, 10.048800000000002, -1.6500500000000002, -0.0, -0.009308
11, 10.059999999999999, -1.65, 0, 10.0596, -1.65, -0.0, -0.009293
11, 10.059999999999999, -1.66, 0, 10.059050000000001, -1.6588500000000002, -0.0, -0.009329
11, 10.059999999999999, -1.67, 0, 10.060400000000001, -1.6701000000000001, -5e-05, -0.009298
11, 10.059999999999999, -1.68, 0, 10.05995, -1.67895, -0.0001, -0.009287
11, 10.059999999999999, -1.69, 0, 10.061, -1.6895, -0.0001, -0.009334
11, 10.059999999999999, -1.7, 0, 10.057900000000002, -1.6993000000000003, -0.0001, -0.009319
11, 10.059999999999999, -1.71, 0, 10.06025, -1.71025, -0.0001, -0.009272
11, 10.059999999999999, -1.72, 0, 10.059800000000001, -1.7188, -0.0001, -0.009277
11, 10.059999999999999, -1.73, 0, 10.060300000000002, -1.7298000000000002, -5e-05, -0.009319
11, 10.059999999999999, -1.74, 0, 10.0599, -1.7395500000000002, -0.0, -0.009308
11, 10.059999999999999, -1.75, 0, 10.0602, -1.7498500000000001, -0.0, -0.009308
11, 10.059999999999999, -1.76, 0, 10.06, -1.7607000000000002, 5e-05, -0.009324
12, 10.049999999999999, -1.76, 0, 10.0511, -1.76045, 5e-05, -0.009334
12, 10.04, -1.76, 0, 10.0405, -1.7597, 0.0001, -0.009303
12, 10.03, -1.76, 0, 10.031, -1.7596500000000002, 0.00015000000000000001, -0.009293
12, 10.02, -1.76, 0, 10.0205, -1.75975, 0.0001, -0.009319
12, 10.01, -1.76, 0, 10.01045, -1.76, 0.00015000000000000001, -0.009334
12, 10.0, -1.76, 0, 10.000300000000001, -1.76, -0.0, -0.009298
12, 9.99, -1.76, 0, 9.990350000000001, -1.7599500000000001, -0.0, -0.009308
12, 9.98, -1.76, 0, 9.98025, -1.76035, -5e-05, -0.009345
12, 9.97, -1.76, 0, 9.9707, -1.76035, -0.0001, -0.009319
12, 9.96, -1.76, 0, 9.96, -1.7598000000000003, -0.0001, -0.009298
12, 9.950000000000001, -1.76, 0, 9.950550000000002, -1.7598000000000003, -0.0001, -0.009329
12, 9.940000000000001, -1.76, 0, 9.94095, -1.7599500000000001, -0.0001, -0.00935
12, 9.940000000000001, -1.75, 0, 9.940550000000002, -1.75005, -0.0001, -0.009308
12, 9.940000000000001, -1.74, 0, 9.9395, -1.7399, -5e-05, -0.009293
12, 9.940000000000001, -1.73, 0, 9.93975, -1.7296500000000001, -5e-05, -0.009334
12, 9.940000000000001, -1.72, 0, 9.93985, -1.7208500000000002, -0.0, -0.009345
12, 9.940000000000001, -1.71, 0, 9.940050000000001, -1.7105, 0.0001, -0.009298
12, 9.940000000000001, -1.7, 0, 9.940800000000001, -1.70035, 0.0001, -0.009334
12, 9.940000000000001, -1.69, 0, 9.93885, -1.69, 0.0001, -0.009303
12, 9.940000000000001, -1.68, 0, 9.940050000000001, -1.6798000000000002, -5e-05, -0.009345
12, 9.940000000000001, -1.67, 0, 9.939900000000002, -1.67, -0.0001, -0.009303
12, 9.940000000000001, -1.66, 0, 9.93925, -1.6603500000000002, -0.0001, -0.009298
12, 9.940000000000001, -1.65, 0, 9.940900000000001, -1.6500500000000002, -0.0001, -0.009329
12, 9.940000000000001, -1.64, 0, 9.939900000000002, -1.64025, -0.0001, -0.009345
13, 9.950000000000001, -1.64, 0, 9.9491, -1.63975, -0.0001, -0.009298
13, 9.96, -1.64, 0, 9.96025, -1.6397, -0.0001, -0.009319
13, 9.97, -1.64, 0, 9.969650000000001, -1.63975, -5e-05, -0.009334
13, 9.98, -1.64, 0, 9.9799, -1.64015, -5e-05, -0.00935
13, 9.99, -1.64, 0, 9.990150000000002, -1.6406, -0.0, -0.009298
13, 10.0, -1.64, 0, 9.9992, -1.6402, 0.00015000000000000001, -0.009308
13, 10.01, -1.64, 0, 10.0096, -1.63995, 0.0001, -0.009329
13, 10.02, -1.64, 0, 10.0196, -1.63975, 0.0001, -0.009329
13, 10.03, -1.64, 0, 10.029300000000001, -1.63975, 0.00015000000000000001, -0.009298
13, 10.04, -1.64, 0, 10.0393, -1.63985, 0.0001, -0.009293
13, 10.049999999999999, -1.64, 0, 10.0501, -1.6405500000000002, -0.0, -0.009334
13, 10.059999999999999, -1.64, 0, 10.059400000000002, -1.63985, -0.0, -0.009303
13, 10.069999999999999, -1.64, 0, 10.069700000000001, -1.63985, -0.0, -0.009287
13, 10.069999999999999, -1.65, 0, 10.069, -1.6502000000000001, -0.0, -0.009329
13, 10.069999999999999, -1.66, 0, 10.07025, -1.65925, -0.0, -0.009355
13, 10.069999999999999, -1.67, 0, 10.070350000000001, -1.6703000000000001, -0.0, -0.009298
13, 10.069999999999999, -1.68, 0, 10.06995, -1.68045, -0.0, -0.009298
13, 10.069999999999999, -1.69, 0, 10.06975, -1.6893500000000001, -0.0, -0.00934
13, 10.069999999999999, -1.7, 0, 10.0701, -1.69975, -5e-05, -0.009345
13, 10.069999999999999, -1.71, 0, 10.071150000000001, -1.7095500000000001, -0.0001, -0.009298
13, 10.069999999999999, -1.72, 0, 10.068100000000001, -1.7190500000000002, -0.0001, -0.009324
13, 10.069999999999999, -1.73, 0, 10.068800000000001, -1.7293500000000002, -0.0001, -0.009329
13, 10.069999999999999, -1.74, 0, 10.070300000000001, -1.7388000000000001, -0.0001, -0.009303
13, 10.069999999999999, -1.75, 0, 10.0714, -1.75035, -0.0001, -0.009282
13, 10.069999999999999, -1.76, 0, 10.068400000000002, -1.7596500000000002, -0.0001, -0.009319
13, 10.069999999999999, -1.77, 0, 10.070650000000002, -1.77025, -0.0, -0.009345
14, 10.059999999999999, -1.77, 0, 10.059650000000001, -1.7702, -0.0, -0.009287
14, 10.049999999999999, -1.77, 0, 10.050550000000001, -1.7701500000000001, -0.0, -0.009329
14, 10.04, -1.77, 0, 10.04025, -1.7699500000000001, 5e-05, -0.009334
14, 10.03, -1.77, 0, 10.030850000000001, -1.76975, 0.0001, -0.009314
14, 10.02, -1.77, 0, 10.02045, -1.7697, 0.00015000000000000001, -0.009293
14, 10.01, -1.77, 0, 10.01045, -1.7699, 0.00015000000000000001, -0.009329
14, 10.0, -1.77, 0, 10.000300000000001, -1.7699500000000001, 0.00015000000000000001, -0.009334
14, 9.99, -1.77, 0, 9.99025, -1.7700500000000001, 5e-05, -0.009308
14, 9.98, -1.77, 0, 9.980150000000002, -1.7701000000000002, -5e-05, -0.009298
14, 9.97, -1.77, 0, 9.97035, -1.7701000000000002, -5e-05, -0.009282
14, 9.96, -1.77, 0, 9.96, -1.7700500000000001, -0.0001, -0.009324
14, 9.950000000000001, -1.77, 0, 9.95, -1.7701000000000002, -0.0001, -0.009308
14, 9.940000000000001, -1.77, 0, 9.9406, -1.77, -0.00015000000000000001, -0.009298
14, 9.930000000000001, -1.77, 0, 9.930200000000001, -1.7700500000000001, -0.0001, -0.009293
14, 9.930000000000001, -1.76, 0, 9.9306, -1.7597, -0.0001, -0.009324
14, 9.930000000000001, -1.75, 0, 9.93, -1.7493, -5e-05, -0.009329
14, 9.930000000000001, -1.74, 0, 9.9291, -1.73925, -5e-05, -0.009334
14, 9.930000000000001, -1.73, 0, 9.92975, -1.73035, -0.0, -0.009298
14, 9.930000000000001, -1.72, 0, 9.930050000000001, -1.7193000000000003, 0.0001, -0.009345
14, 9.930000000000001, -1.71, 0, 9.92985, -1.7103000000000002, 0.0001, -0.009324
14, 9.930000000000001, -1.7, 0, 9.9301, -1.7005, 0.0001, -0.009329
14, 9.930000000000001, -1.69, 0, 9.930800000000001, -1.6907, 0.0001, -0.009298
14, 9.930000000000001, -1.68, 0, 9.93, -1.6792, 5e-05, -0.009329
14, 9.930000000000001, -1.67, 0, 9.929900000000002, -1.67015, -5e-05, -0.009293
14, 9.930000000000001, -1.66, 0, 9.93075, -1.66015, -0.0001, -0.009308
14, 9.930000000000001, -1.65, 0, 9.929800000000002, -1.6502000000000001, -0.0001, -0.009329
14, 9.930000000000001, -1.64, 0, 9.92955, -1.6396000000000002, -0.0001, -0.009324
14, 9.930000000000001, -1.63, 0, 9.929950000000002, -1.6306500000000002, -0.0001, -0.009287
15, 9.940000000000001, -1.63, 0, 9.938900000000002, -1.6302, -0.0001, -0.009314
15, 9.950000000000001, -1.63, 0, 9.94985, -1.6295, -0.0, -0.009329
15, 9.96, -1.63, 0, 9.95975, -1.63, -5e-05, -0.009287
15, 9.97, -1.63, 0, 9.9693, -1.62995, 5e-05, -0.009282
15, 9.98, -1.63, 0, 9.98005, -1.63025, 0.0001, -0.009329
15, 9.99, -1.63, 0, 9.990450000000001, -1.6303, 0.0001, -0.009334
15, 10.0, -1.63, 0, 9.99935, -1.63025, 0.00015000000000000001, -0.009287
15, 10.01, -1.63, 0, 10.00955, -1.62995, 0.00015000000000000001, -0.009298
15, 10.02, -1.63, 0, 10.0203, -1.62965, 5e-05, -0.009329
15, 10.03, -1.63, 0, 10.02925, -1.63015, -5e-05, -0.009303
15, 10.04, -1.63, 0, 10.04035, -1.63025, -0.0001, -0.009298
15, 10.049999999999999, -1.63, 0, 10.049150000000001, -1.6299000000000001, -0.0001, -0.009329
15, 10.059999999999999, -1.63, 0, 10.0596, -1.6296000000000002, -0.0001, -0.009355
15, 10.069999999999999, -1.63, 0, 10.0698, -1.6297000000000001, -0.0001, -0.009298
15, 10.079999999999998, -1.63, 0, 10.080200000000001, -1.6301, -0.0001, -0.009287
15, 10.079999999999998, -1.64, 0, 10.0795, -1.6397, -0.0001, -0.009319
15, 10.079999999999998, -1.65, 0, 10.07965, -1.6505, -0.0, -0.009329
15, 10.079999999999998, -1.66, 0, 10.07965, -1.65925, -5e-05, -0.009334
15, 10.079999999999998, -1.67, 0, 10.0801, -1.6703500000000002, -0.0, -0.009293
15, 10.079999999999998, -1.68, 0, 10.0806, -1.68025, -0.0, -0.009287
15, 10.079999999999998, -1.69, 0, 10.07985, -1.6895, 0.00015000000000000001, -0.009319
15, 10.079999999999998, -1.7, 0, 10.07965, -1.6998000000000002, 0.0001, -0.00936
15, 10.079999999999998, -1.71, 0, 10.08045, -1.7097, 0.00015000000000000001, -0.009298
15, 10.079999999999998, -1.72, 0, 10.079300000000002, -1.7190500000000002, 0.00015000000000000001, -0.009319
15, 10.079999999999998, -1.73, 0, 10.0798, -1.7289, -0.0, -0.009324
15, 10.079999999999998, -1.74, 0, 10.079600000000001, -1.739, -0.0, -0.009298
15, 10.079999999999998, -1.75, 0, 10.080800000000002, -1.7505, -0.0, -0.009282
15, 10.079999999999998, -1.76, 0, 10.080400000000001, -1.7594, -0.0, -0.00935
15, 10.079999999999998, -1.77, 0, 10.080050000000002, -1.7701000000000002, -0.0, -0.009298
15, 10.079999999999998, -1.78, 0, 10.079900000000002, -1.7802, -0.0, -0.009319
16, 10.069999999999999, -1.78, 0, 10.070200000000002, -1.7807, -5e-05, -0.009298
16, 10.059999999999999, -1.78, 0, 10.0606, -1.7801000000000002, -0.0001, -0.009282
16, 10.049999999999999, -1.78, 0, 10.050550000000001, -1.78, -0.0001, -0.009319
16, 10.04, -1.78, 0, 10.040650000000001, -1.7800500000000001, -0.0001, -0.009345
16, 10.03, -1.78, 0, 10.03045, -1.7799500000000001, -5e-05, -0.009303
16, 10.02, -1.78, 0, 10.02045, -1.7798500000000002, -5e-05, -0.009308
16, 10.01, -1.78, 0, 10.01045, -1.7798000000000003, -5e-05, -0.009319
16, 10.0, -1.78, 0, 10.00025, -1.7798500000000002, -0.0001, -0.009334
16, 9.99, -1.78, 0, 9.990400000000001, -1.7799, -0.0, -0.009308
16, 9.98, -1.78, 0, 9.980300000000002, -1.7801000000000002, -0.0, -0.009287
16, 9.97, -1.78, 0, 9.970300000000002, -1.7801000000000002, -0.0, -0.009324
16, 9.96, -1.78, 0, 9.9601, -1.7801000000000002, -0.0, -0.009303
16, 9.950000000000001, -1.78, 0, 9.950050000000001, -1.7801000000000002, -0.0, -0.009293
16, 9.940000000000001, -1.78, 0, 9.9406, -1.7801000000000002, -0.0, -0.009329
16, 9.930000000000001, -1.78, 0, 9.93025, -1.7800500000000001, -0.0, -0.009314
16, 9.920000000000002, -1.78, 0, 9.92, -1.7800500000000001, -0.0, -0.009303
16, 9.920000000000002, -1.77, 0, 9.9198, -1.7701500000000001, -0.0, -0.009324
16, 9.920000000000002, -1.76, 0, 9.91995, -1.75975, -0.0, -0.009324
16, 9.920000000000002, -1.75, 0, 9.92135, -1.7501000000000002, -0.0, -0.009293
16, 9.920000000000002, -1.74, 0, 9.9198, -1.7393500000000002, -0.0, -0.009277
16, 9.920000000000002, -1.73, 0, 9.91935, -1.73045, 5e-05, -0.009314
16, 9.920000000000002, -1.72, 0, 9.919550000000001, -1.72045, 0.0001, -0.009329
16, 9.920000000000002, -1.71, 0, 9.9195, -1.7107, 0.0001, -0.009345
16, 9.920000000000002, -1.7, 0, 9.919550000000001, -1.70015, 0.0001, -0.009293
16, 9.920000000000002, -1.69, 0, 9.919, -1.6905, 5e-05, -0.009314
16, 9.920000000000002, -1.68, 0, 9.92235, -1.6806, -0.0, -0.009329
16, 9.920000000000002, -1.67, 0, 9.9198, -1.66985, 5e-05, -0.009319
16, 9.920000000000002, -1.66, 0, 9.920300000000001, -1.6604, -5e-05, -0.009329
16, 9.920000000000002, -1.65, 0, 9.920300000000001, -1.6502000000000001, -0.0001, -0.00935
16, 9.920000000000002, -1.64, 0, 9.919450000000001, -1.6396000000000002, -0.0001, -0.009293
16, 9.920000000000002, -1.63, 0, 9.920950000000001, -1.6307, -0.0001, -0.009324
16, 9.920000000000002, -1.6199999999999999, 0, 9.91995, -1.6202, -0.0001, -0.009334
17, 9.930000000000001, -1.6199999999999999, 0, 9.928450000000002, -1.6201, -0.0001, -0.009298
17, 9.940000000000001, -1.6199999999999999, 0, 9.939900000000002, -1.61995, -0.0001, -0.009293
17, 9.950000000000001, -1.6199999999999999, 0, 9.95025, -1.6199000000000001, -0.0, -0.009329
17, 9.96, -1.6199999999999999, 0, 9.96, -1.6199000000000001, -0.0, -0.009298
17, 9.97, -1.6199999999999999, 0, 9.969700000000001, -1.61995, -0.0, -0.009319
17, 9.98, -1.6199999999999999, 0, 9.979700000000001, -1.61995, -0.0, -0.009324
17, 9.99, -1.6199999999999999, 0, 9.990450000000001, -1.61995, -0.0, -0.009334
17, 10.0, -1.6199999999999999, 0, 9.999450000000001, -1.61995, -0.0, -0.009293
17, 10.01, -1.6199999999999999, 0, 10.009450000000001, -1.6200500000000002, -0.0, -0.009277
17, 10.02, -1.6199999999999999, 0, 10.0203, -1.6201500000000002, 0.00015000000000000001, -0.009345
17, 10.03, -1.6199999999999999, 0, 10.029300000000001, -1.6201, 0.0001, -0.009314
17, 10.04, -1.6199999999999999, 0, 10.040400000000002, -1.6200500000000002, 0.0001, -0.009319
17, 10.049999999999999, -1.6199999999999999, 0, 10.049400000000002, -1.61995, -0.0, -0.009319
17, 10.059999999999999, -1.6199999999999999, 0, 10.0602, -1.6199000000000001, -0.0, -0.009282
17, 10.069999999999999, -1.6199999999999999, 0, 10.069900000000002, -1.6199000000000001, -5e-05, -0.009308
17, 10.079999999999998, -1.6199999999999999, 0, 10.080150000000001, -1.6199000000000001, -0.0001, -0.00934
17, 10.089999999999998, -1.6199999999999999, 0, 10.0898, -1.61995, -0.0001, -0.009303
17, 10.089999999999998, -1.63, 0, 10.0912, -1.63025, -0.0001, -0.009345
17, 10.089999999999998, -1.64, 0, 10.0897, -1.63965, -0.0001, -0.009298
17, 10.089999999999998, -1.65, 0, 10.089150000000002, -1.6503500000000002, -5e-05, -0.009298
17, 10.089999999999998, -1.66, 0, 10.09055, -1.65935, -0.0, -0.009282
17, 10.089999999999998, -1.67, 0, 10.0891, -1.67015, 0.0001, -0.00934
17, 10.089999999999998, -1.68, 0, 10.0897, -1.6793500000000001, 0.0001, -0.009324
17, 10.089999999999998, -1.69, 0, 10.089150000000002, -1.68955, 0.00015000000000000001, -0.009324
17, 10.089999999999998, -1.7, 0, 10.089900000000002, -1.69995, 0.00015000000000000001, -0.009355
17, 10.089999999999998, -1.71, 0, 10.091400000000002, -1.70975, -5e-05, -0.009287
17, 10.089999999999998, -1.72, 0, 10.088650000000001, -1.7192, -0.0001, -0.009277
17, 10.089999999999998, -1.73, 0, 10.08965, -1.7291, -0.0001, -0.009324
17, 10.089999999999998, -1.74, 0, 10.0896, -1.73875, -0.0001, -0.009345
17, 10.089999999999998, -1.75, 0, 10.0912, -1.7498000000000002, -0.0001, -0.009287
17, 10.089999999999998, -1.76, 0, 10.09135, -1.76025, -0.0001, -0.009303
17, 10.089999999999998, -1.77, 0, 10.09125, -1.77065, -0.0001, -0.009303
17, 10.089999999999998, -1.78, 0, 10.09025, -1.7803000000000002, -5e-05, -0.009334
17, 10.089999999999998, -1.79, 0, 10.089150000000002, -1.7905, -0.0, -0.00935
18, 10.079999999999998, -1.79, 0, 10.08055, -1.7906000000000002, -0.0, -0.009324
18, 10.069999999999999, -1.79, 0, 10.0698, -1.7899500000000002, 5e-05, -0.009303
18, 10.059999999999999, -1.79, 0, 10.061150000000001, -1.7898000000000003, 0.0001, -0.009298
18, 10.049999999999999, -1.79, 0, 10.049850000000001, -1.78975, 0.0001, -0.009334
18, 10.04, -1.79, 0, 10.041150000000002, -1.7901000000000002, 0.0001, -0.009334
18, 10.03, -1.79, 0, 10.029950000000001, -1.79025, 5e-05, -0.009293
18, 10.02, -1.79, 0, 10.02, -1.79, 0.00015000000000000001, -0.009314
18, 10.01, -1.79, 0, 10.01045, -1.7899500000000002, 0.0001, -0.009308
18, 10.0, -1.79, 0, 10.00045, -1.7898000000000003, -0.0, -0.009282
18, 9.99, -1.79, 0, 9.990650000000002, -1.7898500000000002, 5e-05, -0.009293
18, 9.98, -1.79, 0, 9.98035, -1.7901000000000002, -5e-05, -0.009334
18, 9.97, -1.79, 0, 9.96925, -1.7901500000000001, -0.0001, -0.009272
18, 9.96, -1.79, 0, 9.9602, -1.7901000000000002, -0.0001, -0.009329
18, 9.950000000000001, -1.79, 0, 9.9502, -1.7899500000000002, -0.0001, -0.009293
18, 9.940000000000001, -1.79, 0, 9.94095, -1.78975, -0.0001, -0.009329
18, 9.930000000000001, -1.79, 0, 9.9303, -1.7897, -5e-05, -0.00935
18, 9.920000000000002, -1.79, 0, 9.919900000000002, -1.7899500000000002, -0.0, -0.009334
18, 9.910000000000002, -1.79, 0, 9.909900000000002, -1.7901000000000002, -0.0, -0.009277
18, 9.910000000000002, -1.78, 0, 9.910650000000002, -1.7802, -0.0, -0.009319
18, 9.910000000000002, -1.77, 0, 9.90935, -1.7693500000000002, -0.0, -0.009334
18, 9.910000000000002, -1.76, 0, 9.910300000000001, -1.7601000000000002, 0.0001, -0.009324
18, 9.910000000000002, -1.75, 0, 9.909300000000002, -1.7505500000000003, 0.0001, -0.009329
18, 9.910000000000002, -1.74, 0, 9.91145, -1.7406000000000001, 0.0001, -0.009293
18, 9.910000000000002, -1.73, 0, 9.909550000000001, -1.7308000000000001, 0.0001, -0.009319
18, 9.910000000000002, -1.72, 0, 9.91025, -1.7205, 0.0001, -0.00934
18, 9.910000000000002, -1.71, 0, 9.9106, -1.7108500000000002, -0.0, -0.009293
18, 9.910000000000002, -1.7, 0, 9.910950000000001, -1.7010500000000002, -0.0, -0.009272
18, 9.910000000000002, -1.69, 0, 9.90905, -1.6897, -0.0, -0.009329
18, 9.910000000000002, -1.68, 0, 9.91125, -1.6807, -0.0, -0.009298
18, 9.910000000000002, -1.67, 0, 9.909600000000001, -1.66995, 5e-05, -0.009282
18, 9.910000000000002, -1.66, 0, 9.910350000000001, -1.6595, -5e-05, -0.009334
18, 9.910000000000002, -1.65, 0, 9.91085, -1.6511000000000002, -0.0001, -0.009308
18, 9.910000000000002, -1.64, 0, 9.91, -1.6398000000000001, -0.0001, -0.009293
18, 9.910000000000002, -1.63, 0, 9.908800000000001, -1.6305, -0.0001, -0.009282
18, 9.910000000000002, -1.6199999999999999, 0, 9.9085, -1.6199000000000001, -0.0001, -0.009308
18, 9.910000000000002, -1.6099999999999999, 0, 9.910900000000002, -1.60975, -0.0001, -0.009303
19, 9.920000000000002, -1.6099999999999999, 0, 9.91875, -1.6095, -0.0001, -0.009282
19, 9.930000000000001, -1.6099999999999999, 0, 9.930950000000001, -1.6098000000000001, -5e-05, -0.009324
19, 9.940000000000001, -1.6099999999999999, 0, 9.939350000000001, -1.6098000000000001, -0.0, -0.009303
19, 9.950000000000001, -1.6099999999999999, 0, 9.949800000000002, -1.6098500000000002, -0.0, -0.009298
19, 9.96, -1.6099999999999999, 0, 9.9601, -1.6104, -0.0, -0.009319
19, 9.97, -1.6099999999999999, 0, 9.9696, -1.6106500000000001, -0.0, -0.009345
19, 9.98, -1.6099999999999999, 0, 9.97995, -1.6098500000000002, -0.0, -0.009319
19, 9.99, -1.6099999999999999, 0, 9.990350000000001, -1.60975, -0.0, -0.009303
19, 10.0, -1.6099999999999999, 0, 9.999400000000001, -1.60975, 5e-05, -0.009329
19, 10.01, -1.6099999999999999, 0, 10.009450000000001, -1.6098000000000001, 0.0001, -0.00934
19, 10.02, -1.6099999999999999, 0, 10.019300000000001, -1.6099, 5e-05, -0.009303
19, 10.03, -1.6099999999999999, 0, 10.02925, -1.6105, 5e-05, -0.009293
19, 10.04, -1.6099999999999999, 0, 10.0402, -1.6098500000000002, 0.0001, -0.009334
19, 10.049999999999999, -1.6099999999999999, 0, 10.0492, -1.6098000000000001, 0.0001, -0.00934
19, 10.059999999999999, -1.6099999999999999, 0, 10.059650000000001, -1.6098000000000001, 5e-05, -0.009298
19, 10.069999999999999, -1.6099999999999999, 0, 10.0698, -1.6098000000000001, -5e-05, -0.009287
19, 10.079999999999998, -1.6099999999999999, 0, 10.080050000000002, -1.6099, -0.0001, -0.009319
19, 10.089999999999998, -1.6099999999999999, 0, 10.090300000000001, -1.6102, -0.0001, -0.009345
19, 10.099999999999998, -1.6099999999999999, 0, 10.100650000000002, -1.6104, -0.0001, -0.009303
19, 10.099999999999998, -1.6199999999999999, 0, 10.098900000000002, -1.62, -0.0001, -0.009329
19, 10.099999999999998, -1.63, 0, 10.098900000000002, -1.62915, -5e-05, -0.009329
19, 10.099999999999998, -1.64, 0, 10.101150000000002, -1.63995, -5e-05, -0.009287
19, 10.099999999999998, -1.65, 0, 10.099300000000001, -1.6504, -0.0, -0.009277
19, 10.099999999999998, -1.66, 0, 10.09975, -1.65935, -0.0, -0.009324
19, 10.099999999999998, -1.67, 0, 10.0997, -1.67045, -0.0, -0.00934
19, 10.099999999999998, -1.68, 0, 10.100200000000001, -1.67965, -0.0, -0.009298
19, 10.099999999999998, -1.69, 0, 10.10025, -1.68985, 5e-05, -0.009282
19, 10.099999999999998, -1.7, 0, 10.10025, -1.7003000000000001, 0.0001, -0.009319
19, 10.099999999999998, -1.71, 0, 10.0995, -1.709, 0.0001, -0.009345
19, 10.099999999999998, -1.72, 0, 10.099450000000001, -1.7192, 0.00015000000000000001, -0.009298
19, 10.099999999999998, -1.73, 0, 10.10035, -1.7296500000000001, 0.0001, -0.009272
19, 10.099999999999998, -1.74, 0, 10.0996, -1.7395500000000002, -5e-05, -0.00934
19, 10.099999999999998, -1.75, 0, 10.099050000000002, -1.7497, -0.0001, -0.009293
19, 10.099999999999998, -1.76, 0, 10.1, -1.7601000000000002, -0.0001, -0.009282
19, 10.099999999999998, -1.77, 0, 10.09955, -1.7703000000000002, -0.0001, -0.009329
19, 10.099999999999998, -1.78, 0, 10.099, -1.7801500000000001, -0.0001, -0.009324
19, 10.099999999999998, -1.79, 0, 10.10105, -1.7906000000000002, -0.00015000000000000001, -0.009282
19, 10.099999999999998, -1.8, 0, 10.100100000000001, -1.7999, -5e-05, -0.009324
20, 10.089999999999998, -1.8, 0, 10.08995, -1.8001, -0.0, -0.009303
20, 10.079999999999998, -1.8, 0, 10.08045, -1.8001500000000001, 5e-05, -0.009314
20, 10.069999999999999, -1.8, 0, 10.07075, -1.8001, 0.0001, -0.009308
20, 10.059999999999999, -1.8, 0, 10.06035, -1.8000500000000001, 5e-05, -0.009287
20, 10.049999999999999, -1.8, 0, 10.05075, -1.8, 0.0001, -0.009267
20, 10.04, -1.8, 0, 10.039900000000001, -1.79995, 0.00015000000000000001, -0.009324
20, 10.03, -1.8, 0, 10.0306, -1.7998500000000002, 0.0001, -0.009334
20, 10.02, -1.8, 0, 10.020650000000002, -1.7998500000000002, 5e-05, -0.009298
20, 10.01, -1.8, 0, 10.0107, -1.7998000000000003, -5e-05, -0.009287
20, 10.0, -1.8, 0, 10.0007, -1.8, -0.0001, -0.009329
20, 9.99, -1.8, 0, 9.990300000000001, -1.8, -0.0001, -0.009314
20, 9.98, -1.8, 0, 9.979700000000001, -1.8, -0.0001, -0.009293
20, 9.97, -1.8, 0, 9.97035, -1.8, -0.0001, -0.009319
20, 9.96, -1.8, 0, 9.96005, -1.8, -0.0001, -0.00934
20, 9.950000000000001, -1.8, 0, 9.949900000000001, -1.79995, -0.0001, -0.009287
20, 9.940000000000001, -1.8, 0, 9.9395, -1.8001, -5e-05, -0.009324
20, 9.930000000000001, -1.8, 0, 9.930400000000002, -1.8001, 5e-05, -0.00934
20, 9.920000000000002, -1.8, 0, 9.9205, -1.8001, 0.0001, -0.009303
20, 9.910000000000002, -1.8, 0, 9.910900000000002, -1.8001, 0.0001, -0.009287
20, 9.900000000000002, -1.8, 0, 9.9002, -1.8000500000000001, 0.00015000000000000001, -0.009324
20, 9.900000000000002, -1.79, 0, 9.9006, -1.7897, 0.0001, -0.009345
20, 9.900000000000002, -1.78, 0, 9.89975, -1.7794, -5e-05, -0.009303
20, 9.900000000000002, -1.77, 0, 9.89985, -1.76915, -5e-05, -0.009334
20, 9.900000000000002, -1.76, 0, 9.9, -1.7600500000000001, -5e-05, -0.009298
20, 9.900000000000002, -1.75, 0, 9.90035, -1.7506000000000002, -0.0001, -0.009308
20, 9.900000000000002, -1.74, 0, 9.9005, -1.7406000000000001, -5e-05, -0.009287
20, 9.900000000000002, -1.73, 0, 9.900300000000001, -1.7311500000000002, -0.0, -0.009324
20, 9.900000000000002, -1.72, 0, 9.9, -1.72, 5e-05, -0.009303
20, 9.900000000000002, -1.71, 0, 9.899400000000002, -1.71045, 0.0001, -0.009319
20, 9.900000000000002, -1.7, 0, 9.90085, -1.7009, 0.0001, -0.00934
20, 9.900000000000002, -1.69, 0, 9.9002, -1.69, 0.0001, -0.009314
20, 9.900000000000002, -1.68, 0, 9.900150000000002, -1.68075, 0.00015000000000000001, -0.009293
20, 9.900000000000002, -1.67, 0, 9.899650000000001, -1.67015, 0.0001, -0.009298
20, 9.900000000000002, -1.66, 0, 9.90055, -1.6594, -0.0, -0.009329
20, 9.900000000000002, -1.65, 0, 9.899700000000001, -1.6505500000000002, -0.0, -0.009287
20, 9.900000000000002, -1.64, 0, 9.900400000000001, -1.6399000000000001, -0.0, -0.009324
20, 9.900000000000002, -1.63, 0, 9.89975, -1.63, -0.0, -0.009334
20, 9.900000000000002, -1.6199999999999999, 0, 9.900150000000002, -1.62025, -0.0, -0.009293
20, 9.900000000000002, -1.6099999999999999, 0, 9.899700000000001, -1.60965, -0.0, -0.009303
20, 9.900000000000002, -1.5999999999999999, 0, 9.900300000000001, -1.6004, -0.0, -0.009314
21, 9.910000000000002, -1.5999999999999999, 0, 9.9083, -1.5998500000000002, -0.0, -0.009319
21, 9.920000000000002, -1.5999999999999999, 0, 9.9206, -1.5995500000000002, -0.0, -0.009298
21, 9.930000000000001, -1.5999999999999999, 0, 9.930150000000001, -1.5999, -0.0, -0.009334
21, 9.940000000000001, -1.5999999999999999, 0, 9.939900000000002, -1.6000500000000002, -0.0, -0.009298
21, 9.950000000000001, -1.5999999999999999, 0, 9.949800000000002, -1.6002, -0.0, -0.009287
21, 9.96, -1.5999999999999999, 0, 9.9601, -1.6001500000000002, -0.0, -0.009319
21, 9.97, -1.5999999999999999, 0, 9.969550000000002, -1.6001, -0.0, -0.00935
21, 9.98, -1.5999999999999999, 0, 9.9799, -1.6, -0.0001, -0.009298
21, 9.99, -1.5999999999999999, 0, 9.990150000000002, -1.5998500000000002, -5e-05, -0.009329
21, 10.0, -1.5999999999999999, 0, 9.999400000000001, -1.5998500000000002, -5e-05, -0.009324
21, 10.01, -1.5999999999999999, 0, 10.00955, -1.5998500000000002, -5e-05, -0.009298
21, 10.02, -1.5999999999999999, 0, 10.01955, -1.6001, -5e-05, -0.009287
21, 10.03, -1.5999999999999999, 0, 10.02935, -1.6002, -5e-05, -0.009324
21, 10.04, -1.5999999999999999, 0, 10.039400000000002, -1.6002, -0.0, -0.009324
21, 10.049999999999999, -1.5999999999999999, 0, 10.0493, -1.6001500000000002, -5e-05, -0.009298
21, 10.059999999999999, -1.5999999999999999, 0, 10.0592, -1.6, -0.0, -0.009298
21, 10.069999999999999, -1.5999999999999999, 0, 10.069300000000002, -1.5998500000000002, -0.0, -0.009277
21, 10.079999999999998, -1.5999999999999999, 0, 10.0801, -1.5997000000000001, 5e-05, -0.009355
21, 10.089999999999998, -1.5999999999999999, 0, 10.08995, -1.59975, 0.00015000000000000001, -0.009303
21, 10.099999999999998, -1.5999999999999999, 0, 10.10075, -1.6002, 0.0001, -0.009319
21, 10.109999999999998, -1.5999999999999999, 0, 10.10975, -1.6001500000000002, 0.0001, -0.009303
21, 10.109999999999998, -1.6099999999999999, 0, 10.109300000000001, -1.60935, 0.0001, -0.009314
21, 10.109999999999998, -1.6199999999999999, 0, 10.11075, -1.62025, -0.0, -0.009324
21, 10.109999999999998, -1.63, 0, 10.110100000000001, -1.6293000000000002, -0.0, -0.009319
21, 10.109999999999998, -1.64, 0, 10.110800000000001, -1.6401000000000001, -0.0, -0.009287
21, 10.109999999999998, -1.65, 0, 10.108400000000001, -1.6505500000000002, -0.0, -0.009329
21, 10.109999999999998, -1.66, 0, 10.110650000000001, -1.6597, -0.0, -0.009287
21, 10.109999999999998, -1.67, 0, 10.10955, -1.6706, -0.0, -0.009329
21, 10.109999999999998, -1.68, 0, 10.1103, -1.6796000000000002, -5e-05, -0.009303
21, 10.109999999999998, -1.69, 0, 10.1096, -1.6900500000000003, -0.0001, -0.009282
21, 10.109999999999998, -1.7, 0, 10.10975, -1.6994, -0.0001, -0.009324
21, 10.109999999999998, -1.71, 0, 10.109900000000001, -1.7095, -0.0001, -0.009345
21, 10.109999999999998, -1.72, 0, 10.110100000000001, -1.7196500000000001, -0.00015000000000000001, -0.009293
21, 10.109999999999998, -1.73, 0, 10.1103, -1.7297, -0.00015000000000000001, -0.009308
21, 10.109999999999998, -1.74, 0, 10.10975, -1.7393000000000003, -0.0001, -0.009314
21, 10.109999999999998, -1.75, 0, 10.110550000000002, -1.7493500000000002, -0.0, -0.009324
21, 10.109999999999998, -1.76, 0, 10.109650000000002, -1.7593500000000002, -0.0, -0.009303
21, 10.109999999999998, -1.77, 0, 10.11035, -1.76925, 5e-05, -0.009303
21, 10.109999999999998, -1.78, 0, 10.110650000000001, -1.78045, -0.0, -0.009329
21, 10.109999999999998, -1.79, 0, 10.1097, -1.7893500000000002, 5e-05, -0.009298
21, 10.109999999999998, -1.8, 0, 10.108600000000001, -1.8002, 0.0001, -0.009272
21, 10.109999999999998, -1.81, 0, 10.1105, -1.81075, 0.0001, -0.009329
22, 10.099999999999998, -1.81, 0, 10.099800000000002, -1.80975, 0.0001, -0.009324
22, 10.089999999999998, -1.81, 0, 10.09045, -1.8098, 0.0001, -0.009282
22, 10.079999999999998, -1.81, 0, 10.0795, -1.8099, -0.0, -0.009329
22, 10.069999999999999, -1.81, 0, 10.070450000000001, -1.8101, -0.0, -0.009334
22, 10.059999999999999, -1.81, 0, 10.0599, -1.8101, -0.0, -0.009308
22, 10.049999999999999, -1.81, 0, 10.05125, -1.8101500000000001, -0.0, -0.009277
22, 10.04, -1.81, 0, 10.0397, -1.8101, 5e-05, -0.009329
22, 10.03, -1.81, 0, 10.030650000000001, -1.8101, -0.0001, -0.00934
22, 10.02, -1.81, 0, 10.020650000000002, -1.81, -0.0001, -0.009308
22, 10.01, -1.81, 0, 10.01035, -1.81, -0.0001, -0.009277
22, 10.0, -1.81, 0, 10.0004, -1.81, -0.0001, -0.009329
22, 9.99, -1.81, 0, 9.9905, -1.81, -0.0001, -0.009355
22, 9.98, -1.81, 0, 9.97975, -1.81, -0.0001, -0.009303
22, 9.97, -1.81, 0, 9.970400000000001, -1.8100500000000002, -0.0001, -0.009298
22, 9.96, -1.81, 0, 9.959900000000001, -1.81, -0.0001, -0.00934
22, 9.950000000000001, -1.81, 0, 9.95015, -1.80995, -5e-05, -0.009345
22, 9.940000000000001, -1.81, 0, 9.94075, -1.8098500000000002, -0.0, -0.009308
22, 9.930000000000001, -1.81, 0, 9.930150000000001, -1.8098500000000002, -0.0, -0.009298
22, 9.920000000000002, -1.81, 0, 9.91965, -1.8099, 0.0001, -0.009329
22, 9.910000000000002, -1.81, 0, 9.9105, -1.81, 0.00015000000000000001, -0.00935
22, 9.900000000000002, -1.81, 0, 9.90005, -1.81, 0.0001, -0.009345
22, 9.890000000000002, -1.81, 0, 9.8905, -1.8101, 0.00015000000000000001, -0.009298
22, 9.890000000000002, -1.8, 0, 9.89145, -1.80065, 5e-05, -0.009324
22, 9.890000000000002, -1.79, 0, 9.88945, -1.7897, -0.0, -0.009329
22, 9.890000000000002, -1.78, 0, 9.8895, -1.7792000000000001, -0.0001, -0.00934
22, 9.890000000000002, -1.77, 0, 9.8895, -1.7707, -0.0001, -0.009308
22, 9.890000000000002, -1.76, 0, 9.89085, -1.7598000000000003, -0.00015000000000000001, -0.009277
22, 9.890000000000002, -1.75, 0, 9.8895, -1.7495, -0.00015000000000000001, -0.009329
22, 9.890000000000002, -1.74, 0, 9.89005, -1.7409000000000001, -0.0, -0.009277
22, 9.890000000000002, -1.73, 0, 9.89035, -1.7306000000000001, -0.0, -0.009329
22, 9.890000000000002, -1.72, 0, 9.889850000000001, -1.7203000000000002, -0.0, -0.009303
22, 9.890000000000002, -1.71, 0, 9.88845, -1.7095500000000001, 0.00015000000000000001, -0.00934
22, 9.890000000000002, -1.7, 0, 9.889550000000002, -1.7005, 0.00015000000000000001, -0.009329
22, 9.890000000000002, -1.69, 0, 9.890400000000001, -1.6901000000000002, 0.0002, -0.009293
22, 9.890000000000002, -1.68, 0, 9.891, -1.67955, 0.00015000000000000001, -0.009334
22, 9.890000000000002, -1.67, 0, 9.889, -1.67025, 5e-05, -0.009319
22, 9.890000000000002, -1.66, 0, 9.8908, -1.6596000000000002, -5e-05, -0.009303
22, 9.890000000000002, -1.65, 0, 9.8896, -1.6505, -0.0001, -0.009277
22, 9.890000000000002, -1.64, 0, 9.889800000000001, -1.6399000000000001, -0.0001, -0.009324
22, 9.890000000000002, -1.63, 0, 9.89035, -1.63075, -0.0001, -0.009308
22, 9.890000000000002, -1.6199999999999999, 0, 9.8901, -1.62, -0.00015000000000000001, -0.009277
22, 9.890000000000002, -1.6099999999999999, 0, 9.8901, -1.6097000000000001, -0.0001, -0.009329
22, 9.890000000000002, -1.5999999999999999, 0, 9.8901, -1.6003500000000002, -5e-05, -0.009345
22, 9.890000000000002, -1.5899999999999999, 0, 9.89, -1.58995, -0.0, -0.009308
23, 9.900000000000002, -1.5899999999999999, 0, 9.89905, -1.5898500000000002, -0.0, -0.009293
23, 9.910000000000002, -1.5899999999999999, 0, 9.91045, -1.5898500000000002, -0.0, -0.00934
23, 9.920000000000002, -1.5899999999999999, 0, 9.9197, -1.5899, -0.0, -0.009334
23, 9.930000000000001, -1.5899999999999999, 0, 9.9306, -1.59, -0.0, -0.009303
23, 9.940000000000001, -1.5899999999999999, 0, 9.939350000000001, -1.59, -0.0, -0.009298
23, 9.950000000000001, -1.5899999999999999, 0, 9.9496, -1.59, -0.0, -0.009293
23, 9.96, -1.5899999999999999, 0, 9.96, -1.5900500000000002, -0.0, -0.009293
23, 9.97, -1.5899999999999999, 0, 9.9696, -1.5900500000000002, 5e-05, -0.009324
23, 9.98, -1.5899999999999999, 0, 9.98, -1.5900500000000002, 5e-05, -0.009329
23, 9.99, -1.5899999999999999, 0, 9.990350000000001, -1.5900500000000002, 0.0001, -0.009298
23, 10.0, -1.5899999999999999, 0, 9.9992, -1.59, 0.0001, -0.009308
23, 10.01, -1.5899999999999999, 0, 10.009450000000001, -1.5899, 5e-05, -0.009293
23, 10.02, -1.5899999999999999, 0, 10.019150000000002, -1.5899, 5e-05, -0.009293
23, 10.03, -1.5899999999999999, 0, 10.030400000000002, -1.58995, 5e-05, -0.00934
23, 10.04, -1.5899999999999999, 0, 10.039400000000002, -1.58995, -0.0001, -0.009298
23, 10.049999999999999, -1.5899999999999999, 0, 10.049400000000002, -1.59, -0.00015000000000000001, -0.009303
23, 10.059999999999999, -1.5899999999999999, 0, 10.0592, -1.5900500000000002, -0.00015000000000000001, -0.009355
23, 10.069999999999999, -1.5899999999999999, 0, 10.069300000000002, -1.5900500000000002, -0.0001, -0.009287
23, 10.079999999999998, -1.5899999999999999, 0, 10.080200000000001, -1.5900500000000002, -0.00015000000000000001, -0.009298
23, 10.089999999999998, -1.5899999999999999, 0, 10.0896, -1.5900500000000002, -5e-05, -0.009324
23, 10.099999999999998, -1.5899999999999999, 0, 10.10025, -1.5899, 0.0001, -0.009298
23, 10.109999999999998, -1.5899999999999999, 0, 10.109650000000002, -1.5898500000000002, 0.0002, -0.00934
23, 10.119999999999997, -1.5899999999999999, 0, 10.1195, -1.59, 0.00015000000000000001, -0.009293
23, 10.119999999999997, -1.5999999999999999, 0, 10.118450000000001, -1.6002, 5e-05, -0.009287
23, 10.119999999999997, -1.6099999999999999, 0, 10.120650000000001, -1.6094000000000002, -5e-05, -0.009324
23, 10.119999999999997, -1.6199999999999999, 0, 10.119950000000001, -1.6201, -0.0001, -0.009324
23, 10.119999999999997, -1.63, 0, 10.11875, -1.62915, -0.0001, -0.009303
23, 10.119999999999997, -1.64, 0, 10.1205, -1.6402, -0.0001, -0.009287
23, 10.119999999999997, -1.65, 0, 10.11895, -1.64975, -0.0001, -0.009334
23, 10.119999999999997, -1.66, 0, 10.11875, -1.65975, -0.0001, -0.009303
23, 10.119999999999997, -1.67, 0, 10.12175, -1.66985, -0.0, -0.009298
23, 10.119999999999997, -1.68, 0, 10.1194, -1.67995, 5e-05, -0.009324
23, 10.119999999999997, -1.69, 0, 10.120400000000002, -1.69025, 0.0001, -0.009324
23, 10.119999999999997, -1.7, 0, 10.12005, -1.6996000000000002, 0.0001, -0.009298
23, 10.119999999999997, -1.71, 0, 10.12005, -1.70985, 0.00015000000000000001, -0.009293
23, 10.119999999999997, -1.72, 0, 10.12025, -1.7194, 0.0001, -0.009319
23, 10.119999999999997, -1.73, 0, 10.11945, -1.73, 0.0001, -0.009303
23, 10.119999999999997, -1.74, 0, 10.11875, -1.7396500000000001, 5e-05, -0.009287
23, 10.119999999999997, -1.75, 0, 10.1205, -1.7492, -0.0, -0.009314
23, 10.119999999999997, -1.76, 0, 10.1202, -1.76025, -0.0, -0.00935
23, 10.119999999999997, -1.77, 0, 10.1186, -1.7692, -0.0, -0.009287
23, 10.119999999999997, -1.78, 0, 10.119650000000002, -1.7801000000000002, -0.0, -0.009272
23, 10.119999999999997, -1.79, 0, 10.120650000000001, -1.7896500000000002, -0.0, -0.009324
23, 10.119999999999997, -1.8, 0, 10.11865, -1.7998500000000002, -0.0, -0.009334
23, 10.119999999999997, -1.81, 0, 10.119800000000001, -1.81065, -0.0, -0.009293
23, 10.119999999999997, -1.82, 0, 10.120650000000001, -1.8203000000000003, -0.0, -0.009314
24, 10.109999999999998, -1.82, 0, 10.109950000000001, -1.8204, -0.0, -0.009287
24, 10.099999999999998, -1.82, 0, 10.099800000000002, -1.8200500000000002, -0.0, -0.009334
24, 10.089999999999998, -1.82, 0, 10.0907, -1.8201, -0.0, -0.009324
24, 10.079999999999998, -1.82, 0, 10.08045, -1.81975, -0.0, -0.009314
24, 10.069999999999999, -1.82, 0, 10.07025, -1.81975, -0.0, -0.009287
24, 10.059999999999999, -1.82, 0, 10.060900000000002, -1.8201, -0.0, -0.009319
24, 10.049999999999999, -1.82, 0, 10.04975, -1.82025, -0.0, -0.009308
24, 10.04, -1.82, 0, 10.0408, -1.82025, 5e-05, -0.009287
24, 10.03, -1.82, 0, 10.030800000000001, -1.8199, -0.0001, -0.009314
24, 10.02, -1.82, 0, 10.020550000000002, -1.81995, -0.0001, -0.009319
24, 10.01, -1.82, 0, 10.0105, -1.8198, -0.00015000000000000001, -0.009298
24, 10.0, -1.82, 0, 10.0006, -1.81975, -0.00015000000000000001, -0.009293
24, 9.99, -1.82, 0, 9.99055, -1.82, -0.00015000000000000001, -0.009293
24, 9.98, -1.82, 0, 9.979700000000001, -1.82, -0.0001, -0.009319
24, 9.97, -1.82, 0, 9.9702, -1.82, -5e-05, -0.009329
24, 9.96, -1.82, 0, 9.96, -1.81995, -0.0, -0.009303
24, 9.950000000000001, -1.82, 0, 9.94955, -1.8202, -0.0, -0.009272
24, 9.940000000000001, -1.82, 0, 9.9406, -1.8203000000000003, 5e-05, -0.009324
24, 9.930000000000001, -1.82, 0, 9.9303, -1.8202, 5e-05, -0.009303
24, 9.920000000000002, -1.82, 0, 9.92, -1.82, 0.0001, -0.009277
24, 9.910000000000002, -1.82, 0, 9.910400000000001, -1.82, 0.0001, -0.009324
24, 9.900000000000002, -1.82, 0, 9.90005, -1.8200500000000002, 0.0001, -0.009355
24, 9.890000000000002, -1.82, 0, 9.89035, -1.8197, 0.0001, -0.009293
24, 9.880000000000003, -1.82, 0, 9.881300000000001, -1.8197, 5e-05, -0.009308
24, 9.880000000000003, -1.81, 0, 9.8801, -1.8103500000000001, -5e-05, -0.009355
24, 9.880000000000003, -1.8, 0, 9.8801, -1.7997, -0.00015000000000000001, -0.009282
24, 9.880000000000003, -1.79, 0, 9.88095, -1.7895500000000002, -0.00015000000000000001, -0.009319
24, 9.880000000000003, -1.78, 0, 9.87935, -1.779, -0.0, -0.009303
24, 9.880000000000003, -1.77, 0, 9.880450000000002, -1.7705500000000003, -0.0, -0.009334
24, 9.880000000000003, -1.76, 0, 9.881300000000001, -1.7598500000000001, -0.0, -0.009329
24, 9.880000000000003, -1.75, 0, 9.879550000000002, -1.75045, -0.0, -0.00934
24, 9.880000000000003, -1.74, 0, 9.879950000000001, -1.74045, -0.0, -0.009314
24, 9.880000000000003, -1.73, 0, 9.88075, -1.7304000000000002, 0.0001, -0.009324
24, 9.880000000000003, -1.72, 0, 9.8811, -1.72065, 0.0001, -0.009303
24, 9.880000000000003, -1.71, 0, 9.879800000000001, -1.7102, 0.0001, -0.009293
24, 9.880000000000003, -1.7, 0, 9.880400000000002, -1.70035, 5e-05, -0.009329
24, 9.880000000000003, -1.69, 0, 9.8801, -1.6898000000000002, 5e-05, -0.009308
24, 9.880000000000003, -1.68, 0, 9.880150000000002, -1.67975, -0.0, -0.009293
24, 9.880000000000003, -1.67, 0, 9.88005, -1.6704, -0.0, -0.009287
24, 9.880000000000003, -1.66, 0, 9.88, -1.65945, -0.0, -0.009334
24, 9.880000000000003, -1.65, 0, 9.879950000000001, -1.6505, -5e-05, -0.009329
24, 9.880000000000003, -1.64, 0, 9.879650000000002, -1.6399000000000001, -5e-05, -0.009293
24, 9.880000000000003, -1.63, 0, 9.880400000000002, -1.6296000000000002, -5e-05, -0.009287
24, 9.880000000000003, -1.6199999999999999, 0, 9.880300000000002, -1.6203, -5e-05, -0.009329
24, 9.880000000000003, -1.6099999999999999, 0, 9.880150000000002, -1.60965, -5e-05, -0.00934
24, 9.880000000000003, -1.5999999999999999, 0, 9.88005, -1.6004, -0.0001, -0.009298
24, 9.880000000000003, -1.5899999999999999, 0, 9.879850000000001, -1.58995, -5e-05, -0.009282
24, 9.880000000000003, -1.5799999999999998, 0, 9.8796, -1.5802, -5e-05, -0.009324
25, 9.890000000000002, -1.5799999999999998, 0, 9.889700000000001, -1.5798, 5e-05, -0.009334
25, 9.900000000000002, -1.5799999999999998, 0, 9.899700000000001, -1.57975, 0.0001, -0.009303
25, 9.910000000000002, -1.5799999999999998, 0, 9.90995, -1.5801500000000002, 0.0001, -0.009287
25, 9.920000000000002, -1.5799999999999998, 0, 9.919450000000001, -1.5805500000000001, 0.00015000000000000001, -0.009329
25, 9.930000000000001, -1.5799999999999998, 0, 9.9301, -1.5799, 0.00015000000000000001, -0.009303
25, 9.940000000000001, -1.5799999999999998, 0, 9.940550000000002, -1.57975, 5e-05, -0.009303
25, 9.950000000000001, -1.5799999999999998, 0, 9.949150000000001, -1.57975, -0.0, -0.009329
25, 9.96, -1.5799999999999998, 0, 9.959950000000001, -1.57995, -0.0, -0.009314
25, 9.97, -1.5799999999999998, 0, 9.9702, -1.58025, -0.0, -0.009277
25, 9.98, -1.5799999999999998, 0, 9.97985, -1.5804, -0.0, -0.009324
25, 9.99, -1.5799999999999998, 0, 9.9901, -1.5800500000000002, -0.0, -0.009303
25, 10.0, -1.5799999999999998, 0, 9.999450000000001, -1.5798500000000002, -5e-05, -0.009355
25, 10.01, -1.5799999999999998, 0, 10.009450000000001, -1.5797, -0.0, -0.009303
25, 10.02, -1.5799999999999998, 0, 10.019400000000001, -1.5798500000000002, -0.0, -0.009287
25, 10.03, -1.5799999999999998, 0, 10.03035, -1.5804, -0.0, -0.009329
25, 10.04, -1.5799999999999998, 0, 10.039100000000001, -1.5802, -0.0, -0.009355
25, 10.049999999999999, -1.5799999999999998, 0, 10.04935, -1.5799, -0.0, -0.009293
25, 10.059999999999999, -1.5799999999999998, 0, 10.059400000000002, -1.57975, -0.0, -0.009319
25, 10.069999999999999, -1.5799999999999998, 0, 10.069450000000002, -1.5797, -0.0, -0.009329
25, 10.079999999999998, -1.5799999999999998, 0, 10.08055, -1.5799, -5e-05, -0.009308
25, 10.089999999999998, -1.5799999999999998, 0, 10.090050000000002, -1.58025, -0.0001, -0.009329
25, 10.099999999999998, -1.5799999999999998, 0, 10.099800000000002, -1.5800500000000002, -0.0001, -0.009324
25, 10.109999999999998, -1.5799999999999998, 0, 10.10955, -1.57965, -0.0001, -0.009293
25, 10.119999999999997, -1.5799999999999998, 0, 10.1197, -1.5801, 5e-05, -0.009319
25, 10.129999999999997, -1.5799999999999998, 0, 10.129800000000001, -1.58025, 0.0002, -0.009303
25, 10.129999999999997, -1.5899999999999999, 0, 10.130600000000001, -1.5899, 0.00015000000000000001, -0.009319
25, 10.129999999999997, -1.5999999999999999, 0, 10.1296, -1.60025, 5e-05, -0.00935
25, 10.129999999999997, -1.6099999999999999, 0, 10.130150000000002, -1.60945, -5e-05, -0.009293
25, 10.129999999999997, -1.6199999999999999, 0, 10.129550000000002, -1.6203500000000002, -0.0001, -0.009282
25, 10.129999999999997, -1.63, 0, 10.130150000000002, -1.6296000000000002, -0.0001, -0.009329
25, 10.129999999999997, -1.64, 0, 10.1296, -1.6402, -0.00015000000000000001, -0.009324
25, 10.129999999999997, -1.65, 0, 10.1305, -1.6509, -0.00015000000000000001, -0.009314
25, 10.129999999999997, -1.66, 0, 10.1301, -1.6591500000000001, -0.0001, -0.009345
25, 10.129999999999997, -1.67, 0, 10.13075, -1.6710500000000001, -0.0, -0.009287
25, 10.129999999999997, -1.68, 0, 10.130150000000002, -1.68015, -0.0, -0.009303
25, 10.129999999999997, -1.69, 0, 10.129050000000001, -1.6896000000000002, -0.0, -0.009293
25, 10.129999999999997, -1.7, 0, 10.1296, -1.70025, -0.0, -0.009329
25, 10.129999999999997, -1.71, 0, 10.129650000000002, -1.7093000000000003, -0.0, -0.009345
25, 10.129999999999997, -1.72, 0, 10.13085, -1.7198000000000002, -0.0, -0.009303
25, 10.129999999999997, -1.73, 0, 10.130400000000002, -1.7295, -0.0, -0.009314
25, 10.129999999999997, -1.74, 0, 10.130700000000001, -1.7397, -0.0, -0.009319
25, 10.129999999999997, -1.75, 0, 10.1296, -1.74895, 0.0001, -0.009303
25, 10.129999999999997, -1.76, 0, 10.13, -1.7598000000000003, 0.00015000000000000001, -0.00934
25, 10.129999999999997, -1.77, 0, 10.12935, -1.7695500000000002, 0.0001, -0.009329
25, 10.129999999999997, -1.78, 0, 10.12975, -1.7801500000000001, 0.0001, -0.009303
25, 10.129999999999997, -1.79, 0, 10.130400000000002, -1.789, 0.0001, -0.009303
25, 10.129999999999997, -1.8, 0, 10.1315, -1.79995, 5e-05, -0.009329
25, 10.129999999999997, -1.81, 0, 10.126650000000001, -1.8104500000000001, -0.0, -0.00935
25, 10.129999999999997, -1.82, 0, 10.130650000000001, -1.82, -0.0, -0.009293
25, 10.129999999999997, -1.83, 0, 10.130150000000002, -1.8304, -0.0, -0.009334
26, 10.119999999999997, -1.83, 0, 10.12, -1.82975, -5e-05, -0.009303
26, 10.109999999999998, -1.83, 0, 10.110100000000001, -1.8298500000000002, -0.0001, -0.009293
26, 10.099999999999998, -1.83, 0, 10.099, -1.8302, -0.00015000000000000001, -0.00934
26, 10.089999999999998, -1.83, 0, 10.090300000000001, -1.8302, -0.0001, -0.009298
26, 10.079999999999998, -1.83, 0, 10.080350000000001, -1.83, -5e-05, -0.009345
26, 10.069999999999999, -1.83, 0, 10.07095, -1.83, -0.0, -0.009298
26, 10.059999999999999, -1.83, 0, 10.05985, -1.83, -0.0, -0.009282
26, 10.049999999999999, -1.83, 0, 10.05095, -1.83, -0.0, -0.009334
26, 10.04, -1.83, 0, 10.0406, -1.83, 5e-05, -0.00934
26, 10.03, -1.83, 0, 10.030700000000001, -1.82995, 0.0001, -0.009303
26, 10.02, -1.83, 0, 10.0206, -1.83, 0.00015000000000000001, -0.009287
26, 10.01, -1.83, 0, 10.01, -1.83, 0.00015000000000000001, -0.009329
26, 10.0, -1.83, 0, 10.0005, -1.82995, 0.00015000000000000001, -0.009345
26, 9.99, -1.83, 0, 9.9906, -1.8298500000000002, 5e-05, -0.009298
26, 9.98, -1.83, 0, 9.9796, -1.8299, -5e-05, -0.009324
26, 9.97, -1.83, 0, 9.97035, -1.8299, -0.0001, -0.009324
26, 9.96, -1.83, 0, 9.96, -1.82995, -0.0001, -0.009303
26, 9.950000000000001, -1.83, 0, 9.9497, -1.8300500000000002, -0.0001, -0.009293
26, 9.940000000000001, -1.83, 0, 9.9405, -1.8301, -0.00015000000000000001, -0.009293
26, 9.930000000000001, -1.83, 0, 9.930150000000001, -1.8301500000000002, -0.00015000000000000001, -0.00934
26, 9.920000000000002, -1.83, 0, 9.920350000000001, -1.8301500000000002, -0.0001, -0.00935
26, 9.910000000000002, -1.83, 0, 9.910400000000001, -1.83, -5e-05, -0.009303
26, 9.900000000000002, -1.83, 0, 9.89995, -1.83, -0.0, -0.009293
26, 9.890000000000002, -1.83, 0, 9.890600000000001, -1.8299, 5e-05, -0.00934
26, 9.880000000000003, -1.83, 0, 9.881350000000001, -1.8298, 0.0001, -0.009298
26, 9.870000000000003, -1.83, 0, 9.87035, -1.8299, 0.00015000000000000001, -0.009329
26, 9.870000000000003, -1.82, 0, 9.87135, -1.8209000000000002, 0.0001, -0.00934
26, 9.870000000000003, -1.81, 0, 9.87025, -1.8101, 0.0001, -0.009298
26, 9.870000000000003, -1.8, 0, 9.869900000000001, -1.79945, 5e-05, -0.009298
26, 9.870000000000003, -1.79, 0, 9.869950000000001, -1.7891000000000001, -5e-05, -0.009303
26, 9.870000000000003, -1.78, 0, 9.87, -1.7796500000000002, -0.0001, -0.009345
26, 9.870000000000003, -1.77, 0, 9.87025, -1.7701500000000001, -0.0001, -0.009324
26, 9.870000000000003, -1.76, 0, 9.870800000000001, -1.7599500000000001, -0.0001, -0.009334
26, 9.870000000000003, -1.75, 0, 9.86955, -1.7503000000000002, -0.0001, -0.009282
26, 9.870000000000003, -1.74, 0, 9.8703, -1.7405, -5e-05, -0.009329
26, 9.870000000000003, -1.73, 0, 9.870650000000001, -1.73065, -0.0, -0.009298
26, 9.870000000000003, -1.72, 0, 9.8703, -1.7206000000000001, -0.0, -0.009272
26, 9.870000000000003, -1.71, 0, 9.87075, -1.7106000000000001, -0.0, -0.00934
26, 9.870000000000003, -1.7, 0, 9.87045, -1.70075, -0.0, -0.009319
26, 9.870000000000003, -1.69, 0, 9.87025, -1.6894500000000001, -0.0, -0.009303
26, 9.870000000000003, -1.68, 0, 9.86985, -1.68, -0.0, -0.00934
26, 9.870000000000003, -1.67, 0, 9.87025, -1.6705500000000002, 5e-05, -0.00934
26, 9.870000000000003, -1.66, 0, 9.86925, -1.65975, 0.0001, -0.009298
26, 9.870000000000003, -1.65, 0, 9.86985, -1.64935, 0.0001, -0.009329
26, 9.870000000000003, -1.64, 0, 9.869650000000002, -1.6402, 0.0001, -0.009298
26, 9.870000000000003, -1.63, 0, 9.87045, -1.63015, 0.0001, -0.00934
26, 9.870000000000003, -1.6199999999999999, 0, 9.87005, -1.6202, 0.0001, -0.009345
26, 9.870000000000003, -1.6099999999999999, 0, 9.87005, -1.60965, 5e-05, -0.009308
26, 9.870000000000003, -1.5999999999999999, 0, 9.8702, -1.6004, -0.0, -0.009293
26, 9.870000000000003, -1.5899999999999999, 0, 9.8701, -1.5898500000000002, -0.0, -0.009334
26, 9.870000000000003, -1.5799999999999998, 0, 9.87, -1.5804, -0.0, -0.009329
26, 9.870000000000003, -1.5699999999999998, 0, 9.87015, -1.57, 5e-05, -0.009314
27, 9.880000000000003, -1.5699999999999998, 0, 9.879100000000001, -1.5698500000000002, -5e-05, -0.009293
27, 9.890000000000002, -1.5699999999999998, 0, 9.88995, -1.5699, -0.0001, -0.009329
27, 9.900000000000002, -1.5699999999999998, 0, 9.89985, -1.5700500000000002, -0.0001, -0.009314
27, 9.910000000000002, -1.5699999999999998, 0, 9.909600000000001, -1.5701, -0.0001, -0.009298
27, 9.920000000000002, -1.5699999999999998, 0, 9.9198, -1.5700500000000002, -0.00015000000000000001, -0.009298
27, 9.930000000000001, -1.5699999999999998, 0, 9.930200000000001, -1.5701, -0.0001, -0.009324
27, 9.940000000000001, -1.5699999999999998, 0, 9.939950000000001, -1.5701, -5e-05, -0.009308
27, 9.950000000000001, -1.5699999999999998, 0, 9.949900000000001, -1.57, -0.0, -0.009298
27, 9.96, -1.5699999999999998, 0, 9.960150000000002, -1.5699, -0.0, -0.009298
27, 9.97, -1.5699999999999998, 0, 9.9696, -1.5699, -0.0, -0.009345
27, 9.98, -1.5699999999999998, 0, 9.979800000000001, -1.5699, -0.0, -0.009314
27, 9.99, -1.5699999999999998, 0, 9.990300000000001, -1.56995, -0.0, -0.009303
27, 10.0, -1.5699999999999998, 0, 9.999400000000001, -1.5700500000000002, -0.0, -0.009272
27, 10.01, -1.5699999999999998, 0, 10.009450000000001, -1.5700500000000002, 5e-05, -0.009334
27, 10.02, -1.5699999999999998, 0, 10.01945, -1.5700500000000002, 0.0001, -0.009345
27, 10.03, -1.5699999999999998, 0, 10.02935, -1.5700500000000002, 0.00015000000000000001, -0.009308
27, 10.04, -1.5699999999999998, 0, 10.03945, -1.5700500000000002, 0.0001, -0.009287
27, 10.049999999999999, -1.5699999999999998, 0, 10.049, -1.56995, 0.0001, -0.009319
27, 10.059999999999999, -1.5699999999999998, 0, 10.05925, -1.5698500000000002, 0.0001, -0.009293
27, 10.069999999999999, -1.5699999999999998, 0, 10.07055, -1.56995, 5e-05, -0.009334
27, 10.079999999999998, -1.5699999999999998, 0, 10.080200000000001, -1.57, -0.0, -0.009303
27, 10.089999999999998, -1.5699999999999998, 0, 10.0904, -1.5700500000000002, -0.0, -0.009324
27, 10.099999999999998, -1.5699999999999998, 0, 10.099800000000002, -1.5700500000000002, -5e-05, -0.009298
27, 10.109999999999998, -1.5699999999999998, 0, 10.1096, -1.5700500000000002, -5e-05, -0.009272
27, 10.119999999999997, -1.5699999999999998, 0, 10.11945, -1.56995, -0.0001, -0.009334
27, 10.129999999999997, -1.5699999999999998, 0, 10.12975, -1.5699, -5e-05, -0.009298
27, 10.139999999999997, -1.5699999999999998, 0, 10.13935, -1.5699, -0.0, -0.009298
27, 10.139999999999997, -1.5799999999999998, 0, 10.1396, -1.5801500000000002, -0.0, -0.009329
27, 10.139999999999997, -1.5899999999999999, 0, 10.1392, -1.5898, -0.0, -0.009329
27, 10.139999999999997, -1.5999999999999999, 0, 10.139650000000001, -1.6003000000000003, -0.0, -0.009298
27, 10.139999999999997, -1.6099999999999999, 0, 10.13975, -1.6095, -0.0, -0.009293
27, 10.139999999999997, -1.6199999999999999, 0, 10.140450000000001, -1.62025, -0.0, -0.009345
27, 10.139999999999997, -1.63, 0, 10.138950000000001, -1.6293000000000002, -0.0, -0.009298
27, 10.139999999999997, -1.64, 0, 10.1396, -1.64025, -0.0, -0.009308
27, 10.139999999999997, -1.65, 0, 10.13995, -1.64995, -0.0, -0.009334
27, 10.139999999999997, -1.66, 0, 10.1402, -1.66, 5e-05, -0.009303
27, 10.139999999999997, -1.67, 0, 10.140450000000001, -1.6699000000000002, 5e-05, -0.009293
27, 10.139999999999997, -1.68, 0, 10.1408, -1.6804000000000001, 0.0001, -0.009334
27, 10.139999999999997, -1.69, 0, 10.1393, -1.6895, 0.0001, -0.009293
27, 10.139999999999997, -1.7, 0, 10.139550000000002, -1.7002000000000002, 0.0001, -0.009298
27, 10.139999999999997, -1.71, 0, 10.139700000000001, -1.70925, -0.0, -0.009319
27, 10.139999999999997, -1.72, 0, 10.140150000000002, -1.7202, -0.0, -0.009345
27, 10.139999999999997, -1.73, 0, 10.14025, -1.72975, -0.0, -0.009334
27, 10.139999999999997, -1.74, 0, 10.1402, -1.7396, -0.0, -0.009308
27, 10.139999999999997, -1.75, 0, 10.140150000000002, -1.75, -5e-05, -0.009334
27, 10.139999999999997, -1.76, 0, 10.13885, -1.75865, -0.0001, -0.00934
27, 10.139999999999997, -1.77, 0, 10.139850000000001, -1.7695, -0.0001, -0.009319
27, 10.139999999999997, -1.78, 0, 10.139800000000001, -1.7795500000000002, -0.0001, -0.009303
27, 10.139999999999997, -1.79, 0, 10.13975, -1.7892000000000001, -0.00015000000000000001, -0.009282
27, 10.139999999999997, -1.8, 0, 10.139850000000001, -1.7999, -0.0001, -0.009319
27, 10.139999999999997, -1.81, 0, 10.14075, -1.81065, -5e-05, -0.00935
27, 10.139999999999997, -1.82, 0, 10.13995, -1.8203000000000003, 0.00015000000000000001, -0.009324
27, 10.139999999999997, -1.83, 0, 10.138950000000001, -1.8305500000000001, 0.0002, -0.009355
27, 10.139999999999997, -1.84, 0, 10.140300000000002, -1.8400500000000002, 0.0002, -0.009282
28, 10.129999999999997, -1.84, 0, 10.130550000000001, -1.8403500000000002, 0.00015000000000000001, -0.009303
28, 10.119999999999997, -1.84, 0, 10.11975, -1.83995, -0.0, -0.00934
28, 10.109999999999998, -1.84, 0, 10.11035, -1.8395500000000002, -5e-05, -0.009298
28, 10.099999999999998, -1.84, 0, 10.100200000000001, -1.8404500000000001, -0.0001, -0.009329
28, 10.089999999999998, -1.84, 0, 10.0904, -1.8406000000000002, -0.0001, -0.00934
28, 10.079999999999998, -1.84, 0, 10.07905, -1.83975, -0.0001, -0.009303
28, 10.069999999999999, -1.84, 0, 10.070400000000001, -1.83965, -0.0001, -0.009334
28, 10.059999999999999, -1.84, 0, 10.06025, -1.8397000000000001, -0.0001, -0.009293
28, 10.049999999999999, -1.84, 0, 10.05025, -1.8405500000000001, -0.0001, -0.009287
28, 10.04, -1.84, 0, 10.03975, -1.83975, -0.0, -0.009355
28, 10.03, -1.84, 0, 10.030650000000001, -1.83975, 0.0001, -0.009298
28, 10.02, -1.84, 0, 10.0206, -1.8397000000000001, 0.0001, -0.009287
28, 10.01, -1.84, 0, 10.010050000000001, -1.8398, 0.00015000000000000001, -0.009298
28, 10.0, -1.84, 0, 10.0005, -1.8406500000000001, 0.00015000000000000001, -0.009345
28, 9.99, -1.84, 0, 9.9907, -1.8403500000000002, 0.00015000000000000001, -0.009314
28, 9.98, -1.84, 0, 9.979650000000001, -1.8399, -0.0, -0.009287
28, 9.97, -1.84, 0, 9.970300000000002, -1.8398500000000002, -5e-05, -0.009329
28, 9.96, -1.84, 0, 9.96, -1.8398, -0.0, -0.00936
28, 9.950000000000001, -1.84, 0, 9.9496, -1.8398500000000002, -0.0, -0.009303
28, 9.940000000000001, -1.84, 0, 9.94045, -1.8398500000000002, -0.0, -0.009303
28, 9.930000000000001, -1.84, 0, 9.930150000000001, -1.83995, -0.0, -0.009329
28, 9.920000000000002, -1.84, 0, 9.9205, -1.8407, -0.0, -0.00935
28, 9.910000000000002, -1.84, 0, 9.91045, -1.8400500000000002, -0.0, -0.009293
28, 9.900000000000002, -1.84, 0, 9.89995, -1.84, -0.0, -0.009287
28, 9.890000000000002, -1.84, 0, 9.8902, -1.83995, -0.0001, -0.009324
28, 9.880000000000003, -1.84, 0, 9.88075, -1.83995, -0.0001, -0.009298
28, 9.870000000000003, -1.84, 0, 9.86985, -1.83995, -0.0001, -0.009324
28, 9.860000000000003, -1.84, 0, 9.86075, -1.8401500000000002, -0.0, -0.009303
28, 9.860000000000003, -1.83, 0, 9.8615, -1.8310500000000003, 5e-05, -0.009282
28, 9.860000000000003, -1.82, 0, 9.859650000000002, -1.82025, 0.0001, -0.009324
28, 9.860000000000003, -1.81, 0, 9.86, -1.8094000000000001, 0.0001, -0.009355
28, 9.860000000000003, -1.8, 0, 9.8597, -1.79925, -5e-05, -0.009319
28, 9.860000000000003, -1.79, 0, 9.859900000000001, -1.7908000000000002, -0.0001, -0.009329
28, 9.860000000000003, -1.78, 0, 9.8611, -1.7795, -0.0001, -0.00935
28, 9.860000000000003, -1.77, 0, 9.859650000000002, -1.7699500000000001, -0.00015000000000000001, -0.009308
28, 9.860000000000003, -1.76, 0, 9.85975, -1.7598500000000001, -0.00015000000000000001, -0.009293
28, 9.860000000000003, -1.75, 0, 9.859650000000002, -1.7505500000000003, -5e-05, -0.009329
28, 9.860000000000003, -1.74, 0, 9.86125, -1.7404000000000002, 0.00015000000000000001, -0.009298
28, 9.860000000000003, -1.73, 0, 9.86035, -1.7305, 0.00015000000000000001, -0.009308
28, 9.860000000000003, -1.72, 0, 9.85985, -1.7205500000000002, 0.0001, -0.009329
28, 9.860000000000003, -1.71, 0, 9.86035, -1.7105, -0.0, -0.009293
28, 9.860000000000003, -1.7, 0, 9.860550000000002, -1.7001000000000002, -0.0, -0.009282
28, 9.860000000000003, -1.69, 0, 9.86015, -1.68955, -0.0, -0.009319
28, 9.860000000000003, -1.68, 0, 9.85975, -1.67995, 5e-05, -0.009303
28, 9.860000000000003, -1.67, 0, 9.86045, -1.6705500000000002, 5e-05, -0.009293
28, 9.860000000000003, -1.66, 0, 9.8594, -1.65975, -5e-05, -0.009334
28, 9.860000000000003, -1.65, 0, 9.861300000000002, -1.6509, -0.0001, -0.009329
28, 9.860000000000003, -1.64, 0, 9.85975, -1.63995, -0.00015000000000000001, -0.009287
28, 9.860000000000003, -1.63, 0, 9.85925, -1.6299000000000001, -0.0001, -0.00934
28, 9.860000000000003, -1.6199999999999999, 0, 9.8606, -1.6206500000000001, -0.0, -0.009293
28, 9.860000000000003, -1.6099999999999999, 0, 9.859300000000001, -1.6097000000000001, -0.0, -0.009287
28, 9.860000000000003, -1.5999999999999999, 0, 9.86, -1.5998, 5e-05, -0.009329
28, 9.860000000000003, -1.5899999999999999, 0, 9.860700000000001, -1.58995, 0.0001, -0.009334
28, 9.860000000000003, -1.5799999999999998, 0, 9.85975, -1.5803500000000001, 5e-05, -0.009293
28, 9.860000000000003, -1.5699999999999998, 0, 9.859800000000002, -1.56995, 0.0001, -0.009277
28, 9.860000000000003, -1.5599999999999998, 0, 9.859950000000001, -1.55975, 0.0001, -0.009334
29, 9.870000000000003, -1.5599999999999998, 0, 9.87045, -1.5597, 5e-05, -0.00934
29, 9.880000000000003, -1.5599999999999998, 0, 9.879400000000002, -1.5598, 5e-05, -0.009329
29, 9.890000000000002, -1.5599999999999998, 0, 9.889850000000001, -1.5598500000000002, -0.0, -0.009334
29, 9.900000000000002, -1.5599999999999998, 0, 9.8995, -1.5604, -0.0, -0.009308
29, 9.910000000000002, -1.5599999999999998, 0, 9.909650000000001, -1.5599, -0.0, -0.009272
29, 9.920000000000002, -1.5599999999999998, 0, 9.91965, -1.5597, -0.0, -0.009334
29, 9.930000000000001, -1.5599999999999998, 0, 9.930150000000001, -1.55975, -0.0, -0.009308
29, 9.940000000000001, -1.5599999999999998, 0, 9.93985, -1.5601, -0.0, -0.009277
29, 9.950000000000001, -1.5599999999999998, 0, 9.9494, -1.5603000000000002, -0.0, -0.009324
29, 9.96, -1.5599999999999998, 0, 9.96025, -1.56025, -0.0, -0.009334
29, 9.97, -1.5599999999999998, 0, 9.97005, -1.5598500000000002, -0.0001, -0.009298
29, 9.98, -1.5599999999999998, 0, 9.979800000000001, -1.5597, -0.0001, -0.009277
29, 9.99, -1.5599999999999998, 0, 9.990300000000001, -1.5598, -0.00015000000000000001, -0.009324
29, 10.0, -1.5599999999999998, 0, 10.0004, -1.5603000000000002, -0.0001, -0.009303
29, 10.01, -1.5599999999999998, 0, 10.009400000000001, -1.5601, -5e-05, -0.009282
29, 10.02, -1.5599999999999998, 0, 10.0196, -1.5599, -0.0, -0.009329
29, 10.03, -1.5599999999999998, 0, 10.029300000000001, -1.5598, 5e-05, -0.009355
29, 10.04, -1.5599999999999998, 0, 10.03945, -1.55975, 0.0001, -0.009293
29, 10.049999999999999, -1.5599999999999998, 0, 10.04925, -1.5600500000000002, 0.0001, -0.009282
29, 10.059999999999999, -1.5599999999999998, 0, 10.0592, -1.56025, 0.0001, -0.009319
29, 10.069999999999999, -1.5599999999999998, 0, 10.069550000000001, -1.5602, 0.0001, -0.009334
29, 10.079999999999998, -1.5599999999999998, 0, 10.08025, -1.55995, 0.0001, -0.009287
29, 10.089999999999998, -1.5599999999999998, 0, 10.089900000000002, -1.5598, 0.0001, -0.009314
29, 10.099999999999998, -1.5599999999999998, 0, 10.099800000000002, -1.5598500000000002, 5e-05, -0.00934
29, 10.109999999999998, -1.5599999999999998, 0, 10.1102, -1.5601500000000001, -0.0, -0.009314
29, 10.119999999999997, -1.5599999999999998, 0, 10.11985, -1.5601500000000001, -0.0, -0.009277
29, 10.129999999999997, -1.5599999999999998, 0, 10.129800000000001, -1.5596, -5e-05, -0.009334
29, 10.139999999999997, -1.5599999999999998, 0, 10.14025, -1.5602, -0.0001, -0.009267
29, 10.149999999999997, -1.5599999999999998, 0, 10.1499, -1.5601500000000001, -0.0001, -0.009324
29, 10.149999999999997, -1.5699999999999998, 0, 10.14885, -1.56925, -5e-05, -0.00935
29, 10.149999999999997, -1.5799999999999998, 0, 10.1498, -1.5804, -0.0, -0.009303
29, 10.149999999999997, -1.5899999999999999, 0, 10.1501, -1.58965, -0.0, -0.009282
29, 10.149999999999997, -1.5999999999999999, 0, 10.150150000000002, -1.6003000000000003, -0.0, -0.009334
29, 10.149999999999997, -1.6099999999999999, 0, 10.1498, -1.60945, -0.0, -0.009287
29, 10.149999999999997, -1.6199999999999999, 0, 10.1501, -1.6205500000000002, 5e-05, -0.009298
29, 10.149999999999997, -1.63, 0, 10.15035, -1.6297000000000001, 0.0001, -0.009329
29, 10.149999999999997, -1.64, 0, 10.1491, -1.6403500000000002, 0.0001, -0.009314
29, 10.149999999999997, -1.65, 0, 10.14995, -1.6501000000000001, 0.0001, -0.009293
29, 10.149999999999997, -1.66, 0, 10.15035, -1.6602000000000001, 0.0001, -0.009329
29, 10.149999999999997, -1.67, 0, 10.1501, -1.6701000000000001, 0.0001, -0.009334
29, 10.149999999999997, -1.68, 0, 10.14945, -1.6801000000000001, 0.0001, -0.009298
29, 10.149999999999997, -1.69, 0, 10.148, -1.68965, 0.0001, -0.009303
29, 10.149999999999997, -1.7, 0, 10.150900000000002, -1.70045, -0.0, -0.00934
29, 10.149999999999997, -1.71, 0, 10.14875, -1.7091500000000002, -0.0, -0.009298
29, 10.149999999999997, -1.72, 0, 10.15085, -1.7204000000000002, -5e-05, -0.009272
29, 10.149999999999997, -1.73, 0, 10.1491, -1.7290500000000002, -0.0001, -0.009334
29, 10.149999999999997, -1.74, 0, 10.14985, -1.73975, -0.0001, -0.00934
29, 10.149999999999997, -1.75, 0, 10.150450000000001, -1.7496500000000001, -0.0001, -0.009303
29, 10.149999999999997, -1.76, 0, 10.1492, -1.759, -0.0001, -0.009282
29, 10.149999999999997, -1.77, 0, 10.14975, -1.76925, -0.0001, -0.009324
29, 10.149999999999997, -1.78, 0, 10.1498, -1.7799500000000001, -5e-05, -0.009329
29, 10.149999999999997, -1.79, 0, 10.15, -1.7895, -0.0, -0.009308
29, 10.149999999999997, -1.8, 0, 10.1495, -1.8001, -5e-05, -0.009293
29, 10.149999999999997, -1.81, 0, 10.15065, -1.8103500000000001, 5e-05, -0.009324
29, 10.149999999999997, -1.82, 0, 10.15, -1.81995, 0.00015000000000000001, -0.009355
29, 10.149999999999997, -1.83, 0, 10.15005, -1.8301500000000002, 0.00015000000000000001, -0.009298
29, 10.149999999999997, -1.84, 0, 10.14995, -1.8401, 0.00015000000000000001, -0.009272
29, 10.149999999999997, -1.85, 0, 10.1499, -1.8498, 0.0001, -0.009319
30, 10.139999999999997, -1.85, 0, 10.14065, -1.8507, -5e-05, -0.009293
30, 10.129999999999997, -1.85, 0, 10.130650000000001, -1.8501, -0.0001, -0.009293
30, 10.119999999999997, -1.85, 0, 10.12025, -1.8500500000000002, -0.0001, -0.009319
30, 10.109999999999998, -1.85, 0, 10.11015, -1.8500500000000002, -0.0001, -0.009298
30, 10.099999999999998, -1.85, 0, 10.1005, -1.8498500000000002, -0.0001, -0.009303
30, 10.089999999999998, -1.85, 0, 10.09045, -1.8498500000000002, -0.0, -0.009324
30, 10.079999999999998, -1.85, 0, 10.080200000000001, -1.8499, -5e-05, -0.009298
30, 10.069999999999999, -1.85, 0, 10.07, -1.85, -0.0, -0.009324
30, 10.059999999999999, -1.85, 0, 10.0601, -1.85, 5e-05, -0.009334
30, 10.049999999999999, -1.85, 0, 10.05, -1.8501, 0.0001, -0.009298
30, 10.04, -1.85, 0, 10.04085, -1.8501, 0.0001, -0.009293
30, 10.03, -1.85, 0, 10.0297, -1.8500500000000002, 0.0001, -0.009329
30, 10.02, -1.85, 0, 10.02075, -1.8501, 0.00015000000000000001, -0.009324
30, 10.01, -1.85, 0, 10.010050000000001, -1.85, 0.00015000000000000001, -0.009282
30, 10.0, -1.85, 0, 10.000800000000002, -1.85, -0.0, -0.009319
30, 9.99, -1.85, 0, 9.99055, -1.85, -0.0, -0.00935
30, 9.98, -1.85, 0, 9.97945, -1.8500500000000002, 5e-05, -0.009314
30, 9.97, -1.85, 0, 9.9702, -1.84995, -0.0001, -0.009334
30, 9.96, -1.85, 0, 9.9602, -1.84995, -0.00015000000000000001, -0.009324
30, 9.950000000000001, -1.85, 0, 9.9494, -1.8499, -0.00015000000000000001, -0.009298
30, 9.940000000000001, -1.85, 0, 9.940550000000002, -1.8499, -0.00015000000000000001, -0.009324
30, 9.930000000000001, -1.85, 0, 9.9303, -1.8499, -0.00015000000000000001, -0.009334
30, 9.920000000000002, -1.85, 0, 9.9207, -1.8499, -5e-05, -0.009298
30, 9.910000000000002, -1.85, 0, 9.909400000000002, -1.8500500000000002, 0.0001, -0.009319
30, 9.900000000000002, -1.85, 0, 9.9002, -1.8501, 0.00015000000000000001, -0.009298
30, 9.890000000000002, -1.85, 0, 9.8905, -1.8501, 0.0002, -0.009329
30, 9.880000000000003, -1.85, 0, 9.880150000000002, -1.8501, 0.00015000000000000001, -0.00934
30, 9.870000000000003, -1.85, 0, 9.869900000000001, -1.8500500000000002, 5e-05, -0.009303
30, 9.860000000000003, -1.85, 0, 9.860850000000001, -1.85, -5e-05, -0.009287
30, 9.850000000000003, -1.85, 0, 9.850650000000002, -1.85, -0.0001, -0.009319
30, 9.850000000000003, -1.84, 0, 9.85075, -1.8400500000000002, -0.0001, -0.00935
30, 9.850000000000003, -1.83, 0, 9.850200000000001, -1.83075, -0.0001, -0.009287
30, 9.850000000000003, -1.82, 0, 9.849900000000002, -1.8198, -0.0001, -0.009329
30, 9.850000000000003, -1.81, 0, 9.850700000000002, -1.8098, -0.0001, -0.009334
30, 9.850000000000003, -1.8, 0, 9.84955, -1.7991000000000001, -5e-05, -0.009303
30, 9.850000000000003, -1.79, 0, 9.849900000000002, -1.7891000000000001, -0.0, -0.009287
30, 9.850000000000003, -1.78, 0, 9.849900000000002, -1.78035, -0.0, -0.00935
30, 9.850000000000003, -1.77, 0, 9.85035, -1.77035, -0.0, -0.009287
30, 9.850000000000003, -1.76, 0, 9.8505, -1.7607000000000002, -0.0, -0.009277
30, 9.850000000000003, -1.75, 0, 9.849650000000002, -1.75065, 0.00015000000000000001, -0.009329
30, 9.850000000000003, -1.74, 0, 9.85175, -1.74065, 0.0001, -0.009287
30, 9.850000000000003, -1.73, 0, 9.85025, -1.7307000000000001, 0.00015000000000000001, -0.009324
30, 9.850000000000003, -1.72, 0, 9.8503, -1.7209, -5e-05, -0.009319
30, 9.850000000000003, -1.71, 0, 9.85035, -1.71065, -0.0001, -0.009329
30, 9.850000000000003, -1.7, 0, 9.850200000000001, -1.7, -0.0001, -0.009308
30, 9.850000000000003, -1.69, 0, 9.8491, -1.6897, -0.0001, -0.009287
30, 9.850000000000003, -1.68, 0, 9.848600000000001, -1.68, -0.0001, -0.00934
30, 9.850000000000003, -1.67, 0, 9.85275, -1.66985, -0.0001, -0.009308
30, 9.850000000000003, -1.66, 0, 9.849400000000001, -1.6597, -0.0001, -0.009287
30, 9.850000000000003, -1.65, 0, 9.85075, -1.64985, -5e-05, -0.009329
30, 9.850000000000003, -1.64, 0, 9.84895, -1.63985, -5e-05, -0.009345
30, 9.850000000000003, -1.63, 0, 9.850050000000001, -1.6302, 5e-05, -0.009298
30, 9.850000000000003, -1.6199999999999999, 0, 9.850200000000001, -1.6202, 0.00015000000000000001, -0.009319
30, 9.850000000000003, -1.6099999999999999, 0, 9.850050000000001, -1.6096000000000001, 0.00015000000000000001, -0.00934
30, 9.850000000000003, -1.5999999999999999, 0, 9.850050000000001, -1.6003500000000002, 0.00015000000000000001, -0.009308
30, 9.850000000000003, -1.5899999999999999, 0, 9.850100000000001, -1.5898500000000002, 0.0001, -0.009298
30, 9.850000000000003, -1.5799999999999998, 0, 9.850100000000001, -1.5803500000000001, 5e-05, -0.009314
30, 9.850000000000003, -1.5699999999999998, 0, 9.84985, -1.5698500000000002, -5e-05, -0.009345
30, 9.850000000000003, -1.5599999999999998, 0, 9.85075, -1.5598500000000002, -0.0001, -0.009303
30, 9.850000000000003, -1.5499999999999998, 0, 9.85125, -1.55, -0.0001, -0.009287
0, 10, -1.7, 0.1, 9.850150000000001, -1.5500500000000001, -0.0001, -0.009287
