Voltage = 3.6, Current = 18.2, Pinhole = 10um, Objective = 20x, NA = 0.42 
0, 10, -1.7, 0, 9.9998, -1.70035, -0.0001, -0.009308
1, 10.05, -1.7, 0, 10.049150000000001, -1.7001000000000002, -0.0001, -0.009303
1, 10.05, -1.75, 0, 10.049650000000002, -1.7498000000000002, -0.0, -0.009293
2, 10.0, -1.75, 0, 9.99995, -1.7505, 0.00015000000000000001, -0.009329
2, 9.95, -1.75, 0, 9.949800000000002, -1.74975, 0.00015000000000000001, -0.009287
2, 9.95, -1.7, 0, 9.95035, -1.6997, -0.00015000000000000001, -0.009303
2, 9.95, -1.65, 0, 9.952, -1.65015, -0.00015000000000000001, -0.009329
3, 10.0, -1.65, 0, 10.00045, -1.6502000000000001, -5e-05, -0.009272
3, 10.05, -1.65, 0, 10.049650000000002, -1.6500500000000002, 0.00015000000000000001, -0.00934
3, 10.100000000000001, -1.65, 0, 10.099150000000002, -1.64945, 0.00015000000000000001, -0.009287
3, 10.100000000000001, -1.7, 0, 10.098700000000001, -1.7005, 0.00015000000000000001, -0.009324
3, 10.100000000000001, -1.75, 0, 10.0997, -1.7501000000000002, -0.00015000000000000001, -0.009329
3, 10.100000000000001, -1.8, 0, 10.09795, -1.8004, -5e-05, -0.009277
4, 10.05, -1.8, 0, 10.050550000000001, -1.8003500000000001, -5e-05, -0.009319
4, 10.0, -1.8, 0, 10.000900000000001, -1.7996500000000002, 0.00015000000000000001, -0.009287
4, 9.95, -1.8, 0, 9.950400000000002, -1.79975, 0.0002, -0.009282
4, 9.899999999999999, -1.8, 0, 9.89975, -1.8001, 5e-05, -0.009267
4, 9.899999999999999, -1.75, 0, 9.9014, -1.7492, -0.0001, -0.00934
4, 9.899999999999999, -1.7, 0, 9.901650000000002, -1.701, -0.00015000000000000001, -0.009272
4, 9.899999999999999, -1.65, 0, 9.9022, -1.6502000000000001, -0.00015000000000000001, -0.00934
4, 9.899999999999999, -1.5999999999999999, 0, 9.90235, -1.59935, 5e-05, -0.009261
5, 9.95, -1.5999999999999999, 0, 9.950050000000001, -1.6003000000000003, 0.0002, -0.009345
5, 10.0, -1.5999999999999999, 0, 9.999, -1.6003000000000003, 0.0002, -0.009287
5, 10.05, -1.5999999999999999, 0, 10.0495, -1.6, 0.0001, -0.009324
5, 10.100000000000001, -1.5999999999999999, 0, 10.10075, -1.5998, -0.0001, -0.009303
5, 10.150000000000002, -1.5999999999999999, 0, 10.1499, -1.6001, -0.00015000000000000001, -0.009293
5, 10.150000000000002, -1.65, 0, 10.148950000000001, -1.6505, -0.00015000000000000001, -0.009324
5, 10.150000000000002, -1.7, 0, 10.15215, -1.69985, 5e-05, -0.009282
5, 10.150000000000002, -1.75, 0, 10.150150000000002, -1.7496, 0.00015000000000000001, -0.009298
5, 10.150000000000002, -1.8, 0, 10.14835, -1.8, 5e-05, -0.009298
5, 10.150000000000002, -1.85, 0, 10.149, -1.8501, -0.0001, -0.009282
6, 10.100000000000001, -1.85, 0, 10.10025, -1.84995, -0.00015000000000000001, -0.009319
6, 10.05, -1.85, 0, 10.05, -1.84975, -0.00015000000000000001, -0.009298
6, 10.0, -1.85, 0, 9.99985, -1.8499, 5e-05, -0.009345
6, 9.95, -1.85, 0, 9.9509, -1.84995, 0.00015000000000000001, -0.009282
6, 9.899999999999999, -1.85, 0, 9.90095, -1.8501, 0.00015000000000000001, -0.009334
6, 9.849999999999998, -1.85, 0, 9.8503, -1.8502, 0.00015000000000000001, -0.009293
6, 9.849999999999998, -1.8, 0, 9.851450000000002, -1.8001500000000001, -0.0, -0.009293
6, 9.849999999999998, -1.75, 0, 9.85225, -1.75005, -0.0001, -0.009293
6, 9.849999999999998, -1.7, 0, 9.848700000000001, -1.70025, -0.00015000000000000001, -0.009298
6, 9.849999999999998, -1.65, 0, 9.852050000000002, -1.6501000000000001, -0.0001, -0.009319
6, 9.849999999999998, -1.5999999999999999, 0, 9.85225, -1.6004, -5e-05, -0.009298
6, 9.849999999999998, -1.5499999999999998, 0, 9.8491, -1.54925, 0.00015000000000000001, -0.00935
7, 9.899999999999999, -1.5499999999999998, 0, 9.898800000000001, -1.5504, 0.00015000000000000001, -0.009308
7, 9.95, -1.5499999999999998, 0, 9.949900000000001, -1.5498500000000002, -0.0, -0.009319
7, 10.0, -1.5499999999999998, 0, 9.9998, -1.5496, -0.0, -0.009293
7, 10.05, -1.5499999999999998, 0, 10.049550000000002, -1.5501500000000001, -5e-05, -0.009334
7, 10.100000000000001, -1.5499999999999998, 0, 10.100100000000001, -1.5502, -0.0001, -0.009272
7, 10.150000000000002, -1.5499999999999998, 0, 10.1514, -1.5498500000000002, -0.00015000000000000001, -0.009293
7, 10.200000000000003, -1.5499999999999998, 0, 10.1996, -1.5498000000000003, -0.0001, -0.009204
7, 10.200000000000003, -1.5999999999999999, 0, 10.202300000000001, -1.6005500000000001, -0.0, -0.009261
7, 10.200000000000003, -1.65, 0, 10.199, -1.6497, -0.0, -0.009261
7, 10.200000000000003, -1.7, 0, 10.2001, -1.7005, -0.0, -0.009319
7, 10.200000000000003, -1.75, 0, 10.20025, -1.75, 0.0001, -0.009272
7, 10.200000000000003, -1.8, 0, 10.2002, -1.8001, -0.0, -0.009314
7, 10.200000000000003, -1.85, 0, 10.19935, -1.8506000000000002, -0.0, -0.009329
7, 10.200000000000003, -1.9000000000000001, 0, 10.19795, -1.9005, 5e-05, -0.009293
8, 10.150000000000002, -1.9000000000000001, 0, 10.1501, -1.90045, -0.0001, -0.009329
8, 10.100000000000001, -1.9000000000000001, 0, 10.100150000000001, -1.9001000000000001, -0.00015000000000000001, -0.009303
8, 10.05, -1.9000000000000001, 0, 10.05085, -1.8999000000000001, -0.0001, -0.009324
8, 10.0, -1.9000000000000001, 0, 10.0001, -1.9003, -0.0001, -0.009314
8, 9.95, -1.9000000000000001, 0, 9.94985, -1.9003, -0.0, -0.009287
8, 9.899999999999999, -1.9000000000000001, 0, 9.9005, -1.9, -0.0, -0.009298
8, 9.849999999999998, -1.9000000000000001, 0, 9.849150000000002, -1.89985, -0.0, -0.009314
8, 9.799999999999997, -1.9000000000000001, 0, 9.800550000000001, -1.8999000000000001, 0.00015000000000000001, -0.009282
8, 9.799999999999997, -1.85, 0, 9.802, -1.84995, 0.00015000000000000001, -0.009324
8, 9.799999999999997, -1.8, 0, 9.801200000000001, -1.79925, -0.0001, -0.009287
8, 9.799999999999997, -1.75, 0, 9.80125, -1.7502, -0.00015000000000000001, -0.009298
8, 9.799999999999997, -1.7, 0, 9.799700000000001, -1.69985, 0.00015000000000000001, -0.009303
8, 9.799999999999997, -1.65, 0, 9.798950000000001, -1.64975, 0.0001, -0.00934
8, 9.799999999999997, -1.5999999999999999, 0, 9.8015, -1.6, -0.0, -0.009261
8, 9.799999999999997, -1.5499999999999998, 0, 9.800600000000001, -1.5505, -0.0, -0.009272
8, 9.799999999999997, -1.4999999999999998, 0, 9.80125, -1.49945, -0.0, -0.009324
9, 9.849999999999998, -1.4999999999999998, 0, 9.84895, -1.5001000000000002, -0.0, -0.009277
9, 9.899999999999999, -1.4999999999999998, 0, 9.90005, -1.5004000000000002, -5e-05, -0.009329
9, 9.95, -1.4999999999999998, 0, 9.94975, -1.50005, -0.0001, -0.009277
9, 10.0, -1.4999999999999998, 0, 10.00045, -1.4995500000000002, -0.0001, -0.009287
9, 10.05, -1.4999999999999998, 0, 10.050900000000002, -1.50025, -0.0001, -0.009319
9, 10.100000000000001, -1.4999999999999998, 0, 10.100200000000001, -1.5, -0.0001, -0.009282
9, 10.150000000000002, -1.4999999999999998, 0, 10.151200000000001, -1.49975, -0.0, -0.009319
9, 10.200000000000003, -1.4999999999999998, 0, 10.19955, -1.5001000000000002, -0.0, -0.009136
9, 10.250000000000004, -1.4999999999999998, 0, 10.2505, -1.5001000000000002, 5e-05, -0.007582
9, 10.250000000000004, -1.5499999999999998, 0, 10.25, -1.55, 5e-05, -0.008547
9, 10.250000000000004, -1.5999999999999999, 0, 10.249450000000001, -1.6, -0.0, -0.009089
9, 10.250000000000004, -1.65, 0, 10.248050000000001, -1.65, -0.0001, -0.009261
9, 10.250000000000004, -1.7, 0, 10.24745, -1.7004000000000001, -0.0001, -0.009282
9, 10.250000000000004, -1.75, 0, 10.248850000000001, -1.7499500000000001, -5e-05, -0.009298
9, 10.250000000000004, -1.8, 0, 10.2486, -1.79995, 0.0001, -0.009324
9, 10.250000000000004, -1.85, 0, 10.2506, -1.8498500000000002, 0.0001, -0.009293
9, 10.250000000000004, -1.9000000000000001, 0, 10.250050000000002, -1.90045, 0.0001, -0.009345
9, 10.250000000000004, -1.9500000000000002, 0, 10.249900000000002, -1.9505, 5e-05, -0.009277
10, 10.200000000000003, -1.9500000000000002, 0, 10.199650000000002, -1.9501000000000002, 5e-05, -0.009319
10, 10.150000000000002, -1.9500000000000002, 0, 10.1507, -1.94985, -0.0, -0.009298
10, 10.100000000000001, -1.9500000000000002, 0, 10.1005, -1.94995, -0.0, -0.00935
10, 10.05, -1.9500000000000002, 0, 10.05005, -1.9499000000000002, -0.0, -0.009314
10, 10.0, -1.9500000000000002, 0, 9.999400000000001, -1.94985, -5e-05, -0.009298
10, 9.95, -1.9500000000000002, 0, 9.949950000000001, -1.94995, -5e-05, -0.009308
10, 9.899999999999999, -1.9500000000000002, 0, 9.8998, -1.95015, -5e-05, -0.009287
10, 9.849999999999998, -1.9500000000000002, 0, 9.8505, -1.9499000000000002, -0.0001, -0.009314
10, 9.799999999999997, -1.9500000000000002, 0, 9.80015, -1.9499000000000002, 0.0001, -0.009298
10, 9.749999999999996, -1.9500000000000002, 0, 9.750350000000001, -1.9500500000000003, 0.0001, -0.009287
10, 9.749999999999996, -1.9000000000000001, 0, 9.75065, -1.9006, 0.0001, -0.009329
10, 9.749999999999996, -1.85, 0, 9.7509, -1.8498, 0.00015000000000000001, -0.009277
10, 9.749999999999996, -1.8, 0, 9.750050000000002, -1.80065, -0.0, -0.009272
10, 9.749999999999996, -1.75, 0, 9.751800000000001, -1.7510500000000002, -0.0, -0.00934
10, 9.749999999999996, -1.7, 0, 9.7514, -1.70035, -0.0, -0.009314
10, 9.749999999999996, -1.65, 0, 9.750200000000001, -1.64945, -0.0, -0.009293
10, 9.749999999999996, -1.5999999999999999, 0, 9.75135, -1.5995, -0.0, -0.009314
10, 9.749999999999996, -1.5499999999999998, 0, 9.75135, -1.5497, -0.0, -0.009293
10, 9.749999999999996, -1.4999999999999998, 0, 9.75065, -1.4988500000000002, -5e-05, -0.009319
10, 9.749999999999996, -1.4499999999999997, 0, 9.75025, -1.4495500000000001, -0.0001, -0.009282
11, 9.799999999999997, -1.4499999999999997, 0, 9.7995, -1.45015, -0.00015000000000000001, -0.009314
11, 9.849999999999998, -1.4499999999999997, 0, 9.851150000000002, -1.44975, -0.0001, -0.009293
11, 9.899999999999999, -1.4499999999999997, 0, 9.9001, -1.4497, -5e-05, -0.009308
11, 9.95, -1.4499999999999997, 0, 9.9505, -1.4499000000000002, -0.0, -0.009334
11, 10.0, -1.4499999999999997, 0, 9.999900000000002, -1.4501000000000002, -0.0, -0.009261
11, 10.05, -1.4499999999999997, 0, 10.05035, -1.4499000000000002, 0.0001, -0.009334
11, 10.100000000000001, -1.4499999999999997, 0, 10.0996, -1.44985, 0.00015000000000000001, -0.009277
11, 10.150000000000002, -1.4499999999999997, 0, 10.15125, -1.4499000000000002, 0.00015000000000000001, -0.009287
11, 10.200000000000003, -1.4499999999999997, 0, 10.20075, -1.4500500000000003, 0.0001, -0.009209
11, 10.250000000000004, -1.4499999999999997, 0, 10.2495, -1.4501000000000002, -0.0, -0.00862
11, 10.300000000000004, -1.4499999999999997, 0, 10.2996, -1.4500500000000003, -0.0, -0.008417
11, 10.300000000000004, -1.4999999999999998, 0, 10.299400000000002, -1.5001000000000002, -5e-05, -0.007207
11, 10.300000000000004, -1.5499999999999998, 0, 10.2984, -1.5493500000000002, -0.0001, -0.008437
11, 10.300000000000004, -1.5999999999999999, 0, 10.299650000000002, -1.59995, -0.0001, -0.009089
11, 10.300000000000004, -1.65, 0, 10.2978, -1.64975, -0.0, -0.009272
11, 10.300000000000004, -1.7, 0, 10.29875, -1.70025, -0.0, -0.009319
11, 10.300000000000004, -1.75, 0, 10.2986, -1.7501000000000002, -0.0, -0.009282
11, 10.300000000000004, -1.8, 0, 10.29945, -1.8001500000000001, -0.0, -0.009329
11, 10.300000000000004, -1.85, 0, 10.299, -1.8495, -0.0, -0.009298
11, 10.300000000000004, -1.9000000000000001, 0, 10.300300000000002, -1.89985, -0.0, -0.009298
11, 10.300000000000004, -1.9500000000000002, 0, 10.3001, -1.9496000000000002, -0.0, -0.009329
11, 10.300000000000004, -2.0, 0, 10.299, -2.00045, 5e-05, -0.009272
12, 10.250000000000004, -2.0, 0, 10.250050000000002, -1.9995, 0.0001, -0.009345
12, 10.200000000000003, -2.0, 0, 10.2012, -2.0000500000000003, 0.0001, -0.009282
12, 10.150000000000002, -2.0, 0, 10.1491, -1.9998000000000002, -5e-05, -0.009324
12, 10.100000000000001, -2.0, 0, 10.099950000000002, -1.9999500000000001, -0.0001, -0.009319
12, 10.05, -2.0, 0, 10.0502, -2.0, -0.00015000000000000001, -0.009308
12, 10.0, -2.0, 0, 9.99985, -2.00025, -0.0001, -0.009355
12, 9.95, -2.0, 0, 9.9496, -1.9999, -0.0, -0.009314
12, 9.899999999999999, -2.0, 0, 9.899400000000002, -1.99975, -0.0, -0.009293
12, 9.849999999999998, -2.0, 0, 9.850100000000001, -1.9998000000000002, 0.0001, -0.009324
12, 9.799999999999997, -2.0, 0, 9.79965, -2.0000500000000003, 0.0001, -0.009282
12, 9.749999999999996, -2.0, 0, 9.75045, -2.00025, 0.0001, -0.009334
12, 9.699999999999996, -2.0, 0, 9.699950000000001, -1.9997, -0.0, -0.009293
12, 9.699999999999996, -1.95, 0, 9.6991, -1.95015, -0.0, -0.009287
12, 9.699999999999996, -1.9, 0, 9.702050000000002, -1.8996000000000002, -0.0, -0.009308
12, 9.699999999999996, -1.8499999999999999, 0, 9.700800000000001, -1.85025, -0.0001, -0.009298
12, 9.699999999999996, -1.7999999999999998, 0, 9.700800000000001, -1.79915, -0.00015000000000000001, -0.009287
12, 9.699999999999996, -1.7499999999999998, 0, 9.70215, -1.7507000000000001, -5e-05, -0.009329
12, 9.699999999999996, -1.6999999999999997, 0, 9.70215, -1.70025, 0.0001, -0.009319
12, 9.699999999999996, -1.6499999999999997, 0, 9.69725, -1.65, 0.00015000000000000001, -0.009334
12, 9.699999999999996, -1.5999999999999996, 0, 9.7003, -1.59965, -5e-05, -0.009314
12, 9.699999999999996, -1.5499999999999996, 0, 9.701300000000002, -1.54975, -0.0002, -0.009282
12, 9.699999999999996, -1.4999999999999996, 0, 9.69915, -1.5003000000000002, 5e-05, -0.009324
12, 9.699999999999996, -1.4499999999999995, 0, 9.69945, -1.45075, -0.0, -0.009324
12, 9.699999999999996, -1.3999999999999995, 0, 9.701600000000001, -1.4004, -0.00015000000000000001, -0.009287
13, 9.749999999999996, -1.3999999999999995, 0, 9.74915, -1.3996000000000002, -0.00015000000000000001, -0.009334
13, 9.799999999999997, -1.3999999999999995, 0, 9.8, -1.4001000000000001, -0.00015000000000000001, -0.009287
13, 9.849999999999998, -1.3999999999999995, 0, 9.8505, -1.39995, 0.00015000000000000001, -0.00935
13, 9.899999999999999, -1.3999999999999995, 0, 9.899650000000001, -1.3999000000000001, 0.00015000000000000001, -0.009261
13, 9.95, -1.3999999999999995, 0, 9.94945, -1.39995, 0.00015000000000000001, -0.009334
13, 10.0, -1.3999999999999995, 0, 9.99925, -1.3999000000000001, 5e-05, -0.009287
13, 10.05, -1.3999999999999995, 0, 10.05005, -1.4001000000000001, -0.00015000000000000001, -0.009324
13, 10.100000000000001, -1.3999999999999995, 0, 10.099950000000002, -1.40015, -0.00015000000000000001, -0.009287
13, 10.150000000000002, -1.3999999999999995, 0, 10.1513, -1.4, -5e-05, -0.009334
13, 10.200000000000003, -1.3999999999999995, 0, 10.2009, -1.39995, 5e-05, -0.009314
13, 10.250000000000004, -1.3999999999999995, 0, 10.2485, -1.3999000000000001, 0.0001, -0.009209
13, 10.300000000000004, -1.3999999999999995, 0, 10.29945, -1.3999000000000001, 0.00015000000000000001, -0.009287
13, 10.350000000000005, -1.3999999999999995, 0, 10.3496, -1.39995, 0.00015000000000000001, -0.009293
13, 10.350000000000005, -1.4499999999999995, 0, 10.348550000000001, -1.4501000000000002, 5e-05, -0.009246
13, 10.350000000000005, -1.4999999999999996, 0, 10.350200000000001, -1.5005, -0.0001, -0.009141
13, 10.350000000000005, -1.5499999999999996, 0, 10.35075, -1.5498500000000002, -0.0001, -0.009178
13, 10.350000000000005, -1.5999999999999996, 0, 10.350650000000002, -1.59995, 0.00015000000000000001, -0.009209
13, 10.350000000000005, -1.6499999999999997, 0, 10.351300000000002, -1.6496000000000002, 0.0001, -0.009308
13, 10.350000000000005, -1.6999999999999997, 0, 10.34885, -1.7001000000000002, 5e-05, -0.00934
13, 10.350000000000005, -1.7499999999999998, 0, 10.349650000000002, -1.7501000000000002, -5e-05, -0.00934
13, 10.350000000000005, -1.7999999999999998, 0, 10.351400000000002, -1.7999, -0.00015000000000000001, -0.009251
13, 10.350000000000005, -1.8499999999999999, 0, 10.349350000000001, -1.85025, -0.0001, -0.009334
13, 10.350000000000005, -1.9, 0, 10.3495, -1.9012, -0.0001, -0.009267
13, 10.350000000000005, -1.95, 0, 10.35075, -1.9498000000000002, 0.00015000000000000001, -0.009282
13, 10.350000000000005, -2.0, 0, 10.351900000000002, -2.00115, 0.0001, -0.009308
13, 10.350000000000005, -2.05, 0, 10.350850000000001, -2.05, -0.0, -0.009303
14, 10.300000000000004, -2.05, 0, 10.3001, -2.0499, -0.0, -0.009287
14, 10.250000000000004, -2.05, 0, 10.2507, -2.0499500000000004, -0.0, -0.009308
14, 10.200000000000003, -2.05, 0, 10.199900000000001, -2.0499500000000004, -5e-05, -0.009287
14, 10.150000000000002, -2.05, 0, 10.150900000000002, -2.0499500000000004, -0.0001, -0.009319
14, 10.100000000000001, -2.05, 0, 10.100200000000001, -2.0499500000000004, -0.0001, -0.009287
14, 10.05, -2.05, 0, 10.05095, -2.05, -5e-05, -0.009355
14, 10.0, -2.05, 0, 9.99975, -2.0499500000000004, -0.0, -0.009277
14, 9.95, -2.05, 0, 9.950050000000001, -2.0499500000000004, -0.0, -0.009314
14, 9.899999999999999, -2.05, 0, 9.90055, -2.0499500000000004, -0.0, -0.009334
14, 9.849999999999998, -2.05, 0, 9.84885, -2.05025, -0.0, -0.009282
14, 9.799999999999997, -2.05, 0, 9.79965, -2.05, 0.0001, -0.009314
14, 9.749999999999996, -2.05, 0, 9.749450000000001, -2.05, 0.00015000000000000001, -0.009287
14, 9.699999999999996, -2.05, 0, 9.7005, -2.0499500000000004, 0.00015000000000000001, -0.009324
14, 9.649999999999995, -2.05, 0, 9.649149999999999, -2.05005, 5e-05, -0.009334
14, 9.649999999999995, -1.9999999999999998, 0, 9.648200000000001, -2.00025, -0.0001, -0.009287
14, 9.649999999999995, -1.9499999999999997, 0, 9.6516, -1.9503000000000001, -0.00015000000000000001, -0.009319
14, 9.649999999999995, -1.8999999999999997, 0, 9.646700000000001, -1.8991000000000002, -5e-05, -0.009287
14, 9.649999999999995, -1.8499999999999996, 0, 9.6495, -1.84995, 0.00015000000000000001, -0.009329
14, 9.649999999999995, -1.7999999999999996, 0, 9.64925, -1.79915, 0.00015000000000000001, -0.009303
14, 9.649999999999995, -1.7499999999999996, 0, 9.65175, -1.7496, -0.0, -0.009308
14, 9.649999999999995, -1.6999999999999995, 0, 9.64725, -1.70035, 5e-05, -0.009324
14, 9.649999999999995, -1.6499999999999995, 0, 9.6483, -1.64995, -0.00015000000000000001, -0.009293
14, 9.649999999999995, -1.5999999999999994, 0, 9.65295, -1.6005500000000001, -0.00015000000000000001, -0.009329
14, 9.649999999999995, -1.5499999999999994, 0, 9.65025, -1.54975, 5e-05, -0.009334
14, 9.649999999999995, -1.4999999999999993, 0, 9.6501, -1.4996, 0.0001, -0.009293
14, 9.649999999999995, -1.4499999999999993, 0, 9.65125, -1.4498000000000002, -5e-05, -0.009329
14, 9.649999999999995, -1.3999999999999992, 0, 9.64935, -1.4006500000000002, -0.0001, -0.009293
14, 9.649999999999995, -1.3499999999999992, 0, 9.649700000000001, -1.3508000000000002, -0.0001, -0.009293
15, 9.699999999999996, -1.3499999999999992, 0, 9.699399999999999, -1.34965, -0.0, -0.009293
15, 9.749999999999996, -1.3499999999999992, 0, 9.74925, -1.3498500000000002, 0.0001, -0.009334
15, 9.799999999999997, -1.3499999999999992, 0, 9.8002, -1.3501, 0.00015000000000000001, -0.009282
15, 9.849999999999998, -1.3499999999999992, 0, 9.85105, -1.3502, 0.00015000000000000001, -0.009319
15, 9.899999999999999, -1.3499999999999992, 0, 9.89995, -1.3500500000000002, 5e-05, -0.009293
15, 9.95, -1.3499999999999992, 0, 9.9496, -1.35, -5e-05, -0.009314
15, 10.0, -1.3499999999999992, 0, 10.0004, -1.35, -0.00015000000000000001, -0.009287
15, 10.05, -1.3499999999999992, 0, 10.049400000000002, -1.34995, -0.0001, -0.009287
15, 10.100000000000001, -1.3499999999999992, 0, 10.09985, -1.3500500000000002, -5e-05, -0.009298
15, 10.150000000000002, -1.3499999999999992, 0, 10.15125, -1.3500500000000002, -0.0, -0.009287
15, 10.200000000000003, -1.3499999999999992, 0, 10.2006, -1.3501, 5e-05, -0.009314
15, 10.250000000000004, -1.3499999999999992, 0, 10.2495, -1.3500500000000002, 0.00015000000000000001, -0.009324
15, 10.300000000000004, -1.3499999999999992, 0, 10.299550000000002, -1.3500500000000002, 0.00015000000000000001, -0.009293
15, 10.350000000000005, -1.3499999999999992, 0, 10.350050000000001, -1.35, -0.0, -0.009282
15, 10.400000000000006, -1.3499999999999992, 0, 10.400150000000002, -1.34995, -5e-05, -0.009319
15, 10.400000000000006, -1.3999999999999992, 0, 10.401050000000001, -1.40045, -0.0001, -0.009314
15, 10.400000000000006, -1.4499999999999993, 0, 10.399550000000001, -1.4502000000000002, -0.0001, -0.009267
15, 10.400000000000006, -1.4999999999999993, 0, 10.40235, -1.50115, -5e-05, -0.009319
15, 10.400000000000006, -1.5499999999999994, 0, 10.397950000000002, -1.55, -0.0, -0.009282
15, 10.400000000000006, -1.5999999999999994, 0, 10.40155, -1.6001500000000002, 0.00015000000000000001, -0.009298
15, 10.400000000000006, -1.6499999999999995, 0, 10.3977, -1.6499000000000001, 0.00015000000000000001, -0.009287
15, 10.400000000000006, -1.6999999999999995, 0, 10.398200000000001, -1.7005, 5e-05, -0.00935
15, 10.400000000000006, -1.7499999999999996, 0, 10.39945, -1.7502, -0.0001, -0.009334
15, 10.400000000000006, -1.7999999999999996, 0, 10.398050000000001, -1.7998000000000003, -0.00015000000000000001, -0.009277
15, 10.400000000000006, -1.8499999999999996, 0, 10.4015, -1.85025, -0.0, -0.009298
15, 10.400000000000006, -1.8999999999999997, 0, 10.4008, -1.9, -0.0, -0.009334
15, 10.400000000000006, -1.9499999999999997, 0, 10.4007, -1.9498000000000002, 0.00015000000000000001, -0.009334
15, 10.400000000000006, -1.9999999999999998, 0, 10.40025, -1.9995500000000002, -5e-05, -0.009277
15, 10.400000000000006, -2.05, 0, 10.398150000000001, -2.04965, -0.00015000000000000001, -0.009334
15, 10.400000000000006, -2.0999999999999996, 0, 10.40035, -2.0997000000000003, -0.0001, -0.009329
16, 10.350000000000005, -2.0999999999999996, 0, 10.34975, -2.10095, -0.0, -0.009293
16, 10.300000000000004, -2.0999999999999996, 0, 10.299700000000001, -2.09975, 0.00015000000000000001, -0.009324
16, 10.250000000000004, -2.0999999999999996, 0, 10.2506, -2.09985, 0.00015000000000000001, -0.009287
16, 10.200000000000003, -2.0999999999999996, 0, 10.199800000000002, -2.09975, 5e-05, -0.009329
16, 10.150000000000002, -2.0999999999999996, 0, 10.14975, -2.1004500000000004, -0.0001, -0.009277
16, 10.100000000000001, -2.0999999999999996, 0, 10.099950000000002, -2.0995500000000002, -0.0001, -0.009293
16, 10.05, -2.0999999999999996, 0, 10.050600000000001, -2.1005, -0.0001, -0.009334
16, 10.0, -2.0999999999999996, 0, 10.000950000000001, -2.0995500000000002, -0.0, -0.009293
16, 9.95, -2.0999999999999996, 0, 9.95, -2.0995, -0.0, -0.009314
16, 9.899999999999999, -2.0999999999999996, 0, 9.90125, -2.10055, -0.0, -0.009287
16, 9.849999999999998, -2.0999999999999996, 0, 9.850400000000002, -2.0998, 0.0001, -0.009277
16, 9.799999999999997, -2.0999999999999996, 0, 9.8007, -2.10025, 0.0001, -0.009282
16, 9.749999999999996, -2.0999999999999996, 0, 9.75065, -2.1002, 5e-05, -0.009319
16, 9.699999999999996, -2.0999999999999996, 0, 9.7001, -2.0994500000000005, 5e-05, -0.009282
16, 9.649999999999995, -2.0999999999999996, 0, 9.64985, -2.1002, -0.0, -0.009324
16, 9.599999999999994, -2.0999999999999996, 0, 9.60035, -2.10015, -0.0, -0.009293
16, 9.599999999999994, -2.05, 0, 9.60195, -2.05, -0.0, -0.009319
16, 9.599999999999994, -1.9999999999999998, 0, 9.59965, -2.00015, -0.0, -0.009319
16, 9.599999999999994, -1.9499999999999997, 0, 9.601450000000002, -1.9492, -0.0, -0.009298
16, 9.599999999999994, -1.8999999999999997, 0, 9.59745, -1.89945, -0.0001, -0.009324
16, 9.599999999999994, -1.8499999999999996, 0, 9.599450000000001, -1.84945, -5e-05, -0.009293
16, 9.599999999999994, -1.7999999999999996, 0, 9.6021, -1.8001, -0.0001, -0.009329
16, 9.599999999999994, -1.7499999999999996, 0, 9.5999, -1.7496500000000001, 0.00015000000000000001, -0.009319
16, 9.599999999999994, -1.6999999999999995, 0, 9.600850000000001, -1.6995, -0.0, -0.009329
16, 9.599999999999994, -1.6499999999999995, 0, 9.60015, -1.6497, -0.0, -0.009298
16, 9.599999999999994, -1.5999999999999994, 0, 9.601450000000002, -1.6005, -0.0, -0.009324
16, 9.599999999999994, -1.5499999999999994, 0, 9.601450000000002, -1.5498000000000003, -0.0, -0.009287
16, 9.599999999999994, -1.4999999999999993, 0, 9.6021, -1.5008500000000002, -0.0, -0.009329
16, 9.599999999999994, -1.4499999999999993, 0, 9.601, -1.4492, -0.0001, -0.009308
16, 9.599999999999994, -1.3999999999999992, 0, 9.600200000000001, -1.4004, -0.0001, -0.00934
16, 9.599999999999994, -1.3499999999999992, 0, 9.6012, -1.3505, -0.00015000000000000001, -0.009308
16, 9.599999999999994, -1.2999999999999992, 0, 9.6015, -1.3006000000000002, 5e-05, -0.009345
17, 9.649999999999995, -1.2999999999999992, 0, 9.6501, -1.2995, 0.00015000000000000001, -0.009293
17, 9.699999999999996, -1.2999999999999992, 0, 9.69975, -1.2994, 0.00015000000000000001, -0.009319
17, 9.749999999999996, -1.2999999999999992, 0, 9.74975, -1.3005, 0.0001, -0.009293
17, 9.799999999999997, -1.2999999999999992, 0, 9.80015, -1.3, 0.0001, -0.009319
17, 9.849999999999998, -1.2999999999999992, 0, 9.850850000000001, -1.2998500000000002, -0.0, -0.009298
17, 9.899999999999999, -1.2999999999999992, 0, 9.8999, -1.3000500000000001, -0.0, -0.009319
17, 9.95, -1.2999999999999992, 0, 9.950800000000001, -1.3001500000000001, -0.0, -0.009293
17, 10.0, -1.2999999999999992, 0, 10.0, -1.3, -0.0, -0.009282
17, 10.05, -1.2999999999999992, 0, 10.050600000000001, -1.2998000000000003, -5e-05, -0.009298
17, 10.100000000000001, -1.2999999999999992, 0, 10.099400000000001, -1.29995, -0.0001, -0.009324
17, 10.150000000000002, -1.2999999999999992, 0, 10.151150000000001, -1.3002, -0.0001, -0.009272
17, 10.200000000000003, -1.2999999999999992, 0, 10.19945, -1.29995, -0.0001, -0.009329
17, 10.250000000000004, -1.2999999999999992, 0, 10.24925, -1.2998500000000002, 5e-05, -0.009314
17, 10.300000000000004, -1.2999999999999992, 0, 10.299650000000002, -1.2999, 0.00015000000000000001, -0.009329
17, 10.350000000000005, -1.2999999999999992, 0, 10.350200000000001, -1.30025, 0.00015000000000000001, -0.009324
17, 10.400000000000006, -1.2999999999999992, 0, 10.400450000000001, -1.3002, 0.00015000000000000001, -0.00935
17, 10.450000000000006, -1.2999999999999992, 0, 10.45035, -1.2998000000000003, -0.0, -0.009334
17, 10.450000000000006, -1.3499999999999992, 0, 10.44735, -1.34995, -0.0, -0.009287
17, 10.450000000000006, -1.3999999999999992, 0, 10.4473, -1.3995, -0.0, -0.009329
17, 10.450000000000006, -1.4499999999999993, 0, 10.451450000000001, -1.44995, -0.0, -0.009345
17, 10.450000000000006, -1.4999999999999993, 0, 10.45185, -1.5006000000000002, -0.0, -0.009293
17, 10.450000000000006, -1.5499999999999994, 0, 10.44785, -1.55055, -0.00015000000000000001, -0.009329
17, 10.450000000000006, -1.5999999999999994, 0, 10.45085, -1.6000500000000002, -0.0001, -0.009277
17, 10.450000000000006, -1.6499999999999995, 0, 10.45095, -1.6501000000000001, -0.0001, -0.009329
17, 10.450000000000006, -1.6999999999999995, 0, 10.449, -1.70065, -5e-05, -0.009282
17, 10.450000000000006, -1.7499999999999996, 0, 10.448, -1.7496500000000001, -0.0, -0.009303
17, 10.450000000000006, -1.7999999999999996, 0, 10.45325, -1.7998000000000003, 5e-05, -0.009324
17, 10.450000000000006, -1.8499999999999996, 0, 10.4494, -1.8499, 0.00015000000000000001, -0.009277
17, 10.450000000000006, -1.8999999999999997, 0, 10.45, -1.901, 0.00015000000000000001, -0.009319
17, 10.450000000000006, -1.9499999999999997, 0, 10.450550000000002, -1.9499000000000002, -5e-05, -0.009272
17, 10.450000000000006, -1.9999999999999998, 0, 10.4481, -2.0006500000000003, -0.00015000000000000001, -0.00934
17, 10.450000000000006, -2.05, 0, 10.44775, -2.04955, -0.00015000000000000001, -0.009282
17, 10.450000000000006, -2.0999999999999996, 0, 10.4486, -2.1, -0.0, -0.009319
17, 10.450000000000006, -2.1499999999999995, 0, 10.44775, -2.1505, -0.0, -0.009303
18, 10.400000000000006, -2.1499999999999995, 0, 10.40025, -2.14955, -0.0, -0.009314
18, 10.350000000000005, -2.1499999999999995, 0, 10.349900000000002, -2.1507, -0.0, -0.009314
18, 10.300000000000004, -2.1499999999999995, 0, 10.30125, -2.1506, -0.0, -0.009272
18, 10.250000000000004, -2.1499999999999995, 0, 10.250150000000001, -2.1497, -0.0, -0.009334
18, 10.200000000000003, -2.1499999999999995, 0, 10.199900000000001, -2.1497, 5e-05, -0.009287
18, 10.150000000000002, -2.1499999999999995, 0, 10.1493, -2.1508499999999997, 0.00015000000000000001, -0.009319
18, 10.100000000000001, -2.1499999999999995, 0, 10.1005, -2.1498000000000004, 0.00015000000000000001, -0.009287
18, 10.05, -2.1499999999999995, 0, 10.050550000000001, -2.1509500000000004, -0.0001, -0.00934
18, 10.0, -2.1499999999999995, 0, 10.00115, -2.1499, -0.00015000000000000001, -0.009277
18, 9.95, -2.1499999999999995, 0, 9.9497, -2.1498000000000004, -0.00015000000000000001, -0.00934
18, 9.899999999999999, -2.1499999999999995, 0, 9.90005, -2.1499, -0.0001, -0.009298
18, 9.849999999999998, -2.1499999999999995, 0, 9.850850000000001, -2.1499, -0.0, -0.009324
18, 9.799999999999997, -2.1499999999999995, 0, 9.799800000000001, -2.14985, -0.0, -0.009282
18, 9.749999999999996, -2.1499999999999995, 0, 9.74995, -2.1500500000000002, -0.0, -0.009324
18, 9.699999999999996, -2.1499999999999995, 0, 9.69935, -2.1499, -5e-05, -0.009308
18, 9.649999999999995, -2.1499999999999995, 0, 9.649899999999999, -2.14985, 5e-05, -0.009303
18, 9.599999999999994, -2.1499999999999995, 0, 9.59915, -2.14985, 0.00015000000000000001, -0.009267
18, 9.549999999999994, -2.1499999999999995, 0, 9.55015, -2.14985, 0.00015000000000000001, -0.009324
18, 9.549999999999994, -2.0999999999999996, 0, 9.5515, -2.0991, 0.00015000000000000001, -0.009287
18, 9.549999999999994, -2.05, 0, 9.5493, -2.04925, 5e-05, -0.009329
18, 9.549999999999994, -1.9999999999999998, 0, 9.549700000000001, -2.0005, -0.00015000000000000001, -0.009277
18, 9.549999999999994, -1.9499999999999997, 0, 9.552100000000001, -1.94925, -0.00015000000000000001, -0.009345
18, 9.549999999999994, -1.8999999999999997, 0, 9.5501, -1.89965, -0.0, -0.009303
18, 9.549999999999994, -1.8499999999999996, 0, 9.549050000000001, -1.8498, -0.0, -0.009319
18, 9.549999999999994, -1.7999999999999996, 0, 9.5507, -1.79895, -0.0, -0.009277
18, 9.549999999999994, -1.7499999999999996, 0, 9.5517, -1.7505, -0.0, -0.009319
18, 9.549999999999994, -1.6999999999999995, 0, 9.5494, -1.70035, -0.0, -0.009293
18, 9.549999999999994, -1.6499999999999995, 0, 9.54995, -1.64925, -0.0, -0.009324
18, 9.549999999999994, -1.5999999999999994, 0, 9.547600000000001, -1.6005, -0.0, -0.009293
18, 9.549999999999994, -1.5499999999999994, 0, 9.54965, -1.54945, -0.0, -0.009334
18, 9.549999999999994, -1.4999999999999993, 0, 9.5509, -1.5004000000000002, -0.0, -0.009277
18, 9.549999999999994, -1.4499999999999993, 0, 9.5509, -1.4491500000000002, 5e-05, -0.009282
18, 9.549999999999994, -1.3999999999999992, 0, 9.5511, -1.4003, 5e-05, -0.009314
18, 9.549999999999994, -1.3499999999999992, 0, 9.55175, -1.3505500000000001, 5e-05, -0.009298
18, 9.549999999999994, -1.2999999999999992, 0, 9.5494, -1.3000500000000001, -0.0001, -0.009277
18, 9.549999999999994, -1.2499999999999991, 0, 9.551800000000002, -1.2498500000000001, -0.0001, -0.009324
19, 9.599999999999994, -1.2499999999999991, 0, 9.5996, -1.2495500000000002, -0.00015000000000000001, -0.009287
19, 9.649999999999995, -1.2499999999999991, 0, 9.649550000000001, -1.2496500000000001, -0.0001, -0.009256
19, 9.699999999999996, -1.2499999999999991, 0, 9.6997, -1.2504000000000002, -5e-05, -0.009329
19, 9.749999999999996, -1.2499999999999991, 0, 9.74925, -1.2498000000000002, 0.00015000000000000001, -0.009272
19, 9.799999999999997, -1.2499999999999991, 0, 9.799800000000001, -1.2498000000000002, 0.00015000000000000001, -0.009324
19, 9.849999999999998, -1.2499999999999991, 0, 9.849450000000001, -1.25015, -0.0, -0.009272
19, 9.899999999999999, -1.2499999999999991, 0, 9.9001, -1.25045, -0.0, -0.009334
19, 9.95, -1.2499999999999991, 0, 9.950050000000001, -1.25, -0.0, -0.009277
19, 10.0, -1.2499999999999991, 0, 10.000900000000001, -1.2498500000000001, -0.0, -0.009267
19, 10.05, -1.2499999999999991, 0, 10.049800000000001, -1.25035, -0.0, -0.009287
19, 10.100000000000001, -1.2499999999999991, 0, 10.10045, -1.25, -0.0, -0.009287
19, 10.150000000000002, -1.2499999999999991, 0, 10.14995, -1.2498000000000002, -0.00015000000000000001, -0.009293
19, 10.200000000000003, -1.2499999999999991, 0, 10.19945, -1.2501000000000002, -0.00015000000000000001, -0.009319
19, 10.250000000000004, -1.2499999999999991, 0, 10.248850000000001, -1.2502, -5e-05, -0.009282
19, 10.300000000000004, -1.2499999999999991, 0, 10.299400000000002, -1.25, 5e-05, -0.009308
19, 10.350000000000005, -1.2499999999999991, 0, 10.349200000000002, -1.2498000000000002, 0.00015000000000000001, -0.009303
19, 10.400000000000006, -1.2499999999999991, 0, 10.400400000000001, -1.2499500000000001, 0.00015000000000000001, -0.009261
19, 10.450000000000006, -1.2499999999999991, 0, 10.45035, -1.25015, -0.0, -0.009293
19, 10.500000000000007, -1.2499999999999991, 0, 10.5, -1.25005, -0.0, -0.009298
19, 10.500000000000007, -1.2999999999999992, 0, 10.50135, -1.29995, -0.0, -0.009308
19, 10.500000000000007, -1.3499999999999992, 0, 10.500650000000002, -1.3500500000000002, -0.0, -0.009282
19, 10.500000000000007, -1.3999999999999992, 0, 10.49985, -1.39975, -5e-05, -0.009324
19, 10.500000000000007, -1.4499999999999993, 0, 10.49985, -1.4501000000000002, -5e-05, -0.00934
19, 10.500000000000007, -1.4999999999999993, 0, 10.49835, -1.5001000000000002, -0.0001, -0.009277
19, 10.500000000000007, -1.5499999999999994, 0, 10.499, -1.55075, -0.0, -0.009334
19, 10.500000000000007, -1.5999999999999994, 0, 10.4989, -1.6, -5e-05, -0.009282
19, 10.500000000000007, -1.6499999999999995, 0, 10.498650000000001, -1.6506500000000002, 0.00015000000000000001, -0.009303
19, 10.500000000000007, -1.6999999999999995, 0, 10.499400000000001, -1.70045, 0.0002, -0.009272
19, 10.500000000000007, -1.7499999999999996, 0, 10.4986, -1.74975, 5e-05, -0.009324
19, 10.500000000000007, -1.7999999999999996, 0, 10.49935, -1.8004, -0.0001, -0.009308
19, 10.500000000000007, -1.8499999999999996, 0, 10.49975, -1.85, -0.0, -0.009298
19, 10.500000000000007, -1.8999999999999997, 0, 10.503050000000002, -1.9006500000000002, -0.0, -0.009334
19, 10.500000000000007, -1.9499999999999997, 0, 10.50085, -1.9504000000000001, -5e-05, -0.009293
19, 10.500000000000007, -1.9999999999999998, 0, 10.4985, -2.00045, 0.00015000000000000001, -0.009277
19, 10.500000000000007, -2.05, 0, 10.499400000000001, -2.0499, -0.0, -0.009272
19, 10.500000000000007, -2.0999999999999996, 0, 10.4986, -2.10005, -0.0, -0.009308
19, 10.500000000000007, -2.1499999999999995, 0, 10.50235, -2.15, -0.0, -0.009282
19, 10.500000000000007, -2.1999999999999993, 0, 10.5013, -2.20095, -0.0, -0.009287
20, 10.450000000000006, -2.1999999999999993, 0, 10.45015, -2.19985, -0.0, -0.009293
20, 10.400000000000006, -2.1999999999999993, 0, 10.3995, -2.1999500000000003, -0.0, -0.009345
20, 10.350000000000005, -2.1999999999999993, 0, 10.350200000000001, -2.1999500000000003, -0.0, -0.009293
20, 10.300000000000004, -2.1999999999999993, 0, 10.301300000000001, -2.2001, -0.0, -0.009314
20, 10.250000000000004, -2.1999999999999993, 0, 10.2506, -2.2001500000000003, 5e-05, -0.009334
20, 10.200000000000003, -2.1999999999999993, 0, 10.201400000000001, -2.2001500000000003, -5e-05, -0.009287
20, 10.150000000000002, -2.1999999999999993, 0, 10.149550000000001, -2.2001, -0.0001, -0.009319
20, 10.100000000000001, -2.1999999999999993, 0, 10.099900000000002, -2.20005, -0.0001, -0.009293
20, 10.05, -2.1999999999999993, 0, 10.049900000000001, -2.1999500000000003, -0.00015000000000000001, -0.009324
20, 10.0, -2.1999999999999993, 0, 10.000050000000002, -2.1999500000000003, -0.0, -0.009287
20, 9.95, -2.1999999999999993, 0, 9.9503, -2.1999500000000003, -0.0, -0.009293
20, 9.899999999999999, -2.1999999999999993, 0, 9.90025, -2.20005, 5e-05, -0.009329
20, 9.849999999999998, -2.1999999999999993, 0, 9.85, -2.2001500000000003, 0.0002, -0.009329
20, 9.799999999999997, -2.1999999999999993, 0, 9.799700000000001, -2.1999500000000003, 5e-05, -0.009272
20, 9.749999999999996, -2.1999999999999993, 0, 9.74995, -2.1999, -0.0001, -0.009334
20, 9.699999999999996, -2.1999999999999993, 0, 9.7011, -2.1999, -0.0001, -0.009298
20, 9.649999999999995, -2.1999999999999993, 0, 9.6501, -2.1999500000000003, -0.00015000000000000001, -0.009308
20, 9.599999999999994, -2.1999999999999993, 0, 9.60025, -2.2, -0.0001, -0.009324
20, 9.549999999999994, -2.1999999999999993, 0, 9.5501, -2.2001, -0.0001, -0.009287
20, 9.499999999999993, -2.1999999999999993, 0, 9.50025, -2.2001, -0.0, -0.009329
20, 9.499999999999993, -2.1499999999999995, 0, 9.502, -2.1497, -0.0, -0.009277
20, 9.499999999999993, -2.0999999999999996, 0, 9.50195, -2.1001, -0.0, -0.009293
20, 9.499999999999993, -2.05, 0, 9.5006, -2.05015, -0.0, -0.009324
20, 9.499999999999993, -1.9999999999999998, 0, 9.50025, -2.00015, -0.0, -0.009287
20, 9.499999999999993, -1.9499999999999997, 0, 9.499450000000001, -1.9497, -0.0, -0.009293
20, 9.499999999999993, -1.8999999999999997, 0, 9.49915, -1.8996000000000002, 5e-05, -0.009287
20, 9.499999999999993, -1.8499999999999996, 0, 9.49975, -1.85025, 5e-05, -0.009329
20, 9.499999999999993, -1.7999999999999996, 0, 9.50025, -1.7992000000000001, 0.0001, -0.009324
20, 9.499999999999993, -1.7499999999999996, 0, 9.501800000000001, -1.7495500000000002, 0.0001, -0.009287
20, 9.499999999999993, -1.6999999999999995, 0, 9.502450000000001, -1.7008, 5e-05, -0.009319
20, 9.499999999999993, -1.6499999999999995, 0, 9.5016, -1.6503, -5e-05, -0.009277
20, 9.499999999999993, -1.5999999999999994, 0, 9.50135, -1.6002, -0.0001, -0.00934
20, 9.499999999999993, -1.5499999999999994, 0, 9.500800000000002, -1.551, -0.00015000000000000001, -0.009293
20, 9.499999999999993, -1.4999999999999993, 0, 9.49995, -1.4998000000000002, -0.0, -0.009277
20, 9.499999999999993, -1.4499999999999993, 0, 9.4979, -1.4493000000000003, -0.0, -0.009319
20, 9.499999999999993, -1.3999999999999992, 0, 9.49935, -1.40025, -0.0, -0.009282
20, 9.499999999999993, -1.3499999999999992, 0, 9.502, -1.3505, -0.0, -0.009314
20, 9.499999999999993, -1.2999999999999992, 0, 9.4997, -1.3000500000000001, 5e-05, -0.009324
20, 9.499999999999993, -1.2499999999999991, 0, 9.5016, -1.2498500000000001, 5e-05, -0.009293
20, 9.499999999999993, -1.199999999999999, 0, 9.50055, -1.1989, -0.0, -0.009319
21, 9.549999999999994, -1.199999999999999, 0, 9.5504, -1.20025, -5e-05, -0.009282
21, 9.599999999999994, -1.199999999999999, 0, 9.60025, -1.2, -0.0001, -0.009303
21, 9.649999999999995, -1.199999999999999, 0, 9.6504, -1.2, -0.0001, -0.009293
21, 9.699999999999996, -1.199999999999999, 0, 9.6999, -1.2001000000000002, -0.0001, -0.009314
21, 9.749999999999996, -1.199999999999999, 0, 9.74975, -1.1999000000000002, -0.0, -0.009267
21, 9.799999999999997, -1.199999999999999, 0, 9.80025, -1.1998, -0.0, -0.00934
21, 9.849999999999998, -1.199999999999999, 0, 9.8506, -1.1999000000000002, 5e-05, -0.009319
21, 9.899999999999999, -1.199999999999999, 0, 9.900300000000001, -1.19995, 0.00015000000000000001, -0.009324
21, 9.95, -1.199999999999999, 0, 9.94945, -1.2, 0.00015000000000000001, -0.009287
21, 10.0, -1.199999999999999, 0, 9.999900000000002, -1.2, 0.00015000000000000001, -0.009303
21, 10.05, -1.199999999999999, 0, 10.050300000000002, -1.19995, 5e-05, -0.009293
21, 10.100000000000001, -1.199999999999999, 0, 10.099300000000001, -1.2, -5e-05, -0.009282
21, 10.150000000000002, -1.199999999999999, 0, 10.151200000000001, -1.2001000000000002, -0.00015000000000000001, -0.009298
21, 10.200000000000003, -1.199999999999999, 0, 10.20035, -1.2, -0.00015000000000000001, -0.009277
21, 10.250000000000004, -1.199999999999999, 0, 10.25055, -1.2, -0.0001, -0.009303
21, 10.300000000000004, -1.199999999999999, 0, 10.299700000000001, -1.19995, -0.0, -0.009293
21, 10.350000000000005, -1.199999999999999, 0, 10.349900000000002, -1.19965, 5e-05, -0.009324
21, 10.400000000000006, -1.199999999999999, 0, 10.39925, -1.2, 0.00015000000000000001, -0.009314
21, 10.450000000000006, -1.199999999999999, 0, 10.449950000000001, -1.1997, 0.00015000000000000001, -0.009324
21, 10.500000000000007, -1.199999999999999, 0, 10.500050000000002, -1.19955, 5e-05, -0.009293
21, 10.550000000000008, -1.199999999999999, 0, 10.55005, -1.2004000000000001, -0.00015000000000000001, -0.009324
21, 10.550000000000008, -1.2499999999999991, 0, 10.551950000000001, -1.2499500000000001, -0.00015000000000000001, -0.009287
21, 10.550000000000008, -1.2999999999999992, 0, 10.54765, -1.3002, -5e-05, -0.009334
21, 10.550000000000008, -1.3499999999999992, 0, 10.55325, -1.3505, 0.00015000000000000001, -0.009293
21, 10.550000000000008, -1.3999999999999992, 0, 10.54885, -1.4003, 0.00015000000000000001, -0.00934
21, 10.550000000000008, -1.4499999999999993, 0, 10.549650000000002, -1.4501000000000002, 5e-05, -0.009277
21, 10.550000000000008, -1.4999999999999993, 0, 10.549800000000001, -1.50035, -0.0001, -0.009298
21, 10.550000000000008, -1.5499999999999994, 0, 10.5484, -1.55025, -0.0001, -0.009308
21, 10.550000000000008, -1.5999999999999994, 0, 10.5486, -1.6004500000000002, -5e-05, -0.009287
21, 10.550000000000008, -1.6499999999999995, 0, 10.55025, -1.6499000000000001, -0.0, -0.009287
21, 10.550000000000008, -1.6999999999999995, 0, 10.54945, -1.7008, -0.0, -0.009314
21, 10.550000000000008, -1.7499999999999996, 0, 10.54855, -1.7495, 5e-05, -0.009298
21, 10.550000000000008, -1.7999999999999996, 0, 10.54935, -1.7998500000000002, 0.00015000000000000001, -0.009324
21, 10.550000000000008, -1.8499999999999996, 0, 10.549, -1.84995, 0.0002, -0.009308
21, 10.550000000000008, -1.8999999999999997, 0, 10.5486, -1.8997, -0.0001, -0.009303
21, 10.550000000000008, -1.9499999999999997, 0, 10.55075, -1.9499000000000002, -0.0, -0.009334
21, 10.550000000000008, -1.9999999999999998, 0, 10.55035, -1.9997, 0.00015000000000000001, -0.009319
21, 10.550000000000008, -2.05, 0, 10.5484, -2.04965, 0.00015000000000000001, -0.009298
21, 10.550000000000008, -2.0999999999999996, 0, 10.548950000000001, -2.10025, -0.0, -0.009324
21, 10.550000000000008, -2.1499999999999995, 0, 10.54925, -2.1499500000000005, -0.0, -0.009319
21, 10.550000000000008, -2.1999999999999993, 0, 10.548300000000001, -2.2004500000000005, -0.0, -0.009293
21, 10.550000000000008, -2.249999999999999, 0, 10.549700000000001, -2.2500500000000003, -0.0001, -0.009298
22, 10.500000000000007, -2.249999999999999, 0, 10.5006, -2.25, -0.00015000000000000001, -0.009334
22, 10.450000000000006, -2.249999999999999, 0, 10.449150000000001, -2.25, -0.0001, -0.009308
22, 10.400000000000006, -2.249999999999999, 0, 10.3998, -2.25, 0.00015000000000000001, -0.009324
22, 10.350000000000005, -2.249999999999999, 0, 10.35035, -2.25, 0.0002, -0.009303
22, 10.300000000000004, -2.249999999999999, 0, 10.29975, -2.2500999999999998, 0.0002, -0.00935
22, 10.250000000000004, -2.249999999999999, 0, 10.250200000000001, -2.25015, 5e-05, -0.009303
22, 10.200000000000003, -2.249999999999999, 0, 10.2, -2.2499000000000002, -0.0001, -0.00935
22, 10.150000000000002, -2.249999999999999, 0, 10.151150000000001, -2.2499000000000002, -0.0001, -0.009293
22, 10.100000000000001, -2.249999999999999, 0, 10.099950000000002, -2.25, -0.00015000000000000001, -0.009272
22, 10.05, -2.249999999999999, 0, 10.05025, -2.24995, -0.0001, -0.009329
22, 10.0, -2.249999999999999, 0, 10.000650000000002, -2.25015, -0.0, -0.009272
22, 9.95, -2.249999999999999, 0, 9.949800000000002, -2.25015, -0.0, -0.009329
22, 9.899999999999999, -2.249999999999999, 0, 9.899700000000001, -2.2500500000000003, -0.0, -0.009287
22, 9.849999999999998, -2.249999999999999, 0, 9.850050000000001, -2.2500500000000003, -0.0, -0.009324
22, 9.799999999999997, -2.249999999999999, 0, 9.801, -2.24995, -0.0, -0.009287
22, 9.749999999999996, -2.249999999999999, 0, 9.75075, -2.2499000000000002, 5e-05, -0.009314
22, 9.699999999999996, -2.249999999999999, 0, 9.6991, -2.25, 0.0001, -0.009319
22, 9.649999999999995, -2.249999999999999, 0, 9.650300000000001, -2.25, 5e-05, -0.009298
22, 9.599999999999994, -2.249999999999999, 0, 9.5997, -2.25, 0.0001, -0.009324
22, 9.549999999999994, -2.249999999999999, 0, 9.5493, -2.25, 5e-05, -0.00934
22, 9.499999999999993, -2.249999999999999, 0, 9.499, -2.25, 5e-05, -0.009282
22, 9.449999999999992, -2.249999999999999, 0, 9.449, -2.25, -5e-05, -0.009319
22, 9.449999999999992, -2.1999999999999993, 0, 9.4501, -2.1995500000000003, -0.0001, -0.009293
22, 9.449999999999992, -2.1499999999999995, 0, 9.4484, -2.1489000000000003, -5e-05, -0.009287
22, 9.449999999999992, -2.0999999999999996, 0, 9.45065, -2.1001, -0.0, -0.009282
22, 9.449999999999992, -2.05, 0, 9.45085, -2.0499500000000004, -0.0, -0.009314
22, 9.449999999999992, -1.9999999999999998, 0, 9.45, -2.00055, 5e-05, -0.009319
22, 9.449999999999992, -1.9499999999999997, 0, 9.4517, -1.95025, 0.0001, -0.009319
22, 9.449999999999992, -1.8999999999999997, 0, 9.44915, -1.89965, 0.0001, -0.009282
22, 9.449999999999992, -1.8499999999999996, 0, 9.45075, -1.84945, 5e-05, -0.009334
22, 9.449999999999992, -1.7999999999999996, 0, 9.45045, -1.7998000000000003, -0.0, -0.009324
22, 9.449999999999992, -1.7499999999999996, 0, 9.4514, -1.7496, -0.0, -0.009319
22, 9.449999999999992, -1.6999999999999995, 0, 9.4482, -1.7000500000000003, -0.0, -0.00934
22, 9.449999999999992, -1.6499999999999995, 0, 9.44965, -1.6502000000000001, -0.0, -0.009324
22, 9.449999999999992, -1.5999999999999994, 0, 9.4526, -1.6005, -0.0, -0.009282
22, 9.449999999999992, -1.5499999999999994, 0, 9.451649999999999, -1.5495500000000002, -0.0, -0.009334
22, 9.449999999999992, -1.4999999999999993, 0, 9.449800000000002, -1.50015, -5e-05, -0.00934
22, 9.449999999999992, -1.4499999999999993, 0, 9.450550000000002, -1.4493000000000003, -5e-05, -0.009287
22, 9.449999999999992, -1.3999999999999992, 0, 9.4512, -1.3994000000000002, -5e-05, -0.009314
22, 9.449999999999992, -1.3499999999999992, 0, 9.4517, -1.3505500000000001, -5e-05, -0.009293
22, 9.449999999999992, -1.2999999999999992, 0, 9.452300000000001, -1.3004, 0.00015000000000000001, -0.009319
22, 9.449999999999992, -1.2499999999999991, 0, 9.44915, -1.24975, 0.00015000000000000001, -0.009282
22, 9.449999999999992, -1.199999999999999, 0, 9.449300000000001, -1.20005, -0.0001, -0.009319
22, 9.449999999999992, -1.149999999999999, 0, 9.449399999999999, -1.1505, -0.0001, -0.009308
23, 9.499999999999993, -1.149999999999999, 0, 9.49905, -1.1494000000000002, -5e-05, -0.009324
23, 9.549999999999994, -1.149999999999999, 0, 9.5504, -1.15025, 0.00015000000000000001, -0.009293
23, 9.599999999999994, -1.149999999999999, 0, 9.5995, -1.1504, 0.00015000000000000001, -0.009345
23, 9.649999999999995, -1.149999999999999, 0, 9.6505, -1.14975, 0.00015000000000000001, -0.009303
23, 9.699999999999996, -1.149999999999999, 0, 9.700050000000001, -1.1503500000000002, 5e-05, -0.009319
23, 9.749999999999996, -1.149999999999999, 0, 9.749550000000001, -1.14995, -5e-05, -0.009319
23, 9.799999999999997, -1.149999999999999, 0, 9.7999, -1.1496000000000002, -0.0001, -0.009308
23, 9.849999999999998, -1.149999999999999, 0, 9.8506, -1.1502999999999999, -0.0001, -0.009314
23, 9.899999999999999, -1.149999999999999, 0, 9.89995, -1.15005, -5e-05, -0.009298
23, 9.95, -1.149999999999999, 0, 9.9502, -1.1498, -0.0, -0.009334
23, 10.0, -1.149999999999999, 0, 10.0006, -1.15015, 5e-05, -0.009282
23, 10.05, -1.149999999999999, 0, 10.04975, -1.14995, 5e-05, -0.009314
23, 10.100000000000001, -1.149999999999999, 0, 10.1005, -1.1499000000000001, 5e-05, -0.009277
23, 10.150000000000002, -1.149999999999999, 0, 10.149650000000001, -1.1502000000000001, -0.0, -0.009293
23, 10.200000000000003, -1.149999999999999, 0, 10.20045, -1.15, -5e-05, -0.009272
23, 10.250000000000004, -1.149999999999999, 0, 10.24975, -1.14985, -0.0001, -0.009303
23, 10.300000000000004, -1.149999999999999, 0, 10.3002, -1.1503500000000002, -0.0001, -0.009308
23, 10.350000000000005, -1.149999999999999, 0, 10.349650000000002, -1.14975, -0.0001, -0.009261
23, 10.400000000000006, -1.149999999999999, 0, 10.400400000000001, -1.14985, -0.0001, -0.009319
23, 10.450000000000006, -1.149999999999999, 0, 10.4502, -1.1499000000000001, 0.0001, -0.009293
23, 10.500000000000007, -1.149999999999999, 0, 10.49985, -1.14975, 0.00015000000000000001, -0.00934
23, 10.550000000000008, -1.149999999999999, 0, 10.5495, -1.15015, 5e-05, -0.009287
23, 10.600000000000009, -1.149999999999999, 0, 10.599950000000002, -1.15025, -0.0, -0.009324
23, 10.600000000000009, -1.199999999999999, 0, 10.601550000000001, -1.2004000000000001, -0.0, -0.009282
23, 10.600000000000009, -1.2499999999999991, 0, 10.6021, -1.2497, -0.0, -0.009345
23, 10.600000000000009, -1.2999999999999992, 0, 10.59875, -1.2998500000000002, -0.0, -0.009319
23, 10.600000000000009, -1.3499999999999992, 0, 10.598550000000001, -1.3503500000000002, -0.0, -0.009303
23, 10.600000000000009, -1.3999999999999992, 0, 10.6028, -1.4004, -0.0, -0.009324
23, 10.600000000000009, -1.4499999999999993, 0, 10.599900000000002, -1.44985, -0.0001, -0.009277
23, 10.600000000000009, -1.4999999999999993, 0, 10.601, -1.5001000000000002, -0.0001, -0.009334
23, 10.600000000000009, -1.5499999999999994, 0, 10.598650000000001, -1.55045, -0.00015000000000000001, -0.009298
23, 10.600000000000009, -1.5999999999999994, 0, 10.600650000000002, -1.6003000000000003, -5e-05, -0.00934
23, 10.600000000000009, -1.6499999999999995, 0, 10.598450000000001, -1.6506500000000002, -0.0, -0.009272
23, 10.600000000000009, -1.6999999999999995, 0, 10.598400000000002, -1.7000500000000003, 0.00015000000000000001, -0.009293
23, 10.600000000000009, -1.7499999999999996, 0, 10.599200000000002, -1.75, 0.00015000000000000001, -0.00934
23, 10.600000000000009, -1.7999999999999996, 0, 10.60125, -1.7998500000000002, -5e-05, -0.009329
23, 10.600000000000009, -1.8499999999999996, 0, 10.6006, -1.8501500000000002, -0.00015000000000000001, -0.009329
23, 10.600000000000009, -1.8999999999999997, 0, 10.600850000000001, -1.9, -0.00015000000000000001, -0.009298
23, 10.600000000000009, -1.9499999999999997, 0, 10.601, -1.95075, -0.0001, -0.009293
23, 10.600000000000009, -1.9999999999999998, 0, 10.6021, -2.0006, 0.0001, -0.00935
23, 10.600000000000009, -2.05, 0, 10.59955, -2.0504000000000002, 0.0002, -0.009329
23, 10.600000000000009, -2.0999999999999996, 0, 10.600200000000001, -2.09995, -0.0001, -0.009277
23, 10.600000000000009, -2.1499999999999995, 0, 10.600150000000001, -2.15025, -0.0001, -0.009272
23, 10.600000000000009, -2.1999999999999993, 0, 10.602300000000001, -2.20065, -0.0001, -0.009303
23, 10.600000000000009, -2.249999999999999, 0, 10.59875, -2.2506500000000003, -0.0, -0.009324
23, 10.600000000000009, -2.299999999999999, 0, 10.5982, -2.30005, -0.0, -0.009298
24, 10.550000000000008, -2.299999999999999, 0, 10.549900000000001, -2.30005, 5e-05, -0.009324
24, 10.500000000000007, -2.299999999999999, 0, 10.50045, -2.30005, 0.00015000000000000001, -0.009293
24, 10.450000000000006, -2.299999999999999, 0, 10.450700000000001, -2.3, 0.00015000000000000001, -0.009314
24, 10.400000000000006, -2.299999999999999, 0, 10.400400000000001, -2.2999500000000004, 5e-05, -0.009319
24, 10.350000000000005, -2.299999999999999, 0, 10.34975, -2.30005, -0.0001, -0.009303
24, 10.300000000000004, -2.299999999999999, 0, 10.300400000000002, -2.30005, -0.00015000000000000001, -0.009329
24, 10.250000000000004, -2.299999999999999, 0, 10.25025, -2.30005, -0.0, -0.009298
24, 10.200000000000003, -2.299999999999999, 0, 10.20015, -2.2999500000000004, -0.0, -0.00935
24, 10.150000000000002, -2.299999999999999, 0, 10.1498, -2.2999500000000004, 5e-05, -0.009298
24, 10.100000000000001, -2.299999999999999, 0, 10.10025, -2.3, 0.0002, -0.00934
24, 10.05, -2.299999999999999, 0, 10.050450000000001, -2.2999, 0.00015000000000000001, -0.009319
24, 10.0, -2.299999999999999, 0, 9.9995, -2.3001, 5e-05, -0.009303
24, 9.95, -2.299999999999999, 0, 9.950700000000001, -2.3001, -0.0, -0.009329
24, 9.899999999999999, -2.299999999999999, 0, 9.89985, -2.3001, -0.0, -0.009319
24, 9.849999999999998, -2.299999999999999, 0, 9.8503, -2.2999500000000004, -0.0, -0.009324
24, 9.799999999999997, -2.299999999999999, 0, 9.8, -2.2999500000000004, -5e-05, -0.009329
24, 9.749999999999996, -2.299999999999999, 0, 9.750050000000002, -2.3, -5e-05, -0.009314
24, 9.699999999999996, -2.299999999999999, 0, 9.69915, -2.3001, -5e-05, -0.009319
24, 9.649999999999995, -2.299999999999999, 0, 9.64865, -2.30005, -5e-05, -0.009298
24, 9.599999999999994, -2.299999999999999, 0, 9.600100000000001, -2.3, -0.0, -0.009267
24, 9.549999999999994, -2.299999999999999, 0, 9.54915, -2.2999500000000004, 5e-05, -0.009329
24, 9.499999999999993, -2.299999999999999, 0, 9.49875, -2.2999500000000004, 0.00015000000000000001, -0.009272
24, 9.449999999999992, -2.299999999999999, 0, 9.45065, -2.3, 0.0002, -0.00934
24, 9.399999999999991, -2.299999999999999, 0, 9.3993, -2.3, 5e-05, -0.009282
24, 9.399999999999991, -2.249999999999999, 0, 9.39905, -2.2503, -0.0001, -0.009298
24, 9.399999999999991, -2.1999999999999993, 0, 9.40135, -2.1993, -0.0001, -0.009329
24, 9.399999999999991, -2.1499999999999995, 0, 9.4001, -2.15035, 0.00015000000000000001, -0.009293
24, 9.399999999999991, -2.0999999999999996, 0, 9.4008, -2.1007000000000002, 5e-05, -0.009287
24, 9.399999999999991, -2.05, 0, 9.4009, -2.0496, 5e-05, -0.009334
24, 9.399999999999991, -1.9999999999999998, 0, 9.40035, -2.0, -0.00015000000000000001, -0.009267
24, 9.399999999999991, -1.9499999999999997, 0, 9.3989, -1.95, -0.0, -0.009303
24, 9.399999999999991, -1.8999999999999997, 0, 9.4017, -1.89995, 5e-05, -0.009298
24, 9.399999999999991, -1.8499999999999996, 0, 9.398700000000002, -1.8501500000000002, 0.00015000000000000001, -0.009298
24, 9.399999999999991, -1.7999999999999996, 0, 9.40015, -1.7997, 0.00015000000000000001, -0.009277
24, 9.399999999999991, -1.7499999999999996, 0, 9.398950000000001, -1.74925, 5e-05, -0.009324
24, 9.399999999999991, -1.6999999999999995, 0, 9.400300000000001, -1.7005500000000002, -0.0001, -0.009287
24, 9.399999999999991, -1.6499999999999995, 0, 9.39875, -1.6498000000000002, -0.00015000000000000001, -0.009293
24, 9.399999999999991, -1.5999999999999994, 0, 9.3996, -1.6002, -5e-05, -0.009287
24, 9.399999999999991, -1.5499999999999994, 0, 9.40185, -1.5497, 0.00015000000000000001, -0.009334
24, 9.399999999999991, -1.4999999999999993, 0, 9.401399999999999, -1.4999500000000001, 0.0001, -0.009287
24, 9.399999999999991, -1.4499999999999993, 0, 9.397450000000001, -1.4491500000000002, -0.0001, -0.009334
24, 9.399999999999991, -1.3999999999999992, 0, 9.39845, -1.39975, -0.00015000000000000001, -0.009298
24, 9.399999999999991, -1.3499999999999992, 0, 9.40185, -1.3506000000000002, -0.00015000000000000001, -0.009324
24, 9.399999999999991, -1.2999999999999992, 0, 9.402, -1.3005, 5e-05, -0.009293
24, 9.399999999999991, -1.2499999999999991, 0, 9.39715, -1.2497, 0.00015000000000000001, -0.009314
24, 9.399999999999991, -1.199999999999999, 0, 9.4009, -1.2003, 5e-05, -0.009293
24, 9.399999999999991, -1.149999999999999, 0, 9.3974, -1.14935, -0.0, -0.009334
24, 9.399999999999991, -1.099999999999999, 0, 9.401200000000001, -1.10075, -0.0001, -0.009282
25, 9.449999999999992, -1.099999999999999, 0, 9.45035, -1.1002, -0.0001, -0.00934
25, 9.499999999999993, -1.099999999999999, 0, 9.500399999999999, -1.1002, -0.0001, -0.009293
25, 9.549999999999994, -1.099999999999999, 0, 9.55005, -1.0994000000000002, -5e-05, -0.009334
25, 9.599999999999994, -1.099999999999999, 0, 9.5997, -1.0997000000000001, -5e-05, -0.009277
25, 9.649999999999995, -1.099999999999999, 0, 9.64995, -1.1001500000000002, 5e-05, -0.00934
25, 9.699999999999996, -1.099999999999999, 0, 9.699800000000002, -1.1002, 0.00015000000000000001, -0.009287
25, 9.749999999999996, -1.099999999999999, 0, 9.74915, -1.09955, 0.0001, -0.009345
25, 9.799999999999997, -1.099999999999999, 0, 9.799800000000001, -1.1002, -0.0, -0.009282
25, 9.849999999999998, -1.099999999999999, 0, 9.850800000000001, -1.10025, -0.0, -0.009314
25, 9.899999999999999, -1.099999999999999, 0, 9.900150000000002, -1.0998500000000002, -0.0, -0.009293
25, 9.95, -1.099999999999999, 0, 9.95025, -1.09965, -0.0, -0.009277
25, 10.0, -1.099999999999999, 0, 9.999400000000001, -1.10005, -0.0, -0.009324
25, 10.05, -1.099999999999999, 0, 10.0492, -1.1002, -0.0, -0.009282
25, 10.100000000000001, -1.099999999999999, 0, 10.10035, -1.1001, -0.0, -0.009324
25, 10.150000000000002, -1.099999999999999, 0, 10.14935, -1.1001, -0.0, -0.009324
25, 10.200000000000003, -1.099999999999999, 0, 10.200550000000002, -1.10025, -0.0, -0.009324
25, 10.250000000000004, -1.099999999999999, 0, 10.249300000000002, -1.1, -0.0, -0.009308
25, 10.300000000000004, -1.099999999999999, 0, 10.300600000000001, -1.0998500000000002, -0.0001, -0.009277
25, 10.350000000000005, -1.099999999999999, 0, 10.34975, -1.1002, -0.0001, -0.009272
25, 10.400000000000006, -1.099999999999999, 0, 10.399150000000002, -1.1002, -0.0001, -0.009329
25, 10.450000000000006, -1.099999999999999, 0, 10.451600000000001, -1.09975, -0.0001, -0.009277
25, 10.500000000000007, -1.099999999999999, 0, 10.498800000000001, -1.0997999999999999, -0.0, -0.009308
25, 10.550000000000008, -1.099999999999999, 0, 10.549400000000002, -1.1002, -0.0, -0.009298
25, 10.600000000000009, -1.099999999999999, 0, 10.600700000000002, -1.10005, -0.0, -0.009324
25, 10.65000000000001, -1.099999999999999, 0, 10.65025, -1.0997999999999999, -0.0, -0.009293
25, 10.65000000000001, -1.149999999999999, 0, 10.65155, -1.15015, -0.0, -0.009319
25, 10.65000000000001, -1.199999999999999, 0, 10.64825, -1.2002000000000002, -0.0, -0.009293
25, 10.65000000000001, -1.2499999999999991, 0, 10.6515, -1.24975, 5e-05, -0.00934
25, 10.65000000000001, -1.2999999999999992, 0, 10.65055, -1.2998500000000002, 5e-05, -0.009324
25, 10.65000000000001, -1.3499999999999992, 0, 10.648400000000002, -1.3506000000000002, -0.0, -0.009303
25, 10.65000000000001, -1.3999999999999992, 0, 10.6477, -1.39995, -0.0, -0.009314
25, 10.65000000000001, -1.4499999999999993, 0, 10.648800000000001, -1.4495500000000001, -5e-05, -0.009293
25, 10.65000000000001, -1.4999999999999993, 0, 10.65145, -1.5006000000000002, -0.0001, -0.009303
25, 10.65000000000001, -1.5499999999999994, 0, 10.6506, -1.5504, -5e-05, -0.009329
25, 10.65000000000001, -1.5999999999999994, 0, 10.64935, -1.6000500000000002, -0.0, -0.009282
25, 10.65000000000001, -1.6499999999999995, 0, 10.649550000000001, -1.6506500000000002, -0.0, -0.009303
25, 10.65000000000001, -1.6999999999999995, 0, 10.6514, -1.7005500000000002, -0.0, -0.009298
25, 10.65000000000001, -1.7499999999999996, 0, 10.648150000000001, -1.74865, -0.0, -0.009319
25, 10.65000000000001, -1.7999999999999996, 0, 10.648, -1.79975, -0.0, -0.009303
25, 10.65000000000001, -1.8499999999999996, 0, 10.647450000000001, -1.8500500000000002, 0.0001, -0.009298
25, 10.65000000000001, -1.8999999999999997, 0, 10.6501, -1.9002000000000001, 0.0001, -0.009308
25, 10.65000000000001, -1.9499999999999997, 0, 10.64785, -1.94985, -0.0, -0.009314
25, 10.65000000000001, -1.9999999999999998, 0, 10.647900000000002, -1.9992, -0.0, -0.009267
25, 10.65000000000001, -2.05, 0, 10.64935, -2.04965, -0.0, -0.009293
25, 10.65000000000001, -2.0999999999999996, 0, 10.649550000000001, -2.1003499999999997, -5e-05, -0.009293
25, 10.65000000000001, -2.1499999999999995, 0, 10.65245, -2.1499500000000005, -0.0001, -0.009308
25, 10.65000000000001, -2.1999999999999993, 0, 10.65025, -2.1999, -5e-05, -0.00934
25, 10.65000000000001, -2.249999999999999, 0, 10.64975, -2.24975, -0.0, -0.009293
25, 10.65000000000001, -2.299999999999999, 0, 10.650300000000001, -2.3003, -0.0, -0.009293
25, 10.65000000000001, -2.3499999999999988, 0, 10.64975, -2.3499, -5e-05, -0.009298
26, 10.600000000000009, -2.3499999999999988, 0, 10.60185, -2.3495999999999997, 0.0001, -0.009319
26, 10.550000000000008, -2.3499999999999988, 0, 10.55035, -2.34985, 0.00015000000000000001, -0.009329
26, 10.500000000000007, -2.3499999999999988, 0, 10.50115, -2.35005, 0.00015000000000000001, -0.009293
26, 10.450000000000006, -2.3499999999999988, 0, 10.449800000000002, -2.35005, 0.00015000000000000001, -0.009324
26, 10.400000000000006, -2.3499999999999988, 0, 10.39975, -2.35005, -5e-05, -0.009287
26, 10.350000000000005, -2.3499999999999988, 0, 10.3506, -2.34985, -0.0001, -0.009303
26, 10.300000000000004, -2.3499999999999988, 0, 10.3, -2.3499, -0.0001, -0.009329
26, 10.250000000000004, -2.3499999999999988, 0, 10.250650000000002, -2.34985, -0.0001, -0.009282
26, 10.200000000000003, -2.3499999999999988, 0, 10.2015, -2.34995, -5e-05, -0.009324
26, 10.150000000000002, -2.3499999999999988, 0, 10.1498, -2.35, -0.0, -0.009324
26, 10.100000000000001, -2.3499999999999988, 0, 10.100400000000002, -2.3501, -0.0, -0.009308
26, 10.05, -2.3499999999999988, 0, 10.05005, -2.35005, -0.0, -0.009287
26, 10.0, -2.3499999999999988, 0, 10.001050000000001, -2.3501, -0.0, -0.009324
26, 9.95, -2.3499999999999988, 0, 9.949800000000002, -2.3501, -0.0, -0.009303
26, 9.899999999999999, -2.3499999999999988, 0, 9.899, -2.34995, 0.0001, -0.009282
26, 9.849999999999998, -2.3499999999999988, 0, 9.8506, -2.3499, 0.0001, -0.009334
26, 9.799999999999997, -2.3499999999999988, 0, 9.7994, -2.34995, 0.0001, -0.009334
26, 9.749999999999996, -2.3499999999999988, 0, 9.7506, -2.35, -0.0, -0.009298
26, 9.699999999999996, -2.3499999999999988, 0, 9.69945, -2.35005, -5e-05, -0.009287
26, 9.649999999999995, -2.3499999999999988, 0, 9.6496, -2.35005, -0.0001, -0.009334
26, 9.599999999999994, -2.3499999999999988, 0, 9.59915, -2.34995, -5e-05, -0.009293
26, 9.549999999999994, -2.3499999999999988, 0, 9.55025, -2.34995, -5e-05, -0.009298
26, 9.499999999999993, -2.3499999999999988, 0, 9.500050000000002, -2.3499, -0.0001, -0.009298
26, 9.449999999999992, -2.3499999999999988, 0, 9.450800000000001, -2.34995, -0.0, -0.009329
26, 9.399999999999991, -2.3499999999999988, 0, 9.399149999999999, -2.34995, 5e-05, -0.009308
26, 9.34999999999999, -2.3499999999999988, 0, 9.349350000000001, -2.35, 0.00015000000000000001, -0.009282
26, 9.34999999999999, -2.299999999999999, 0, 9.349800000000002, -2.2999, 0.00015000000000000001, -0.009293
26, 9.34999999999999, -2.249999999999999, 0, 9.34915, -2.2500999999999998, -0.0, -0.009303
26, 9.34999999999999, -2.1999999999999993, 0, 9.3495, -2.19915, -0.0, -0.009319
26, 9.34999999999999, -2.1499999999999995, 0, 9.3491, -2.1503, -0.0001, -0.009314
26, 9.34999999999999, -2.0999999999999996, 0, 9.35065, -2.09925, -5e-05, -0.009298
26, 9.34999999999999, -2.05, 0, 9.3527, -2.05, -0.0, -0.009329
26, 9.34999999999999, -1.9999999999999998, 0, 9.3505, -2.0002, -0.0, -0.009324
26, 9.34999999999999, -1.9499999999999997, 0, 9.34915, -1.95025, -0.0, -0.009329
26, 9.34999999999999, -1.8999999999999997, 0, 9.34865, -1.90015, 5e-05, -0.009303
26, 9.34999999999999, -1.8499999999999996, 0, 9.3524, -1.8504, 0.00015000000000000001, -0.00935
26, 9.34999999999999, -1.7999999999999996, 0, 9.348300000000002, -1.79975, -0.0, -0.009324
26, 9.34999999999999, -1.7499999999999996, 0, 9.351300000000002, -1.74975, 5e-05, -0.009298
26, 9.34999999999999, -1.6999999999999995, 0, 9.350700000000002, -1.69975, -0.00015000000000000001, -0.009329
26, 9.34999999999999, -1.6499999999999995, 0, 9.34815, -1.6499000000000001, -0.00015000000000000001, -0.009293
26, 9.34999999999999, -1.5999999999999994, 0, 9.35125, -1.6003000000000003, -0.0001, -0.009334
26, 9.34999999999999, -1.5499999999999994, 0, 9.35195, -1.5498500000000002, -5e-05, -0.009277
26, 9.34999999999999, -1.4999999999999993, 0, 9.350850000000001, -1.4997, 0.0001, -0.009319
26, 9.34999999999999, -1.4499999999999993, 0, 9.3524, -1.44985, -0.0, -0.009287
26, 9.34999999999999, -1.3999999999999992, 0, 9.35135, -1.40015, -0.0001, -0.009282
26, 9.34999999999999, -1.3499999999999992, 0, 9.3497, -1.34995, -5e-05, -0.009293
26, 9.34999999999999, -1.2999999999999992, 0, 9.349350000000001, -1.2995500000000002, 0.00015000000000000001, -0.009303
26, 9.34999999999999, -1.2499999999999991, 0, 9.3522, -1.25, 0.0001, -0.009334
26, 9.34999999999999, -1.199999999999999, 0, 9.35, -1.2005, -0.0001, -0.009314
26, 9.34999999999999, -1.149999999999999, 0, 9.35115, -1.1505, -0.00015000000000000001, -0.009303
26, 9.34999999999999, -1.099999999999999, 0, 9.3504, -1.1002, -0.0, -0.009298
26, 9.34999999999999, -1.049999999999999, 0, 9.347050000000001, -1.0497999999999998, 0.00015000000000000001, -0.009282
27, 9.399999999999991, -1.049999999999999, 0, 9.39965, -1.04995, 0.00015000000000000001, -0.009314
27, 9.449999999999992, -1.049999999999999, 0, 9.449950000000001, -1.0502, -5e-05, -0.009308
27, 9.499999999999993, -1.049999999999999, 0, 9.5001, -1.0501, -0.0001, -0.009345
27, 9.549999999999994, -1.049999999999999, 0, 9.55015, -1.05, -0.0001, -0.009277
27, 9.599999999999994, -1.049999999999999, 0, 9.6, -1.05, -0.0001, -0.009298
27, 9.649999999999995, -1.049999999999999, 0, 9.65075, -1.05, -5e-05, -0.009329
27, 9.699999999999996, -1.049999999999999, 0, 9.70025, -1.05005, 5e-05, -0.009329
27, 9.749999999999996, -1.049999999999999, 0, 9.7499, -1.05005, 0.00015000000000000001, -0.009324
27, 9.799999999999997, -1.049999999999999, 0, 9.7999, -1.0501, 0.00015000000000000001, -0.009298
27, 9.849999999999998, -1.049999999999999, 0, 9.850650000000002, -1.05, 5e-05, -0.009319
27, 9.899999999999999, -1.049999999999999, 0, 9.8998, -1.0498500000000002, -0.0, -0.009324
27, 9.95, -1.049999999999999, 0, 9.9503, -1.0498500000000002, -5e-05, -0.009308
27, 10.0, -1.049999999999999, 0, 10.0001, -1.05, -0.0001, -0.009282
27, 10.05, -1.049999999999999, 0, 10.051050000000002, -1.0502, -0.0001, -0.009272
27, 10.100000000000001, -1.049999999999999, 0, 10.10075, -1.0502, -0.0001, -0.009319
27, 10.150000000000002, -1.049999999999999, 0, 10.151, -1.0497999999999998, -0.0001, -0.009282
27, 10.200000000000003, -1.049999999999999, 0, 10.1995, -1.0502, -0.0, -0.009329
27, 10.250000000000004, -1.049999999999999, 0, 10.249300000000002, -1.0502, 0.00015000000000000001, -0.009287
27, 10.300000000000004, -1.049999999999999, 0, 10.299150000000001, -1.05, 0.00015000000000000001, -0.009334
27, 10.350000000000005, -1.049999999999999, 0, 10.350900000000001, -1.0503, -0.0, -0.009329
27, 10.400000000000006, -1.049999999999999, 0, 10.399150000000002, -1.05045, -0.0, -0.009287
27, 10.450000000000006, -1.049999999999999, 0, 10.450400000000002, -1.0496500000000002, -0.0, -0.009293
27, 10.500000000000007, -1.049999999999999, 0, 10.498800000000001, -1.0501, -0.0, -0.009314
27, 10.550000000000008, -1.049999999999999, 0, 10.549900000000001, -1.0501, -0.0001, -0.009282
27, 10.600000000000009, -1.049999999999999, 0, 10.599350000000001, -1.04995, -0.0001, -0.009324
27, 10.65000000000001, -1.049999999999999, 0, 10.64935, -1.04975, -0.0001, -0.009298
27, 10.70000000000001, -1.049999999999999, 0, 10.69955, -1.0503, -0.0001, -0.009319
27, 10.70000000000001, -1.099999999999999, 0, 10.699050000000002, -1.1006500000000001, -5e-05, -0.009287
27, 10.70000000000001, -1.149999999999999, 0, 10.699650000000002, -1.15, 0.00015000000000000001, -0.009298
27, 10.70000000000001, -1.199999999999999, 0, 10.700800000000001, -1.1999000000000002, -5e-05, -0.009298
27, 10.70000000000001, -1.2499999999999991, 0, 10.699650000000002, -1.25005, -0.0001, -0.00934
27, 10.70000000000001, -1.2999999999999992, 0, 10.6988, -1.3001, -0.0001, -0.009334
27, 10.70000000000001, -1.3499999999999992, 0, 10.7006, -1.3500500000000002, 0.0001, -0.009319
27, 10.70000000000001, -1.3999999999999992, 0, 10.69865, -1.4003, 0.0001, -0.009319
27, 10.70000000000001, -1.4499999999999993, 0, 10.6994, -1.45, -0.0, -0.009293
27, 10.70000000000001, -1.4999999999999993, 0, 10.69875, -1.50035, -0.0001, -0.009298
27, 10.70000000000001, -1.5499999999999994, 0, 10.701900000000002, -1.55065, -0.0001, -0.009282
27, 10.70000000000001, -1.5999999999999994, 0, 10.6986, -1.6000500000000002, -0.0001, -0.009319
27, 10.70000000000001, -1.6499999999999995, 0, 10.698300000000001, -1.6500500000000002, -0.0001, -0.009324
27, 10.70000000000001, -1.6999999999999995, 0, 10.701300000000002, -1.70075, -0.0, -0.00934
27, 10.70000000000001, -1.7499999999999996, 0, 10.699900000000001, -1.74975, 0.00015000000000000001, -0.009298
27, 10.70000000000001, -1.7999999999999996, 0, 10.702050000000002, -1.7998500000000002, 0.0001, -0.009282
27, 10.70000000000001, -1.8499999999999996, 0, 10.698300000000001, -1.8502, -5e-05, -0.00935
27, 10.70000000000001, -1.8999999999999997, 0, 10.69975, -1.90025, -0.0001, -0.009293
27, 10.70000000000001, -1.9499999999999997, 0, 10.6966, -1.9499000000000002, -0.0001, -0.009308
27, 10.70000000000001, -1.9999999999999998, 0, 10.697550000000001, -2.0008500000000002, -0.0, -0.009277
27, 10.70000000000001, -2.05, 0, 10.70015, -2.05025, 0.00015000000000000001, -0.009277
27, 10.70000000000001, -2.0999999999999996, 0, 10.70035, -2.09995, -0.0, -0.009308
27, 10.70000000000001, -2.1499999999999995, 0, 10.70315, -2.15075, -5e-05, -0.009298
27, 10.70000000000001, -2.1999999999999993, 0, 10.69885, -2.2002, -5e-05, -0.009324
27, 10.70000000000001, -2.249999999999999, 0, 10.701400000000001, -2.2499000000000002, -5e-05, -0.009282
27, 10.70000000000001, -2.299999999999999, 0, 10.699800000000002, -2.30005, -0.0, -0.009303
27, 10.70000000000001, -2.3499999999999988, 0, 10.699300000000001, -2.3503499999999997, -0.0, -0.009277
27, 10.70000000000001, -2.3999999999999986, 0, 10.7, -2.3996, -0.0, -0.009282
28, 10.65000000000001, -2.3999999999999986, 0, 10.65095, -2.4003, 5e-05, -0.009334
28, 10.600000000000009, -2.3999999999999986, 0, 10.599050000000002, -2.39975, 0.0001, -0.009324
28, 10.550000000000008, -2.3999999999999986, 0, 10.550550000000001, -2.3996, 0.0001, -0.009324
28, 10.500000000000007, -2.3999999999999986, 0, 10.500800000000002, -2.40015, 0.0001, -0.009287
28, 10.450000000000006, -2.3999999999999986, 0, 10.450700000000001, -2.40015, -0.0, -0.009334
28, 10.400000000000006, -2.3999999999999986, 0, 10.399550000000001, -2.3996500000000003, -0.0, -0.009308
28, 10.350000000000005, -2.3999999999999986, 0, 10.350900000000001, -2.40015, -0.0, -0.009329
28, 10.300000000000004, -2.3999999999999986, 0, 10.2996, -2.4000500000000002, -0.0, -0.009324
28, 10.250000000000004, -2.3999999999999986, 0, 10.250050000000002, -2.3999500000000005, -0.0, -0.009329
28, 10.200000000000003, -2.3999999999999986, 0, 10.201550000000001, -2.3997, -5e-05, -0.009282
28, 10.150000000000002, -2.3999999999999986, 0, 10.15155, -2.3997, -0.0001, -0.009334
28, 10.100000000000001, -2.3999999999999986, 0, 10.100200000000001, -2.4000500000000002, -0.0001, -0.009287
28, 10.05, -2.3999999999999986, 0, 10.049850000000001, -2.4001, -0.0001, -0.009319
28, 10.0, -2.3999999999999986, 0, 9.999900000000002, -2.3999500000000005, -0.0, -0.009324
28, 9.95, -2.3999999999999986, 0, 9.9497, -2.3999500000000005, -0.0, -0.009277
28, 9.899999999999999, -2.3999999999999986, 0, 9.89905, -2.3999, -0.0, -0.009314
28, 9.849999999999998, -2.3999999999999986, 0, 9.850800000000001, -2.4, -0.0, -0.009287
28, 9.799999999999997, -2.3999999999999986, 0, 9.7996, -2.4001, 0.0001, -0.00934
28, 9.749999999999996, -2.3999999999999986, 0, 9.75065, -2.40015, 5e-05, -0.009287
28, 9.699999999999996, -2.3999999999999986, 0, 9.700550000000002, -2.3999500000000005, 0.0001, -0.009287
28, 9.649999999999995, -2.3999999999999986, 0, 9.65, -2.3999, 5e-05, -0.009303
28, 9.599999999999994, -2.3999999999999986, 0, 9.600100000000001, -2.3999, 5e-05, -0.009329
28, 9.549999999999994, -2.3999999999999986, 0, 9.5505, -2.39985, -0.0, -0.009287
28, 9.499999999999993, -2.3999999999999986, 0, 9.4999, -2.4, -0.0, -0.009319
28, 9.449999999999992, -2.3999999999999986, 0, 9.450149999999999, -2.4, -0.0, -0.009319
28, 9.399999999999991, -2.3999999999999986, 0, 9.39905, -2.40015, -5e-05, -0.00936
28, 9.34999999999999, -2.3999999999999986, 0, 9.34895, -2.40015, -5e-05, -0.009282
28, 9.29999999999999, -2.3999999999999986, 0, 9.3007, -2.4, -0.0001, -0.009319
28, 9.29999999999999, -2.3499999999999988, 0, 9.30125, -2.3504500000000004, -5e-05, -0.009298
28, 9.29999999999999, -2.299999999999999, 0, 9.30095, -2.3004000000000002, -5e-05, -0.009334
28, 9.29999999999999, -2.249999999999999, 0, 9.298800000000002, -2.2505, 5e-05, -0.009308
28, 9.29999999999999, -2.1999999999999993, 0, 9.30115, -2.1995, 0.00015000000000000001, -0.009324
28, 9.29999999999999, -2.1499999999999995, 0, 9.30015, -2.14895, 0.00015000000000000001, -0.00934
28, 9.29999999999999, -2.0999999999999996, 0, 9.29855, -2.0991500000000003, -5e-05, -0.009334
28, 9.29999999999999, -2.05, 0, 9.301350000000001, -2.0503, -0.0001, -0.009293
28, 9.29999999999999, -1.9999999999999998, 0, 9.300600000000001, -1.9996500000000001, -0.00015000000000000001, -0.009287
28, 9.29999999999999, -1.9499999999999997, 0, 9.3023, -1.94995, -5e-05, -0.009314
28, 9.29999999999999, -1.8999999999999997, 0, 9.30115, -1.90015, 0.00015000000000000001, -0.009303
28, 9.29999999999999, -1.8499999999999996, 0, 9.2996, -1.8506500000000001, 5e-05, -0.009329
28, 9.29999999999999, -1.7999999999999996, 0, 9.2989, -1.79865, 5e-05, -0.009287
28, 9.29999999999999, -1.7499999999999996, 0, 9.3005, -1.7496500000000001, -0.0001, -0.009334
28, 9.29999999999999, -1.6999999999999995, 0, 9.30025, -1.70075, -0.0001, -0.009282
28, 9.29999999999999, -1.6499999999999995, 0, 9.299550000000002, -1.64985, -0.0001, -0.009282
28, 9.29999999999999, -1.5999999999999994, 0, 9.298300000000001, -1.6002, -0.0001, -0.009324
28, 9.29999999999999, -1.5499999999999994, 0, 9.3001, -1.5495, -5e-05, -0.009314
28, 9.29999999999999, -1.4999999999999993, 0, 9.29995, -1.4997, -0.0, -0.009287
28, 9.29999999999999, -1.4499999999999993, 0, 9.30145, -1.4495, -5e-05, -0.009293
28, 9.29999999999999, -1.3999999999999992, 0, 9.2981, -1.40045, 0.00015000000000000001, -0.009314
28, 9.29999999999999, -1.3499999999999992, 0, 9.300450000000001, -1.3507, 0.00015000000000000001, -0.009334
28, 9.29999999999999, -1.2999999999999992, 0, 9.30035, -1.2993500000000002, -0.0, -0.009298
28, 9.29999999999999, -1.2499999999999991, 0, 9.29935, -1.25095, -0.0, -0.009303
28, 9.29999999999999, -1.199999999999999, 0, 9.3, -1.20025, -0.0, -0.009345
28, 9.29999999999999, -1.149999999999999, 0, 9.2999, -1.1499000000000001, -0.0, -0.009303
28, 9.29999999999999, -1.099999999999999, 0, 9.300300000000002, -1.10005, -0.0001, -0.009298
28, 9.29999999999999, -1.049999999999999, 0, 9.302100000000001, -1.05, -0.00015000000000000001, -0.00934
28, 9.29999999999999, -0.9999999999999989, 0, 9.2971, -0.99995, -5e-05, -0.009287
29, 9.34999999999999, -0.9999999999999989, 0, 9.35, -1.00005, 5e-05, -0.009319
29, 9.399999999999991, -0.9999999999999989, 0, 9.4011, -1.0, 0.0001, -0.009324
29, 9.449999999999992, -0.9999999999999989, 0, 9.44935, -1.0, 0.00015000000000000001, -0.009314
29, 9.499999999999993, -0.9999999999999989, 0, 9.5005, -1.0, 0.00015000000000000001, -0.009272
29, 9.549999999999994, -0.9999999999999989, 0, 9.5511, -1.00015, 0.0001, -0.009324
29, 9.599999999999994, -0.9999999999999989, 0, 9.600050000000001, -1.0001, 5e-05, -0.009272
29, 9.649999999999995, -0.9999999999999989, 0, 9.6489, -0.99995, -0.0, -0.009329
29, 9.699999999999996, -0.9999999999999989, 0, 9.69955, -0.9998, -0.0001, -0.009298
29, 9.749999999999996, -0.9999999999999989, 0, 9.750050000000002, -1.00035, -0.0001, -0.009287
29, 9.799999999999997, -0.9999999999999989, 0, 9.8, -1.00005, -0.0001, -0.009261
29, 9.849999999999998, -0.9999999999999989, 0, 9.850550000000002, -0.9997, -0.0, -0.009287
29, 9.899999999999999, -0.9999999999999989, 0, 9.8998, -1.0005, -0.0, -0.009324
29, 9.95, -0.9999999999999989, 0, 9.949, -1.0005, 5e-05, -0.009293
29, 10.0, -0.9999999999999989, 0, 9.999550000000001, -0.99985, 0.00015000000000000001, -0.009277
29, 10.05, -0.9999999999999989, 0, 10.049550000000002, -0.9998, 0.00015000000000000001, -0.009293
29, 10.100000000000001, -0.9999999999999989, 0, 10.0996, -1.0, 0.0001, -0.009272
29, 10.150000000000002, -0.9999999999999989, 0, 10.1498, -1.0003, -5e-05, -0.009261
29, 10.200000000000003, -0.9999999999999989, 0, 10.199650000000002, -1.0, -0.0001, -0.00935
29, 10.250000000000004, -0.9999999999999989, 0, 10.250050000000002, -0.99995, -0.0001, -0.009314
29, 10.300000000000004, -0.9999999999999989, 0, 10.30025, -1.0, -0.0, -0.009287
29, 10.350000000000005, -0.9999999999999989, 0, 10.34975, -1.00005, 0.0001, -0.009324
29, 10.400000000000006, -0.9999999999999989, 0, 10.39995, -1.0001, 0.00015000000000000001, -0.009282
29, 10.450000000000006, -0.9999999999999989, 0, 10.45015, -1.0001, -0.0, -0.009329
29, 10.500000000000007, -0.9999999999999989, 0, 10.5005, -1.00005, -5e-05, -0.009282
29, 10.550000000000008, -0.9999999999999989, 0, 10.54845, -1.00005, -0.0001, -0.009329
29, 10.600000000000009, -0.9999999999999989, 0, 10.599450000000001, -1.0, -0.0001, -0.009319
29, 10.65000000000001, -0.9999999999999989, 0, 10.6506, -0.9999000000000001, -0.0001, -0.009314
29, 10.70000000000001, -0.9999999999999989, 0, 10.70015, -0.9999000000000001, -0.00015000000000000001, -0.009287
29, 10.75000000000001, -0.9999999999999989, 0, 10.749900000000002, -1.0, 5e-05, -0.009272
29, 10.75000000000001, -1.049999999999999, 0, 10.747950000000001, -1.0505, 0.00015000000000000001, -0.009319
29, 10.75000000000001, -1.099999999999999, 0, 10.747800000000002, -1.09965, 0.00015000000000000001, -0.009277
29, 10.75000000000001, -1.149999999999999, 0, 10.75075, -1.1499000000000001, -0.0, -0.009303
29, 10.75000000000001, -1.199999999999999, 0, 10.7482, -1.2001000000000002, -0.0001, -0.009298
29, 10.75000000000001, -1.2499999999999991, 0, 10.750800000000002, -1.2499500000000001, -0.0001, -0.009282
29, 10.75000000000001, -1.2999999999999992, 0, 10.74835, -1.3001, -0.0001, -0.009319
29, 10.75000000000001, -1.3499999999999992, 0, 10.74785, -1.35, -0.0, -0.009293
29, 10.75000000000001, -1.3999999999999992, 0, 10.7528, -1.40015, -0.0, -0.009319
29, 10.75000000000001, -1.4499999999999993, 0, 10.750200000000001, -1.45025, -0.0, -0.009272
29, 10.75000000000001, -1.4999999999999993, 0, 10.74965, -1.50045, -0.0, -0.009308
29, 10.75000000000001, -1.5499999999999994, 0, 10.750200000000001, -1.5506000000000002, 0.00015000000000000001, -0.009287
29, 10.75000000000001, -1.5999999999999994, 0, 10.747900000000001, -1.6001500000000002, 0.00015000000000000001, -0.009314
29, 10.75000000000001, -1.6499999999999995, 0, 10.75225, -1.6512, 0.0001, -0.009287
29, 10.75000000000001, -1.6999999999999995, 0, 10.7497, -1.7004000000000001, -0.0001, -0.009293
29, 10.75000000000001, -1.7499999999999996, 0, 10.7482, -1.7495500000000002, -0.0001, -0.009334
29, 10.75000000000001, -1.7999999999999996, 0, 10.752900000000002, -1.79995, -0.0001, -0.009282
29, 10.75000000000001, -1.8499999999999996, 0, 10.74875, -1.8500500000000002, -0.0001, -0.009314
29, 10.75000000000001, -1.8999999999999997, 0, 10.74925, -1.90015, -5e-05, -0.009308
29, 10.75000000000001, -1.9499999999999997, 0, 10.7505, -1.9501000000000002, 0.00015000000000000001, -0.009277
29, 10.75000000000001, -1.9999999999999998, 0, 10.74985, -2.00045, 5e-05, -0.009293
29, 10.75000000000001, -2.05, 0, 10.748550000000002, -2.04955, -5e-05, -0.009319
29, 10.75000000000001, -2.0999999999999996, 0, 10.750900000000001, -2.1002, -0.0001, -0.009319
29, 10.75000000000001, -2.1499999999999995, 0, 10.749900000000002, -2.1501, -0.0001, -0.009282
29, 10.75000000000001, -2.1999999999999993, 0, 10.7486, -2.2002, -5e-05, -0.009334
29, 10.75000000000001, -2.249999999999999, 0, 10.75085, -2.2499000000000002, 0.00015000000000000001, -0.009287
29, 10.75000000000001, -2.299999999999999, 0, 10.748700000000001, -2.3007000000000004, -5e-05, -0.009314
29, 10.75000000000001, -2.3499999999999988, 0, 10.749150000000002, -2.3505, -0.0001, -0.009277
29, 10.75000000000001, -2.3999999999999986, 0, 10.750050000000002, -2.39975, -0.0001, -0.009293
29, 10.75000000000001, -2.4499999999999984, 0, 10.752150000000002, -2.4509000000000003, -5e-05, -0.009329
30, 10.70000000000001, -2.4499999999999984, 0, 10.6991, -2.4498, -0.0, -0.009287
30, 10.65000000000001, -2.4499999999999984, 0, 10.651, -2.45, -0.0, -0.00934
30, 10.600000000000009, -2.4499999999999984, 0, 10.600800000000001, -2.45005, -0.0, -0.009324
30, 10.550000000000008, -2.4499999999999984, 0, 10.550400000000002, -2.4504, -0.0, -0.009298
30, 10.500000000000007, -2.4499999999999984, 0, 10.50195, -2.4501, -0.0, -0.009293
30, 10.450000000000006, -2.4499999999999984, 0, 10.450400000000002, -2.4499500000000003, -0.0, -0.009334
30, 10.400000000000006, -2.4499999999999984, 0, 10.4001, -2.44985, 5e-05, -0.009287
30, 10.350000000000005, -2.4499999999999984, 0, 10.350650000000002, -2.4499500000000003, 5e-05, -0.009287
30, 10.300000000000004, -2.4499999999999984, 0, 10.300150000000002, -2.45, 5e-05, -0.009308
30, 10.250000000000004, -2.4499999999999984, 0, 10.251050000000001, -2.45, -0.0, -0.009298
30, 10.200000000000003, -2.4499999999999984, 0, 10.2009, -2.45, -0.0, -0.009282
30, 10.150000000000002, -2.4499999999999984, 0, 10.149550000000001, -2.45, -0.0, -0.009308
30, 10.100000000000001, -2.4499999999999984, 0, 10.099650000000002, -2.4499500000000003, -0.0001, -0.009324
30, 10.05, -2.4499999999999984, 0, 10.05005, -2.45005, -0.0001, -0.009319
30, 10.0, -2.4499999999999984, 0, 10.00085, -2.4499500000000003, -0.00015000000000000001, -0.009319
30, 9.95, -2.4499999999999984, 0, 9.9502, -2.4499500000000003, -5e-05, -0.009293
30, 9.899999999999999, -2.4499999999999984, 0, 9.8996, -2.4499, 5e-05, -0.009334
30, 9.849999999999998, -2.4499999999999984, 0, 9.85035, -2.4501, 0.0001, -0.009277
30, 9.799999999999997, -2.4499999999999984, 0, 9.8002, -2.45005, 0.00015000000000000001, -0.009319
30, 9.749999999999996, -2.4499999999999984, 0, 9.75045, -2.45, 0.0001, -0.009282
30, 9.699999999999996, -2.4499999999999984, 0, 9.70045, -2.45005, -5e-05, -0.009319
30, 9.649999999999995, -2.4499999999999984, 0, 9.6506, -2.44985, -0.0001, -0.009267
30, 9.599999999999994, -2.4499999999999984, 0, 9.5996, -2.44985, -0.0001, -0.009319
30, 9.549999999999994, -2.4499999999999984, 0, 9.54995, -2.44985, -0.00015000000000000001, -0.009293
30, 9.499999999999993, -2.4499999999999984, 0, 9.50015, -2.45, -0.00015000000000000001, -0.009314
30, 9.449999999999992, -2.4499999999999984, 0, 9.4487, -2.45005, -5e-05, -0.009282
30, 9.399999999999991, -2.4499999999999984, 0, 9.399899999999999, -2.45, 0.00015000000000000001, -0.00934
30, 9.34999999999999, -2.4499999999999984, 0, 9.3491, -2.45, 0.00015000000000000001, -0.009287
30, 9.29999999999999, -2.4499999999999984, 0, 9.29975, -2.45005, 0.00015000000000000001, -0.009324
30, 9.24999999999999, -2.4499999999999984, 0, 9.25, -2.4499500000000003, -0.0, -0.009329
30, 9.24999999999999, -2.3999999999999986, 0, 9.249600000000001, -2.39975, -0.0, -0.009319
30, 9.24999999999999, -2.3499999999999988, 0, 9.2513, -2.35025, -0.0, -0.009272
30, 9.24999999999999, -2.299999999999999, 0, 9.248850000000001, -2.3007000000000004, -0.0001, -0.009345
30, 9.24999999999999, -2.249999999999999, 0, 9.25225, -2.2497000000000003, -0.0001, -0.009277
30, 9.24999999999999, -2.1999999999999993, 0, 9.2519, -2.1998, -0.0001, -0.009287
30, 9.24999999999999, -2.1499999999999995, 0, 9.2484, -2.1499500000000005, -0.0, -0.009324
30, 9.24999999999999, -2.0999999999999996, 0, 9.2495, -2.10005, 0.00015000000000000001, -0.009329
30, 9.24999999999999, -2.05, 0, 9.25205, -2.0505, 5e-05, -0.009282
30, 9.24999999999999, -1.9999999999999998, 0, 9.250950000000001, -2.0001, -5e-05, -0.009282
30, 9.24999999999999, -1.9499999999999997, 0, 9.25295, -1.9507, -0.0001, -0.009267
30, 9.24999999999999, -1.8999999999999997, 0, 9.2482, -1.89995, -0.0001, -0.009287
30, 9.24999999999999, -1.8499999999999996, 0, 9.251050000000001, -1.8506000000000002, -0.0001, -0.009314
30, 9.24999999999999, -1.7999999999999996, 0, 9.24975, -1.7998000000000003, -0.0, -0.009287
30, 9.24999999999999, -1.7499999999999996, 0, 9.24985, -1.7499, 0.0001, -0.009303
30, 9.24999999999999, -1.6999999999999995, 0, 9.251100000000001, -1.70045, 0.0001, -0.009319
30, 9.24999999999999, -1.6499999999999995, 0, 9.24935, -1.649, 0.00015000000000000001, -0.009298
30, 9.24999999999999, -1.5999999999999994, 0, 9.25135, -1.6006000000000002, 5e-05, -0.009319
30, 9.24999999999999, -1.5499999999999994, 0, 9.24925, -1.55025, -0.00015000000000000001, -0.009314
30, 9.24999999999999, -1.4999999999999993, 0, 9.2512, -1.5007000000000001, 0.00015000000000000001, -0.009293
30, 9.24999999999999, -1.4499999999999993, 0, 9.249, -1.4496000000000002, -5e-05, -0.009334
30, 9.24999999999999, -1.3999999999999992, 0, 9.2482, -1.3996000000000002, -0.0001, -0.009324
30, 9.24999999999999, -1.3499999999999992, 0, 9.2516, -1.3508000000000002, -0.0001, -0.009282
30, 9.24999999999999, -1.2999999999999992, 0, 9.251149999999999, -1.2998500000000002, -5e-05, -0.009293
30, 9.24999999999999, -1.2499999999999991, 0, 9.24925, -1.2507000000000001, 5e-05, -0.009277
30, 9.24999999999999, -1.199999999999999, 0, 9.24925, -1.19965, 0.0002, -0.009287
30, 9.24999999999999, -1.149999999999999, 0, 9.2501, -1.1502999999999999, -0.0, -0.009287
30, 9.24999999999999, -1.099999999999999, 0, 9.251, -1.1001, -0.00015000000000000001, -0.009334
30, 9.24999999999999, -1.049999999999999, 0, 9.24775, -1.0496, -0.00015000000000000001, -0.009298
30, 9.24999999999999, -0.9999999999999989, 0, 9.248149999999999, -0.9999000000000001, -0.0001, -0.009324
30, 9.24999999999999, -0.9499999999999988, 0, 9.250800000000002, -0.9499000000000001, -0.0, -0.009287
0, 10, -1.7, 0.1, 9.2499, -0.9498000000000001, -0.0, -0.009329
