0, -0.01345, -1, -1, 0.00035000000000000005, 0.1999, -0.00025, -0.005966
1, 0.18655000000000002, -1, -1, 0.18885000000000002, -1.0029000000000001, -1.0036, -0.006456
1, 0.18655000000000002, -1.2, -1, 0.18735000000000002, -1.2011, -1.00075, -0.006946
2, -0.01344999999999999, -1.2, -1, -0.01425, -1.20075, -0.9998, -0.0062
2, -0.21345, -1.2, -1, -0.215, -1.19985, -0.9997, -0.006169
2, -0.21345, -1.0, -1, -0.21505000000000002, -0.9988, -0.9997, -0.005283
2, -0.21345, -0.8, -1, -0.21375, -0.7978000000000001, -0.9997, -0.003828
3, -0.01344999999999999, -0.8, -1, -0.01125, -0.7998500000000001, -0.99985, -0.00461
3, 0.18655000000000002, -0.8, -1, 0.18685000000000002, -0.7998500000000001, -1.00015, -0.005814
3, 0.38655000000000006, -0.8, -1, 0.38255, -0.79995, -1.00035, -0.006899
3, 0.38655000000000006, -1.0, -1, 0.38730000000000003, -1.0019, -1.00035, -0.007707
3, 0.38655000000000006, -1.2, -1, 0.38785000000000003, -1.2012, -1.0001, -0.007786
3, 0.38655000000000006, -1.4, -1, 0.38720000000000004, -1.39765, -0.99995, -0.007144
4, 0.18655000000000005, -1.4, -1, 0.18965, -1.39945, -0.9999000000000001, -0.00644
4, -0.013449999999999962, -1.4, -1, -0.0143, -1.39975, -0.9999000000000001, -0.006106
4, -0.21344999999999997, -1.4, -1, -0.2149, -1.4007, -0.9999000000000001, -0.006529
4, -0.41345, -1.4, -1, -0.4133, -1.4003, -0.9999000000000001, -0.007301
4, -0.41345, -1.2, -1, -0.4135, -1.4003500000000002, -0.99995, -0.007363
4, -0.41345, -1.0, -1, -0.41440000000000005, -1.0016, -0.99995, -0.005741
4, -0.41345, -0.8, -1, -0.41365, -0.7981500000000001, -0.99995, -0.004167
4, -0.41345, -0.6000000000000001, -1, -0.4135, -0.60175, -1.0, -0.002712
5, -0.21344999999999997, -0.6000000000000001, -1, -0.21395000000000003, -0.5999500000000001, -0.99995, -0.002712
5, -0.013449999999999962, -0.6000000000000001, -1, -0.011, -0.5997, -1.0, -0.003635
5, 0.18655000000000005, -0.6000000000000001, -1, 0.18645, -0.5999500000000001, -0.99995, -0.00511
5, 0.38655000000000006, -0.6000000000000001, -1, 0.38325, -0.60015, -1.0001, -0.006127
5, 0.5865500000000001, -0.6000000000000001, -1, 0.5888000000000001, -0.60025, -1.0002, -0.0062
5, 0.5865500000000001, -0.8, -1, 0.58775, -0.79725, -1.0002, -0.007228
5, 0.5865500000000001, -1.0, -1, 0.5860500000000001, -1.0019500000000001, -1.00025, -0.008276
5, 0.5865500000000001, -1.2, -1, 0.5860500000000001, -1.20095, -1.00015, -0.008557
5, 0.5865500000000001, -1.4, -1, 0.5873999999999999, -1.39795, -0.9999000000000001, -0.007932
5, 0.5865500000000001, -1.5999999999999999, -1, 0.58675, -1.6004500000000002, -0.9998, -0.006722
6, 0.3865500000000001, -1.5999999999999999, -1, 0.385, -1.6004500000000002, -0.9998, -0.005616
6, 0.1865500000000001, -1.5999999999999999, -1, 0.18995, -1.59995, -0.9998, -0.00498
6, -0.013449999999999906, -1.5999999999999999, -1, -0.014450000000000001, -1.59995, -0.99985, -0.005079
6, -0.21344999999999992, -1.5999999999999999, -1, -0.21480000000000002, -1.59995, -0.9999000000000001, -0.005825
6, -0.41344999999999993, -1.5999999999999999, -1, -0.41320000000000007, -1.6000500000000002, -1.00005, -0.006988
6, -0.6134499999999999, -1.5999999999999999, -1, -0.61625, -1.6002, -1.0002, -0.007937
6, -0.6134499999999999, -1.4, -1, -0.6143000000000001, -1.4003, -1.0002, -0.008276
6, -0.6134499999999999, -1.2, -1, -0.613, -1.2018, -1.0002, -0.007702
6, -0.6134499999999999, -1.0, -1, -0.61325, -0.9989000000000001, -1.0002, -0.006508
6, -0.6134499999999999, -0.8, -1, -0.61355, -0.7986, -1.00005, -0.004944
6, -0.6134499999999999, -0.6000000000000001, -1, -0.6137, -0.60175, -0.99995, -0.003702
6, -0.6134499999999999, -0.4000000000000001, -1, -0.61355, -0.39975, -0.9999000000000001, -0.002967
7, -0.41344999999999993, -0.4000000000000001, -1, -0.41040000000000004, -0.3996, -0.9999000000000001, -0.002065
7, -0.21344999999999992, -0.4000000000000001, -1, -0.21475, -0.39990000000000003, -0.9999000000000001, -0.002117
7, -0.013449999999999906, -0.4000000000000001, -1, -0.011100000000000002, -0.4001, -0.9999000000000001, -0.003223
7, 0.1865500000000001, -0.4000000000000001, -1, 0.18725, -0.40015000000000006, -0.9999000000000001, -0.004745
7, 0.3865500000000001, -0.4000000000000001, -1, 0.3836, -0.40005, -0.99985, -0.00558
7, 0.5865500000000001, -0.4000000000000001, -1, 0.58885, -0.39985000000000004, -0.99985, -0.005512
7, 0.7865500000000001, -0.4000000000000001, -1, 0.7888000000000001, -0.39975, -0.99995, -0.004798
7, 0.7865500000000001, -0.6000000000000001, -1, 0.7866500000000001, -0.6009500000000001, -1.00015, -0.005721
7, 0.7865500000000001, -0.8, -1, 0.787, -0.7972, -1.0003, -0.006837
7, 0.7865500000000001, -1.0, -1, 0.7865500000000001, -1.00175, -1.00025, -0.008062
7, 0.7865500000000001, -1.2, -1, 0.7866000000000001, -1.2009, -1.0002, -0.008782
7, 0.7865500000000001, -1.4, -1, 0.78685, -1.3980500000000002, -0.99995, -0.008526
7, 0.7865500000000001, -1.5999999999999999, -1, 0.78695, -1.6005, -0.99985, -0.007551
7, 0.7865500000000001, -1.7999999999999998, -1, 0.7866500000000001, -1.8001500000000001, -0.9998, -0.006544
8, 0.5865500000000001, -1.7999999999999998, -1, 0.58365, -1.8012000000000001, -0.99985, -0.005147
8, 0.3865500000000001, -1.7999999999999998, -1, 0.3854, -1.80025, -0.9999000000000001, -0.003901
8, 0.1865500000000001, -1.7999999999999998, -1, 0.1892, -1.8002, -0.99995, -0.00329
8, -0.013449999999999906, -1.7999999999999998, -1, -0.0142, -1.7999, -1.00005, -0.003588
8, -0.21344999999999992, -1.7999999999999998, -1, -0.2162, -1.7996, -1.0002, -0.00462
8, -0.41344999999999993, -1.7999999999999998, -1, -0.4125, -1.7998500000000002, -1.0002, -0.005997
8, -0.6134499999999999, -1.7999999999999998, -1, -0.6163000000000001, -1.8001, -1.0002, -0.006722
8, -0.81345, -1.7999999999999998, -1, -0.81225, -1.80025, -1.0002, -0.006857
8, -0.81345, -1.5999999999999999, -1, -0.81435, -1.5985500000000001, -1.00005, -0.007994
8, -0.81345, -1.4, -1, -0.81415, -1.4003500000000002, -0.9999000000000001, -0.00862
8, -0.81345, -1.2, -1, -0.8127000000000001, -1.202, -0.9999000000000001, -0.008041
8, -0.81345, -1.0, -1, -0.8132, -0.9990500000000001, -0.99985, -0.006696
8, -0.81345, -0.8, -1, -0.81335, -0.7982, -0.99985, -0.005277
8, -0.81345, -0.6000000000000001, -1, -0.8135500000000001, -0.60145, -0.99985, -0.004234
8, -0.81345, -0.4000000000000001, -1, -0.81445, -0.39990000000000003, -0.99995, -0.003796
8, -0.81345, -0.20000000000000007, -1, -0.81375, -0.19910000000000003, -1.0, -0.004036
9, -0.61345, -0.20000000000000007, -1, -0.61385, -0.19935000000000003, -1.0, -0.003004
9, -0.41345000000000004, -0.20000000000000007, -1, -0.41095000000000004, -0.20035000000000003, -1.0, -0.002211
9, -0.21345000000000003, -0.20000000000000007, -1, -0.21495000000000003, -0.20045000000000002, -0.99995, -0.002362
9, -0.013450000000000017, -0.20000000000000007, -1, -0.01125, -0.2, -1.00005, -0.003682
9, 0.18655, -0.20000000000000007, -1, -0.010850000000000002, -0.2, -1.0001, -0.003609
9, 0.38655, -0.20000000000000007, -1, -0.01075, -0.2, -1.00005, -0.003614
9, 0.58655, -0.20000000000000007, -1, -0.01075, -0.2, -1.00005, -0.003666
9, 0.7865500000000001, -0.20000000000000007, -1, -0.01075, -0.2, -1.00005, -0.003609
9, 0.98655, -0.20000000000000007, -1, -0.010700000000000001, -0.2, -1.00005, -0.003671
9, 0.98655, -0.4000000000000001, -1, 0.9849000000000001, -0.39945, -1.00015, -0.004088
9, 0.98655, -0.6000000000000001, -1, 0.98645, -0.6009500000000001, -1.00015, -0.004996
9, 0.98655, -0.8, -1, 0.987, -0.7986, -1.00015, -0.006096
9, 0.98655, -1.0, -1, 0.9870500000000001, -1.0015, -1.0001, -0.007202
9, 0.98655, -1.2, -1, 0.9866500000000001, -1.2008500000000002, -1.0, -0.008078
9, 0.98655, -1.4, -1, 0.98645, -1.39765, -1.0, -0.008213
9, 0.98655, -1.5999999999999999, -1, 0.98675, -1.6004, -1.0, -0.007801
9, 0.98655, -1.7999999999999998, -1, 0.9871, -1.8013000000000001, -1.0, -0.007384
9, 0.98655, -1.9999999999999998, -1, 0.9867, -1.9994, -1.0, -0.007102
10, 0.7865500000000001, -1.9999999999999998, -1, 0.7904500000000001, -1.9998500000000001, -1.0, -0.005841
10, 0.5865500000000001, -1.9999999999999998, -1, 0.58385, -2.00045, -1.0, -0.004078
10, 0.3865500000000001, -1.9999999999999998, -1, 0.38555, -2.0004, -1.00005, -0.002706
10, 0.1865500000000001, -1.9999999999999998, -1, 0.18935000000000002, -2.0000500000000003, -1.0, -0.002122
10, -0.013449999999999906, -1.9999999999999998, -1, 0.18955000000000002, -2.0, -0.99995, -0.00207
10, -0.21344999999999992, -1.9999999999999998, -1, 0.18955000000000002, -2.0, -0.99995, -0.002128
10, -0.41344999999999993, -1.9999999999999998, -1, 0.18955000000000002, -2.0000500000000003, -0.99995, -0.002102
10, -0.6134499999999999, -1.9999999999999998, -1, -0.6193000000000001, -2.0, -0.9999000000000001, -0.005663
10, -0.81345, -1.9999999999999998, -1, -0.6192000000000001, -1.9999500000000001, -0.9999000000000001, -0.005736
10, -1.01345, -1.9999999999999998, -1, -1.01215, -1.9999500000000001, -0.9999000000000001, -0.004933
10, -1.01345, -1.7999999999999998, -1, -1.01385, -1.7999, -0.9999000000000001, -0.006054
10, -1.01345, -1.5999999999999999, -1, -1.01455, -1.5993000000000002, -0.9999000000000001, -0.0074
10, -1.01345, -1.4, -1, -1.01385, -1.4002000000000001, -0.9999000000000001, -0.007869
10, -1.01345, -1.2, -1, -1.0139, -1.20165, -0.9999000000000001, -0.007264
10, -1.01345, -1.0, -1, -1.0136, -0.99885, -0.99995, -0.0057
10, -1.01345, -0.8, -1, -1.01345, -0.7985, -1.0, -0.004313
10, -1.01345, -0.6000000000000001, -1, -1.01335, -0.6015, -1.0, -0.003603
10, -1.01345, -0.4000000000000001, -1, -1.0135, -0.40095000000000003, -1.0, -0.003588
10, -1.01345, -0.20000000000000007, -1, -1.0136500000000002, -0.19895000000000002, -1.0, -0.004297
10, -1.01345, -5.551115123125783e-17, -1, -1.01385, -0.0006000000000000001, -1.0, -0.005679
