0, -0.01345, -1, -1, -0.00915, -0.9985, -0.9999000000000001, -0.005376
1, 0.18655000000000002, -1, -1, 0.1874, -0.9999000000000001, -0.99975, -0.006471
1, 0.18655000000000002, -1.2, -1, 0.18695, -1.2011, -0.99975, -0.006998
2, -0.01344999999999999, -1.2, -1, -0.01395, -1.20105, -0.9998, -0.006263
2, -0.21345, -1.2, -1, -0.21545000000000003, -1.19985, -0.99985, -0.006206
2, -0.21345, -1.0, -1, -0.21430000000000002, -0.99865, -1.0, -0.005324
2, -0.21345, -0.8, -1, -0.2139, -0.79825, -1.0, -0.004021
3, -0.01344999999999999, -0.8, -1, -0.011600000000000001, -0.79925, -1.0, -0.004662
3, 0.18655000000000002, -0.8, -1, 0.18735000000000002, -0.8001500000000001, -1.0, -0.005861
3, 0.38655000000000006, -0.8, -1, 0.38270000000000004, -0.8002, -1.0, -0.00693
3, 0.38655000000000006, -1.0, -1, 0.3871, -1.0015, -0.99995, -0.007744
3, 0.38655000000000006, -1.2, -1, 0.3874, -1.20105, -1.00015, -0.007833
3, 0.38655000000000006, -1.4, -1, 0.38745000000000007, -1.3978000000000002, -1.00025, -0.007212
4, 0.18655000000000005, -1.4, -1, 0.19055000000000002, -1.3994000000000002, -1.0003, -0.006445
4, -0.013449999999999962, -1.4, -1, -0.015050000000000001, -1.39975, -1.00025, -0.006169
4, -0.21344999999999997, -1.4, -1, -0.21530000000000002, -1.4007, -0.99995, -0.006591
4, -0.41345, -1.4, -1, -0.41255000000000003, -1.4005500000000002, -0.9998, -0.007389
4, -0.41345, -1.2, -1, -0.41440000000000005, -1.20245, -0.9998, -0.006878
4, -0.41345, -1.0, -1, -0.41445000000000004, -0.9984000000000001, -0.9998, -0.005809
4, -0.41345, -0.8, -1, -0.41355000000000003, -0.7986, -0.9999000000000001, -0.004307
4, -0.41345, -0.6000000000000001, -1, -0.41355000000000003, -0.6016, -0.99995, -0.00291
5, -0.21344999999999997, -0.6000000000000001, -1, -0.21445000000000003, -0.60025, -1.00005, -0.002837
5, -0.013449999999999962, -0.6000000000000001, -1, -0.01115, -0.6003000000000001, -1.0001, -0.003802
5, 0.18655000000000005, -0.6000000000000001, -1, 0.18675, -0.5995, -1.0001, -0.005173
5, 0.38655000000000006, -0.6000000000000001, -1, 0.3835, -0.5996, -1.0001, -0.006247
5, 0.5865500000000001, -0.6000000000000001, -1, 0.589, -0.60035, -1.0001, -0.00631
5, 0.5865500000000001, -0.8, -1, 0.5877, -0.79845, -1.00005, -0.007212
5, 0.5865500000000001, -1.0, -1, 0.58635, -1.00105, -1.0001, -0.008318
5, 0.5865500000000001, -1.2, -1, 0.5867, -1.2011, -1.00005, -0.00863
5, 0.5865500000000001, -1.4, -1, 0.58675, -1.3978000000000002, -0.99995, -0.007979
5, 0.5865500000000001, -1.5999999999999999, -1, 0.58665, -1.39775, -0.99995, -0.007994
6, 0.3865500000000001, -1.5999999999999999, -1, 0.38535, -1.6, -0.99985, -0.005861
6, 0.1865500000000001, -1.5999999999999999, -1, 0.38470000000000004, -1.6, -0.9999000000000001, -0.005856
6, -0.013449999999999906, -1.5999999999999999, -1, 0.38465000000000005, -1.6, -0.9999000000000001, -0.005809
6, -0.21344999999999992, -1.5999999999999999, -1, 0.3846, -1.6, -0.9999000000000001, -0.005835
6, -0.41344999999999993, -1.5999999999999999, -1, 0.3846, -1.6, -0.9999000000000001, -0.005846
6, -0.6134499999999999, -1.5999999999999999, -1, 0.3846, -1.6, -0.9999000000000001, -0.005783
6, -0.6134499999999999, -1.4, -1, -0.61575, -1.4011500000000001, -0.99995, -0.008276
6, -0.6134499999999999, -1.2, -1, -0.61425, -1.20155, -0.99995, -0.007801
6, -0.6134499999999999, -1.0, -1, -0.61345, -0.9988, -0.99995, -0.006602
6, -0.6134499999999999, -0.8, -1, -0.61365, -0.7987000000000001, -0.99995, -0.005137
6, -0.6134499999999999, -0.6000000000000001, -1, -0.61365, -0.7988000000000001, -0.99995, -0.005147
6, -0.6134499999999999, -0.4000000000000001, -1, -0.6140500000000001, -0.40125, -0.99995, -0.003129
7, -0.41344999999999993, -0.4000000000000001, -1, -0.41065, -0.40095000000000003, -0.99995, -0.002216
7, -0.21344999999999992, -0.4000000000000001, -1, -0.21405000000000002, -0.3996, -1.0, -0.002289
7, -0.013449999999999906, -0.4000000000000001, -1, -0.01175, -0.39945, -1.0, -0.00339
7, 0.1865500000000001, -0.4000000000000001, -1, 0.18680000000000002, -0.39965000000000006, -1.0, -0.004886
7, 0.3865500000000001, -0.4000000000000001, -1, 0.3834, -0.40020000000000006, -1.0, -0.00571
7, 0.5865500000000001, -0.4000000000000001, -1, 0.5889, -0.40040000000000003, -1.0, -0.005569
7, 0.7865500000000001, -0.4000000000000001, -1, 0.7888000000000001, -0.39995, -0.99995, -0.004912
7, 0.7865500000000001, -0.6000000000000001, -1, 0.78675, -0.59945, -0.99995, -0.005825
7, 0.7865500000000001, -0.8, -1, 0.78685, -0.79895, -1.00005, -0.006904
7, 0.7865500000000001, -1.0, -1, 0.7871500000000001, -1.0013, -1.00015, -0.008072
7, 0.7865500000000001, -1.2, -1, 0.7866500000000001, -1.20105, -1.0002, -0.008813
7, 0.7865500000000001, -1.4, -1, 0.7868, -1.39765, -1.00015, -0.008537
7, 0.7865500000000001, -1.5999999999999999, -1, 0.7871, -1.6001500000000002, -1.00015, -0.007556
7, 0.7865500000000001, -1.7999999999999998, -1, 0.7862, -1.8015, -1.0, -0.006649
8, 0.5865500000000001, -1.7999999999999998, -1, 0.5839500000000001, -1.8003000000000002, -1.0, -0.005267
8, 0.3865500000000001, -1.7999999999999998, -1, 0.38515000000000005, -1.8003000000000002, -1.0, -0.004057
8, 0.1865500000000001, -1.7999999999999998, -1, 0.18945, -1.80025, -1.0, -0.00352
8, -0.013449999999999906, -1.7999999999999998, -1, -0.014100000000000001, -1.7998000000000003, -1.0, -0.003755
8, -0.21344999999999992, -1.7999999999999998, -1, -0.21505000000000002, -1.7995, -1.0, -0.004844
8, -0.41344999999999993, -1.7999999999999998, -1, -0.41285000000000005, -1.8000500000000001, -1.0, -0.006075
8, -0.6134499999999999, -1.7999999999999998, -1, -0.61655, -1.8001500000000001, -1.00005, -0.006889
8, -0.81345, -1.7999999999999998, -1, -0.8126, -1.8001500000000001, -0.9999000000000001, -0.00693
8, -0.81345, -1.5999999999999999, -1, -0.8146, -1.5980500000000002, -0.9998, -0.008093
8, -0.81345, -1.4, -1, -0.8132, -1.4004, -0.9998, -0.008646
8, -0.81345, -1.2, -1, -0.8138000000000001, -1.20195, -0.99985, -0.008072
8, -0.81345, -1.0, -1, -0.8136500000000001, -0.999, -0.99985, -0.006732
8, -0.81345, -0.8, -1, -0.8139000000000001, -0.7987000000000001, -0.99995, -0.005356
8, -0.81345, -0.6000000000000001, -1, -0.8138500000000001, -0.6013000000000001, -1.0001, -0.004307
8, -0.81345, -0.4000000000000001, -1, -0.8136500000000001, -0.40105, -1.00025, -0.003916
8, -0.81345, -0.20000000000000007, -1, -0.81325, -0.19935000000000003, -1.00025, -0.004151
9, -0.61345, -0.20000000000000007, -1, -0.6137, -0.19915, -1.0002, -0.003129
9, -0.41345000000000004, -0.20000000000000007, -1, -0.41095000000000004, -0.19955, -1.00005, -0.00231
9, -0.21345000000000003, -0.20000000000000007, -1, -0.21420000000000003, -0.19970000000000002, -0.99995, -0.002581
9, -0.013450000000000017, -0.20000000000000007, -1, -0.0115, -0.20005, -0.9998, -0.003786
9, 0.18655, -0.20000000000000007, -1, 0.18675, -0.20060000000000003, -0.9998, -0.005137
9, 0.38655, -0.20000000000000007, -1, 0.3835, -0.20010000000000003, -0.9998, -0.005653
9, 0.58655, -0.20000000000000007, -1, 0.5889500000000001, -0.19995000000000002, -0.9998, -0.005246
9, 0.7865500000000001, -0.20000000000000007, -1, 0.78875, -0.1998, -0.9999000000000001, -0.004511
9, 0.98655, -0.20000000000000007, -1, 0.9829000000000001, -0.1998, -1.00005, -0.003817
9, 0.98655, -0.4000000000000001, -1, 0.98645, -0.39970000000000006, -1.0002, -0.00412
9, 0.98655, -0.6000000000000001, -1, 0.98685, -0.6008000000000001, -1.0002, -0.004996
9, 0.98655, -0.8, -1, 0.98745, -0.7988500000000001, -1.0002, -0.006153
9, 0.98655, -1.0, -1, 0.9872000000000001, -1.00125, -1.00015, -0.007295
9, 0.98655, -1.2, -1, 0.98645, -1.20105, -1.00005, -0.008057
9, 0.98655, -1.4, -1, 0.9867, -1.39785, -0.99985, -0.008281
9, 0.98655, -1.5999999999999999, -1, 0.9866500000000001, -1.6001, -0.99975, -0.007853
9, 0.98655, -1.7999999999999998, -1, 0.98685, -1.8017, -0.99975, -0.007389
9, 0.98655, -1.9999999999999998, -1, 0.9871, -1.9994, -0.99975, -0.007181
10, 0.7865500000000001, -1.9999999999999998, -1, 0.7905500000000001, -1.9996500000000001, -1.00005, -0.005882
10, 0.5865500000000001, -1.9999999999999998, -1, 0.584, -2.0, -1.0002, -0.00424
10, 0.3865500000000001, -1.9999999999999998, -1, 0.5841000000000001, -2.0, -1.00025, -0.004182
10, 0.1865500000000001, -1.9999999999999998, -1, 0.58415, -2.0, -1.0002, -0.004234
10, -0.013449999999999906, -1.9999999999999998, -1, -0.0129, -2.0009, -1.00025, -0.002696
10, -0.21344999999999992, -1.9999999999999998, -1, -0.21585000000000001, -2.0000500000000003, -1.00025, -0.004021
10, -0.41344999999999993, -1.9999999999999998, -1, -0.41245000000000004, -2.0001, -1.00005, -0.005225
10, -0.6134499999999999, -1.9999999999999998, -1, -0.617, -1.9999500000000001, -0.99985, -0.005741
10, -0.81345, -1.9999999999999998, -1, -0.8125500000000001, -1.9998500000000001, -0.9998, -0.005773
10, -1.01345, -1.9999999999999998, -1, -1.0135500000000002, -1.9999, -0.9998, -0.00498
10, -1.01345, -1.7999999999999998, -1, -1.0139500000000001, -1.79995, -0.99985, -0.006153
10, -1.01345, -1.5999999999999999, -1, -1.0140500000000001, -1.59895, -0.99995, -0.007405
10, -1.01345, -1.4, -1, -1.01325, -1.4002000000000001, -1.0001, -0.007926
10, -1.01345, -1.2, -1, -1.0133, -1.20195, -1.0002, -0.007264
10, -1.01345, -1.0, -1, -1.0135500000000002, -0.9988, -1.0002, -0.0057
10, -1.01345, -0.8, -1, -1.01375, -0.79895, -1.00025, -0.004344
10, -1.01345, -0.6000000000000001, -1, -1.0134, -0.6015, -1.0002, -0.003697
10, -1.01345, -0.4000000000000001, -1, -1.0136500000000002, -0.39990000000000003, -0.99995, -0.00365
10, -1.01345, -0.20000000000000007, -1, -1.01385, -0.1994, -0.99985, -0.004417
10, -1.01345, -5.551115123125783e-17, -1, -1.0137, -0.0005, -0.9998, -0.005757
11, -0.81345, -5.551115123125783e-17, -1, -0.8157000000000001, -0.0007000000000000001, -0.99985, -0.005084
11, -0.61345, -5.551115123125783e-17, -1, -0.6117, -0.00055, -0.99985, -0.00412
11, -0.41345000000000004, -5.551115123125783e-17, -1, -0.4108, 0.00030000000000000003, -0.9999000000000001, -0.003416
11, -0.21345000000000003, -5.551115123125783e-17, -1, -0.21455000000000002, 0.00030000000000000003, -1.0001, -0.003828
11, -0.013450000000000017, -5.551115123125783e-17, -1, -0.01135, 0.00015000000000000001, -1.0002, -0.004891
11, 0.18655, -5.551115123125783e-17, -1, 0.18660000000000002, 5e-05, -1.00025, -0.005955
11, 0.38655, -5.551115123125783e-17, -1, 0.38370000000000004, -0.0002, -1.0002, -0.006117
11, 0.58655, -5.551115123125783e-17, -1, 0.58955, -0.0006000000000000001, -1.00015, -0.005533
11, 0.7865500000000001, -5.551115123125783e-17, -1, 0.7886, -5e-05, -0.99995, -0.004584
11, 0.98655, -5.551115123125783e-17, -1, 0.9821, -0.0, -0.9998, -0.003979
11, 1.18655, -5.551115123125783e-17, -1, 0.9822000000000001, -0.0, -0.99985, -0.003927
11, 1.18655, -0.20000000000000007, -1, 1.19025, -0.19795000000000001, -0.9998, -0.003603
11, 1.18655, -0.4000000000000001, -1, 1.18605, -0.39945, -0.9998, -0.003775
11, 1.18655, -0.6000000000000001, -1, 1.1866, -0.60085, -0.9998, -0.004599
11, 1.18655, -0.8, -1, 1.1869, -0.79895, -0.9999000000000001, -0.005548
11, 1.18655, -1.0, -1, 1.18655, -1.00105, -1.00005, -0.006346
11, 1.18655, -1.2, -1, 1.1864000000000001, -1.2013, -1.00015, -0.007139
11, 1.18655, -1.4, -1, 1.1867, -1.39765, -1.00015, -0.007546
11, 1.18655, -1.5999999999999999, -1, 1.18675, -1.6000500000000002, -1.00015, -0.007535
11, 1.18655, -1.7999999999999998, -1, 1.18695, -1.80175, -1.0001, -0.007634
11, 1.18655, -1.9999999999999998, -1, 1.1869, -1.9993, -1.00005, -0.007744
11, 1.18655, -2.1999999999999997, -1, 1.18665, -2.1994000000000002, -0.9999000000000001, -0.007801
12, 0.98655, -2.1999999999999997, -1, 0.98575, -2.201, -0.99985, -0.006998
12, 0.7865500000000001, -2.1999999999999997, -1, 0.7891500000000001, -2.2007000000000003, -0.99985, -0.005517
12, 0.5865500000000001, -2.1999999999999997, -1, 0.5843, -2.20025, -0.99985, -0.00365
12, 0.3865500000000001, -2.1999999999999997, -1, 0.3845, -2.2001, -0.99985, -0.002268
12, 0.1865500000000001, -2.1999999999999997, -1, 0.18955000000000002, -2.20005, -0.99995, -0.001799
12, -0.013449999999999906, -2.1999999999999997, -1, -0.014100000000000001, -2.20005, -1.00015, -0.002529
12, -0.21344999999999992, -2.1999999999999997, -1, -0.21605000000000002, -2.20005, -1.00025, -0.003885
12, -0.41344999999999993, -2.1999999999999997, -1, -0.4121, -2.2001, -1.00025, -0.00498
12, -0.6134499999999999, -2.1999999999999997, -1, -0.6164000000000001, -2.2001, -1.0002, -0.005246
12, -0.81345, -2.1999999999999997, -1, -0.8125500000000001, -2.20005, -1.0, -0.004964
12, -1.01345, -2.1999999999999997, -1, -1.0139, -2.1999500000000003, -1.00005, -0.004104
12, -1.21345, -2.1999999999999997, -1, -1.2161000000000002, -2.1997000000000004, -0.99985, -0.00327
12, -1.21345, -1.9999999999999998, -1, -1.21435, -1.9988000000000001, -0.9998, -0.004219
12, -1.21345, -1.7999999999999998, -1, -1.2133, -1.7995500000000002, -0.9998, -0.00547
12, -1.21345, -1.5999999999999999, -1, -1.21355, -1.5995500000000002, -0.99985, -0.006498
12, -1.21345, -1.4, -1, -1.2137, -1.40025, -0.99985, -0.006779
12, -1.21345, -1.2, -1, -1.2134, -1.20205, -1.0, -0.005851
12, -1.21345, -1.0, -1, -1.21355, -0.99885, -1.0, -0.004203
12, -1.21345, -0.8, -1, -1.2133, -0.7988000000000001, -1.00005, -0.003092
12, -1.21345, -0.6000000000000001, -1, -1.2133, -0.6, -1.00015, -0.002576
12, -1.21345, -0.4000000000000001, -1, -1.2138, -0.40120000000000006, -1.00015, -0.002978
12, -1.21345, -0.20000000000000007, -1, -1.214, -0.1995, -1.00015, -0.004067
12, -1.21345, -5.551115123125783e-17, -1, -1.21395, -0.0005, -1.00015, -0.005721
12, -1.21345, 0.19999999999999996, -1, -1.2134, 0.20185000000000003, -1.0, -0.007118
13, -1.01345, 0.19999999999999996, -1, -1.01125, 0.2009, -1.0, -0.006732
13, -0.81345, 0.19999999999999996, -1, -0.8149000000000001, 0.19985000000000003, -1.0, -0.006086
13, -0.61345, 0.19999999999999996, -1, -0.612, 0.19975, -0.99995, -0.005444
13, -0.41345000000000004, 0.19999999999999996, -1, -0.41115, 0.1999, -0.99985, -0.005027
13, -0.21345000000000003, 0.19999999999999996, -1, -0.21420000000000003, 0.1999, -0.99985, -0.005402
13, -0.013450000000000017, 0.19999999999999996, -1, -0.010850000000000002, 0.2, -0.99985, -0.006106
13, 0.18655, 0.19999999999999996, -1, -0.01075, 0.20005, -0.99985, -0.00619
13, 0.38655, 0.19999999999999996, -1, 0.383, 0.20010000000000003, -0.99985, -0.006623
13, 0.58655, 0.19999999999999996, -1, 0.5900500000000001, 0.20010000000000003, -0.99995, -0.005767
13, 0.7865500000000001, 0.19999999999999996, -1, 0.78825, 0.20015, -1.0001, -0.004902
13, 0.98655, 0.19999999999999996, -1, 0.98275, 0.20005, -1.0002, -0.004521
13, 1.18655, 0.19999999999999996, -1, 1.1899000000000002, 0.2, -1.0002, -0.004558
13, 1.38655, 0.19999999999999996, -1, 1.1894, 0.20005, -1.0002, -0.00462
13, 1.38655, -5.551115123125783e-17, -1, 1.38735, -0.0029000000000000002, -1.0002, -0.004198
13, 1.38655, -0.20000000000000007, -1, 1.38715, -0.19885000000000003, -1.00015, -0.003749
13, 1.38655, -0.4000000000000001, -1, 1.38625, -0.3993, -1.0, -0.004036
13, 1.38655, -0.6000000000000001, -1, 1.3866, -0.60085, -1.0, -0.004646
13, 1.38655, -0.8, -1, 1.38645, -0.79895, -1.00005, -0.005345
13, 1.38655, -1.0, -1, 1.38675, -1.00115, -0.99985, -0.005955
13, 1.38655, -1.2, -1, 1.3868000000000003, -1.20105, -0.99975, -0.006508
13, 1.38655, -1.4, -1, 1.38715, -1.39765, -0.99975, -0.007014
13, 1.38655, -1.5999999999999999, -1, 1.387, -1.60025, -0.99975, -0.007155
13, 1.38655, -1.7999999999999998, -1, 1.38615, -1.80175, -0.9999000000000001, -0.007285
13, 1.38655, -1.9999999999999998, -1, 1.3861, -1.9993500000000002, -1.0001, -0.007702
13, 1.38655, -2.1999999999999997, -1, 1.3868000000000003, -2.1995, -1.0002, -0.008052
13, 1.38655, -2.4, -1, 1.38725, -2.40115, -1.0002, -0.007958
14, 1.18655, -2.4, -1, 1.1864000000000001, -2.4008000000000003, -1.0002, -0.007681
14, 0.98655, -2.4, -1, 0.98485, -2.3999, -1.0002, -0.006842
14, 0.7865500000000001, -2.4, -1, 0.7891500000000001, -2.3999, -1.0001, -0.005496
14, 0.5865500000000001, -2.4, -1, 0.58465, -2.4, -1.0, -0.00389
14, 0.3865500000000001, -2.4, -1, 0.3845, -2.3999500000000005, -1.0, -0.00266
14, 0.1865500000000001, -2.4, -1, 0.18925, -2.4, -1.0, -0.002451
14, -0.013449999999999906, -2.4, -1, -0.014100000000000001, -2.4, -1.0, -0.003244
14, -0.21344999999999992, -2.4, -1, -0.2162, -2.4, -1.0, -0.004506
14, -0.41344999999999993, -2.4, -1, -0.412, -2.4, -1.0, -0.005361
14, -0.6134499999999999, -2.4, -1, -0.61645, -2.4001, -1.0, -0.005356
14, -0.81345, -2.4, -1, -0.8126, -2.4000500000000002, -1.0, -0.004756
14, -1.01345, -2.4, -1, -1.01345, -2.4001, -1.0, -0.003666
14, -1.21345, -2.4, -1, -1.216, -2.4001, -1.0, -0.002753
14, -1.4134499999999999, -2.4, -1, -1.41365, -2.4001, -0.9999000000000001, -0.002779
14, -1.4134499999999999, -2.1999999999999997, -1, -1.414, -2.1999, -0.99985, -0.003035
14, -1.4134499999999999, -1.9999999999999998, -1, -1.41335, -1.99845, -0.99985, -0.003953
14, -1.4134499999999999, -1.7999999999999998, -1, -1.41385, -1.7997, -0.9998, -0.005126
14, -1.4134499999999999, -1.5999999999999999, -1, -1.4131500000000001, -1.5995500000000002, -0.9999000000000001, -0.006007
14, -1.4134499999999999, -1.4, -1, -1.413, -1.40025, -0.99995, -0.005799
14, -1.4134499999999999, -1.2, -1, -1.4140500000000003, -1.2017, -1.0001, -0.004547
14, -1.4134499999999999, -1.0, -1, -1.41395, -0.9991, -1.0002, -0.002607
14, -1.4134499999999999, -0.8, -1, -1.4132, -0.7986500000000001, -1.00025, -0.001502
14, -1.4134499999999999, -0.6000000000000001, -1, -1.4129, -0.60075, -1.00025, -0.001241
14, -1.4134499999999999, -0.4000000000000001, -1, -1.4132, -0.4011, -1.00015, -0.001872
14, -1.4134499999999999, -0.20000000000000007, -1, -1.4143000000000001, -0.19945000000000002, -0.99995, -0.003489
14, -1.4134499999999999, -5.551115123125783e-17, -1, -1.41385, -0.0006000000000000001, -0.9998, -0.005345
14, -1.4134499999999999, 0.19999999999999996, -1, -1.41385, 0.2028, -0.9998, -0.006998
14, -1.4134499999999999, 0.39999999999999997, -1, -1.41385, 0.40015000000000006, -0.99985, -0.007316
15, -1.21345, 0.39999999999999997, -1, -1.21465, 0.4001, -0.9998, -0.007207
15, -1.01345, 0.39999999999999997, -1, -1.0113, 0.4001, -0.99985, -0.006988
15, -0.81345, 0.39999999999999997, -1, -0.815, 0.4001, -1.0, -0.006696
15, -0.61345, 0.39999999999999997, -1, -0.6117, 0.4001, -1.00005, -0.006659
15, -0.41345000000000004, 0.39999999999999997, -1, -0.41055, 0.40015000000000006, -1.00015, -0.006685
15, -0.21345000000000003, 0.39999999999999997, -1, -0.21465, 0.40005, -1.0001, -0.006831
15, -0.013450000000000017, 0.39999999999999997, -1, -0.011100000000000002, 0.39995, -1.00015, -0.00704
15, 0.18655, 0.39999999999999997, -1, 0.1859, 0.39995, -1.00015, -0.007076
15, 0.38655, 0.39999999999999997, -1, 0.38430000000000003, 0.39995, -1.00005, -0.006644
15, 0.58655, 0.39999999999999997, -1, 0.5893999999999999, 0.39995, -0.99995, -0.005788
15, 0.7865500000000001, 0.39999999999999997, -1, 0.7887000000000001, 0.40005, -0.99985, -0.005116
15, 0.98655, 0.39999999999999997, -1, 0.9825, 0.4001, -0.99985, -0.005189
15, 1.18655, 0.39999999999999997, -1, 1.1897, 0.40015000000000006, -0.9998, -0.005653
15, 1.38655, 0.39999999999999997, -1, 1.3873000000000002, 0.40005, -0.9998, -0.006409
15, 1.58655, 0.39999999999999997, -1, 1.5846500000000001, 0.40005, -0.9999000000000001, -0.007363
15, 1.58655, 0.19999999999999996, -1, 1.5862, 0.19995000000000002, -1.00005, -0.006425
15, 1.58655, -5.551115123125783e-17, -1, 1.58675, -0.004, -1.00015, -0.005522
15, 1.58655, -0.20000000000000007, -1, 1.58715, -0.1979, -1.0002, -0.00511
15, 1.58655, -0.4000000000000001, -1, 1.58705, -0.39940000000000003, -1.00015, -0.005142
15, 1.58655, -0.6000000000000001, -1, 1.5866000000000002, -0.6009, -1.00015, -0.005674
15, 1.58655, -0.8, -1, 1.5867, -0.6009, -1.0001, -0.005627
15, 1.58655, -1.0, -1, 1.587, -0.99975, -1.00005, -0.006195
15, 1.58655, -1.2, -1, 1.5863500000000001, -1.20225, -0.99995, -0.00656
15, 1.58655, -1.4, -1, 1.5863000000000003, -1.39645, -0.99985, -0.006941
15, 1.58655, -1.5999999999999999, -1, 1.5869000000000002, -1.6005, -0.99985, -0.006946
15, 1.58655, -1.7999999999999998, -1, 1.587, -1.8018000000000003, -0.99985, -0.007061
15, 1.58655, -1.9999999999999998, -1, 1.5865, -1.9995, -0.9998, -0.007447
15, 1.58655, -2.1999999999999997, -1, 1.5868000000000002, -2.19965, -0.9999000000000001, -0.007817
15, 1.58655, -2.4, -1, 1.58705, -2.4013, -1.0, -0.007937
15, 1.58655, -2.6, -1, 1.58685, -2.5982000000000003, -1.0, -0.007713
16, 1.38655, -2.6, -1, 1.3885500000000002, -2.60035, -1.0, -0.007707
16, 1.18655, -2.6, -1, 1.1867999999999999, -2.6006000000000005, -1.0, -0.007457
16, 0.98655, -2.6, -1, 0.9843000000000001, -2.59995, -1.00005, -0.006852
16, 0.7865500000000001, -2.6, -1, 0.7896500000000001, -2.59995, -1.0001, -0.00608
16, 0.5865500000000001, -2.6, -1, 0.584, -2.6, -1.0001, -0.004991
16, 0.3865500000000001, -2.6, -1, 0.3846, -2.6, -1.0001, -0.004177
16, 0.1865500000000001, -2.6, -1, 0.1897, -2.6, -1.00015, -0.003989
16, -0.013449999999999906, -2.6, -1, -0.01395, -2.6, -1.00015, -0.004792
16, -0.21344999999999992, -2.6, -1, -0.21680000000000002, -2.6, -1.0001, -0.005804
16, -0.41344999999999993, -2.6, -1, -0.41205, -2.60005, -1.0, -0.006221
16, -0.6134499999999999, -2.6, -1, -0.6161500000000001, -2.60005, -1.0, -0.006028
16, -0.81345, -2.6, -1, -0.81425, -2.6001000000000003, -1.0, -0.005053
16, -1.01345, -2.6, -1, -1.01305, -2.60015, -1.0, -0.003906
16, -1.21345, -2.6, -1, -1.21595, -2.6, -1.0, -0.003077
16, -1.4134499999999999, -2.6, -1, -1.41215, -2.6, -1.0, -0.003233
16, -1.6134499999999998, -2.6, -1, -1.61535, -2.6, -1.0, -0.004323
16, -1.6134499999999998, -2.4, -1, -1.61365, -2.40225, -1.00005, -0.003676
16, -1.6134499999999998, -2.1999999999999997, -1, -1.614, -2.19825, -0.99995, -0.003838
16, -1.6134499999999998, -1.9999999999999998, -1, -1.6135500000000003, -1.99945, -0.99985, -0.004532
16, -1.6134499999999998, -1.7999999999999998, -1, -1.61345, -1.7995500000000002, -0.99985, -0.005522
16, -1.6134499999999998, -1.5999999999999999, -1, -1.6133000000000002, -1.5997000000000001, -0.99985, -0.006106
16, -1.6134499999999998, -1.4, -1, -1.6134000000000002, -1.4003, -0.99985, -0.005361
16, -1.6134499999999998, -1.2, -1, -1.61345, -1.202, -0.9999000000000001, -0.003525
16, -1.6134499999999998, -1.0, -1, -1.6136000000000001, -0.9987, -1.0, -0.001413
16, -1.6134499999999998, -0.8, -1, -1.6136000000000001, -0.7987000000000001, -1.00005, 2.1e-05
16, -1.6134499999999998, -0.6000000000000001, -1, -1.61375, -0.6001000000000001, -1.00015, 0.000235
16, -1.6134499999999998, -0.4000000000000001, -1, -1.61395, -0.40105, -1.00015, -0.000459
16, -1.6134499999999998, -0.20000000000000007, -1, -1.6138000000000001, -0.19960000000000003, -1.00015, -0.002394
16, -1.6134499999999998, -5.551115123125783e-17, -1, -1.6132, -0.0007000000000000001, -1.00015, -0.004672
16, -1.6134499999999998, 0.19999999999999996, -1, -1.61325, 0.2025, -1.0, -0.006623
16, -1.6134499999999998, 0.39999999999999997, -1, -1.6132, 0.4001, -1.00005, -0.007311
16, -1.6134499999999998, 0.6, -1, -1.6137000000000001, 0.59755, -0.9999000000000001, -0.006816
17, -1.4134499999999999, 0.6, -1, -1.41395, 0.5998000000000001, -0.9998, -0.006513
17, -1.21345, 0.6, -1, -1.21295, 0.59975, -0.9998, -0.006539
17, -1.01345, 0.6, -1, -1.0118, 0.5998000000000001, -0.9998, -0.006675
17, -0.81345, 0.6, -1, -0.8152, 0.5998000000000001, -0.9998, -0.007118
17, -0.61345, 0.6, -1, -0.6123999999999999, 0.5999, -0.99985, -0.007551
17, -0.41345000000000004, 0.6, -1, -0.40990000000000004, 0.60045, -1.0, -0.007879
17, -0.21345000000000003, 0.6, -1, -0.2149, 0.6002000000000001, -1.0, -0.00766
17, -0.013450000000000017, 0.6, -1, -0.011200000000000002, 0.5998000000000001, -1.0, -0.007108
17, 0.18655, 0.6, -1, 0.18745, 0.59975, -1.0, -0.00679
17, 0.38655, 0.6, -1, 0.38280000000000003, 0.5998000000000001, -1.0, -0.006237
17, 0.58655, 0.6, -1, 0.58985, 0.60015, -1.0, -0.005632
17, 0.7865500000000001, 0.6, -1, 0.78885, 0.60035, -0.99995, -0.005543
17, 0.98655, 0.6, -1, 0.9824, 0.5999, -1.00015, -0.005914
17, 1.18655, 0.6, -1, 1.1894, 0.59985, -1.0003, -0.006816
17, 1.38655, 0.6, -1, 1.3871000000000002, 0.5999, -1.00025, -0.007587
17, 1.58655, 0.6, -1, 1.5844500000000001, 0.5999, -1.00025, -0.008318
17, 1.7865499999999999, 0.6, -1, 1.7898000000000003, 0.6001000000000001, -0.99995, -0.008896
17, 1.7865499999999999, 0.39999999999999997, -1, 1.7876500000000002, 0.4046, -0.9998, -0.008385
17, 1.7865499999999999, 0.19999999999999996, -1, 1.7863000000000002, 0.19895000000000002, -0.9998, -0.007791
17, 1.7865499999999999, -5.551115123125783e-17, -1, 1.78635, -0.003, -0.99975, -0.007113
17, 1.7865499999999999, -0.20000000000000007, -1, 1.78645, -0.00305, -0.99975, -0.007113
17, 1.7865499999999999, -0.4000000000000001, -1, 1.7869000000000002, -0.39785000000000004, -0.99985, -0.006701
17, 1.7865499999999999, -0.6000000000000001, -1, 1.787, -0.60075, -0.99995, -0.00691
17, 1.7865499999999999, -0.8, -1, 1.7864, -0.79905, -1.0001, -0.006831
17, 1.7865499999999999, -1.0, -1, 1.7866000000000002, -1.00115, -1.0002, -0.006774
17, 1.7865499999999999, -1.2, -1, 1.7868000000000002, -1.2012, -1.0002, -0.006883
17, 1.7865499999999999, -1.4, -1, 1.78675, -1.39775, -1.0002, -0.006941
17, 1.7865499999999999, -1.5999999999999999, -1, 1.7868000000000002, -1.6002, -1.0002, -0.006998
17, 1.7865499999999999, -1.7999999999999998, -1, 1.78675, -1.8017, -1.00005, -0.007029
17, 1.7865499999999999, -1.9999999999999998, -1, 1.7867, -1.9993500000000002, -0.99995, -0.007348
17, 1.7865499999999999, -2.1999999999999997, -1, 1.78645, -2.19965, -0.9998, -0.0079
17, 1.7865499999999999, -2.4, -1, 1.7867, -2.4013, -0.9998, -0.007973
17, 1.7865499999999999, -2.6, -1, 1.7864, -2.5981000000000005, -0.99975, -0.007869
17, 1.7865499999999999, -2.8000000000000003, -1, 1.7866000000000002, -2.8014, -0.99985, -0.007593
18, 1.58655, -2.8000000000000003, -1, 1.58475, -2.8005500000000003, -1.0, -0.007488
18, 1.38655, -2.8000000000000003, -1, 1.3891000000000002, -2.8004000000000002, -1.00005, -0.007535
18, 1.18655, -2.8000000000000003, -1, 1.1855, -2.80025, -1.00015, -0.007363
18, 0.98655, -2.8000000000000003, -1, 0.98455, -2.7997, -1.0002, -0.007254
18, 0.7865500000000001, -2.8000000000000003, -1, 0.7899, -2.7995, -1.0002, -0.006946
18, 0.5865500000000001, -2.8000000000000003, -1, 0.584, -2.8003500000000003, -1.0002, -0.006518
18, 0.3865500000000001, -2.8000000000000003, -1, 0.3845, -2.8003500000000003, -1.0001, -0.005924
18, 0.1865500000000001, -2.8000000000000003, -1, 0.18975, -2.79965, -0.99995, -0.005945
18, -0.013449999999999906, -2.8000000000000003, -1, -0.0144, -2.79965, -0.99985, -0.006372
18, -0.21344999999999992, -2.8000000000000003, -1, -0.2165, -2.8004000000000002, -0.99985, -0.007024
18, -0.41344999999999993, -2.8000000000000003, -1, -0.412, -2.8005, -0.9999000000000001, -0.007217
18, -0.6134499999999999, -2.8000000000000003, -1, -0.6175, -2.79975, -0.99985, -0.006847
18, -0.81345, -2.8000000000000003, -1, -0.8128000000000001, -2.79975, -1.0, -0.006039
18, -1.01345, -2.8000000000000003, -1, -1.0136500000000002, -2.79975, -1.0, -0.004985
18, -1.21345, -2.8000000000000003, -1, -1.216, -2.8005500000000003, -1.0, -0.004479
18, -1.4134499999999999, -2.8000000000000003, -1, -1.41225, -2.8003500000000003, -1.0, -0.004657
18, -1.6134499999999998, -2.8000000000000003, -1, -1.6145, -2.79985, -1.0, -0.005502
18, -1.8134499999999998, -2.8000000000000003, -1, -1.8146000000000002, -2.7998000000000003, -1.00005, -0.006784
18, -1.8134499999999998, -2.6, -1, -1.8136, -2.5985500000000004, -1.00015, -0.005809
18, -1.8134499999999998, -2.4, -1, -1.8135, -2.40175, -1.00015, -0.005309
18, -1.8134499999999998, -2.1999999999999997, -1, -1.81345, -2.2003000000000004, -1.0002, -0.005194
18, -1.8134499999999998, -1.9999999999999998, -1, -1.8136, -1.99825, -1.0002, -0.005804
18, -1.8134499999999998, -1.7999999999999998, -1, -1.8137, -1.7996500000000002, -1.00005, -0.006591
18, -1.8134499999999998, -1.5999999999999999, -1, -1.8136, -1.5997000000000001, -0.99995, -0.006743
18, -1.8134499999999998, -1.4, -1, -1.81365, -1.40025, -0.99985, -0.005731
18, -1.8134499999999998, -1.2, -1, -1.8138, -1.2015, -0.99985, -0.003635
18, -1.8134499999999998, -1.0, -1, -1.81365, -0.99895, -0.9999000000000001, -0.001278
18, -1.8134499999999998, -0.8, -1, -1.8136, -0.7988500000000001, -0.9999000000000001, 0.000412
18, -1.8134499999999998, -0.6000000000000001, -1, -1.8136, -0.79895, -0.9999000000000001, 0.000386
18, -1.8134499999999998, -0.4000000000000001, -1, -1.8138, -0.40115, -0.99995, 0.000193
18, -1.8134499999999998, -0.20000000000000007, -1, -1.813, -0.19955, -0.99995, -0.001617
18, -1.8134499999999998, -5.551115123125783e-17, -1, -1.81325, -0.0006000000000000001, -1.00005, -0.004146
18, -1.8134499999999998, 0.19999999999999996, -1, -1.81365, 0.20255, -1.00015, -0.006414
18, -1.8134499999999998, 0.39999999999999997, -1, -1.8137, 0.4001, -1.00015, -0.007509
18, -1.8134499999999998, 0.6, -1, -1.8140500000000002, 0.59755, -1.0002, -0.007441
18, -1.8134499999999998, 0.8, -1, -1.8139, 0.80095, -1.0002, -0.00655
19, -1.6134499999999998, 0.8, -1, -1.6125, 0.8007000000000001, -1.0, -0.005872
19, -1.4134499999999999, 0.8, -1, -1.41385, 0.80005, -1.00005, -0.00546
19, -1.21345, 0.8, -1, -1.21295, 0.7998000000000001, -0.9999000000000001, -0.005694
19, -1.01345, 0.8, -1, -1.0117, 0.79975, -0.9998, -0.006336
19, -0.81345, 0.8, -1, -0.8153, 0.7998000000000001, -0.9998, -0.007102
19, -0.61345, 0.8, -1, -0.6121, 0.8, -0.99975, -0.008052
19, -0.41345000000000004, 0.8, -1, -0.41025, 0.80005, -0.9998, -0.008385
19, -0.21345000000000003, 0.8, -1, -0.2149, 0.8002, -0.99995, -0.007707
19, -0.013450000000000017, 0.8, -1, -0.011, 0.8002, -1.00015, -0.006837
19, 0.18655, 0.8, -1, 0.18745, 0.8001, -1.0002, -0.006148
19, 0.38655, 0.8, -1, 0.383, 0.79995, -1.0002, -0.005861
19, 0.58655, 0.8, -1, 0.59015, 0.7999, -1.0002, -0.005663
19, 0.7865500000000001, 0.8, -1, 0.7881500000000001, 0.7999, -1.00015, -0.005929
19, 0.98655, 0.8, -1, 0.9826, 0.7999, -0.99995, -0.006795
19, 1.18655, 0.8, -1, 1.1895499999999999, 0.8, -0.9998, -0.007739
19, 1.38655, 0.8, -1, 1.3869500000000001, 0.8001, -0.9998, -0.008495
19, 1.58655, 0.8, -1, 1.58475, 0.8001500000000001, -0.9998, -0.009042
19, 1.7865499999999999, 0.8, -1, 1.7911000000000001, 0.8002, -0.99985, -0.009251
19, 1.9865499999999998, 0.8, -1, 1.9865, 0.80005, -0.9999000000000001, -0.00935
19, 1.9865499999999998, 0.6000000000000001, -1, 1.9870500000000002, 0.59915, -1.0001, -0.009303
19, 1.9865499999999998, 0.4000000000000001, -1, 1.9871, 0.40175, -1.0002, -0.009001
19, 1.9865499999999998, 0.20000000000000007, -1, 1.9871, 0.20020000000000002, -1.00015, -0.00874
19, 1.9865499999999998, 5.551115123125783e-17, -1, 1.98605, -0.00305, -1.00015, -0.008401
19, 1.9865499999999998, -0.19999999999999996, -1, 1.98645, -0.19920000000000002, -1.00015, -0.008234
19, 1.9865499999999998, -0.39999999999999997, -1, 1.9866000000000001, -0.39870000000000005, -1.0, -0.008182
19, 1.9865499999999998, -0.6, -1, 1.987, -0.6012000000000001, -1.0, -0.008135
19, 1.9865499999999998, -0.8, -1, 1.9867000000000001, -0.79905, -1.0, -0.007952
19, 1.9865499999999998, -1.0, -1, 1.9866000000000001, -0.799, -1.0, -0.007885
19, 1.9865499999999998, -1.2, -1, 1.9867000000000001, -1.20265, -1.0, -0.007301
19, 1.9865499999999998, -1.4, -1, 1.9869, -1.3972, -0.99995, -0.007186
19, 1.9865499999999998, -1.5999999999999999, -1, 1.987, -1.6005500000000001, -0.9998, -0.007066
19, 1.9865499999999998, -1.7999999999999998, -1, 1.9871500000000002, -1.8007, -0.9998, -0.007076
19, 1.9865499999999998, -1.9999999999999998, -1, 1.98575, -1.9998000000000002, -0.9998, -0.007556
19, 1.9865499999999998, -2.1999999999999997, -1, 1.9868500000000002, -2.2, -0.9998, -0.008078
19, 1.9865499999999998, -2.4, -1, 1.98675, -2.40125, -0.9999000000000001, -0.008302
19, 1.9865499999999998, -2.6, -1, 1.9871500000000002, -2.5983, -1.00005, -0.008213
19, 1.9865499999999998, -2.8000000000000003, -1, 1.98675, -2.8015, -1.00015, -0.007916
19, 1.9865499999999998, -3.0000000000000004, -1, 1.9859, -3.00265, -1.00015, -0.007859
20, 1.7865499999999999, -3.0000000000000004, -1, 1.7875500000000002, -3.0013, -1.00015, -0.007514
20, 1.58655, -3.0000000000000004, -1, 1.5835, -2.9997000000000003, -1.00015, -0.007421
20, 1.38655, -3.0000000000000004, -1, 1.3878000000000001, -2.9993000000000003, -1.0001, -0.007488
20, 1.18655, -3.0000000000000004, -1, 1.1864000000000001, -2.99995, -0.99995, -0.007546
20, 0.98655, -3.0000000000000004, -1, 0.98445, -3.0001, -0.9999000000000001, -0.007728
20, 0.7865500000000001, -3.0000000000000004, -1, 0.7885500000000001, -3.00015, -0.99985, -0.007864
20, 0.5865500000000001, -3.0000000000000004, -1, 0.58525, -3.0002000000000004, -0.9998, -0.007744
20, 0.3865500000000001, -3.0000000000000004, -1, 0.38415000000000005, -3.00015, -0.9998, -0.007342
20, 0.1865500000000001, -3.0000000000000004, -1, 0.18965, -3.0000500000000003, -0.99995, -0.006988
20, -0.013449999999999906, -3.0000000000000004, -1, -0.0143, -3.0, -1.00005, -0.007056
20, -0.21344999999999992, -3.0000000000000004, -1, -0.0149, -3.0, -1.00005, -0.007123
20, -0.41344999999999993, -3.0000000000000004, -1, -0.41495000000000004, -3.0000500000000003, -1.0002, -0.007572
20, -0.6134499999999999, -3.0000000000000004, -1, -0.6166500000000001, -2.99995, -1.00015, -0.007415
20, -0.81345, -3.0000000000000004, -1, -0.8128000000000001, -2.9999000000000002, -1.0002, -0.007019
20, -1.01345, -3.0000000000000004, -1, -1.0135, -2.9999000000000002, -1.00015, -0.006565
20, -1.21345, -3.0000000000000004, -1, -1.21595, -2.9999000000000002, -1.0, -0.006247
20, -1.4134499999999999, -3.0000000000000004, -1, -1.41385, -2.99995, -1.0, -0.006518
20, -1.6134499999999998, -3.0000000000000004, -1, -1.6141, -3.0, -1.0, -0.007035
20, -1.8134499999999998, -3.0000000000000004, -1, -1.6141, -2.99995, -1.0, -0.007113
20, -2.0134499999999997, -3.0000000000000004, -1, -2.01075, -3.0000500000000003, -1.00005, -0.008589
20, -2.0134499999999997, -2.8000000000000003, -1, -2.01275, -2.79705, -0.9999000000000001, -0.007932
20, -2.0134499999999997, -2.6, -1, -2.0143500000000003, -2.5995, -0.9998, -0.007394
20, -2.0134499999999997, -2.4, -1, -2.0142, -2.40205, -0.9998, -0.007009
20, -2.0134499999999997, -2.1999999999999997, -1, -2.0133, -2.1992000000000003, -0.9998, -0.00692
20, -2.0134499999999997, -1.9999999999999998, -1, -2.0135500000000004, -1.9985, -0.9999000000000001, -0.007285
20, -2.0134499999999997, -1.7999999999999998, -1, -2.01345, -1.79975, -0.99995, -0.007806
20, -2.0134499999999997, -1.5999999999999999, -1, -2.01315, -1.5999, -1.0, -0.007697
20, -2.0134499999999997, -1.4, -1, -2.01365, -1.4003, -1.0, -0.006654
20, -2.0134499999999997, -1.2, -1, -2.0137, -1.20095, -1.0, -0.004589
20, -2.0134499999999997, -1.0, -1, -2.0138000000000003, -0.9993000000000001, -1.0, -0.002253
20, -2.0134499999999997, -0.8, -1, -2.0136000000000003, -0.7989, -1.00005, -0.000652
20, -2.0134499999999997, -0.6000000000000001, -1, -2.01385, -0.60015, -1.00015, 0.000183
20, -2.0134499999999997, -0.4000000000000001, -1, -2.01365, -0.40115, -1.00015, -0.000396
20, -2.0134499999999997, -0.20000000000000007, -1, -2.0137, -0.19945000000000002, -1.00015, -0.002122
20, -2.0134499999999997, -5.551115123125783e-17, -1, -2.01335, -0.0008, -1.00015, -0.004375
20, -2.0134499999999997, 0.19999999999999996, -1, -2.0133, 0.20270000000000002, -1.0, -0.006711
20, -2.0134499999999997, 0.39999999999999997, -1, -2.0135500000000004, 0.4, -1.00005, -0.007989
20, -2.0134499999999997, 0.6, -1, -2.0134000000000003, 0.39990000000000003, -1.00005, -0.007958
20, -2.0134499999999997, 0.8, -1, -2.0138000000000003, 0.7992, -0.99995, -0.007556
20, -2.0134499999999997, 1.0, -1, -2.01375, 0.99965, -0.99985, -0.007118
21, -1.8134499999999998, 1.0, -1, -1.81745, 1.0002, -0.9998, -0.006002
21, -1.6134499999999998, 1.0, -1, -1.61125, 1.0003, -0.99985, -0.005157
21, -1.4134499999999999, 1.0, -1, -1.41395, 1.0003, -0.9998, -0.004756
21, -1.21345, 1.0, -1, -1.2131, 1.00025, -0.9999000000000001, -0.005006
21, -1.01345, 1.0, -1, -1.0116500000000002, 0.9993500000000001, -1.0, -0.005856
21, -0.81345, 1.0, -1, -0.8155, 0.99955, -1.0, -0.006956
21, -0.61345, 1.0, -1, -0.61165, 1.00035, -1.0, -0.007958
21, -0.41345000000000004, 1.0, -1, -0.41045000000000004, 1.00035, -1.00005, -0.00825
21, -0.21345000000000003, 1.0, -1, -0.215, 1.0003, -1.0001, -0.007374
21, -0.013450000000000017, 1.0, -1, -0.0115, 0.9995, -1.0001, -0.006388
21, 0.18655, 1.0, -1, 0.18760000000000002, 0.9994500000000001, -1.0001, -0.005773
21, 0.38655, 1.0, -1, 0.38295000000000007, 1.0003, -1.0001, -0.005569
21, 0.58655, 1.0, -1, 0.5898000000000001, 1.00035, -1.0001, -0.005632
21, 0.7865500000000001, 1.0, -1, 0.7883000000000001, 1.00035, -1.0001, -0.006185
21, 0.98655, 1.0, -1, 0.9826, 0.99955, -1.00005, -0.007316
21, 1.18655, 1.0, -1, 1.1895, 0.9995, -1.0, -0.008364
21, 1.38655, 1.0, -1, 1.3868500000000001, 1.0004000000000002, -1.0, -0.008969
21, 1.58655, 1.0, -1, 1.5846500000000001, 1.0004000000000002, -1.0, -0.009319
21, 1.7865499999999999, 1.0, -1, 1.7911000000000001, 1.0004000000000002, -1.0, -0.009324
21, 1.9865499999999998, 1.0, -1, 1.9866000000000001, 0.9994500000000001, -1.0, -0.009334
21, 2.18655, 1.0, -1, 2.18255, 0.9995, -1.0, -0.009402
21, 2.18655, 0.8, -1, 2.1868499999999997, 0.80145, -1.0, -0.009345
21, 2.18655, 0.6000000000000001, -1, 2.1874000000000002, 0.5995, -1.0, -0.009387
21, 2.18655, 0.4000000000000001, -1, 2.1867, 0.4008, -1.0, -0.009267
21, 2.18655, 0.20000000000000007, -1, 2.18665, 0.20020000000000002, -1.0, -0.009199
21, 2.18655, 5.551115123125783e-17, -1, 2.1868499999999997, -0.004, -0.99995, -0.009006
21, 2.18655, -0.19999999999999996, -1, 2.1869, -0.1979, -0.9999000000000001, -0.00898
21, 2.18655, -0.39999999999999997, -1, 2.18675, -0.39935000000000004, -0.99985, -0.008969
21, 2.18655, -0.6, -1, 2.1868499999999997, -0.60085, -0.99985, -0.008891
21, 2.18655, -0.8, -1, 2.1867, -0.7988500000000001, -0.99985, -0.008766
21, 2.18655, -1.0, -1, 2.18665, -1.0015500000000002, -0.99985, -0.008354
21, 2.18655, -1.2, -1, 2.18675, -1.20105, -0.99995, -0.007979
21, 2.18655, -1.4, -1, 2.1868000000000003, -1.39785, -1.0, -0.007786
21, 2.18655, -1.5999999999999999, -1, 2.1864, -1.6004500000000002, -1.0, -0.007681
21, 2.18655, -1.7999999999999998, -1, 2.18625, -1.8014000000000001, -1.0, -0.007848
21, 2.18655, -1.9999999999999998, -1, 2.1864, -1.9996500000000001, -1.0, -0.008151
21, 2.18655, -2.1999999999999997, -1, 2.18665, -2.1998, -1.0, -0.008656
21, 2.18655, -2.4, -1, 2.1871, -2.4012000000000002, -1.0, -0.008818
21, 2.18655, -2.6, -1, 2.1869, -2.5983, -0.99995, -0.008656
21, 2.18655, -2.8000000000000003, -1, 2.1866, -2.8013500000000002, -1.00005, -0.008521
21, 2.18655, -3.0000000000000004, -1, 2.1864500000000002, -3.00265, -1.00015, -0.008516
21, 2.18655, -3.2000000000000006, -1, 2.1868000000000003, -3.19825, -1.00015, -0.0085
22, 1.98655, -3.2000000000000006, -1, 1.9918000000000002, -3.2003000000000004, -1.0002, -0.007874
22, 1.78655, -3.2000000000000006, -1, 1.7848000000000002, -3.2006000000000006, -1.0002, -0.007499
22, 1.5865500000000001, -3.2000000000000006, -1, 1.58375, -3.2001000000000004, -1.00005, -0.007462
22, 1.3865500000000002, -3.2000000000000006, -1, 1.38965, -3.2001000000000004, -0.99995, -0.007587
22, 1.1865500000000002, -3.2000000000000006, -1, 1.18465, -3.2, -0.9998, -0.007812
22, 0.9865500000000003, -3.2000000000000006, -1, 0.9846, -3.2, -0.9998, -0.008281
22, 0.7865500000000003, -3.2000000000000006, -1, 0.98445, -3.2, -0.9998, -0.008229
22, 0.5865500000000003, -3.2000000000000006, -1, 0.9843500000000001, -3.1999500000000003, -0.9998, -0.00826
22, 0.38655000000000034, -3.2000000000000006, -1, 0.38445000000000007, -3.2, -0.99985, -0.007775
22, 0.18655000000000033, -3.2000000000000006, -1, 0.38420000000000004, -3.1999500000000003, -0.9998, -0.00778
22, -0.013449999999999684, -3.2000000000000006, -1, -0.0114, -3.2, -0.9999000000000001, -0.007248
22, -0.2134499999999997, -3.2000000000000006, -1, -0.01135, -3.2, -0.99985, -0.007238
22, -0.4134499999999997, -3.2000000000000006, -1, -0.01135, -3.2, -0.99985, -0.007238
22, -0.6134499999999997, -3.2000000000000006, -1, -0.011300000000000001, -3.2, -0.99985, -0.007222
22, -0.8134499999999998, -3.2000000000000006, -1, -0.01135, -3.2, -0.9999000000000001, -0.007228
22, -1.0134499999999997, -3.2000000000000006, -1, -0.01135, -3.2, -0.9999000000000001, -0.007222
22, -1.2134499999999997, -3.2000000000000006, -1, -0.01135, -3.1999500000000003, -0.99985, -0.007212
22, -1.4134499999999997, -3.2000000000000006, -1, -1.41995, -3.20005, -1.0, -0.008062
22, -1.6134499999999996, -3.2000000000000006, -1, -1.6147, -3.2001000000000004, -1.0, -0.008364
22, -1.8134499999999996, -3.2000000000000006, -1, -1.8135, -3.20005, -1.0, -0.008766
22, -2.0134499999999997, -3.2000000000000006, -1, -2.0105500000000003, -3.2001000000000004, -1.0, -0.009089
22, -2.21345, -3.2000000000000006, -1, -2.21525, -3.2001000000000004, -1.0, -0.009324
22, -2.21345, -3.0000000000000004, -1, -2.21385, -3.0013500000000004, -1.0, -0.009178
22, -2.21345, -2.8000000000000003, -1, -2.21365, -2.79605, -1.0, -0.008818
22, -2.21345, -2.6, -1, -2.21365, -2.59995, -1.0, -0.008573
22, -2.21345, -2.4, -1, -2.21365, -2.4018, -1.00005, -0.008323
22, -2.21345, -2.1999999999999997, -1, -2.21365, -2.1989500000000004, -1.0002, -0.008318
22, -2.21345, -1.9999999999999998, -1, -2.2134500000000004, -1.9996, -1.0002, -0.008479
22, -2.21345, -1.7999999999999998, -1, -2.2134, -1.7995500000000002, -1.00025, -0.008724
22, -2.21345, -1.5999999999999999, -1, -2.2136, -1.5996000000000001, -1.00015, -0.008641
22, -2.21345, -1.4, -1, -2.21355, -1.4002000000000001, -1.0, -0.007572
22, -2.21345, -1.2, -1, -2.2137000000000002, -1.201, -1.0, -0.006028
22, -2.21345, -1.0, -1, -2.2137000000000002, -0.9991, -0.99995, -0.004224
22, -2.21345, -0.8, -1, -2.2138, -0.7989, -0.99985, -0.002868
22, -2.21345, -0.6000000000000001, -1, -2.214, -0.6002000000000001, -0.9999000000000001, -0.002289
22, -2.21345, -0.4000000000000001, -1, -2.21365, -0.40105, -0.99985, -0.002576
22, -2.21345, -0.20000000000000007, -1, -2.2135, -0.19970000000000002, -0.9999000000000001, -0.004021
22, -2.21345, -5.551115123125783e-17, -1, -2.21355, -0.0008500000000000001, -1.0, -0.005715
22, -2.21345, 0.19999999999999996, -1, -2.21355, 0.20245000000000002, -1.0, -0.007415
22, -2.21345, 0.39999999999999997, -1, -2.2135, 0.40015000000000006, -0.99995, -0.008516
22, -2.21345, 0.6, -1, -2.2131, 0.5987, -1.00005, -0.008802
22, -2.21345, 0.8, -1, -2.21365, 0.8005, -1.0002, -0.008495
22, -2.21345, 1.0, -1, -2.2136, 1.0006, -1.0002, -0.008234
22, -2.21345, 1.2, -1, -2.2137000000000002, 1.1977, -1.0002, -0.008088
23, -2.0134499999999997, 1.2, -1, -2.01315, 1.20015, -1.00015, -0.006915
23, -1.8134499999999998, 1.2, -1, -1.816, 1.2001000000000002, -1.0, -0.005835
23, -1.6134499999999998, 1.2, -1, -1.6114000000000002, 1.20015, -1.0, -0.004751
23, -1.4134499999999999, 1.2, -1, -1.41385, 1.2, -0.99995, -0.004464
23, -1.21345, 1.2, -1, -1.2131500000000002, 1.2, -0.9999000000000001, -0.004829
23, -1.01345, 1.2, -1, -1.0119500000000001, 1.1999000000000002, -0.9999000000000001, -0.005752
23, -0.81345, 1.2, -1, -0.8158500000000001, 1.1999000000000002, -0.9999000000000001, -0.006967
23, -0.61345, 1.2, -1, -0.6115, 1.19995, -0.99985, -0.007895
23, -0.41345000000000004, 1.2, -1, -0.40990000000000004, 1.19995, -0.99985, -0.008041
23, -0.21345000000000003, 1.2, -1, -0.2151, 1.2, -0.9999000000000001, -0.007196
23, -0.013450000000000017, 1.2, -1, -0.011300000000000001, 1.20005, -1.0, -0.006179
23, 0.18655, 1.2, -1, 0.18730000000000002, 1.20005, -1.0, -0.005668
23, 0.38655, 1.2, -1, 0.38280000000000003, 1.20005, -1.0, -0.005397
23, 0.58655, 1.2, -1, 0.5899, 1.2, -1.0, -0.005517
23, 0.7865500000000001, 1.2, -1, 0.7883000000000001, 1.20005, -1.0, -0.006206
23, 0.98655, 1.2, -1, 0.9823000000000001, 1.19995, -1.0, -0.007494
23, 1.18655, 1.2, -1, 1.1895499999999999, 1.1999000000000002, -1.0, -0.008573
23, 1.38655, 1.2, -1, 1.38675, 1.19995, -1.0, -0.009079
23, 1.58655, 1.2, -1, 1.5848000000000002, 1.19995, -1.0, -0.00936
23, 1.7865499999999999, 1.2, -1, 1.79115, 1.2, -0.99995, -0.009345
23, 1.9865499999999998, 1.2, -1, 1.9864000000000002, 1.20005, -1.00005, -0.009387
23, 2.18655, 1.2, -1, 2.1826, 1.20005, -1.0002, -0.009371
23, 2.38655, 1.2, -1, 2.3892, 1.20005, -1.00015, -0.009345
23, 2.38655, 1.0, -1, 2.387, 1.002, -1.0002, -0.009407
23, 2.38655, 0.8, -1, 2.3869000000000002, 0.8005, -1.00015, -0.009355
23, 2.38655, 0.6000000000000001, -1, 2.38665, 0.5992000000000001, -1.0, -0.00934
23, 2.38655, 0.4000000000000001, -1, 2.38685, 0.4016, -1.0, -0.009366
23, 2.38655, 0.20000000000000007, -1, 2.38685, 0.2, -1.0, -0.009251
23, 2.38655, 5.551115123125783e-17, -1, 2.3861, -0.00405, -1.0, -0.009204
23, 2.38655, -0.19999999999999996, -1, 2.38665, -0.19785000000000003, -0.99995, -0.009214
23, 2.38655, -0.39999999999999997, -1, 2.38695, -0.39935000000000004, -0.99985, -0.009178
23, 2.38655, -0.6, -1, 2.3870999999999998, -0.60085, -0.9998, -0.009204
23, 2.38655, -0.8, -1, 2.38605, -0.799, -0.99985, -0.009084
23, 2.38655, -1.0, -1, 2.3863000000000003, -1.00145, -0.99985, -0.008928
23, 2.38655, -1.2, -1, 2.3872000000000004, -1.20125, -0.99995, -0.008745
23, 2.38655, -1.4, -1, 2.38725, -1.39775, -1.0001, -0.008625
23, 2.38655, -1.5999999999999999, -1, 2.38605, -1.5999, -1.0002, -0.008594
23, 2.38655, -1.7999999999999998, -1, 2.3863000000000003, -1.8018500000000002, -1.00015, -0.00863
23, 2.38655, -1.9999999999999998, -1, 2.38655, -1.9994, -1.00015, -0.00887
23, 2.38655, -2.1999999999999997, -1, 2.38685, -2.1998, -1.0001, -0.009074
23, 2.38655, -2.4, -1, 2.3865, -2.4013, -1.00005, -0.009157
23, 2.38655, -2.6, -1, 2.38665, -2.5983, -1.0, -0.009173
23, 2.38655, -2.8000000000000003, -1, 2.3869000000000002, -2.8009500000000003, -1.0, -0.009053
23, 2.38655, -3.0000000000000004, -1, 2.38685, -3.0029, -1.0, -0.009115
23, 2.38655, -3.2000000000000006, -1, 2.38655, -3.1983, -0.99995, -0.009079
23, 2.38655, -3.400000000000001, -1, 2.3869000000000002, -3.40055, -0.9998, -0.009147
24, 2.18655, -3.400000000000001, -1, 2.1869, -3.4007, -0.99985, -0.008745
24, 1.98655, -3.400000000000001, -1, 1.9901000000000002, -3.39975, -0.9999000000000001, -0.008078
24, 1.78655, -3.400000000000001, -1, 1.7856, -3.3998000000000004, -0.9999000000000001, -0.00777
24, 1.5865500000000001, -3.400000000000001, -1, 1.58285, -3.3999500000000005, -0.9999000000000001, -0.00778
24, 1.3865500000000002, -3.400000000000001, -1, 1.3885500000000002, -3.4002000000000003, -1.0, -0.00789
24, 1.1865500000000002, -3.400000000000001, -1, 1.1863500000000002, -3.4003500000000004, -1.0, -0.008271
24, 0.9865500000000003, -3.400000000000001, -1, 0.984, -3.4, -1.0, -0.00862
24, 0.7865500000000003, -3.400000000000001, -1, 0.98345, -3.4, -1.00005, -0.008662
24, 0.5865500000000003, -3.400000000000001, -1, 0.9835, -3.4, -1.0, -0.008677
24, 0.38655000000000034, -3.400000000000001, -1, 0.98355, -3.4000500000000002, -1.0, -0.008615
24, 0.18655000000000033, -3.400000000000001, -1, 0.18825, -3.4000500000000002, -1.00005, -0.007452
24, -0.013449999999999684, -3.400000000000001, -1, -0.015300000000000001, -3.4, -1.0001, -0.007217
24, -0.2134499999999997, -3.400000000000001, -1, -0.01535, -3.4000500000000002, -1.0001, -0.007295
24, -0.4134499999999997, -3.400000000000001, -1, -0.415, -3.3999500000000005, -1.0001, -0.007499
24, -0.6134499999999997, -3.400000000000001, -1, -0.6166500000000001, -3.3999500000000005, -1.0001, -0.007848
24, -0.8134499999999998, -3.400000000000001, -1, -0.8128000000000001, -3.3999500000000005, -1.00015, -0.008328
24, -1.0134499999999997, -3.400000000000001, -1, -1.0136500000000002, -3.4, -1.00015, -0.008662
24, -1.2134499999999997, -3.400000000000001, -1, -1.0138, -3.4, -1.00015, -0.00862
24, -1.4134499999999997, -3.400000000000001, -1, -1.0138, -3.3999500000000005, -1.00015, -0.008656
24, -1.6134499999999996, -3.400000000000001, -1, -1.616, -3.4000500000000002, -1.0001, -0.009027
24, -1.8134499999999996, -3.400000000000001, -1, -1.8148000000000002, -3.40015, -0.99995, -0.009241
24, -2.0134499999999997, -3.400000000000001, -1, -2.01005, -3.40015, -0.9999000000000001, -0.009314
24, -2.21345, -3.400000000000001, -1, -2.2154000000000003, -3.4000500000000002, -0.9999000000000001, -0.009355
24, -2.41345, -3.400000000000001, -1, -2.4159, -3.4000500000000002, -0.9999000000000001, -0.009392
24, -2.41345, -3.2000000000000006, -1, -2.41405, -3.2002, -0.9999000000000001, -0.00934
24, -2.41345, -3.0000000000000004, -1, -2.41365, -3.0, -0.9999000000000001, -0.009334
24, -2.41345, -2.8000000000000003, -1, -2.4134, -2.7974, -0.9999000000000001, -0.00934
24, -2.41345, -2.6, -1, -2.41335, -2.5998500000000004, -0.99995, -0.00923
24, -2.41345, -2.4, -1, -2.4135500000000003, -2.40205, -1.0, -0.009162
24, -2.41345, -2.1999999999999997, -1, -2.41385, -2.19905, -1.0, -0.009152
24, -2.41345, -1.9999999999999998, -1, -2.41305, -1.99865, -1.0, -0.009209
24, -2.41345, -1.7999999999999998, -1, -2.4133, -1.7995500000000002, -1.00005, -0.009282
24, -2.41345, -1.5999999999999999, -1, -2.4138, -1.5998, -1.0001, -0.009152
24, -2.41345, -1.4, -1, -2.414, -1.4002000000000001, -1.00015, -0.008537
24, -2.41345, -1.2, -1, -2.4138, -1.2008500000000002, -1.00015, -0.007368
24, -2.41345, -1.0, -1, -2.4133, -0.9995, -1.0001, -0.006174
24, -2.41345, -0.8, -1, -2.4134, -0.7987000000000001, -1.0001, -0.005329
24, -2.41345, -0.6000000000000001, -1, -2.4135, -0.60025, -1.0, -0.004881
24, -2.41345, -0.4000000000000001, -1, -2.4137000000000004, -0.40105, -1.00005, -0.005142
24, -2.41345, -0.20000000000000007, -1, -2.4137000000000004, -0.19955, -0.99995, -0.005945
24, -2.41345, -5.551115123125783e-17, -1, -2.4139500000000003, -0.00075, -0.9999000000000001, -0.007019
24, -2.41345, 0.19999999999999996, -1, -2.4135500000000003, 0.20245000000000002, -0.9999000000000001, -0.008213
24, -2.41345, 0.39999999999999997, -1, -2.41375, 0.40015000000000006, -0.9999000000000001, -0.008875
24, -2.41345, 0.6, -1, -2.4137000000000004, 0.59885, -0.9999000000000001, -0.009251
24, -2.41345, 0.8, -1, -2.4137000000000004, 0.8003000000000001, -0.9999000000000001, -0.009131
24, -2.41345, 1.0, -1, -2.4135999999999997, 1.0005, -0.9999000000000001, -0.00899
24, -2.41345, 1.2, -1, -2.4134, 1.19765, -0.99995, -0.008959
24, -2.41345, 1.4, -1, -2.4135500000000003, 1.4026500000000002, -1.0, -0.008912
25, -2.21345, 1.4, -1, -2.2099, 1.4008500000000002, -1.0, -0.00814
25, -2.0134499999999997, 1.4, -1, -2.0148, 1.3998000000000002, -1.0, -0.007003
25, -1.8134499999999998, 1.4, -1, -1.8155, 1.3997, -1.0, -0.005919
25, -1.6134499999999998, 1.4, -1, -1.6115500000000003, 1.39975, -0.99995, -0.004985
25, -1.4134499999999999, 1.4, -1, -1.4139000000000002, 1.3999000000000001, -1.00005, -0.004709
25, -1.21345, 1.4, -1, -1.21305, 1.4001000000000001, -1.00015, -0.005183
25, -1.01345, 1.4, -1, -1.0118, 1.4002000000000001, -1.00015, -0.006091
25, -0.81345, 1.4, -1, -0.81575, 1.4002000000000001, -1.00015, -0.007259
25, -0.61345, 1.4, -1, -0.61155, 1.40015, -1.00015, -0.008098
25, -0.41345000000000004, 1.4, -1, -0.41005, 1.4001000000000001, -1.0, -0.008093
25, -0.21345000000000003, 1.4, -1, -0.215, 1.4, -0.99995, -0.007264
25, -0.013450000000000017, 1.4, -1, -0.011300000000000001, 1.4, -0.9999000000000001, -0.006341
25, 0.18655, 1.4, -1, 0.18725, 1.4, -0.99985, -0.005804
25, 0.38655, 1.4, -1, 0.38270000000000004, 1.4, -0.99985, -0.005486
25, 0.58655, 1.4, -1, 0.5899500000000001, 1.4, -0.99985, -0.005705
25, 0.7865500000000001, 1.4, -1, 0.7884500000000001, 1.4000500000000002, -0.9999000000000001, -0.006576
25, 0.98655, 1.4, -1, 0.9824, 1.4, -0.99995, -0.007848
25, 1.18655, 1.4, -1, 1.1893, 1.4000500000000002, -1.0001, -0.008818
25, 1.38655, 1.4, -1, 1.3874000000000002, 1.4, -1.0002, -0.009168
25, 1.58655, 1.4, -1, 1.5846000000000002, 1.4, -1.0002, -0.009392
25, 1.7865499999999999, 1.4, -1, 1.7899500000000002, 1.4, -1.0002, -0.009387
25, 1.9865499999999998, 1.4, -1, 1.9868500000000002, 1.4000500000000002, -1.0002, -0.009413
25, 2.18655, 1.4, -1, 2.18325, 1.4, -1.0, -0.009397
25, 2.38655, 1.4, -1, 2.3891, 1.4, -1.00005, -0.00935
25, 2.5865500000000003, 1.4, -1, 2.58625, 1.4000500000000002, -0.99995, -0.009381
25, 2.5865500000000003, 1.2, -1, 2.58825, 1.19725, -0.99985, -0.009402
25, 2.5865500000000003, 1.0, -1, 2.5867000000000004, 1.001, -0.99985, -0.00935
25, 2.5865500000000003, 0.8, -1, 2.5868, 0.80125, -0.9998, -0.009402
25, 2.5865500000000003, 0.6000000000000001, -1, 2.5868500000000005, 0.59925, -0.9998, -0.00935
25, 2.5865500000000003, 0.4000000000000001, -1, 2.5861000000000005, 0.4011, -0.99995, -0.009366
25, 2.5865500000000003, 0.20000000000000007, -1, 2.5859500000000004, 0.20005, -1.00005, -0.009324
25, 2.5865500000000003, 5.551115123125783e-17, -1, 2.5874, -0.00305, -1.0002, -0.00923
25, 2.5865500000000003, -0.19999999999999996, -1, 2.5862000000000003, -0.19910000000000003, -1.0002, -0.009241
25, 2.5865500000000003, -0.39999999999999997, -1, 2.5863500000000004, -0.3993, -1.0002, -0.00922
25, 2.5865500000000003, -0.6, -1, 2.5863500000000004, -0.6009, -1.00015, -0.009188
25, 2.5865500000000003, -0.8, -1, 2.5867000000000004, -0.79895, -0.99995, -0.009251
25, 2.5865500000000003, -1.0, -1, 2.5867000000000004, -1.00145, -0.9998, -0.009183
25, 2.5865500000000003, -1.2, -1, 2.5869500000000003, -1.2012, -0.9998, -0.009126
25, 2.5865500000000003, -1.4, -1, 2.5871000000000004, -1.3975, -0.9998, -0.009204
25, 2.5865500000000003, -1.5999999999999999, -1, 2.58705, -1.6001500000000002, -0.99985, -0.009131
25, 2.5865500000000003, -1.7999999999999998, -1, 2.5865500000000003, -1.8013000000000001, -0.99995, -0.009157
25, 2.5865500000000003, -1.9999999999999998, -1, 2.58645, -1.9998500000000001, -1.00005, -0.009246
25, 2.5865500000000003, -2.1999999999999997, -1, 2.58665, -2.1999500000000003, -1.00015, -0.009282
25, 2.5865500000000003, -2.4, -1, 2.58625, -2.4012000000000002, -1.00015, -0.009303
25, 2.5865500000000003, -2.6, -1, 2.5865, -2.5983500000000004, -1.00015, -0.009355
25, 2.5865500000000003, -2.8000000000000003, -1, 2.587, -2.8004000000000002, -1.0001, -0.009308
25, 2.5865500000000003, -3.0000000000000004, -1, 2.5871000000000004, -3.0031000000000003, -1.00005, -0.009319
25, 2.5865500000000003, -3.2000000000000006, -1, 2.5872, -3.1993500000000004, -0.99995, -0.009376
25, 2.5865500000000003, -3.400000000000001, -1, 2.586, -3.3994500000000003, -0.99985, -0.009329
25, 2.5865500000000003, -3.600000000000001, -1, 2.58615, -3.6016500000000002, -0.9999000000000001, -0.009392
26, 2.38655, -3.600000000000001, -1, 2.3876, -3.60055, -0.99985, -0.009293
26, 2.18655, -3.600000000000001, -1, 2.1859, -3.6002, -0.9999000000000001, -0.008985
26, 1.98655, -3.600000000000001, -1, 1.9906000000000001, -3.60005, -0.99995, -0.008667
26, 1.78655, -3.600000000000001, -1, 1.7845, -3.5998500000000004, -1.00005, -0.00837
26, 1.5865500000000001, -3.600000000000001, -1, 1.5832, -3.5998, -1.0002, -0.008375
26, 1.3865500000000002, -3.600000000000001, -1, 1.3885, -3.5999, -1.0002, -0.008526
26, 1.1865500000000002, -3.600000000000001, -1, 1.18625, -3.60005, -1.0002, -0.008688
26, 0.9865500000000003, -3.600000000000001, -1, 0.9841500000000001, -3.60015, -1.00015, -0.008938
26, 0.7865500000000003, -3.600000000000001, -1, 0.7886500000000001, -3.60015, -1.00005, -0.00887
26, 0.5865500000000003, -3.600000000000001, -1, 0.58415, -3.60005, -0.99995, -0.008375
26, 0.38655000000000034, -3.600000000000001, -1, 0.3845, -3.5999, -0.99985, -0.007791
26, 0.18655000000000033, -3.600000000000001, -1, 0.1897, -3.5998, -0.99985, -0.007389
26, -0.013449999999999684, -3.600000000000001, -1, -0.014950000000000001, -3.5998, -0.99985, -0.007233
26, -0.2134499999999997, -3.600000000000001, -1, -0.2165, -3.59995, -0.9999000000000001, -0.00728
26, -0.4134499999999997, -3.600000000000001, -1, -0.41195000000000004, -3.6002, -1.0, -0.007441
26, -0.6134499999999997, -3.600000000000001, -1, -0.61655, -3.60025, -1.00005, -0.007994
26, -0.8134499999999998, -3.600000000000001, -1, -0.8128500000000001, -3.6001000000000003, -1.00015, -0.008594
26, -1.0134499999999997, -3.600000000000001, -1, -1.0137, -3.59995, -1.00015, -0.009006
26, -1.2134499999999997, -3.600000000000001, -1, -1.21625, -3.5998, -1.00015, -0.009314
26, -1.4134499999999997, -3.600000000000001, -1, -1.41345, -3.5999, -1.00015, -0.009334
26, -1.6134499999999996, -3.600000000000001, -1, -1.61445, -3.6, -1.0, -0.009314
26, -1.8134499999999996, -3.600000000000001, -1, -1.61445, -3.6, -1.00005, -0.009381
26, -2.0134499999999997, -3.600000000000001, -1, -1.61445, -3.6, -1.0, -0.009308
26, -2.21345, -3.600000000000001, -1, -1.61445, -3.6, -1.0, -0.00936
26, -2.41345, -3.600000000000001, -1, -1.61445, -3.6, -1.0, -0.00935
26, -2.6134500000000003, -3.600000000000001, -1, -1.6144, -3.6, -1.0, -0.009319
26, -2.6134500000000003, -3.400000000000001, -1, -2.6133500000000005, -3.39895, -1.00005, -0.009334
26, -2.6134500000000003, -3.2000000000000006, -1, -2.6134500000000003, -3.2005, -0.9999000000000001, -0.009413
26, -2.6134500000000003, -3.0000000000000004, -1, -2.6136500000000003, -3.0011000000000005, -0.9998, -0.00934
26, -2.6134500000000003, -2.8000000000000003, -1, -2.6141000000000005, -2.7963500000000003, -0.9998, -0.009334
26, -2.6134500000000003, -2.6, -1, -2.6132000000000004, -2.6, -0.9998, -0.009376
26, -2.6134500000000003, -2.4, -1, -2.6137, -2.4009500000000004, -0.99985, -0.009308
26, -2.6134500000000003, -2.1999999999999997, -1, -2.6134500000000003, -2.2004, -0.99995, -0.009324
26, -2.6134500000000003, -1.9999999999999998, -1, -2.6136500000000003, -1.9985500000000003, -1.0001, -0.009371
26, -2.6134500000000003, -1.7999999999999998, -1, -2.6136500000000003, -1.7997, -1.0002, -0.009314
26, -2.6134500000000003, -1.5999999999999999, -1, -2.6135, -1.5999, -1.00025, -0.009366
26, -2.6134500000000003, -1.4, -1, -2.6135, -1.3998000000000002, -1.0002, -0.00911
26, -2.6134500000000003, -1.2, -1, -2.6136500000000003, -1.20095, -1.00015, -0.008505
26, -2.6134500000000003, -1.0, -1, -2.61355, -0.9994500000000001, -1.0, -0.007874
26, -2.6134500000000003, -0.8, -1, -2.6136500000000003, -0.79835, -1.0, -0.007306
26, -2.6134500000000003, -0.6000000000000001, -1, -2.6136500000000003, -0.6003999999999999, -1.0, -0.007123
26, -2.6134500000000003, -0.4000000000000001, -1, -2.61355, -0.40120000000000006, -1.0, -0.007139
26, -2.6134500000000003, -0.20000000000000007, -1, -2.6136500000000003, -0.19945000000000002, -1.0, -0.007598
26, -2.6134500000000003, -5.551115123125783e-17, -1, -2.6134500000000003, -0.0011, -1.0, -0.00826
26, -2.6134500000000003, 0.19999999999999996, -1, -2.6134, 0.20265, -1.0, -0.008771
26, -2.6134500000000003, 0.39999999999999997, -1, -2.61355, 0.40015000000000006, -1.00005, -0.009188
26, -2.6134500000000003, 0.6, -1, -2.6135, 0.59875, -0.99995, -0.00934
26, -2.6134500000000003, 0.8, -1, -2.6134, 0.8006, -0.99985, -0.009329
26, -2.6134500000000003, 1.0, -1, -2.6134, 1.0003, -0.9998, -0.009345
26, -2.6134500000000003, 1.2, -1, -2.6136000000000004, 1.19865, -0.99985, -0.009298
26, -2.6134500000000003, 1.4, -1, -2.6139, 1.4023, -0.9999000000000001, -0.009376
26, -2.6134500000000003, 1.5999999999999999, -1, -2.6138000000000003, 1.59745, -0.9999000000000001, -0.009329
27, -2.41345, 1.5999999999999999, -1, -2.4156500000000003, 1.5991000000000002, -1.0, -0.009027
27, -2.21345, 1.5999999999999999, -1, -2.20965, 1.6005, -1.0, -0.008385
27, -2.0134499999999997, 1.5999999999999999, -1, -2.01545, 1.6005, -0.99995, -0.007436
27, -1.8134499999999998, 1.5999999999999999, -1, -1.8149000000000002, 1.5998, -1.00005, -0.006597
27, -1.6134499999999998, 1.5999999999999999, -1, -1.61165, 1.5998, -1.0002, -0.005794
27, -1.4134499999999999, 1.5999999999999999, -1, -1.4138000000000002, 1.5998, -1.00015, -0.005674
27, -1.21345, 1.5999999999999999, -1, -1.2135, 1.5998, -1.00015, -0.006153
27, -1.01345, 1.5999999999999999, -1, -1.0120500000000001, 1.6003000000000003, -1.00015, -0.006889
27, -0.81345, 1.5999999999999999, -1, -0.8148500000000001, 1.6004500000000002, -0.99995, -0.007806
27, -0.61345, 1.5999999999999999, -1, -0.6115, 1.5998500000000002, -0.99985, -0.00838
27, -0.41345000000000004, 1.5999999999999999, -1, -0.4103, 1.5998500000000002, -0.99985, -0.008286
27, -0.21345000000000003, 1.5999999999999999, -1, -0.21485, 1.5998500000000002, -0.99985, -0.007488
27, -0.013450000000000017, 1.5999999999999999, -1, -0.01135, 1.5999, -0.9999000000000001, -0.006784
27, 0.18655, 1.5999999999999999, -1, 0.1869, 1.6003500000000002, -0.9999000000000001, -0.006404
27, 0.38655, 1.5999999999999999, -1, 0.38355, 1.6003500000000002, -1.0, -0.006221
27, 0.58655, 1.5999999999999999, -1, 0.58965, 1.5998500000000002, -1.0, -0.006633
27, 0.7865500000000001, 1.5999999999999999, -1, 0.7885500000000001, 1.5998, -1.0, -0.007483
27, 0.98655, 1.5999999999999999, -1, 0.9823000000000001, 1.5998500000000002, -1.0, -0.008464
27, 1.18655, 1.5999999999999999, -1, 1.1894500000000001, 1.5999, -1.0, -0.009074
27, 1.38655, 1.5999999999999999, -1, 1.3870500000000001, 1.6001, -1.0, -0.009241
27, 1.58655, 1.5999999999999999, -1, 1.5844, 1.6003500000000002, -1.0, -0.009371
27, 1.7865499999999999, 1.5999999999999999, -1, 1.79075, 1.59995, -0.99995, -0.009329
27, 1.9865499999999998, 1.5999999999999999, -1, 1.9869, 1.6, -1.0001, -0.009387
27, 2.18655, 1.5999999999999999, -1, 1.9872, 1.59995, -1.0001, -0.00934
27, 2.38655, 1.5999999999999999, -1, 2.3848000000000003, 1.6, -1.0002, -0.009387
27, 2.5865500000000003, 1.5999999999999999, -1, 2.38505, 1.6, -1.0002, -0.009371
27, 2.7865500000000005, 1.5999999999999999, -1, 2.3851, 1.6, -1.0002, -0.009345
27, 2.7865500000000005, 1.4, -1, 2.78535, 1.4032, -1.00015, -0.009345
27, 2.7865500000000005, 1.2, -1, 2.7867, 1.1978, -1.0002, -0.009423
27, 2.7865500000000005, 1.0, -1, 2.78725, 1.00055, -1.0001, -0.009392
27, 2.7865500000000005, 0.8, -1, 2.7868500000000003, 0.80135, -1.00005, -0.00935
27, 2.7865500000000005, 0.6000000000000001, -1, 2.7869, 0.5993, -1.0, -0.009413
27, 2.7865500000000005, 0.4000000000000001, -1, 2.787, 0.40105, -0.99995, -0.009345
27, 2.7865500000000005, 0.20000000000000007, -1, 2.7867, 0.20015, -0.99985, -0.009387
27, 2.7865500000000005, 5.551115123125783e-17, -1, 2.7866500000000003, 0.20015, -0.99985, -0.00934
27, 2.7865500000000005, -0.19999999999999996, -1, 2.78655, -0.20225, -0.99985, -0.009241
27, 2.7865500000000005, -0.39999999999999997, -1, 2.7864, -0.39945, -0.99985, -0.009235
27, 2.7865500000000005, -0.6, -1, 2.78655, -0.601, -0.99985, -0.009267
27, 2.7865500000000005, -0.8, -1, 2.7869, -0.7987000000000001, -0.99995, -0.009241
27, 2.7865500000000005, -1.0, -1, 2.78675, -1.0016, -1.00005, -0.009261
27, 2.7865500000000005, -1.2, -1, 2.7865, -1.2012, -1.00015, -0.00934
27, 2.7865500000000005, -1.4, -1, 2.7866500000000003, -1.3975500000000003, -1.0002, -0.009303
27, 2.7865500000000005, -1.5999999999999999, -1, 2.7866000000000004, -1.3975, -1.0002, -0.00936
27, 2.7865500000000005, -1.7999999999999998, -1, 2.7869, -1.80195, -1.00015, -0.00935
27, 2.7865500000000005, -1.9999999999999998, -1, 2.7867, -1.9995500000000002, -1.00015, -0.009298
27, 2.7865500000000005, -2.1999999999999997, -1, 2.78675, -2.2, -1.00005, -0.00935
27, 2.7865500000000005, -2.4, -1, 2.7867, -2.4007, -0.9999000000000001, -0.009334
27, 2.7865500000000005, -2.6, -1, 2.7866000000000004, -2.40065, -0.9999000000000001, -0.00934
27, 2.7865500000000005, -2.8000000000000003, -1, 2.7867, -2.79855, -0.99975, -0.00936
27, 2.7865500000000005, -3.0000000000000004, -1, 2.78675, -3.0044, -0.99975, -0.009392
27, 2.7865500000000005, -3.2000000000000006, -1, 2.7861000000000002, -3.19815, -0.99975, -0.009355
27, 2.7865500000000005, -3.400000000000001, -1, 2.7862000000000005, -3.4000500000000002, -0.99995, -0.009407
27, 2.7865500000000005, -3.600000000000001, -1, 2.7868500000000003, -3.6016500000000002, -1.0001, -0.009366
27, 2.7865500000000005, -3.800000000000001, -1, 2.7869500000000005, -3.79925, -1.00015, -0.00936
28, 2.5865500000000003, -3.800000000000001, -1, 2.5889, -3.7996000000000003, -1.00015, -0.009407
28, 2.38655, -3.800000000000001, -1, 2.3864, -3.8003, -1.0002, -0.009329
28, 2.18655, -3.800000000000001, -1, 2.18625, -3.8005500000000003, -1.0002, -0.009246
28, 1.98655, -3.800000000000001, -1, 1.98995, -3.79985, -1.0001, -0.00911
28, 1.78655, -3.800000000000001, -1, 1.7847, -3.79985, -1.0, -0.008948
28, 1.5865500000000001, -3.800000000000001, -1, 1.58345, -3.7999, -1.0, -0.009016
28, 1.3865500000000002, -3.800000000000001, -1, 1.3884, -3.7999500000000004, -1.0, -0.009063
28, 1.1865500000000002, -3.800000000000001, -1, 1.18525, -3.8, -1.0, -0.00911
28, 0.9865500000000003, -3.800000000000001, -1, 1.1852, -3.8, -1.0, -0.009126
28, 0.7865500000000003, -3.800000000000001, -1, 1.1852, -3.8, -1.0, -0.00911
28, 0.5865500000000003, -3.800000000000001, -1, 1.1852, -3.80005, -1.0, -0.009147
28, 0.38655000000000034, -3.800000000000001, -1, 1.1852, -3.8, -1.0, -0.009105
28, 0.18655000000000033, -3.800000000000001, -1, 1.1852, -3.8, -1.0, -0.009105
28, -0.013449999999999684, -3.800000000000001, -1, -0.01565, -3.80015, -1.00005, -0.007228
28, -0.2134499999999997, -3.800000000000001, -1, -0.21665, -3.80015, -0.99995, -0.00728
28, -0.4134499999999997, -3.800000000000001, -1, -0.4118, -3.8001000000000005, -0.99985, -0.007541
28, -0.6134499999999997, -3.800000000000001, -1, -0.6172000000000001, -3.8, -0.9998, -0.008104
28, -0.8134499999999998, -3.800000000000001, -1, -0.61775, -3.80005, -0.99985, -0.008125
28, -1.0134499999999997, -3.800000000000001, -1, -1.0123, -3.8, -0.99985, -0.009126
28, -1.2134499999999997, -3.800000000000001, -1, -1.01265, -3.8, -0.99985, -0.009173
28, -1.4134499999999997, -3.800000000000001, -1, -1.01265, -3.8, -0.99985, -0.009183
28, -1.6134499999999996, -3.800000000000001, -1, -1.01265, -3.8, -0.99985, -0.009162
28, -1.8134499999999996, -3.800000000000001, -1, -1.01265, -3.7999500000000004, -0.9999000000000001, -0.009157
28, -2.0134499999999997, -3.800000000000001, -1, -2.0141, -3.8, -0.9999000000000001, -0.009355
28, -2.21345, -3.800000000000001, -1, -2.01415, -3.7999500000000004, -0.99985, -0.009387
28, -2.41345, -3.800000000000001, -1, -2.41725, -3.8, -0.9999000000000001, -0.00935
28, -2.6134500000000003, -3.800000000000001, -1, -2.41715, -3.8, -0.9999000000000001, -0.009355
28, -2.8134500000000005, -3.800000000000001, -1, -2.41715, -3.7999500000000004, -0.9999000000000001, -0.009418
28, -2.8134500000000005, -3.600000000000001, -1, -2.814, -3.6007000000000002, -0.99995, -0.009381
28, -2.8134500000000005, -3.400000000000001, -1, -2.81375, -3.3984500000000004, -1.00005, -0.009334
28, -2.8134500000000005, -3.2000000000000006, -1, -2.8137000000000003, -3.2007000000000003, -1.00015, -0.009387
28, -2.8134500000000005, -3.0000000000000004, -1, -2.8136000000000005, -3.0013, -1.00015, -0.009376
28, -2.8134500000000005, -2.8000000000000003, -1, -2.8134500000000005, -2.7967000000000004, -1.00015, -0.009334
28, -2.8134500000000005, -2.6, -1, -2.8135, -2.5992, -1.00015, -0.009376
28, -2.8134500000000005, -2.4, -1, -2.8136000000000005, -2.40185, -1.00005, -0.009329
28, -2.8134500000000005, -2.1999999999999997, -1, -2.8136000000000005, -2.19915, -0.9999000000000001, -0.009355
28, -2.8134500000000005, -1.9999999999999998, -1, -2.8138, -1.9996500000000001, -0.99985, -0.009371
28, -2.8134500000000005, -1.7999999999999998, -1, -2.8138, -1.79975, -0.9998, -0.009319
28, -2.8134500000000005, -1.5999999999999999, -1, -2.8135, -1.59965, -0.99985, -0.009387
28, -2.8134500000000005, -1.4, -1, -2.8133500000000002, -1.40015, -0.99985, -0.009293
28, -2.8134500000000005, -1.2, -1, -2.8133500000000002, -1.2011, -0.99995, -0.009173
28, -2.8134500000000005, -1.0, -1, -2.8136000000000005, -0.9993000000000001, -1.0001, -0.009001
28, -2.8134500000000005, -0.8, -1, -2.8137000000000003, -0.7985, -1.0002, -0.008703
28, -2.8134500000000005, -0.6000000000000001, -1, -2.81375, -0.6006, -1.0002, -0.008641
28, -2.8134500000000005, -0.4000000000000001, -1, -2.81375, -0.4011, -1.00025, -0.008604
28, -2.8134500000000005, -0.20000000000000007, -1, -2.8137000000000003, -0.1995, -1.0001, -0.008802
28, -2.8134500000000005, -5.551115123125783e-17, -1, -2.81375, -0.00065, -0.99995, -0.009053
28, -2.8134500000000005, 0.19999999999999996, -1, -2.8134, 0.20255, -0.9999000000000001, -0.00922
28, -2.8134500000000005, 0.39999999999999997, -1, -2.8131500000000003, 0.4, -0.9999000000000001, -0.009308
28, -2.8134500000000005, 0.6, -1, -2.8134, 0.5990500000000001, -0.99995, -0.009371
28, -2.8134500000000005, 0.8, -1, -2.8134500000000005, 0.8006500000000001, -0.9999000000000001, -0.009371
28, -2.8134500000000005, 1.0, -1, -2.8139000000000003, 0.99975, -0.99995, -0.009334
28, -2.8134500000000005, 1.2, -1, -2.8139000000000003, 1.1993500000000001, -0.99995, -0.009397
28, -2.8134500000000005, 1.4, -1, -2.8135, 1.4014000000000002, -0.99995, -0.00934
28, -2.8134500000000005, 1.5999999999999999, -1, -2.81355, 1.5977000000000001, -1.0, -0.009371
28, -2.8134500000000005, 1.7999999999999998, -1, -2.8133000000000004, 1.7988000000000002, -1.00005, -0.00935
29, -2.6134500000000003, 1.7999999999999998, -1, -2.6124500000000004, 1.79875, -1.00015, -0.009329
29, -2.41345, 1.7999999999999998, -1, -2.4151, 1.7999, -1.0001, -0.009178
29, -2.21345, 1.7999999999999998, -1, -2.2098, 1.8, -1.0001, -0.008724
29, -2.0134499999999997, 1.7999999999999998, -1, -2.20985, 1.8, -1.0001, -0.008688
29, -1.8134499999999998, 1.7999999999999998, -1, -2.20985, 1.79995, -1.00015, -0.008672
29, -1.6134499999999998, 1.7999999999999998, -1, -1.6146, 1.8, -1.00005, -0.007019
29, -1.4134499999999999, 1.7999999999999998, -1, -1.6146, 1.8, -1.0001, -0.006998
29, -1.21345, 1.7999999999999998, -1, -1.6146, 1.8, -1.00005, -0.00704
29, -1.01345, 1.7999999999999998, -1, -1.6146500000000001, 1.8, -1.00005, -0.007045
29, -0.81345, 1.7999999999999998, -1, -1.6146, 1.8, -1.00005, -0.006977
29, -0.61345, 1.7999999999999998, -1, -1.6146, 1.8, -1.00005, -0.00705
29, -0.41345000000000004, 1.7999999999999998, -1, -1.6146500000000001, 1.8, -1.00005, -0.006988
29, -0.21345000000000003, 1.7999999999999998, -1, -1.6146, 1.8, -1.00005, -0.00705
29, -0.013450000000000017, 1.7999999999999998, -1, -1.6146, 1.8, -1.00005, -0.006983
29, 0.18655, 1.7999999999999998, -1, -1.6146, 1.8, -1.00005, -0.007019
29, 0.38655, 1.7999999999999998, -1, -1.6146500000000001, 1.8, -1.00005, -0.007019
29, 0.58655, 1.7999999999999998, -1, -1.6146500000000001, 1.8000500000000001, -1.0001, -0.006998
29, 0.7865500000000001, 1.7999999999999998, -1, 0.7956500000000001, 1.8001500000000001, -1.00005, -0.008505
29, 0.98655, 1.7999999999999998, -1, 0.9824, 1.8002, -0.99995, -0.008954
29, 1.18655, 1.7999999999999998, -1, 1.18965, 1.8001500000000001, -0.99985, -0.009251
29, 1.38655, 1.7999999999999998, -1, 1.3870500000000001, 1.8001500000000001, -0.99985, -0.009308
29, 1.58655, 1.7999999999999998, -1, 1.5844500000000001, 1.8000500000000001, -0.99985, -0.00934
29, 1.7865499999999999, 1.7999999999999998, -1, 1.7902, 1.8, -0.99985, -0.009397
29, 1.9865499999999998, 1.7999999999999998, -1, 1.7908000000000002, 1.8, -0.99985, -0.00934
29, 2.18655, 1.7999999999999998, -1, 2.18275, 1.8, -0.99995, -0.009397
29, 2.38655, 1.7999999999999998, -1, 2.1828499999999997, 1.79995, -0.99995, -0.00936
29, 2.5865500000000003, 1.7999999999999998, -1, 2.58975, 1.8, -1.0001, -0.009397
29, 2.7865500000000005, 1.7999999999999998, -1, 2.59005, 1.8, -1.00005, -0.009376
29, 2.9865500000000007, 1.7999999999999998, -1, 2.59015, 1.8, -1.00005, -0.009392
29, 2.9865500000000007, 1.5999999999999999, -1, 2.9869, 1.6036000000000001, -1.0002, -0.009371
29, 2.9865500000000007, 1.4, -1, 2.9874, 1.40155, -1.0002, -0.00936
29, 2.9865500000000007, 1.2, -1, 2.98735, 1.1976000000000002, -1.0002, -0.009402
29, 2.9865500000000007, 1.0, -1, 2.9859500000000003, 1.00075, -1.00015, -0.00936
29, 2.9865500000000007, 0.8, -1, 2.9866, 0.8016500000000001, -1.0, -0.009433
29, 2.9865500000000007, 0.6000000000000001, -1, 2.9868, 0.59815, -1.0, -0.009402
29, 2.9865500000000007, 0.4000000000000001, -1, 2.9865, 0.4016, -1.0, -0.009355
29, 2.9865500000000007, 0.20000000000000007, -1, 2.98665, 0.20025, -1.0, -0.009407
29, 2.9865500000000007, 5.551115123125783e-17, -1, 2.9865500000000003, 0.20035000000000003, -1.0, -0.00934
29, 2.9865500000000007, -0.19999999999999996, -1, 2.9865500000000003, 0.20025, -1.0, -0.009423
29, 2.9865500000000007, -0.39999999999999997, -1, 2.9865500000000003, 0.20025, -1.0, -0.00935
29, 2.9865500000000007, -0.6, -1, 2.98695, -0.6025, -0.99995, -0.009324
29, 2.9865500000000007, -0.8, -1, 2.98695, -0.7988000000000001, -0.9998, -0.009392
29, 2.9865500000000007, -1.0, -1, 2.9868500000000004, -1.00145, -0.99985, -0.009334
29, 2.9865500000000007, -1.2, -1, 2.9868500000000004, -1.201, -0.99985, -0.009334
29, 2.9865500000000007, -1.4, -1, 2.98675, -1.3978000000000002, -0.9998, -0.009397
29, 2.9865500000000007, -1.5999999999999999, -1, 2.9859500000000003, -1.5999, -0.99995, -0.00936
29, 2.9865500000000007, -1.7999999999999998, -1, 2.9868, -1.802, -1.00005, -0.009366
29, 2.9865500000000007, -1.9999999999999998, -1, 2.9869, -1.9986000000000002, -1.00015, -0.009397
29, 2.9865500000000007, -2.1999999999999997, -1, 2.9862, -2.2008, -1.00015, -0.00934
29, 2.9865500000000007, -2.4, -1, 2.9865, -2.40025, -1.00015, -0.009397
29, 2.9865500000000007, -2.6, -1, 2.9868, -2.59905, -1.00015, -0.009345
29, 2.9865500000000007, -2.8000000000000003, -1, 2.9867000000000004, -2.80065, -1.0, -0.009334
29, 2.9865500000000007, -3.0000000000000004, -1, 2.9868, -3.0029, -1.00005, -0.009366
29, 2.9865500000000007, -3.2000000000000006, -1, 2.9868, -3.1987, -0.9999000000000001, -0.009402
29, 2.9865500000000007, -3.400000000000001, -1, 2.9865500000000003, -3.40045, -0.99975, -0.009397
29, 2.9865500000000007, -3.600000000000001, -1, 2.9867000000000004, -3.6003000000000003, -0.9997, -0.00934
29, 2.9865500000000007, -3.800000000000001, -1, 2.9862, -3.8, -0.99975, -0.009402
29, 2.9865500000000007, -4.000000000000001, -1, 2.9862, -4.00155, -0.99995, -0.009402
30, 2.7865500000000005, -4.000000000000001, -1, 2.78555, -4.00045, -1.0001, -0.009355
30, 2.5865500000000003, -4.000000000000001, -1, 2.58915, -4.0004, -1.00015, -0.009397
30, 2.38655, -4.000000000000001, -1, 2.38615, -4.00035, -1.0002, -0.009397
30, 2.18655, -4.000000000000001, -1, 2.18515, -3.9994500000000004, -1.0002, -0.009329
30, 1.98655, -4.000000000000001, -1, 1.99145, -3.99955, -1.0002, -0.00936
30, 1.78655, -4.000000000000001, -1, 1.7839, -4.0002, -1.0001, -0.009267
30, 1.5865500000000001, -4.000000000000001, -1, 1.58345, -4.00025, -1.0, -0.009256
30, 1.3865500000000002, -4.000000000000001, -1, 1.3874000000000002, -4.00015, -1.00005, -0.009298
30, 1.1865500000000002, -4.000000000000001, -1, 1.1865, -3.9998500000000003, -0.9999000000000001, -0.009303
30, 0.9865500000000003, -4.000000000000001, -1, 0.9833000000000001, -3.9997000000000003, -0.9998, -0.009287
30, 0.7865500000000003, -4.000000000000001, -1, 0.78905, -3.99995, -0.9998, -0.009089
30, 0.5865500000000003, -4.000000000000001, -1, 0.5849500000000001, -4.00015, -0.9998, -0.008552
30, 0.38655000000000034, -4.000000000000001, -1, 0.38320000000000004, -4.0002, -0.9998, -0.008046
30, 0.18655000000000033, -4.000000000000001, -1, 0.19005000000000002, -4.00005, -0.99995, -0.007546
30, -0.013449999999999684, -4.000000000000001, -1, -0.014150000000000001, -3.9998500000000003, -1.0001, -0.007337
30, -0.2134499999999997, -4.000000000000001, -1, -0.21665, -3.99975, -1.00025, -0.007494
30, -0.4134499999999997, -4.000000000000001, -1, -0.41165, -4.00005, -1.00025, -0.00789
30, -0.6134499999999997, -4.000000000000001, -1, -0.6171500000000001, -4.00015, -1.0002, -0.008495
30, -0.8134499999999998, -4.000000000000001, -1, -0.81325, -4.00015, -1.00005, -0.008938
30, -1.0134499999999997, -4.000000000000001, -1, -1.0135500000000002, -3.99995, -0.99995, -0.009267
30, -1.2134499999999997, -4.000000000000001, -1, -1.21635, -3.9998, -0.99985, -0.009366
30, -1.4134499999999997, -4.000000000000001, -1, -1.4120500000000002, -3.9998500000000003, -0.99985, -0.009319
30, -1.6134499999999996, -4.000000000000001, -1, -1.6159000000000001, -4.0, -0.99985, -0.009387
30, -1.8134499999999996, -4.000000000000001, -1, -1.6159000000000001, -4.0, -0.99985, -0.00935
30, -2.0134499999999997, -4.000000000000001, -1, -1.6158500000000002, -4.0, -0.99985, -0.00935
30, -2.21345, -4.000000000000001, -1, -1.6158000000000001, -4.0, -0.9998, -0.009376
30, -2.41345, -4.000000000000001, -1, -1.6158000000000001, -4.0, -0.99985, -0.00935
30, -2.6134500000000003, -4.000000000000001, -1, -1.6158000000000001, -4.0, -0.99985, -0.009371
30, -2.8134500000000005, -4.000000000000001, -1, -1.6158000000000001, -4.0, -0.9998, -0.009334
30, -3.0134500000000006, -4.000000000000001, -1, -1.61575, -4.0, -0.99985, -0.009387
30, -3.0134500000000006, -3.8000000000000007, -1, -3.0178000000000003, -3.7989, -0.9999000000000001, -0.009397
30, -3.0134500000000006, -3.6000000000000005, -1, -3.01405, -3.60005, -1.0, -0.009345
30, -3.0134500000000006, -3.4000000000000004, -1, -3.01375, -3.3999, -1.0, -0.009397
30, -3.0134500000000006, -3.2, -1, -3.0136000000000003, -3.19975, -1.0, -0.00934
30, -3.0134500000000006, -3.0, -1, -3.0133, -3.00105, -1.0, -0.009397
30, -3.0134500000000006, -2.8, -1, -3.01325, -2.7962000000000002, -1.0, -0.009376
30, -3.0134500000000006, -2.5999999999999996, -1, -3.0133500000000004, -2.79605, -1.0, -0.009345
30, -3.0134500000000006, -2.3999999999999995, -1, -3.01375, -2.4021, -1.0, -0.009334
30, -3.0134500000000006, -2.1999999999999993, -1, -3.01365, -2.199, -1.0, -0.009392
30, -3.0134500000000006, -1.9999999999999993, -1, -3.0138500000000006, -1.9986000000000002, -1.00005, -0.009334
30, -3.0134500000000006, -1.7999999999999994, -1, -3.01375, -1.79995, -1.00015, -0.009371
30, -3.0134500000000006, -1.5999999999999994, -1, -3.01365, -1.59975, -1.00015, -0.009371
30, -3.0134500000000006, -1.3999999999999995, -1, -3.0135, -1.4003, -1.0002, -0.009319
30, -3.0134500000000006, -1.1999999999999995, -1, -3.01345, -1.2012, -1.00015, -0.009366
30, -3.0134500000000006, -0.9999999999999996, -1, -3.0133, -1.2013, -1.00015, -0.009293
30, -3.0134500000000006, -0.7999999999999996, -1, -3.01365, -0.79745, -1.0, -0.009277
30, -3.0134500000000006, -0.5999999999999996, -1, -3.01375, -0.6006, -1.00005, -0.009324
30, -3.0134500000000006, -0.39999999999999963, -1, -3.0138500000000006, -0.40115, -0.9999000000000001, -0.009277
30, -3.0134500000000006, -0.19999999999999962, -1, -3.0138000000000003, -0.1994, -0.99985, -0.00934
30, -3.0134500000000006, 3.885780586188048e-16, -1, -3.0139, -0.0008, -0.9998, -0.009324
30, -3.0134500000000006, 0.2000000000000004, -1, -3.01375, 0.2025, -0.9998, -0.009308
30, -3.0134500000000006, 0.4000000000000004, -1, -3.0135500000000004, 0.40005, -0.99985, -0.009376
30, -3.0134500000000006, 0.6000000000000004, -1, -3.0132000000000003, 0.5987, -0.99995, -0.00934
30, -3.0134500000000006, 0.8000000000000005, -1, -3.01345, 0.8008000000000001, -1.00005, -0.009345
30, -3.0134500000000006, 1.0000000000000004, -1, -3.0135500000000004, 1.0004000000000002, -1.0002, -0.009381
30, -3.0134500000000006, 1.2000000000000004, -1, -3.01365, 1.1981000000000002, -1.0002, -0.00935
30, -3.0134500000000006, 1.4000000000000004, -1, -3.0138500000000006, 1.4024, -1.0002, -0.009397
30, -3.0134500000000006, 1.6000000000000003, -1, -3.0138500000000006, 1.5976000000000001, -1.0002, -0.009376
30, -3.0134500000000006, 1.8000000000000003, -1, -3.0135, 1.7979, -1.00005, -0.00936
30, -3.0134500000000006, 2.0000000000000004, -1, -3.0134000000000003, 2.0016000000000003, -0.99995, -0.009402
