0, -0.01345, -1, -1, -0.0015, -0.99855, -0.9997, -0.005303
1, 0.18655000000000002, -1, -1, 0.18675, -0.99995, -0.9997, -0.006367
1, 0.18655000000000002, -1.2, -1, 0.18715, -1.20235, -0.9997, -0.007108
2, -0.01344999999999999, -1.2, -1, -0.013450000000000002, -1.2007999999999999, -0.9998, -0.006383
2, -0.21345, -1.2, -1, -0.21505000000000002, -1.19965, -1.0, -0.006143
2, -0.21345, -1.0, -1, -0.21475, -0.9984500000000001, -1.00005, -0.005241
2, -0.21345, -0.8, -1, -0.21375, -0.7984000000000001, -1.0002, -0.00401
3, -0.01344999999999999, -0.8, -1, -0.01115, -0.7995500000000001, -1.00025, -0.004693
3, 0.18655000000000002, -0.8, -1, 0.18655000000000002, -0.7999, -1.0002, -0.005914
3, 0.38655000000000006, -0.8, -1, 0.38420000000000004, -0.8, -1.00015, -0.006889
3, 0.38655000000000006, -1.0, -1, 0.38645000000000007, -1.0016500000000002, -1.0, -0.007587
3, 0.38655000000000006, -1.2, -1, 0.3865, -1.20095, -1.0, -0.007984
3, 0.38655000000000006, -1.4, -1, 0.38730000000000003, -1.3978000000000002, -1.0, -0.007614
4, 0.18655000000000005, -1.4, -1, 0.19095, -1.39925, -0.99995, -0.006821
4, -0.013449999999999962, -1.4, -1, -0.01455, -1.4005500000000002, -0.9998, -0.006461
4, -0.21344999999999997, -1.4, -1, -0.2165, -1.4006, -0.9998, -0.006748
4, -0.41345, -1.4, -1, -0.412, -1.3998000000000002, -0.99985, -0.007368
4, -0.41345, -1.2, -1, -0.41370000000000007, -1.2025, -0.9999000000000001, -0.006925
4, -0.41345, -1.0, -1, -0.41405000000000003, -0.9984000000000001, -1.0, -0.005794
4, -0.41345, -0.8, -1, -0.41395000000000004, -0.7987000000000001, -0.99995, -0.004396
4, -0.41345, -0.6000000000000001, -1, -0.41385, -0.6018000000000001, -1.00005, -0.003244
5, -0.21344999999999997, -0.6000000000000001, -1, -0.21445000000000003, -0.60035, -1.00015, -0.003155
5, -0.013449999999999962, -0.6000000000000001, -1, -0.011, -0.5999, -1.0002, -0.003963
5, 0.18655000000000005, -0.6000000000000001, -1, 0.1875, -0.5996, -1.0002, -0.005366
5, 0.38655000000000006, -0.6000000000000001, -1, 0.38325, -0.6, -1.00015, -0.006232
5, 0.5865500000000001, -0.6000000000000001, -1, 0.3834, -0.6, -1.00015, -0.006273
5, 0.5865500000000001, -0.8, -1, 0.59, -0.7986, -1.0, -0.007024
5, 0.5865500000000001, -1.0, -1, 0.5873999999999999, -1.0013, -1.0, -0.008088
5, 0.5865500000000001, -1.2, -1, 0.58645, -1.20095, -0.99995, -0.008662
5, 0.5865500000000001, -1.4, -1, 0.5865, -1.3977, -0.99985, -0.008255
5, 0.5865500000000001, -1.5999999999999999, -1, 0.5866, -1.6005, -0.9998, -0.007196
6, 0.3865500000000001, -1.5999999999999999, -1, 0.38395000000000007, -1.6005500000000001, -0.9998, -0.006268
6, 0.1865500000000001, -1.5999999999999999, -1, 0.19105, -1.5998500000000002, -0.99985, -0.005757
6, -0.013449999999999906, -1.5999999999999999, -1, -0.0143, -1.5998500000000002, -1.0, -0.005689
6, -0.21344999999999992, -1.5999999999999999, -1, -0.2165, -1.59995, -0.99995, -0.006393
6, -0.41344999999999993, -1.5999999999999999, -1, -0.41225, -1.6000500000000002, -1.00015, -0.007332
6, -0.6134499999999999, -1.5999999999999999, -1, -0.6167, -1.6001500000000002, -1.00025, -0.008161
6, -0.6134499999999999, -1.4, -1, -0.6148, -1.4, -1.00025, -0.008385
6, -0.6134499999999999, -1.2, -1, -0.6141, -1.2018, -1.0002, -0.007676
6, -0.6134499999999999, -1.0, -1, -0.61315, -0.9988, -1.00005, -0.006508
6, -0.6134499999999999, -0.8, -1, -0.6133000000000001, -0.7986, -0.9999000000000001, -0.00523
6, -0.6134499999999999, -0.6000000000000001, -1, -0.61395, -0.6013999999999999, -0.9998, -0.004041
6, -0.6134499999999999, -0.4000000000000001, -1, -0.61385, -0.40065000000000006, -0.9998, -0.003447
7, -0.41344999999999993, -0.4000000000000001, -1, -0.41, -0.3995, -0.99975, -0.002597
7, -0.21344999999999992, -0.4000000000000001, -1, -0.21420000000000003, -0.39945, -0.9999000000000001, -0.002691
7, -0.013449999999999906, -0.4000000000000001, -1, -0.011100000000000002, -0.40015000000000006, -1.00005, -0.003786
7, 0.1865500000000001, -0.4000000000000001, -1, 0.18710000000000002, -0.40020000000000006, -1.00015, -0.005178
7, 0.3865500000000001, -0.4000000000000001, -1, 0.38330000000000003, -0.40020000000000006, -1.00015, -0.005877
7, 0.5865500000000001, -0.4000000000000001, -1, 0.59, -0.39990000000000003, -1.00015, -0.005658
7, 0.7865500000000001, -0.4000000000000001, -1, 0.7884000000000001, -0.39940000000000003, -1.0001, -0.005079
7, 0.7865500000000001, -0.6000000000000001, -1, 0.7874500000000001, -0.60085, -1.00005, -0.005694
7, 0.7865500000000001, -0.8, -1, 0.78685, -0.79725, -0.9999000000000001, -0.006753
7, 0.7865500000000001, -1.0, -1, 0.78685, -1.0024000000000002, -0.9998, -0.007932
7, 0.7865500000000001, -1.2, -1, 0.7867000000000001, -1.2009, -0.9998, -0.008714
7, 0.7865500000000001, -1.4, -1, 0.7866500000000001, -1.3976000000000002, -0.9998, -0.008735
7, 0.7865500000000001, -1.5999999999999999, -1, 0.7866000000000001, -1.6005500000000001, -0.9998, -0.007874
7, 0.7865500000000001, -1.7999999999999998, -1, 0.7866500000000001, -1.80055, -0.99995, -0.006977
8, 0.5865500000000001, -1.7999999999999998, -1, 0.5846, -1.8009000000000002, -1.00015, -0.005736
8, 0.3865500000000001, -1.7999999999999998, -1, 0.3841, -1.80055, -1.0002, -0.004584
8, 0.1865500000000001, -1.7999999999999998, -1, 0.18935000000000002, -1.8001, -1.0002, -0.004161
8, -0.013449999999999906, -1.7999999999999998, -1, -0.013850000000000001, -1.79975, -1.0002, -0.004323
8, -0.21344999999999992, -1.7999999999999998, -1, -0.21585000000000001, -1.7997, -1.00015, -0.005262
8, -0.41344999999999993, -1.7999999999999998, -1, -0.41195000000000004, -1.79995, -1.0, -0.006466
8, -0.6134499999999999, -1.7999999999999998, -1, -0.41240000000000004, -1.8000500000000001, -1.0, -0.006409
8, -0.81345, -1.7999999999999998, -1, -0.8169500000000001, -1.8003000000000002, -1.0, -0.007248
8, -0.81345, -1.5999999999999999, -1, -0.8136500000000001, -1.5979, -1.0, -0.008291
8, -0.81345, -1.4, -1, -0.8139000000000001, -1.40015, -1.00005, -0.008672
8, -0.81345, -1.2, -1, -0.81415, -1.20195, -0.9999000000000001, -0.008088
8, -0.81345, -1.0, -1, -0.81375, -0.9994000000000001, -0.9998, -0.006826
8, -0.81345, -0.8, -1, -0.8139500000000001, -0.7985500000000001, -0.9998, -0.005533
8, -0.81345, -0.6000000000000001, -1, -0.8135500000000001, -0.6015, -0.9998, -0.00462
8, -0.81345, -0.4000000000000001, -1, -0.8129500000000001, -0.39965000000000006, -0.9998, -0.004187
8, -0.81345, -0.20000000000000007, -1, -0.8137000000000001, -0.19905, -0.9999000000000001, -0.004495
9, -0.61345, -0.20000000000000007, -1, -0.6140500000000001, -0.19955, -1.0001, -0.003504
9, -0.41345000000000004, -0.20000000000000007, -1, -0.41015, -0.20035000000000003, -1.0002, -0.0028
9, -0.21345000000000003, -0.20000000000000007, -1, -0.21475, -0.2004, -1.0002, -0.003056
9, -0.013450000000000017, -0.20000000000000007, -1, -0.0114, -0.20015, -1.0002, -0.004177
9, 0.18655, -0.20000000000000007, -1, 0.1872, -0.1999, -1.00015, -0.005538
9, 0.38655, -0.20000000000000007, -1, 0.38370000000000004, -0.19970000000000002, -1.0, -0.005867
9, 0.58655, -0.20000000000000007, -1, 0.5896, -0.19985000000000003, -1.0, -0.005512
9, 0.7865500000000001, -0.20000000000000007, -1, 0.78795, -0.20005, -1.0, -0.004808
9, 0.98655, -0.20000000000000007, -1, 0.78835, -0.2, -1.0, -0.004761
9, 0.98655, -0.4000000000000001, -1, 0.9830500000000001, -0.3995, -1.0, -0.004375
9, 0.98655, -0.6000000000000001, -1, 0.9871, -0.6017, -0.99995, -0.005084
9, 0.98655, -0.8, -1, 0.9874, -0.79845, -0.9998, -0.006127
9, 0.98655, -1.0, -1, 0.987, -1.0013, -0.9998, -0.007181
9, 0.98655, -1.2, -1, 0.9866, -1.2007999999999999, -0.9998, -0.008052
9, 0.98655, -1.4, -1, 0.9863500000000001, -1.39765, -0.9998, -0.008375
9, 0.98655, -1.5999999999999999, -1, 0.9861, -1.6005, -0.99995, -0.007984
9, 0.98655, -1.7999999999999998, -1, 0.9867, -1.8013000000000001, -1.00005, -0.007567
9, 0.98655, -1.9999999999999998, -1, 0.987, -1.99945, -1.00015, -0.007337
10, 0.7865500000000001, -1.9999999999999998, -1, 0.7896, -1.99975, -1.0002, -0.006143
10, 0.5865500000000001, -1.9999999999999998, -1, 0.58445, -1.9999500000000001, -1.00015, -0.004678
10, 0.3865500000000001, -1.9999999999999998, -1, 0.38420000000000004, -2.0007, -1.00015, -0.003416
10, 0.1865500000000001, -1.9999999999999998, -1, 0.18955000000000002, -2.00015, -1.00005, -0.002821
10, -0.013449999999999906, -1.9999999999999998, -1, -0.01405, -2.0001, -0.99995, -0.003285
10, -0.21344999999999992, -1.9999999999999998, -1, -0.21615, -2.0000500000000003, -0.99985, -0.004396
10, -0.41344999999999993, -1.9999999999999998, -1, -0.412, -1.9999500000000001, -0.99985, -0.005559
10, -0.6134499999999999, -1.9999999999999998, -1, -0.61695, -1.9998500000000001, -0.99985, -0.006112
10, -0.81345, -1.9999999999999998, -1, -0.813, -1.9998500000000001, -0.99985, -0.006075
10, -1.01345, -1.9999999999999998, -1, -1.0136500000000002, -1.9999, -0.99995, -0.005423
10, -1.01345, -1.7999999999999998, -1, -1.0140500000000001, -1.8001500000000001, -1.00005, -0.00644
10, -1.01345, -1.5999999999999999, -1, -1.014, -1.59905, -1.0002, -0.007541
10, -1.01345, -1.4, -1, -1.0138, -1.4000500000000002, -1.0002, -0.008036
10, -1.01345, -1.2, -1, -1.01345, -1.20205, -1.0002, -0.007311
10, -1.01345, -1.0, -1, -1.01345, -0.9986, -1.0002, -0.005903
10, -1.01345, -0.8, -1, -1.0136500000000002, -0.79875, -1.00005, -0.004683
10, -1.01345, -0.6000000000000001, -1, -1.0136500000000002, -0.60145, -0.99995, -0.004
10, -1.01345, -0.4000000000000001, -1, -1.01335, -0.4005, -0.99985, -0.004015
10, -1.01345, -0.20000000000000007, -1, -1.0138, -0.199, -0.99985, -0.004735
10, -1.01345, -5.551115123125783e-17, -1, -1.01375, -0.00055, -0.99985, -0.005903
11, -0.81345, -5.551115123125783e-17, -1, -0.8155, -0.00075, -0.99985, -0.005413
11, -0.61345, -5.551115123125783e-17, -1, -0.6118000000000001, 0.0002, -0.9999000000000001, -0.004328
11, -0.41345000000000004, -5.551115123125783e-17, -1, -0.4105, 0.00015000000000000001, -1.0001, -0.003848
11, -0.21345000000000003, -5.551115123125783e-17, -1, -0.21485, 5e-05, -1.0002, -0.004245
11, -0.013450000000000017, -5.551115123125783e-17, -1, -0.010450000000000001, -0.0001, -1.0002, -0.005183
11, 0.18655, -5.551115123125783e-17, -1, 0.1865, -0.00035000000000000005, -1.0002, -0.006268
11, 0.38655, -5.551115123125783e-17, -1, 0.38335, -0.0002, -1.0002, -0.006268
11, 0.58655, -5.551115123125783e-17, -1, 0.5893999999999999, -0.00015000000000000001, -1.00005, -0.005778
11, 0.7865500000000001, -5.551115123125783e-17, -1, 0.78795, -5e-05, -0.9999000000000001, -0.004959
11, 0.98655, -5.551115123125783e-17, -1, 0.9836, 0.0001, -0.9998, -0.004297
11, 1.18655, -5.551115123125783e-17, -1, 1.18895, 0.00015000000000000001, -0.9998, -0.004214
11, 1.18655, -0.20000000000000007, -1, 1.18675, -0.19770000000000001, -0.99975, -0.003932
11, 1.18655, -0.4000000000000001, -1, 1.187, -0.39935000000000004, -0.9998, -0.004057
11, 1.18655, -0.6000000000000001, -1, 1.1868500000000002, -0.60225, -0.99995, -0.004771
11, 1.18655, -0.8, -1, 1.18695, -0.7972, -1.0001, -0.005517
11, 1.18655, -1.0, -1, 1.18695, -1.0014, -1.0002, -0.006409
11, 1.18655, -1.2, -1, 1.1869, -1.20215, -1.0002, -0.007102
11, 1.18655, -1.4, -1, 1.18585, -1.3969500000000001, -1.00025, -0.007587
11, 1.18655, -1.5999999999999999, -1, 1.18645, -1.6003500000000002, -1.00015, -0.007676
11, 1.18655, -1.7999999999999998, -1, 1.1866, -1.8018500000000002, -0.99995, -0.007707
11, 1.18655, -1.9999999999999998, -1, 1.1867999999999999, -1.9993500000000002, -0.9998, -0.007822
11, 1.18655, -2.1999999999999997, -1, 1.18675, -2.19925, -0.9998, -0.007895
12, 0.98655, -2.1999999999999997, -1, 0.9855, -2.20085, -0.9998, -0.00716
12, 0.7865500000000001, -2.1999999999999997, -1, 0.7886, -2.20075, -0.9998, -0.005705
12, 0.5865500000000001, -2.1999999999999997, -1, 0.5847, -2.2001500000000003, -0.99995, -0.004052
12, 0.3865500000000001, -2.1999999999999997, -1, 0.38430000000000003, -2.20005, -1.00015, -0.002738
12, 0.1865500000000001, -2.1999999999999997, -1, 0.18915, -2.20005, -1.0002, -0.002294
12, -0.013449999999999906, -2.1999999999999997, -1, 0.18930000000000002, -2.2, -1.0002, -0.002274
12, -0.21344999999999992, -2.1999999999999997, -1, 0.1894, -2.2, -1.00025, -0.002357
12, -0.41344999999999993, -2.1999999999999997, -1, 0.18935000000000002, -2.2, -1.00025, -0.002289
12, -0.6134499999999999, -2.1999999999999997, -1, 0.18935000000000002, -2.2, -1.00025, -0.002289
12, -0.81345, -2.1999999999999997, -1, 0.18935000000000002, -2.2, -1.00025, -0.002326
12, -1.01345, -2.1999999999999997, -1, 0.18930000000000002, -2.2, -1.00025, -0.002289
12, -1.21345, -2.1999999999999997, -1, 0.18930000000000002, -2.2, -1.00025, -0.002347
12, -1.21345, -1.9999999999999998, -1, -1.2213500000000002, -1.9994, -1.0003, -0.004521
12, -1.21345, -1.7999999999999998, -1, -1.2142, -1.7997, -1.0002, -0.005632
12, -1.21345, -1.5999999999999999, -1, -1.2134500000000001, -1.5995500000000002, -1.00005, -0.006727
12, -1.21345, -1.4, -1, -1.21355, -1.4001000000000001, -0.9999000000000001, -0.006868
12, -1.21345, -1.2, -1, -1.2138, -1.20165, -0.9998, -0.006091
12, -1.21345, -1.0, -1, -1.2136500000000001, -0.99865, -0.9998, -0.004641
12, -1.21345, -0.8, -1, -1.2135, -0.79875, -0.99985, -0.003437
12, -1.21345, -0.6000000000000001, -1, -1.2133, -0.60065, -0.9998, -0.003045
12, -1.21345, -0.4000000000000001, -1, -1.2139000000000002, -0.4008, -0.99995, -0.003306
12, -1.21345, -0.20000000000000007, -1, -1.21395, -0.1993, -1.0001, -0.004386
12, -1.21345, -5.551115123125783e-17, -1, -1.2134, -0.00055, -1.0002, -0.00596
12, -1.21345, 0.19999999999999996, -1, -1.2137, 0.20195000000000002, -1.00025, -0.007134
13, -1.01345, 0.19999999999999996, -1, -1.0115, 0.20070000000000002, -1.0002, -0.006915
13, -0.81345, 0.19999999999999996, -1, -0.81505, 0.1999, -1.00015, -0.006294
13, -0.61345, 0.19999999999999996, -1, -0.61185, 0.19985000000000003, -0.99995, -0.005621
13, -0.41345000000000004, 0.19999999999999996, -1, -0.40975, 0.19985000000000003, -0.9998, -0.005345
13, -0.21345000000000003, 0.19999999999999996, -1, -0.21445000000000003, 0.2, -0.99975, -0.0057
13, -0.013450000000000017, 0.19999999999999996, -1, -0.21430000000000002, 0.19995000000000002, -0.9998, -0.005653
13, 0.18655, 0.19999999999999996, -1, 0.1895, 0.20005, -0.9998, -0.006972
13, 0.38655, 0.19999999999999996, -1, 0.38315000000000005, 0.20010000000000003, -0.9998, -0.006769
13, 0.58655, 0.19999999999999996, -1, 0.58955, 0.20015, -0.9999000000000001, -0.005987
13, 0.7865500000000001, 0.19999999999999996, -1, 0.7894500000000001, 0.20015, -1.00005, -0.005152
13, 0.98655, 0.19999999999999996, -1, 0.98225, 0.20005, -1.00015, -0.00486
13, 1.18655, 0.19999999999999996, -1, 1.189, 0.20005, -1.00015, -0.004928
13, 1.38655, 0.19999999999999996, -1, 1.38785, 0.19995000000000002, -1.00015, -0.005595
13, 1.38655, -5.551115123125783e-17, -1, 1.3869, -0.0028000000000000004, -1.00015, -0.004631
13, 1.38655, -0.20000000000000007, -1, 1.3869500000000001, -0.1989, -1.0, -0.004109
13, 1.38655, -0.4000000000000001, -1, 1.3863, -0.39925, -0.99995, -0.004307
13, 1.38655, -0.6000000000000001, -1, 1.3861, -0.6009, -0.99985, -0.004824
13, 1.38655, -0.8, -1, 1.38715, -0.7991, -0.9998, -0.005481
13, 1.38655, -1.0, -1, 1.3872, -1.0011, -0.9998, -0.006075
13, 1.38655, -1.2, -1, 1.3863500000000002, -1.20105, -0.9998, -0.006633
13, 1.38655, -1.4, -1, 1.3862, -1.39775, -0.99995, -0.007155
13, 1.38655, -1.5999999999999999, -1, 1.3866, -1.60025, -1.00005, -0.007238
13, 1.38655, -1.7999999999999998, -1, 1.38715, -1.8018500000000002, -1.00015, -0.007421
13, 1.38655, -1.9999999999999998, -1, 1.3864, -1.9992, -1.0002, -0.007718
13, 1.38655, -2.1999999999999997, -1, 1.3865500000000002, -2.19935, -1.00015, -0.008052
13, 1.38655, -2.4, -1, 1.3869, -2.40125, -1.00015, -0.008104
14, 1.18655, -2.4, -1, 1.18705, -2.40125, -1.0, -0.007791
14, 0.98655, -2.4, -1, 0.9844, -2.3998000000000004, -1.00005, -0.007014
14, 0.7865500000000001, -2.4, -1, 0.7883000000000001, -2.39975, -0.9999000000000001, -0.005736
14, 0.5865500000000001, -2.4, -1, 0.58515, -2.3998000000000004, -0.9998, -0.004287
14, 0.3865500000000001, -2.4, -1, 0.38425, -2.3999, -0.99985, -0.003103
14, 0.1865500000000001, -2.4, -1, 0.18925, -2.4000500000000002, -0.99985, -0.002769
14, -0.013449999999999906, -2.4, -1, -0.014350000000000002, -2.40015, -0.9999000000000001, -0.003593
14, -0.21344999999999992, -2.4, -1, -0.21635000000000001, -2.4001, -0.99995, -0.004714
14, -0.41344999999999993, -2.4, -1, -0.4121, -2.4001, -1.00005, -0.00558
14, -0.6134499999999999, -2.4, -1, -0.61695, -2.4000500000000002, -1.0001, -0.005648
14, -0.81345, -2.4, -1, -0.81315, -2.4, -1.00015, -0.004991
14, -1.01345, -2.4, -1, -1.0139, -2.4000500000000002, -1.00015, -0.004052
14, -1.21345, -2.4, -1, -1.21625, -2.4, -1.00015, -0.003207
14, -1.4134499999999999, -2.4, -1, -1.4124, -2.4000500000000002, -1.00005, -0.003202
14, -1.4134499999999999, -2.1999999999999997, -1, -1.41425, -2.1997000000000004, -0.99995, -0.003457
14, -1.4134499999999999, -1.9999999999999998, -1, -1.41385, -1.9989000000000001, -0.9999000000000001, -0.004313
14, -1.4134499999999999, -1.7999999999999998, -1, -1.413, -1.7998000000000003, -0.99985, -0.005397
14, -1.4134499999999999, -1.5999999999999999, -1, -1.41335, -1.59935, -0.9999000000000001, -0.006174
14, -1.4134499999999999, -1.4, -1, -1.41325, -1.40015, -0.9999000000000001, -0.00608
14, -1.4134499999999999, -1.2, -1, -1.4147, -1.2018, -0.99995, -0.004803
14, -1.4134499999999999, -1.0, -1, -1.4134, -0.99885, -1.0, -0.002993
14, -1.4134499999999999, -0.8, -1, -1.41345, -0.9988, -1.0, -0.003019
14, -1.4134499999999999, -0.6000000000000001, -1, -1.4134, -0.9988, -1.0, -0.003019
14, -1.4134499999999999, -0.4000000000000001, -1, -1.414, -0.40070000000000006, -1.0, -0.002326
14, -1.4134499999999999, -0.20000000000000007, -1, -1.4138000000000002, -0.19910000000000003, -1.00005, -0.003775
14, -1.4134499999999999, -5.551115123125783e-17, -1, -1.4138000000000002, -0.0005, -1.00015, -0.005543
14, -1.4134499999999999, 0.19999999999999996, -1, -1.4137, 0.2025, -1.0001, -0.007071
14, -1.4134499999999999, 0.39999999999999997, -1, -1.4130500000000001, 0.40015000000000006, -1.00015, -0.007457
15, -1.21345, 0.39999999999999997, -1, -1.2136500000000001, 0.40020000000000006, -1.00015, -0.007348
15, -1.01345, 0.39999999999999997, -1, -1.01185, 0.40020000000000006, -1.00005, -0.007144
15, -0.81345, 0.39999999999999997, -1, -0.81545, 0.4001, -0.9999000000000001, -0.006863
15, -0.61345, 0.39999999999999997, -1, -0.6121, 0.40005, -0.99985, -0.006826
15, -0.41345000000000004, 0.39999999999999997, -1, -0.4098, 0.40005, -0.9998, -0.006878
15, -0.21345000000000003, 0.39999999999999997, -1, -0.21465, 0.4, -0.99985, -0.007071
15, -0.013450000000000017, 0.39999999999999997, -1, -0.21480000000000002, 0.4, -0.99985, -0.007035
15, 0.18655, 0.39999999999999997, -1, -0.21475, 0.4, -0.9998, -0.007014
15, 0.38655, 0.39999999999999997, -1, -0.21475, 0.4, -0.99985, -0.007071
15, 0.58655, 0.39999999999999997, -1, -0.21475, 0.4, -0.9998, -0.007056
15, 0.7865500000000001, 0.39999999999999997, -1, -0.21475, 0.4, -0.99985, -0.007087
15, 0.98655, 0.39999999999999997, -1, -0.21470000000000003, 0.4, -0.99985, -0.00705
15, 1.18655, 0.39999999999999997, -1, -0.21470000000000003, 0.4, -0.99985, -0.007014
15, 1.38655, 0.39999999999999997, -1, -0.21470000000000003, 0.4, -0.99985, -0.007076
15, 1.58655, 0.39999999999999997, -1, -0.21470000000000003, 0.4, -0.99985, -0.007003
15, 1.58655, 0.19999999999999996, -1, 1.5895, 0.19965, -0.9998, -0.006717
15, 1.58655, -5.551115123125783e-17, -1, 1.58745, -0.00285, -0.9999000000000001, -0.005919
15, 1.58655, -0.20000000000000007, -1, 1.5867, -0.19895000000000002, -1.0, -0.005413
15, 1.58655, -0.4000000000000001, -1, 1.58675, -0.39920000000000005, -1.0, -0.005392
15, 1.58655, -0.6000000000000001, -1, 1.5866500000000001, -0.6009, -1.00005, -0.005841
15, 1.58655, -0.8, -1, 1.5866500000000001, -0.799, -1.0001, -0.006049
15, 1.58655, -1.0, -1, 1.5869000000000002, -1.00115, -1.0001, -0.006325
15, 1.58655, -1.2, -1, 1.5864, -1.20105, -1.0001, -0.00667
15, 1.58655, -1.4, -1, 1.5863000000000003, -1.39765, -1.0001, -0.007019
15, 1.58655, -1.5999999999999999, -1, 1.5865, -1.6003500000000002, -1.0001, -0.007097
15, 1.58655, -1.7999999999999998, -1, 1.5866500000000001, -1.80175, -1.00005, -0.007207
15, 1.58655, -1.9999999999999998, -1, 1.5866500000000001, -1.9995500000000002, -1.00005, -0.007499
15, 1.58655, -2.1999999999999997, -1, 1.5872, -2.19925, -1.0, -0.007921
15, 1.58655, -2.4, -1, 1.5865500000000001, -2.4012000000000002, -0.99995, -0.007989
15, 1.58655, -2.6, -1, 1.5864500000000001, -2.5994, -0.9999000000000001, -0.007859
16, 1.38655, -2.6, -1, 1.3892, -2.5997000000000003, -0.9999000000000001, -0.007838
16, 1.18655, -2.6, -1, 1.18565, -2.59995, -0.9999000000000001, -0.007582
16, 0.98655, -2.6, -1, 0.98545, -2.60015, -0.9999000000000001, -0.007003
16, 0.7865500000000001, -2.6, -1, 0.7885500000000001, -2.6003000000000003, -0.9999000000000001, -0.006216
16, 0.5865500000000001, -2.6, -1, 0.58415, -2.60025, -0.99995, -0.005246
16, 0.3865500000000001, -2.6, -1, 0.38470000000000004, -2.60005, -0.99995, -0.004333
16, 0.1865500000000001, -2.6, -1, 0.1895, -2.59995, -1.00005, -0.004339
16, -0.013449999999999906, -2.6, -1, -0.014350000000000002, -2.5998500000000004, -1.0001, -0.004959
16, -0.21344999999999992, -2.6, -1, -0.2165, -2.5999, -1.0001, -0.005914
16, -0.41344999999999993, -2.6, -1, -0.4121, -2.5999, -1.00015, -0.006393
16, -0.6134499999999999, -2.6, -1, -0.6169000000000001, -2.59995, -1.00015, -0.006138
16, -0.81345, -2.6, -1, -0.8149000000000001, -2.60005, -1.00015, -0.005345
16, -1.01345, -2.6, -1, -1.01235, -2.60015, -1.0, -0.004219
16, -1.21345, -2.6, -1, -1.21615, -2.6002, -1.0, -0.003457
16, -1.4134499999999999, -2.6, -1, -1.4123500000000002, -2.60015, -1.0, -0.003603
16, -1.6134499999999998, -2.6, -1, -1.6147, -2.6, -1.0, -0.004511
16, -1.6134499999999998, -2.4, -1, -1.6143000000000003, -2.40205, -1.0, -0.004041
16, -1.6134499999999998, -2.1999999999999997, -1, -1.61365, -2.198, -1.0, -0.004099
16, -1.6134499999999998, -1.9999999999999998, -1, -1.6135, -2.1980500000000003, -1.0, -0.004214
16, -1.6134499999999998, -1.7999999999999998, -1, -1.61365, -1.79975, -1.00005, -0.00582
16, -1.6134499999999998, -1.5999999999999999, -1, -1.6138500000000002, -1.5994000000000002, -0.9999000000000001, -0.006237
16, -1.6134499999999998, -1.4, -1, -1.6135500000000003, -1.40015, -0.9998, -0.005663
16, -1.6134499999999998, -1.2, -1, -1.61345, -1.4002000000000001, -0.9998, -0.005585
16, -1.6134499999999998, -1.0, -1, -1.61345, -1.4002000000000001, -0.9998, -0.005627
16, -1.6134499999999998, -0.8, -1, -1.61345, -1.4002000000000001, -0.99985, -0.005637
16, -1.6134499999999998, -0.6000000000000001, -1, -1.61345, -1.40015, -0.9998, -0.00558
16, -1.6134499999999998, -0.4000000000000001, -1, -1.61345, -1.4002000000000001, -0.99985, -0.005632
16, -1.6134499999999998, -0.20000000000000007, -1, -1.6134000000000002, -1.4002000000000001, -0.99985, -0.005564
16, -1.6134499999999998, -5.551115123125783e-17, -1, -1.61425, -0.0011500000000000002, -0.99985, -0.004844
16, -1.6134499999999998, 0.19999999999999996, -1, -1.6136000000000001, 0.20270000000000002, -0.9999000000000001, -0.006753
16, -1.6134499999999998, 0.39999999999999997, -1, -1.61365, 0.40015000000000006, -0.9999000000000001, -0.007379
16, -1.6134499999999998, 0.6, -1, -1.6136000000000001, 0.40005, -0.9999000000000001, -0.007431
17, -1.4134499999999999, 0.6, -1, -1.4135, 0.59765, -0.9999000000000001, -0.006685
17, -1.21345, 0.6, -1, -1.21225, 0.60015, -0.99995, -0.006685
17, -1.01345, 0.6, -1, -1.01185, 0.6002000000000001, -1.00005, -0.006894
17, -0.81345, 0.6, -1, -0.8156, 0.6000500000000001, -1.0001, -0.007202
17, -0.61345, 0.6, -1, -0.6113500000000001, 0.5999500000000001, -1.0001, -0.007718
17, -0.41345000000000004, 0.6, -1, -0.41115, 0.5999, -1.00015, -0.007984
17, -0.21345000000000003, 0.6, -1, -0.2144, 0.59985, -1.0001, -0.007754
17, -0.013450000000000017, 0.6, -1, -0.01055, 0.5999, -1.0001, -0.007212
17, 0.18655, 0.6, -1, 0.1864, 0.5999, -1.00005, -0.006894
17, 0.38655, 0.6, -1, 0.38425, 0.5999500000000001, -1.0, -0.006445
17, 0.58655, 0.6, -1, 0.5891000000000001, 0.6, -1.0, -0.005867
17, 0.7865500000000001, 0.6, -1, 0.789, 0.6, -1.0, -0.005799
17, 0.98655, 0.6, -1, 0.9819500000000001, 0.6000500000000001, -0.99995, -0.006237
17, 1.18655, 0.6, -1, 1.19, 0.6, -0.9999000000000001, -0.007108
17, 1.38655, 0.6, -1, 1.3868000000000003, 0.6, -0.99985, -0.007791
17, 1.58655, 0.6, -1, 1.5842, 0.6000500000000001, -0.9999000000000001, -0.008474
17, 1.7865499999999999, 0.6, -1, 1.79065, 0.6, -0.9999000000000001, -0.009011
17, 1.7865499999999999, 0.39999999999999997, -1, 1.7872000000000001, 0.40295000000000003, -0.99985, -0.00851
17, 1.7865499999999999, 0.19999999999999996, -1, 1.78685, 0.1998, -0.99985, -0.007973
17, 1.7865499999999999, -5.551115123125783e-17, -1, 1.78655, -0.00385, -0.99995, -0.00729
17, 1.7865499999999999, -0.20000000000000007, -1, 1.78675, -0.1978, -1.0001, -0.006988
17, 1.7865499999999999, -0.4000000000000001, -1, 1.7867, -0.19775, -1.0001, -0.006998
17, 1.7865499999999999, -0.6000000000000001, -1, 1.78695, -0.6007, -1.0002, -0.00705
17, 1.7865499999999999, -0.8, -1, 1.787, -0.7988500000000001, -1.0002, -0.007009
17, 1.7865499999999999, -1.0, -1, 1.7861500000000001, -1.0012, -1.0002, -0.006977
17, 1.7865499999999999, -1.2, -1, 1.7867, -1.20095, -1.00015, -0.006972
17, 1.7865499999999999, -1.4, -1, 1.7867, -1.3978000000000002, -1.00005, -0.007113
17, 1.7865499999999999, -1.5999999999999999, -1, 1.7868000000000002, -1.6002, -0.9999000000000001, -0.007134
17, 1.7865499999999999, -1.7999999999999998, -1, 1.7868000000000002, -1.8018000000000003, -0.9998, -0.007108
17, 1.7865499999999999, -1.9999999999999998, -1, 1.78635, -1.99945, -0.9998, -0.007494
17, 1.7865499999999999, -2.1999999999999997, -1, 1.7867, -2.1994000000000002, -0.9998, -0.007926
17, 1.7865499999999999, -2.4, -1, 1.7868000000000002, -2.40105, -0.9998, -0.008057
17, 1.7865499999999999, -2.6, -1, 1.78645, -2.5993000000000004, -0.9999000000000001, -0.007979
17, 1.7865499999999999, -2.8000000000000003, -1, 1.7864, -2.80025, -1.00005, -0.007713
18, 1.58655, -2.8000000000000003, -1, 1.5837, -2.80065, -1.00015, -0.007598
18, 1.38655, -2.8000000000000003, -1, 1.3895, -2.80025, -1.00015, -0.007655
18, 1.18655, -2.8000000000000003, -1, 1.1856000000000002, -2.8002000000000002, -1.00015, -0.007478
18, 0.98655, -2.8000000000000003, -1, 0.9845, -2.80015, -1.00015, -0.007358
18, 0.7865500000000001, -2.8000000000000003, -1, 0.7889, -2.79985, -1.00005, -0.007024
18, 0.5865500000000001, -2.8000000000000003, -1, 0.58435, -2.7996000000000003, -0.99995, -0.006571
18, 0.3865500000000001, -2.8000000000000003, -1, 0.3836, -2.7999500000000004, -0.9998, -0.006106
18, 0.1865500000000001, -2.8000000000000003, -1, 0.3834, -2.8, -0.99985, -0.006065
18, -0.013449999999999906, -2.8000000000000003, -1, 0.38325, -2.8, -0.9998, -0.006117
18, -0.21344999999999992, -2.8000000000000003, -1, 0.38325, -2.8, -0.9998, -0.006065
18, -0.41344999999999993, -2.8000000000000003, -1, 0.38330000000000003, -2.8, -0.9998, -0.006117
18, -0.6134499999999999, -2.8000000000000003, -1, 0.38325, -2.8, -0.9998, -0.00607
18, -0.81345, -2.8000000000000003, -1, 0.38325, -2.8, -0.9998, -0.00608
18, -1.01345, -2.8000000000000003, -1, 0.38325, -2.8, -0.9998, -0.006106
18, -1.21345, -2.8000000000000003, -1, 0.38325, -2.8, -0.9998, -0.006075
18, -1.4134499999999999, -2.8000000000000003, -1, 0.38320000000000004, -2.8, -0.9998, -0.006117
18, -1.6134499999999998, -2.8000000000000003, -1, 0.38325, -2.8, -0.9998, -0.006086
18, -1.8134499999999998, -2.8000000000000003, -1, 0.38320000000000004, -2.8, -0.9998, -0.006065
18, -1.8134499999999998, -2.6, -1, -1.8198, -2.5996000000000006, -0.99985, -0.00606
18, -1.8134499999999998, -2.4, -1, -1.814, -2.4014, -0.99985, -0.005439
18, -1.8134499999999998, -2.1999999999999997, -1, -1.81365, -2.2, -0.9999000000000001, -0.005439
18, -1.8134499999999998, -1.9999999999999998, -1, -1.81345, -1.99815, -0.99995, -0.005976
18, -1.8134499999999998, -1.7999999999999998, -1, -1.8132000000000001, -1.7996500000000002, -1.0, -0.006701
18, -1.8134499999999998, -1.5999999999999999, -1, -1.81395, -1.5995, -1.0, -0.006904
18, -1.8134499999999998, -1.4, -1, -1.8137, -1.4003, -1.00005, -0.005877
18, -1.8134499999999998, -1.2, -1, -1.8138, -1.2021000000000002, -1.0, -0.003916
18, -1.8134499999999998, -1.0, -1, -1.8133500000000002, -0.9986, -1.00005, -0.001731
18, -1.8134499999999998, -0.8, -1, -1.8136, -0.7989, -1.0001, -0.000146
18, -1.8134499999999998, -0.6000000000000001, -1, -1.81345, -0.79895, -1.0001, -0.000193
18, -1.8134499999999998, -0.4000000000000001, -1, -1.8134000000000001, -0.799, -1.0001, -0.000115
18, -1.8134499999999998, -0.20000000000000007, -1, -1.81395, -0.2008, -1.00015, -0.002081
18, -1.8134499999999998, -5.551115123125783e-17, -1, -1.8139, -0.0005, -1.00015, -0.004396
18, -1.8134499999999998, 0.19999999999999996, -1, -1.8138, 0.20265, -1.00015, -0.006654
18, -1.8134499999999998, 0.39999999999999997, -1, -1.8133500000000002, 0.4001, -1.00005, -0.007587
18, -1.8134499999999998, 0.6, -1, -1.81345, 0.59785, -0.99995, -0.007546
18, -1.8134499999999998, 0.8, -1, -1.81345, 0.801, -0.9999000000000001, -0.006701
19, -1.6134499999999998, 0.8, -1, -1.6126, 0.80075, -0.9999000000000001, -0.006018
19, -1.4134499999999999, 0.8, -1, -1.4141000000000001, 0.7998500000000001, -0.99985, -0.005757
19, -1.21345, 0.8, -1, -1.21155, 0.79975, -0.99985, -0.005846
19, -1.01345, 0.8, -1, -1.01225, 0.7998500000000001, -0.99985, -0.006534
19, -0.81345, 0.8, -1, -0.8153, 0.79995, -0.99995, -0.007306
19, -0.61345, 0.8, -1, -0.61165, 0.8, -1.00005, -0.008098
19, -0.41345000000000004, 0.8, -1, -0.41005, 0.8, -1.0002, -0.008458
19, -0.21345000000000003, 0.8, -1, -0.21435, 0.8001500000000001, -1.0002, -0.00776
19, -0.013450000000000017, 0.8, -1, -0.01115, 0.8001500000000001, -1.0002, -0.006925
19, 0.18655, 0.8, -1, 0.1862, 0.8001, -1.0002, -0.006289
19, 0.38655, 0.8, -1, 0.38375, 0.8, -1.0, -0.006023
19, 0.58655, 0.8, -1, 0.58955, 0.80005, -1.0, -0.005893
19, 0.7865500000000001, 0.8, -1, 0.78895, 0.8, -1.0, -0.006206
19, 0.98655, 0.8, -1, 0.982, 0.80005, -1.0, -0.007035
19, 1.18655, 0.8, -1, 1.1893, 0.80005, -1.0, -0.007963
19, 1.38655, 0.8, -1, 1.38775, 0.8, -1.0, -0.008615
19, 1.58655, 0.8, -1, 1.5839, 0.8, -1.0, -0.009105
19, 1.7865499999999999, 0.8, -1, 1.79055, 0.8, -1.00005, -0.009241
19, 1.9865499999999998, 0.8, -1, 1.9874, 0.80005, -1.0, -0.009376
19, 1.9865499999999998, 0.6000000000000001, -1, 1.9877, 0.5993, -1.0, -0.00923
19, 1.9865499999999998, 0.4000000000000001, -1, 1.9867000000000001, 0.40135000000000004, -1.0, -0.00911
19, 1.9865499999999998, 0.20000000000000007, -1, 1.9865, 0.20020000000000002, -1.0, -0.008823
19, 1.9865499999999998, 5.551115123125783e-17, -1, 1.9869, -0.0038000000000000004, -1.0, -0.00849
19, 1.9865499999999998, -0.19999999999999996, -1, 1.9867000000000001, -0.19785000000000003, -0.99995, -0.008349
19, 1.9865499999999998, -0.39999999999999997, -1, 1.98595, -0.39935000000000004, -0.9998, -0.008198
19, 1.9865499999999998, -0.6, -1, 1.98675, -0.6018000000000001, -0.9998, -0.008265
19, 1.9865499999999998, -0.8, -1, 1.9868500000000002, -0.7985, -0.9998, -0.008015
19, 1.9865499999999998, -1.0, -1, 1.9868500000000002, -1.0011, -0.99985, -0.007681
19, 1.9865499999999998, -1.2, -1, 1.9862, -1.20095, -0.99995, -0.007488
19, 1.9865499999999998, -1.4, -1, 1.9865, -1.3978000000000002, -1.00005, -0.007269
19, 1.9865499999999998, -1.5999999999999999, -1, 1.9868000000000001, -1.6004, -1.00015, -0.007202
19, 1.9865499999999998, -1.7999999999999998, -1, 1.9871, -1.8015, -1.00015, -0.007186
19, 1.9865499999999998, -1.9999999999999998, -1, 1.9865500000000003, -1.9995500000000002, -1.00015, -0.007598
19, 1.9865499999999998, -2.1999999999999997, -1, 1.98665, -2.19945, -1.00015, -0.008145
19, 1.9865499999999998, -2.4, -1, 1.98675, -2.4012000000000002, -1.0, -0.008344
19, 1.9865499999999998, -2.6, -1, 1.98675, -2.5983, -1.0, -0.008297
19, 1.9865499999999998, -2.8000000000000003, -1, 1.9867000000000001, -2.5983, -1.0, -0.008229
19, 1.9865499999999998, -3.0000000000000004, -1, 1.9867000000000001, -3.0043, -1.0, -0.007921
20, 1.7865499999999999, -3.0000000000000004, -1, 1.78695, -3.0013500000000004, -1.0, -0.007634
20, 1.58655, -3.0000000000000004, -1, 1.5831000000000002, -2.99955, -1.0, -0.00753
20, 1.38655, -3.0000000000000004, -1, 1.3882, -2.9994500000000004, -1.00005, -0.007593
20, 1.18655, -3.0000000000000004, -1, 1.18625, -3.0000500000000003, -0.9999000000000001, -0.007608
20, 0.98655, -3.0000000000000004, -1, 0.9846500000000001, -3.00015, -0.9998, -0.007812
20, 0.7865500000000001, -3.0000000000000004, -1, 0.7886500000000001, -3.00015, -0.9998, -0.007926
20, 0.5865500000000001, -3.0000000000000004, -1, 0.584, -3.0001, -0.9998, -0.007796
20, 0.3865500000000001, -3.0000000000000004, -1, 0.38455, -3.0001, -0.9998, -0.007405
20, 0.1865500000000001, -3.0000000000000004, -1, 0.18960000000000002, -2.99995, -0.99995, -0.007108
20, -0.013449999999999906, -3.0000000000000004, -1, 0.1892, -3.0, -0.99995, -0.007134
20, -0.21344999999999992, -3.0000000000000004, -1, 0.18915, -3.0, -0.99995, -0.00717
20, -0.41344999999999993, -3.0000000000000004, -1, 0.18915, -3.0, -0.99995, -0.007108
20, -0.6134499999999999, -3.0000000000000004, -1, 0.18915, -3.0, -0.99995, -0.007165
20, -0.81345, -3.0000000000000004, -1, 0.18910000000000002, -3.0, -0.99995, -0.007102
20, -1.01345, -3.0000000000000004, -1, 0.18915, -3.0, -0.99995, -0.007165
20, -1.21345, -3.0000000000000004, -1, 0.18915, -3.0, -0.99995, -0.007108
20, -1.4134499999999999, -3.0000000000000004, -1, 0.18910000000000002, -3.0, -0.99995, -0.00716
20, -1.6134499999999998, -3.0000000000000004, -1, 0.18910000000000002, -3.0, -0.99995, -0.007129
20, -1.8134499999999998, -3.0000000000000004, -1, 0.18910000000000002, -3.0, -0.99995, -0.007123
20, -2.0134499999999997, -3.0000000000000004, -1, 0.18910000000000002, -3.0, -0.99995, -0.007149
20, -2.0134499999999997, -2.8000000000000003, -1, -2.0197, -2.7959, -1.00015, -0.007963
20, -2.0134499999999997, -2.6, -1, -2.01445, -2.5998500000000004, -1.00025, -0.007483
20, -2.0134499999999997, -2.4, -1, -2.0133, -2.4018, -1.00025, -0.007082
20, -2.0134499999999997, -2.1999999999999997, -1, -2.01335, -2.1988499999999997, -1.0002, -0.007076
20, -2.0134499999999997, -1.9999999999999998, -1, -2.0135500000000004, -1.9996500000000001, -1.0, -0.007374
20, -2.0134499999999997, -1.7999999999999998, -1, -2.0134000000000003, -1.99975, -1.0, -0.007358
20, -2.0134499999999997, -1.5999999999999999, -1, -2.0138000000000003, -1.5996000000000001, -1.00005, -0.007838
20, -2.0134499999999997, -1.4, -1, -2.014, -1.4001000000000001, -0.9999000000000001, -0.006685
20, -2.0134499999999997, -1.2, -1, -2.0135, -1.20075, -0.9998, -0.004735
20, -2.0134499999999997, -1.0, -1, -2.01365, -0.9991, -0.99975, -0.002743
20, -2.0134499999999997, -0.8, -1, -2.0134000000000003, -0.7989, -0.9998, -0.001001
20, -2.0134499999999997, -0.6000000000000001, -1, -2.0135, -0.7988500000000001, -0.9998, -0.001006
20, -2.0134499999999997, -0.4000000000000001, -1, -2.0137, -0.40135000000000004, -0.99985, -0.000949
20, -2.0134499999999997, -0.20000000000000007, -1, -2.0137, -0.19935000000000003, -1.0, -0.00256
20, -2.0134499999999997, -5.551115123125783e-17, -1, -2.013, -0.00065, -1.0, -0.004678
20, -2.0134499999999997, 0.19999999999999996, -1, -2.0133, 0.2018, -1.0, -0.006863
20, -2.0134499999999997, 0.39999999999999997, -1, -2.0135500000000004, 0.40070000000000006, -1.00005, -0.00801
20, -2.0134499999999997, 0.6, -1, -2.0136000000000003, 0.4006, -1.0, -0.008078
20, -2.0134499999999997, 0.8, -1, -2.01405, 0.79935, -1.00005, -0.007697
20, -2.0134499999999997, 1.0, -1, -2.0134000000000003, 0.99965, -1.00015, -0.007212
21, -1.8134499999999998, 1.0, -1, -1.8175, 1.0007000000000001, -1.00015, -0.006174
21, -1.6134499999999998, 1.0, -1, -1.6113000000000002, 1.0006, -1.00015, -0.005382
21, -1.4134499999999999, 1.0, -1, -1.4141000000000001, 0.9993500000000001, -1.0001, -0.005022
21, -1.21345, 1.0, -1, -1.21305, 0.9995, -1.0, -0.005329
21, -1.01345, 1.0, -1, -1.01185, 1.00015, -1.0, -0.006039
21, -0.81345, 1.0, -1, -0.81545, 1.0006, -1.0, -0.007155
21, -0.61345, 1.0, -1, -0.61175, 0.9997, -1.0, -0.008067
21, -0.41345000000000004, 1.0, -1, -0.40995000000000004, 0.9997, -1.0, -0.008234
21, -0.21345000000000003, 1.0, -1, -0.21455000000000002, 0.9999000000000001, -1.0, -0.007494
21, -0.013450000000000017, 1.0, -1, -0.010850000000000002, 1.0001, -1.0, -0.006524
21, 0.18655, 1.0, -1, 0.186, 1.00025, -1.0, -0.005945
21, 0.38655, 1.0, -1, 0.38385, 1.0002, -0.99995, -0.005835
21, 0.58655, 1.0, -1, 0.5897, 0.99985, -0.9999000000000001, -0.005788
21, 0.7865500000000001, 1.0, -1, 0.7894000000000001, 0.99975, -0.9999000000000001, -0.006461
21, 0.98655, 1.0, -1, 0.9813500000000001, 0.9998, -0.9999000000000001, -0.007379
21, 1.18655, 1.0, -1, 1.19015, 0.9999000000000001, -0.9999000000000001, -0.008411
21, 1.38655, 1.0, -1, 1.3875500000000003, 1.00015, -0.9999000000000001, -0.009068
21, 1.58655, 1.0, -1, 1.5835500000000002, 1.0003, -0.9999000000000001, -0.009293
21, 1.7865499999999999, 1.0, -1, 1.79055, 1.00025, -0.99995, -0.009371
21, 1.9865499999999998, 1.0, -1, 1.9872, 0.99995, -0.99995, -0.009319
21, 2.18655, 1.0, -1, 2.1827, 0.99985, -1.00005, -0.009392
21, 2.18655, 0.8, -1, 2.18625, 0.8005, -1.00015, -0.009319
21, 2.18655, 0.6000000000000001, -1, 2.1867, 0.59965, -1.00015, -0.009387
21, 2.18655, 0.4000000000000001, -1, 2.18715, 0.40105, -1.00015, -0.009277
21, 2.18655, 0.20000000000000007, -1, 2.18705, 0.2, -1.0001, -0.009178
21, 2.18655, 5.551115123125783e-17, -1, 2.1866, -0.00405, -1.00005, -0.009037
21, 2.18655, -0.19999999999999996, -1, 2.1869500000000004, -0.19785000000000003, -0.99995, -0.008938
21, 2.18655, -0.39999999999999997, -1, 2.18665, -0.39935000000000004, -0.9998, -0.008959
21, 2.18655, -0.6, -1, 2.1865, -0.6017, -0.9998, -0.008912
21, 2.18655, -0.8, -1, 2.1867, -0.7986, -0.9998, -0.008787
21, 2.18655, -1.0, -1, 2.1865, -1.0011, -0.9998, -0.008464
21, 2.18655, -1.2, -1, 2.1862000000000004, -1.2009, -0.9999000000000001, -0.008052
21, 2.18655, -1.4, -1, 2.1864, -1.39775, -1.00005, -0.007879
21, 2.18655, -1.5999999999999999, -1, 2.18655, -1.6003500000000002, -1.0002, -0.007775
21, 2.18655, -1.7999999999999998, -1, 2.1865, -1.8015500000000002, -1.0002, -0.007853
21, 2.18655, -1.9999999999999998, -1, 2.1869500000000004, -1.9996500000000001, -1.00015, -0.008244
21, 2.18655, -2.1999999999999997, -1, 2.1871, -2.19945, -1.0001, -0.00863
21, 2.18655, -2.4, -1, 2.1869500000000004, -2.40125, -1.00005, -0.008855
21, 2.18655, -2.6, -1, 2.1868499999999997, -2.5983500000000004, -1.0, -0.00875
21, 2.18655, -2.8000000000000003, -1, 2.1866, -2.80125, -0.99995, -0.008583
21, 2.18655, -3.0000000000000004, -1, 2.1868000000000003, -3.0029, -0.99985, -0.008573
21, 2.18655, -3.2000000000000006, -1, 2.1864500000000002, -3.1982000000000004, -0.9999000000000001, -0.008542
22, 1.98655, -3.2000000000000006, -1, 1.9915500000000002, -3.20065, -0.99985, -0.007973
22, 1.78655, -3.2000000000000006, -1, 1.7856500000000002, -3.2004, -0.9999000000000001, -0.007556
22, 1.5865500000000001, -3.2000000000000006, -1, 1.5837, -3.2, -0.9999000000000001, -0.007608
22, 1.3865500000000002, -3.2000000000000006, -1, 1.583, -3.1999500000000003, -0.9999000000000001, -0.007567
22, 1.1865500000000002, -3.2000000000000006, -1, 1.18805, -3.1999, -1.0, -0.007916
22, 0.9865500000000003, -3.2000000000000006, -1, 0.98475, -3.1999500000000003, -1.0, -0.008208
22, 0.7865500000000003, -3.2000000000000006, -1, 0.98445, -3.1999, -1.0, -0.008281
22, 0.5865500000000003, -3.2000000000000006, -1, 0.58685, -3.1999500000000003, -1.0, -0.008422
22, 0.38655000000000034, -3.2000000000000006, -1, 0.38455, -3.2, -1.0, -0.007822
22, 0.18655000000000033, -3.2000000000000006, -1, 0.38385, -3.20005, -1.0, -0.007806
22, -0.013449999999999684, -3.2000000000000006, -1, 0.38380000000000003, -3.2, -1.0, -0.007822
22, -0.2134499999999997, -3.2000000000000006, -1, 0.38380000000000003, -3.20005, -1.0, -0.007801
22, -0.4134499999999997, -3.2000000000000006, -1, -0.41265, -3.2001500000000003, -1.0, -0.007608
22, -0.6134499999999997, -3.2000000000000006, -1, -0.61675, -3.2001500000000003, -1.0, -0.007728
22, -0.8134499999999998, -3.2000000000000006, -1, -0.8129500000000001, -3.2001000000000004, -1.00005, -0.007812
22, -1.0134499999999997, -3.2000000000000006, -1, -1.0136, -3.2, -1.0001, -0.007895
22, -1.2134499999999997, -3.2000000000000006, -1, -1.0141, -3.20005, -1.00015, -0.007838
22, -1.4134499999999997, -3.2000000000000006, -1, -1.0140500000000001, -3.2, -1.0001, -0.00789
22, -1.6134499999999996, -3.2000000000000006, -1, -1.0139500000000001, -3.1999500000000003, -1.00005, -0.007843
22, -1.8134499999999996, -3.2000000000000006, -1, -1.8175500000000002, -3.2, -1.0001, -0.008729
22, -2.0134499999999997, -3.2000000000000006, -1, -1.8175500000000002, -3.2, -1.0001, -0.008698
22, -2.21345, -3.2000000000000006, -1, -1.8175500000000002, -3.2, -1.0001, -0.008688
22, -2.21345, -3.0000000000000004, -1, -2.21105, -3.0017000000000005, -1.0001, -0.009121
22, -2.21345, -2.8000000000000003, -1, -2.2139, -2.7956000000000003, -1.0001, -0.00886
22, -2.21345, -2.6, -1, -2.2140500000000003, -2.60005, -1.00015, -0.008552
22, -2.21345, -2.4, -1, -2.21385, -2.40165, -1.00015, -0.008375
22, -2.21345, -2.1999999999999997, -1, -2.2135, -2.1999, -1.0, -0.008333
22, -2.21345, -1.9999999999999998, -1, -2.21355, -1.9984000000000002, -1.00005, -0.008552
22, -2.21345, -1.7999999999999998, -1, -2.2133499999999997, -1.7995500000000002, -0.9999000000000001, -0.00875
22, -2.21345, -1.5999999999999999, -1, -2.2137000000000002, -1.5996000000000001, -0.99975, -0.008615
22, -2.21345, -1.4, -1, -2.2137000000000002, -1.4003, -0.9998, -0.007614
22, -2.21345, -1.2, -1, -2.21355, -1.20195, -0.9998, -0.006002
22, -2.21345, -1.0, -1, -2.21375, -0.9990500000000001, -0.9999000000000001, -0.004422
22, -2.21345, -0.8, -1, -2.2135, -0.7983000000000001, -1.0, -0.00316
22, -2.21345, -0.6000000000000001, -1, -2.2133000000000003, -0.6003000000000001, -1.0, -0.00266
22, -2.21345, -0.4000000000000001, -1, -2.2137000000000002, -0.40095000000000003, -1.0, -0.002952
22, -2.21345, -0.20000000000000007, -1, -2.2138, -0.1993, -0.99995, -0.00425
22, -2.21345, -5.551115123125783e-17, -1, -2.21395, -0.0006000000000000001, -1.0001, -0.005841
22, -2.21345, 0.19999999999999996, -1, -2.21385, 0.20255, -1.0002, -0.00753
22, -2.21345, 0.39999999999999997, -1, -2.21355, 0.40005, -1.00025, -0.008521
22, -2.21345, 0.6, -1, -2.2134, 0.4, -1.0002, -0.008537
22, -2.21345, 0.8, -1, -2.2134, 0.799, -1.0002, -0.00851
22, -2.21345, 1.0, -1, -2.2133499999999997, 1.0, -1.00015, -0.008281
22, -2.21345, 1.2, -1, -2.2134, 1.1994500000000001, -1.0, -0.008151
23, -2.0134499999999997, 1.2, -1, -2.0138000000000003, 1.1993500000000001, -0.99995, -0.00704
23, -1.8134499999999998, 1.2, -1, -1.8162, 1.1994, -0.99985, -0.005971
23, -1.6134499999999998, 1.2, -1, -1.611, 1.20025, -0.99985, -0.005037
23, -1.4134499999999999, 1.2, -1, -1.4138000000000002, 1.2003, -0.99985, -0.004803
23, -1.21345, 1.2, -1, -1.2132, 1.2002000000000002, -0.99985, -0.005121
23, -1.01345, 1.2, -1, -1.0115, 1.2001000000000002, -0.99995, -0.005992
23, -0.81345, 1.2, -1, -0.8157000000000001, 1.19975, -1.00005, -0.00716
23, -0.61345, 1.2, -1, -0.6116, 1.19965, -1.0002, -0.007994
23, -0.41345000000000004, 1.2, -1, -0.41045000000000004, 1.1999000000000002, -1.0002, -0.008125
23, -0.21345000000000003, 1.2, -1, -0.21485, 1.19995, -1.0002, -0.007254
23, -0.013450000000000017, 1.2, -1, -0.0109, 1.20005, -1.0002, -0.006367
23, 0.18655, 1.2, -1, 0.18705000000000002, 1.20005, -1.00005, -0.005898
23, 0.38655, 1.2, -1, 0.3829, 1.2001000000000002, -0.9999000000000001, -0.005637
23, 0.58655, 1.2, -1, 0.5902000000000001, 1.2001000000000002, -0.9998, -0.005752
23, 0.7865500000000001, 1.2, -1, 0.78875, 1.20005, -0.9998, -0.00643
23, 0.98655, 1.2, -1, 0.9826500000000001, 1.20005, -0.99975, -0.007634
23, 1.18655, 1.2, -1, 1.1894500000000001, 1.2, -0.99985, -0.008641
23, 1.38655, 1.2, -1, 1.3875, 1.20005, -1.0, -0.009089
23, 1.58655, 1.2, -1, 1.5839, 1.2, -1.0, -0.009319
23, 1.7865499999999999, 1.2, -1, 1.79045, 1.19995, -1.0, -0.009308
23, 1.9865499999999998, 1.2, -1, 1.9872, 1.1998, -1.0, -0.009392
23, 2.18655, 1.2, -1, 2.18265, 1.19985, -0.99995, -0.009334
23, 2.38655, 1.2, -1, 2.38845, 1.1999000000000002, -1.0001, -0.009334
23, 2.38655, 1.0, -1, 2.3879, 1.00205, -1.0002, -0.009381
23, 2.38655, 0.8, -1, 2.38715, 0.8005500000000001, -1.0002, -0.009334
23, 2.38655, 0.6000000000000001, -1, 2.3859, 0.59935, -1.0002, -0.00934
23, 2.38655, 0.4000000000000001, -1, 2.3862, 0.40120000000000006, -1.0002, -0.009355
23, 2.38655, 0.20000000000000007, -1, 2.3874, 0.20010000000000003, -1.00005, -0.009251
23, 2.38655, 5.551115123125783e-17, -1, 2.3868, -0.0038000000000000004, -0.9999000000000001, -0.009246
23, 2.38655, -0.19999999999999996, -1, 2.38655, -0.19785000000000003, -0.9998, -0.009168
23, 2.38655, -0.39999999999999997, -1, 2.3864, -0.3995, -0.9998, -0.009235
23, 2.38655, -0.6, -1, 2.38655, -0.6017, -0.99975, -0.00922
23, 2.38655, -0.8, -1, 2.3867000000000003, -0.7987000000000001, -0.99985, -0.009074
23, 2.38655, -1.0, -1, 2.3869000000000002, -1.0011, -1.0, -0.008959
23, 2.38655, -1.2, -1, 2.3867000000000003, -1.2009, -1.0, -0.00875
23, 2.38655, -1.4, -1, 2.3867000000000003, -1.3977, -1.0, -0.008656
23, 2.38655, -1.5999999999999999, -1, 2.38685, -1.6003500000000002, -1.0, -0.008589
23, 2.38655, -1.7999999999999998, -1, 2.3867000000000003, -1.8016500000000002, -1.0, -0.008677
23, 2.38655, -1.9999999999999998, -1, 2.3868, -1.9996, -1.0, -0.008881
23, 2.38655, -2.1999999999999997, -1, 2.38695, -2.19945, -1.0, -0.009053
23, 2.38655, -2.4, -1, 2.3870500000000003, -2.4013, -0.99995, -0.009194
23, 2.38655, -2.6, -1, 2.38715, -2.5984000000000003, -1.0001, -0.009115
23, 2.38655, -2.8000000000000003, -1, 2.38685, -2.80125, -1.00015, -0.009131
23, 2.38655, -3.0000000000000004, -1, 2.38565, -3.0028, -1.00015, -0.009074
23, 2.38655, -3.2000000000000006, -1, 2.38685, -3.1982000000000004, -1.00015, -0.009095
23, 2.38655, -3.400000000000001, -1, 2.38675, -3.40045, -1.0001, -0.009173
24, 2.18655, -3.400000000000001, -1, 2.1869500000000004, -3.40055, -1.00005, -0.008719
24, 1.98655, -3.400000000000001, -1, 1.9904000000000002, -3.40015, -1.00005, -0.008192
24, 1.78655, -3.400000000000001, -1, 1.78465, -3.3998500000000003, -0.99995, -0.00777
24, 1.5865500000000001, -3.400000000000001, -1, 1.5832, -3.3998000000000004, -0.9999000000000001, -0.007791
24, 1.3865500000000002, -3.400000000000001, -1, 1.3889, -3.3999500000000005, -0.9999000000000001, -0.007984
24, 1.1865500000000002, -3.400000000000001, -1, 1.1863500000000002, -3.4001000000000006, -0.9999000000000001, -0.008234
24, 0.9865500000000003, -3.400000000000001, -1, 0.9844, -3.40025, -0.9999000000000001, -0.008677
24, 0.7865500000000003, -3.400000000000001, -1, 0.78895, -3.40015, -0.99995, -0.008792
24, 0.5865500000000003, -3.400000000000001, -1, 0.584, -3.4000500000000002, -0.99995, -0.008526
24, 0.38655000000000034, -3.400000000000001, -1, 0.38320000000000004, -3.3999, -0.99995, -0.007911
24, 0.18655000000000033, -3.400000000000001, -1, 0.1899, -3.3999500000000005, -1.00005, -0.007551
24, -0.013449999999999684, -3.400000000000001, -1, -0.014350000000000002, -3.4, -1.0001, -0.007415
24, -0.2134499999999997, -3.400000000000001, -1, -0.014600000000000002, -3.4, -1.0001, -0.007358
24, -0.4134499999999997, -3.400000000000001, -1, -0.01455, -3.3999500000000005, -1.0001, -0.007405
24, -0.6134499999999997, -3.400000000000001, -1, -0.6181500000000001, -3.4, -1.0001, -0.0079
24, -0.8134499999999998, -3.400000000000001, -1, -0.6186, -3.4000500000000002, -1.0001, -0.007906
24, -1.0134499999999997, -3.400000000000001, -1, -1.01215, -3.4001000000000006, -1.0001, -0.00861
24, -1.2134499999999997, -3.400000000000001, -1, -1.21635, -3.4001000000000006, -1.0001, -0.008729
24, -1.4134499999999997, -3.400000000000001, -1, -1.4141000000000001, -3.4000500000000002, -1.0001, -0.008886
24, -1.6134499999999996, -3.400000000000001, -1, -1.6145, -3.4000500000000002, -1.0001, -0.008964
24, -1.8134499999999996, -3.400000000000001, -1, -1.81375, -3.4, -1.00005, -0.009168
24, -2.0134499999999997, -3.400000000000001, -1, -1.8141, -3.4, -1.00005, -0.009141
24, -2.21345, -3.400000000000001, -1, -1.81395, -3.4, -1.00005, -0.009199
24, -2.41345, -3.400000000000001, -1, -1.81395, -3.4, -1.0001, -0.009194
24, -2.41345, -3.2000000000000006, -1, -2.4144, -3.20025, -1.00005, -0.009371
24, -2.41345, -3.0000000000000004, -1, -2.4142, -3.0011000000000005, -0.99995, -0.009324
24, -2.41345, -2.8000000000000003, -1, -2.4137000000000004, -2.79615, -0.99985, -0.009246
24, -2.41345, -2.6, -1, -2.4135999999999997, -2.6, -0.99985, -0.009214
24, -2.41345, -2.4, -1, -2.4137000000000004, -2.40175, -0.9999000000000001, -0.009105
24, -2.41345, -2.1999999999999997, -1, -2.4135999999999997, -2.1989, -0.9999000000000001, -0.009141
24, -2.41345, -1.9999999999999998, -1, -2.4134, -1.9995, -0.9999000000000001, -0.00923
24, -2.41345, -1.7999999999999998, -1, -2.4129500000000004, -1.7996500000000002, -1.0, -0.009209
24, -2.41345, -1.5999999999999999, -1, -2.41345, -1.5995500000000002, -1.0, -0.009162
24, -2.41345, -1.4, -1, -2.4137000000000004, -1.4002000000000001, -1.0, -0.008427
24, -2.41345, -1.2, -1, -2.4139500000000003, -1.20065, -1.0, -0.007394
24, -2.41345, -1.0, -1, -2.41405, -1.0, -1.00005, -0.00631
24, -2.41345, -0.8, -1, -2.4135999999999997, -0.79775, -1.00015, -0.005423
24, -2.41345, -0.6000000000000001, -1, -2.4135999999999997, -0.60155, -1.00015, -0.005126
24, -2.41345, -0.4000000000000001, -1, -2.4137000000000004, -0.4003, -1.00015, -0.005298
24, -2.41345, -0.20000000000000007, -1, -2.41345, -0.19955, -1.00015, -0.006112
24, -2.41345, -5.551115123125783e-17, -1, -2.4137000000000004, -0.0005, -1.0, -0.007186
24, -2.41345, 0.19999999999999996, -1, -2.4137000000000004, 0.2025, -1.0, -0.008198
24, -2.41345, 0.39999999999999997, -1, -2.4135, 0.40005, -1.0, -0.008964
24, -2.41345, 0.6, -1, -2.41365, 0.59825, -1.0, -0.009188
24, -2.41345, 0.8, -1, -2.4137000000000004, 0.8007000000000001, -1.0, -0.009152
24, -2.41345, 1.0, -1, -2.4137000000000004, 1.00085, -1.0, -0.009016
24, -2.41345, 1.2, -1, -2.41345, 1.19805, -1.0, -0.008902
24, -2.41345, 1.4, -1, -2.4134, 1.4026500000000002, -1.00005, -0.008954
25, -2.21345, 1.4, -1, -2.2105, 1.4000500000000002, -0.9999000000000001, -0.008145
25, -2.0134499999999997, 1.4, -1, -2.01375, 1.4000500000000002, -0.99975, -0.007207
25, -1.8134499999999998, 1.4, -1, -1.8161, 1.39995, -0.99975, -0.006169
25, -1.6134499999999998, 1.4, -1, -1.6114000000000002, 1.39995, -0.99985, -0.005251
25, -1.4134499999999999, 1.4, -1, -1.41365, 1.4, -0.99985, -0.00509
25, -1.21345, 1.4, -1, -1.21325, 1.4, -1.00005, -0.005465
25, -1.01345, 1.4, -1, -1.01175, 1.4, -1.0002, -0.00643
25, -0.81345, 1.4, -1, -0.8156, 1.4, -1.0002, -0.00741
25, -0.61345, 1.4, -1, -0.61155, 1.4, -1.0002, -0.008234
25, -0.41345000000000004, 1.4, -1, -0.40975, 1.4000500000000002, -1.00015, -0.008114
25, -0.21345000000000003, 1.4, -1, -0.21545000000000003, 1.4000500000000002, -1.00005, -0.007421
25, -0.013450000000000017, 1.4, -1, -0.0109, 1.4001000000000001, -0.9999000000000001, -0.006576
25, 0.18655, 1.4, -1, 0.18780000000000002, 1.4001000000000001, -0.9998, -0.006002
25, 0.38655, 1.4, -1, 0.38270000000000004, 1.4000500000000002, -0.99975, -0.005804
25, 0.58655, 1.4, -1, 0.59035, 1.4000500000000002, -0.9998, -0.005992
25, 0.7865500000000001, 1.4, -1, 0.78905, 1.4, -0.99985, -0.006826
25, 0.98655, 1.4, -1, 0.9816, 1.4, -1.0, -0.008005
25, 1.18655, 1.4, -1, 1.18975, 1.4, -0.99995, -0.008797
25, 1.38655, 1.4, -1, 1.38725, 1.4000500000000002, -1.00015, -0.009178
25, 1.58655, 1.4, -1, 1.58485, 1.4, -1.00025, -0.00936
25, 1.7865499999999999, 1.4, -1, 1.7900500000000001, 1.4, -1.00025, -0.009324
25, 1.9865499999999998, 1.4, -1, 1.9872, 1.4, -1.0002, -0.009376
25, 2.18655, 1.4, -1, 2.18255, 1.4000500000000002, -1.0, -0.009329
25, 2.38655, 1.4, -1, 2.3883, 1.4, -1.00005, -0.00935
25, 2.5865500000000003, 1.4, -1, 2.58875, 1.4, -0.99985, -0.009387
25, 2.5865500000000003, 1.2, -1, 2.586, 1.19665, -0.99975, -0.009329
25, 2.5865500000000003, 1.0, -1, 2.5863500000000004, 1.0015500000000002, -0.99975, -0.009392
25, 2.5865500000000003, 0.8, -1, 2.5874500000000005, 0.8004000000000001, -0.99975, -0.009387
25, 2.5865500000000003, 0.6000000000000001, -1, 2.5874500000000005, 0.59935, -1.0, -0.009324
25, 2.5865500000000003, 0.4000000000000001, -1, 2.58665, 0.4013, -1.0, -0.009376
25, 2.5865500000000003, 0.20000000000000007, -1, 2.58665, 0.20005, -1.0, -0.009277
25, 2.5865500000000003, 5.551115123125783e-17, -1, 2.5868, -0.0029500000000000004, -1.0, -0.009282
25, 2.5865500000000003, -0.19999999999999996, -1, 2.5867000000000004, -0.19920000000000002, -1.0, -0.009194
25, 2.5865500000000003, -0.39999999999999997, -1, 2.5868, -0.39945, -1.0, -0.009225
25, 2.5865500000000003, -0.6, -1, 2.58705, -0.6008000000000001, -1.00005, -0.00923
25, 2.5865500000000003, -0.8, -1, 2.5869, -0.799, -1.0002, -0.009209
25, 2.5865500000000003, -1.0, -1, 2.58675, -1.00105, -1.00015, -0.009214
25, 2.5865500000000003, -1.2, -1, 2.58625, -1.20095, -1.00015, -0.009162
25, 2.5865500000000003, -1.4, -1, 2.586, -1.3978000000000002, -1.00015, -0.009168
25, 2.5865500000000003, -1.5999999999999999, -1, 2.5873000000000004, -1.6004, -1.0, -0.009178
25, 2.5865500000000003, -1.7999999999999998, -1, 2.58665, -1.80175, -1.0, -0.009188
25, 2.5865500000000003, -1.9999999999999998, -1, 2.58665, -1.9995500000000002, -0.9999000000000001, -0.009235
25, 2.5865500000000003, -2.1999999999999997, -1, 2.5866000000000002, -2.1995500000000003, -0.99975, -0.009293
25, 2.5865500000000003, -2.4, -1, 2.5868500000000005, -2.40145, -0.9997, -0.00934
25, 2.5865500000000003, -2.6, -1, 2.58705, -2.5983, -0.99975, -0.009293
25, 2.5865500000000003, -2.8000000000000003, -1, 2.5868, -2.8013000000000003, -0.99995, -0.009334
25, 2.5865500000000003, -3.0000000000000004, -1, 2.58665, -3.0028, -1.0001, -0.009287
25, 2.5865500000000003, -3.2000000000000006, -1, 2.5869500000000003, -3.19825, -1.00015, -0.009324
25, 2.5865500000000003, -3.400000000000001, -1, 2.5868500000000005, -3.40055, -1.00015, -0.00934
25, 2.5865500000000003, -3.600000000000001, -1, 2.5869500000000003, -3.6004, -1.00015, -0.009334
26, 2.38655, -3.600000000000001, -1, 2.38535, -3.60075, -1.00015, -0.009287
26, 2.18655, -3.600000000000001, -1, 2.1860999999999997, -3.6005, -1.00005, -0.008975
26, 1.98655, -3.600000000000001, -1, 1.99075, -3.6002, -1.0, -0.008688
26, 1.78655, -3.600000000000001, -1, 1.78465, -3.5998, -1.0, -0.008417
26, 1.5865500000000001, -3.600000000000001, -1, 1.5835500000000002, -3.5996000000000006, -1.0, -0.008391
26, 1.3865500000000002, -3.600000000000001, -1, 1.3886500000000002, -3.5999, -1.0, -0.008547
26, 1.1865500000000002, -3.600000000000001, -1, 1.1851500000000001, -3.60015, -1.0, -0.008719
26, 0.9865500000000003, -3.600000000000001, -1, 0.9847, -3.6003000000000003, -1.0, -0.008933
26, 0.7865500000000003, -3.600000000000001, -1, 0.7889, -3.6001000000000003, -1.0, -0.008922
26, 0.5865500000000003, -3.600000000000001, -1, 0.5846, -3.59995, -1.0, -0.008411
26, 0.38655000000000034, -3.600000000000001, -1, 0.3826, -3.5998500000000004, -1.0, -0.007921
26, 0.18655000000000033, -3.600000000000001, -1, 0.19140000000000001, -3.5999, -1.0, -0.007468
26, -0.013449999999999684, -3.600000000000001, -1, -0.015700000000000002, -3.59995, -1.0, -0.007332
26, -0.2134499999999997, -3.600000000000001, -1, -0.216, -3.6001000000000003, -1.0, -0.007389
26, -0.4134499999999997, -3.600000000000001, -1, -0.4118, -3.60025, -1.0, -0.007546
26, -0.6134499999999997, -3.600000000000001, -1, -0.6168, -3.6002, -1.00005, -0.008057
26, -0.8134499999999998, -3.600000000000001, -1, -0.81305, -3.6, -0.9999000000000001, -0.008563
26, -1.0134499999999997, -3.600000000000001, -1, -0.8144000000000001, -3.6, -0.9999000000000001, -0.008625
26, -1.2134499999999997, -3.600000000000001, -1, -0.8143, -3.59995, -0.9999000000000001, -0.008625
26, -1.4134499999999997, -3.600000000000001, -1, -1.4151000000000002, -3.5998500000000004, -0.9998, -0.009303
26, -1.6134499999999996, -3.600000000000001, -1, -1.6146500000000001, -3.5999, -0.9998, -0.009282
26, -1.8134499999999996, -3.600000000000001, -1, -1.81365, -3.59995, -0.99985, -0.009308
26, -2.0134499999999997, -3.600000000000001, -1, -2.0099, -3.60005, -0.99985, -0.009334
26, -2.21345, -3.600000000000001, -1, -2.2156, -3.6002, -1.0, -0.009381
26, -2.41345, -3.600000000000001, -1, -2.4162000000000003, -3.60025, -1.0, -0.009324
26, -2.6134500000000003, -3.600000000000001, -1, -2.61215, -3.59995, -1.0, -0.009355
26, -2.6134500000000003, -3.400000000000001, -1, -2.6133500000000005, -3.3984, -1.0, -0.009376
26, -2.6134500000000003, -3.2000000000000006, -1, -2.61325, -3.2004, -1.0, -0.009329
26, -2.6134500000000003, -3.0000000000000004, -1, -2.6136500000000003, -3.00115, -1.0, -0.009387
26, -2.6134500000000003, -2.8000000000000003, -1, -2.61355, -2.7963, -1.0, -0.009314
26, -2.6134500000000003, -2.6, -1, -2.6137, -2.5998, -1.0, -0.009355
26, -2.6134500000000003, -2.4, -1, -2.6136000000000004, -2.402, -1.0, -0.009293
26, -2.6134500000000003, -2.1999999999999997, -1, -2.6137, -2.1992000000000003, -1.00005, -0.009303
26, -2.6134500000000003, -1.9999999999999998, -1, -2.614, -1.9985500000000003, -1.00015, -0.009355
26, -2.6134500000000003, -1.7999999999999998, -1, -2.61375, -1.79975, -1.0002, -0.009303
26, -2.6134500000000003, -1.5999999999999999, -1, -2.6136500000000003, -1.5995500000000002, -1.00015, -0.009324
26, -2.6134500000000003, -1.4, -1, -2.6135, -1.4005, -1.00015, -0.009105
26, -2.6134500000000003, -1.2, -1, -2.6133, -1.2012, -1.00005, -0.008495
26, -2.6134500000000003, -1.0, -1, -2.6134, -0.99925, -0.9999000000000001, -0.0079
26, -2.6134500000000003, -0.8, -1, -2.6136000000000004, -0.7988000000000001, -0.9998, -0.007363
26, -2.6134500000000003, -0.6000000000000001, -1, -2.6136500000000003, -0.60025, -0.9998, -0.007202
26, -2.6134500000000003, -0.4000000000000001, -1, -2.6139500000000004, -0.4011, -0.9998, -0.007259
26, -2.6134500000000003, -0.20000000000000007, -1, -2.6139500000000004, -0.19955, -0.9999000000000001, -0.007728
26, -2.6134500000000003, -5.551115123125783e-17, -1, -2.6134, -0.0007000000000000001, -1.0, -0.008286
26, -2.6134500000000003, 0.19999999999999996, -1, -2.6133500000000005, 0.20245000000000002, -1.0, -0.008818
26, -2.6134500000000003, 0.39999999999999997, -1, -2.6135, 0.40020000000000006, -1.0, -0.009209
26, -2.6134500000000003, 0.6, -1, -2.61355, 0.59845, -1.0, -0.00935
26, -2.6134500000000003, 0.8, -1, -2.6138000000000003, 0.8006500000000001, -1.0, -0.00936
26, -2.6134500000000003, 1.0, -1, -2.6136000000000004, 1.00075, -1.0, -0.009308
26, -2.6134500000000003, 1.2, -1, -2.6135, 1.19805, -1.0, -0.009319
26, -2.6134500000000003, 1.4, -1, -2.6135, 1.4026, -1.0, -0.009345
26, -2.6134500000000003, 1.5999999999999999, -1, -2.6136500000000003, 1.5967, -1.0, -0.009314
27, -2.41345, 1.5999999999999999, -1, -2.41535, 1.59965, -1.0, -0.009074
27, -2.21345, 1.5999999999999999, -1, -2.20955, 1.6006000000000002, -1.0, -0.008396
27, -2.0134499999999997, 1.5999999999999999, -1, -2.01515, 1.6005500000000001, -1.0, -0.00764
27, -1.8134499999999998, 1.5999999999999999, -1, -1.8150500000000003, 1.5997000000000001, -1.0, -0.006826
27, -1.6134499999999998, 1.5999999999999999, -1, -1.6116000000000001, 1.59965, -0.99995, -0.006122
27, -1.4134499999999999, 1.5999999999999999, -1, -1.41385, 1.59975, -1.0001, -0.006086
27, -1.21345, 1.5999999999999999, -1, -1.2132, 1.6003500000000002, -1.00025, -0.006414
27, -1.01345, 1.5999999999999999, -1, -1.012, 1.6005, -1.00025, -0.007186
27, -0.81345, 1.5999999999999999, -1, -0.81515, 1.5998, -1.00025, -0.007921
27, -0.61345, 1.5999999999999999, -1, -0.61155, 1.5998, -1.0, -0.0085
27, -0.41345000000000004, 1.5999999999999999, -1, -0.40995000000000004, 1.5998, -1.0, -0.00837
27, -0.21345000000000003, 1.5999999999999999, -1, -0.21505000000000002, 1.5998500000000002, -1.0, -0.007624
27, -0.013450000000000017, 1.5999999999999999, -1, -0.011300000000000001, 1.6003000000000003, -0.99995, -0.007024
27, 0.18655, 1.5999999999999999, -1, 0.18710000000000002, 1.6005, -0.99985, -0.006628
27, 0.38655, 1.5999999999999999, -1, 0.3826, 1.5999, -0.9998, -0.006581
27, 0.58655, 1.5999999999999999, -1, 0.5905, 1.5999, -0.9998, -0.006962
27, 0.7865500000000001, 1.5999999999999999, -1, 0.78835, 1.5999, -0.9998, -0.007707
27, 0.98655, 1.5999999999999999, -1, 0.9827, 1.5999, -0.99995, -0.008583
27, 1.18655, 1.5999999999999999, -1, 1.1895, 1.59995, -1.00005, -0.009042
27, 1.38655, 1.5999999999999999, -1, 1.38745, 1.6, -1.0002, -0.009214
27, 1.58655, 1.5999999999999999, -1, 1.3873000000000002, 1.59995, -1.0002, -0.009246
27, 1.7865499999999999, 1.5999999999999999, -1, 1.7884, 1.6000500000000002, -1.00015, -0.009303
27, 1.9865499999999998, 1.5999999999999999, -1, 1.987, 1.60025, -1.00015, -0.009397
27, 2.18655, 1.5999999999999999, -1, 2.1828499999999997, 1.6001500000000002, -1.00015, -0.009371
27, 2.38655, 1.5999999999999999, -1, 2.3883, 1.6001, -0.99995, -0.009329
27, 2.5865500000000003, 1.5999999999999999, -1, 2.5884, 1.6, -0.99985, -0.009397
27, 2.7865500000000005, 1.5999999999999999, -1, 2.58835, 1.59995, -0.99985, -0.009334
27, 2.7865500000000005, 1.4, -1, 2.78465, 1.4030500000000001, -0.99985, -0.009376
27, 2.7865500000000005, 1.2, -1, 2.78625, 1.19785, -0.9998, -0.009355
27, 2.7865500000000005, 1.0, -1, 2.7866000000000004, 1.0008000000000001, -0.99985, -0.009324
27, 2.7865500000000005, 0.8, -1, 2.7867, 1.0009000000000001, -0.99985, -0.009397
27, 2.7865500000000005, 0.6000000000000001, -1, 2.78715, 0.5995, -0.99995, -0.009345
27, 2.7865500000000005, 0.4000000000000001, -1, 2.7870500000000002, 0.40145000000000003, -1.0001, -0.009355
27, 2.7865500000000005, 0.20000000000000007, -1, 2.7867, 0.20025, -1.00015, -0.009345
27, 2.7865500000000005, 5.551115123125783e-17, -1, 2.7866500000000003, -0.0031500000000000005, -1.00015, -0.009287
27, 2.7865500000000005, -0.19999999999999996, -1, 2.78655, -0.0031, -1.0002, -0.009334
27, 2.7865500000000005, -0.39999999999999997, -1, 2.7865, -0.0031, -1.00015, -0.009282
27, 2.7865500000000005, -0.6, -1, 2.7868000000000004, -0.59935, -1.00015, -0.009235
27, 2.7865500000000005, -0.8, -1, 2.7868000000000004, -0.7987000000000001, -1.00015, -0.009204
27, 2.7865500000000005, -1.0, -1, 2.7867, -1.00135, -1.0, -0.009235
27, 2.7865500000000005, -1.2, -1, 2.7867, -1.2012, -1.0, -0.009324
27, 2.7865500000000005, -1.4, -1, 2.7864500000000003, -1.3977, -1.0, -0.009282
27, 2.7865500000000005, -1.5999999999999999, -1, 2.7867, -1.5998500000000002, -1.0, -0.009329
27, 2.7865500000000005, -1.7999999999999998, -1, 2.7868000000000004, -1.8018500000000002, -1.0, -0.00934
27, 2.7865500000000005, -1.9999999999999998, -1, 2.7866500000000003, -1.9995500000000002, -1.0, -0.009298
27, 2.7865500000000005, -2.1999999999999997, -1, 2.7868000000000004, -2.19975, -1.0, -0.00936
27, 2.7865500000000005, -2.4, -1, 2.7868000000000004, -2.40145, -1.0, -0.00935
27, 2.7865500000000005, -2.6, -1, 2.7864500000000003, -2.59825, -1.0, -0.009329
27, 2.7865500000000005, -2.8000000000000003, -1, 2.7866000000000004, -2.8005500000000003, -1.0, -0.009329
27, 2.7865500000000005, -3.0000000000000004, -1, 2.7866500000000003, -3.00305, -1.0, -0.009381
27, 2.7865500000000005, -3.2000000000000006, -1, 2.7866500000000003, -3.199, -0.99995, -0.009324
27, 2.7865500000000005, -3.400000000000001, -1, 2.7869500000000005, -3.3996000000000004, -0.99985, -0.009381
27, 2.7865500000000005, -3.600000000000001, -1, 2.7869, -3.6018000000000003, -0.99985, -0.009334
27, 2.7865500000000005, -3.800000000000001, -1, 2.7872000000000003, -3.79945, -0.9998, -0.009387
28, 2.5865500000000003, -3.800000000000001, -1, 2.5890500000000003, -3.79965, -0.99985, -0.009334
28, 2.38655, -3.800000000000001, -1, 2.38525, -3.8005, -0.99995, -0.009334
28, 2.18655, -3.800000000000001, -1, 2.1862000000000004, -3.8005500000000003, -1.0001, -0.009282
28, 1.98655, -3.800000000000001, -1, 1.9912, -3.79985, -1.00015, -0.009063
28, 1.78655, -3.800000000000001, -1, 1.7833, -3.79975, -1.0002, -0.009001
28, 1.5865500000000001, -3.800000000000001, -1, 1.5836000000000001, -3.7999500000000004, -1.0002, -0.008943
28, 1.3865500000000002, -3.800000000000001, -1, 1.3888000000000003, -3.8, -1.0002, -0.009042
28, 1.1865500000000002, -3.800000000000001, -1, 1.1849, -3.8001000000000005, -1.0001, -0.009105
28, 0.9865500000000003, -3.800000000000001, -1, 0.9843000000000001, -3.8001000000000005, -0.99995, -0.009178
28, 0.7865500000000003, -3.800000000000001, -1, 0.7886, -3.8001000000000005, -0.99985, -0.009037
28, 0.5865500000000003, -3.800000000000001, -1, 0.5851000000000001, -3.8001000000000005, -0.99985, -0.008464
28, 0.38655000000000034, -3.800000000000001, -1, 0.38315000000000005, -3.80005, -0.99985, -0.007947
28, 0.18655000000000033, -3.800000000000001, -1, 0.18985000000000002, -3.8, -0.9999000000000001, -0.007499
28, -0.013449999999999684, -3.800000000000001, -1, -0.01405, -3.80005, -1.0, -0.007405
28, -0.2134499999999997, -3.800000000000001, -1, -0.2165, -3.7999500000000004, -1.0, -0.007374
28, -0.4134499999999997, -3.800000000000001, -1, -0.41175, -3.7999, -1.0, -0.007614
28, -0.6134499999999997, -3.800000000000001, -1, -0.61685, -3.7999500000000004, -1.00005, -0.008182
28, -0.8134499999999998, -3.800000000000001, -1, -0.81335, -3.7999, -1.0001, -0.008703
28, -1.0134499999999997, -3.800000000000001, -1, -1.014, -3.7999500000000004, -1.0001, -0.009157
28, -1.2134499999999997, -3.800000000000001, -1, -1.2165, -3.80005, -1.0001, -0.009261
28, -1.4134499999999997, -3.800000000000001, -1, -1.412, -3.8001000000000005, -1.00015, -0.00934
28, -1.6134499999999996, -3.800000000000001, -1, -1.61505, -3.8001000000000005, -1.00015, -0.009381
28, -1.8134499999999996, -3.800000000000001, -1, -1.81425, -3.8001000000000005, -1.00005, -0.009329
28, -2.0134499999999997, -3.800000000000001, -1, -2.01015, -3.80005, -0.99995, -0.009366
28, -2.21345, -3.800000000000001, -1, -2.21565, -3.80005, -0.99985, -0.009376
28, -2.41345, -3.800000000000001, -1, -2.41575, -3.7999500000000004, -0.99985, -0.009334
28, -2.6134500000000003, -3.800000000000001, -1, -2.6124, -3.7999500000000004, -0.99985, -0.009392
28, -2.8134500000000005, -3.800000000000001, -1, -2.81455, -3.7999, -0.9999000000000001, -0.009334
28, -2.8134500000000005, -3.600000000000001, -1, -2.81415, -3.6007000000000002, -1.0, -0.009355
28, -2.8134500000000005, -3.400000000000001, -1, -2.8134, -3.3982, -0.99995, -0.00934
28, -2.8134500000000005, -3.2000000000000006, -1, -2.81355, -3.2005, -1.00005, -0.009324
28, -2.8134500000000005, -3.0000000000000004, -1, -2.8133500000000002, -3.0013, -1.00015, -0.009402
28, -2.8134500000000005, -2.8000000000000003, -1, -2.81325, -2.7968, -1.00015, -0.009329
28, -2.8134500000000005, -2.6, -1, -2.81375, -2.5988, -1.00015, -0.009381
28, -2.8134500000000005, -2.4, -1, -2.8141000000000003, -2.4019500000000003, -1.00015, -0.009319
28, -2.8134500000000005, -2.1999999999999997, -1, -2.81375, -2.19915, -1.00005, -0.009329
28, -2.8134500000000005, -1.9999999999999998, -1, -2.8135, -1.9996, -1.0, -0.009324
28, -2.8134500000000005, -1.7999999999999998, -1, -2.81365, -1.7996500000000002, -1.0, -0.009314
28, -2.8134500000000005, -1.5999999999999999, -1, -2.8137000000000003, -1.59945, -1.0, -0.00936
28, -2.8134500000000005, -1.4, -1, -2.81365, -1.4003500000000002, -1.0, -0.009282
28, -2.8134500000000005, -1.2, -1, -2.8135, -1.20095, -1.0, -0.009209
28, -2.8134500000000005, -1.0, -1, -2.81375, -0.9991500000000001, -1.0, -0.008928
28, -2.8134500000000005, -0.8, -1, -2.8135, -0.7988000000000001, -1.00005, -0.008766
28, -2.8134500000000005, -0.6000000000000001, -1, -2.8136000000000005, -0.60015, -0.99995, -0.00861
28, -2.8134500000000005, -0.4000000000000001, -1, -2.8136000000000005, -0.4011, -0.99985, -0.008641
28, -2.8134500000000005, -0.20000000000000007, -1, -2.81375, -0.19960000000000003, -0.99985, -0.008834
28, -2.8134500000000005, -5.551115123125783e-17, -1, -2.8134500000000005, -0.00065, -0.99985, -0.009021
28, -2.8134500000000005, 0.19999999999999996, -1, -2.8135, 0.20245000000000002, -0.9999000000000001, -0.009188
28, -2.8134500000000005, 0.39999999999999997, -1, -2.8136000000000005, 0.40015000000000006, -1.0, -0.009293
28, -2.8134500000000005, 0.6, -1, -2.8134500000000005, 0.5988000000000001, -1.0, -0.009355
28, -2.8134500000000005, 0.8, -1, -2.8137000000000003, 0.8006, -0.99995, -0.009319
28, -2.8134500000000005, 1.0, -1, -2.81375, 0.9999000000000001, -1.0001, -0.009376
28, -2.8134500000000005, 1.2, -1, -2.8138500000000004, 1.1993, -1.0002, -0.009324
28, -2.8134500000000005, 1.4, -1, -2.81365, 1.4017, -1.0002, -0.009392
28, -2.8134500000000005, 1.5999999999999999, -1, -2.8136000000000005, 1.59765, -1.0002, -0.009319
28, -2.8134500000000005, 1.7999999999999998, -1, -2.81365, 1.79745, -1.0002, -0.009392
29, -2.6134500000000003, 1.7999999999999998, -1, -2.61235, 1.7996, -1.0, -0.009324
29, -2.41345, 1.7999999999999998, -1, -2.41425, 1.7997, -1.0, -0.009147
29, -2.21345, 1.7999999999999998, -1, -2.2104500000000002, 1.8003000000000002, -1.0, -0.008792
29, -2.0134499999999997, 1.7999999999999998, -1, -2.01385, 1.8004, -1.0, -0.008187
29, -1.8134499999999998, 1.7999999999999998, -1, -1.8163500000000001, 1.7998000000000003, -1.0, -0.007702
29, -1.6134499999999998, 1.7999999999999998, -1, -1.6115500000000003, 1.7998000000000003, -0.99995, -0.007243
29, -1.4134499999999999, 1.7999999999999998, -1, -1.41375, 1.7998000000000003, -0.9999000000000001, -0.007175
29, -1.21345, 1.7999999999999998, -1, -1.2127000000000001, 1.8, -0.99985, -0.007514
29, -1.01345, 1.7999999999999998, -1, -1.2128500000000002, 1.79995, -0.99985, -0.007468
29, -0.81345, 1.7999999999999998, -1, -0.81345, 1.8002, -0.99985, -0.00837
29, -0.61345, 1.7999999999999998, -1, -0.61155, 1.80025, -0.99985, -0.008808
29, -0.41345000000000004, 1.7999999999999998, -1, -0.40995000000000004, 1.8001, -0.99985, -0.008594
29, -0.21345000000000003, 1.7999999999999998, -1, -0.2151, 1.79995, -1.00005, -0.008171
29, -0.013450000000000017, 1.7999999999999998, -1, -0.01135, 1.7998500000000002, -1.0002, -0.007728
29, 0.18655, 1.7999999999999998, -1, 0.18730000000000002, 1.7999, -1.0002, -0.00764
29, 0.38655, 1.7999999999999998, -1, 0.3825, 1.79995, -1.0002, -0.007577
29, 0.58655, 1.7999999999999998, -1, 0.5899500000000001, 1.8000500000000001, -1.0001, -0.00801
29, 0.7865500000000001, 1.7999999999999998, -1, 0.7886, 1.8001500000000001, -1.0, -0.008552
29, 0.98655, 1.7999999999999998, -1, 0.9824, 1.8001, -1.0, -0.008975
29, 1.18655, 1.7999999999999998, -1, 1.1894500000000001, 1.8, -1.0, -0.009241
29, 1.38655, 1.7999999999999998, -1, 1.1895, 1.8, -1.0, -0.009183
29, 1.58655, 1.7999999999999998, -1, 1.1895, 1.8, -1.0, -0.009241
29, 1.7865499999999999, 1.7999999999999998, -1, 1.1895499999999999, 1.8000500000000001, -0.99995, -0.009199
29, 1.9865499999999998, 1.7999999999999998, -1, 1.9899, 1.8000500000000001, -0.9999000000000001, -0.009324
29, 2.18655, 1.7999999999999998, -1, 2.1824500000000002, 1.79995, -0.9999000000000001, -0.009397
29, 2.38655, 1.7999999999999998, -1, 2.38935, 1.7999, -0.99985, -0.00935
29, 2.5865500000000003, 1.7999999999999998, -1, 2.5866000000000002, 1.7998500000000002, -0.9999000000000001, -0.009387
29, 2.7865500000000005, 1.7999999999999998, -1, 2.7845, 1.7999, -0.9999000000000001, -0.00936
29, 2.9865500000000007, 1.7999999999999998, -1, 2.9897000000000005, 1.8, -0.9999000000000001, -0.009366
29, 2.9865500000000007, 1.5999999999999999, -1, 2.9868500000000004, 1.6041500000000002, -1.00005, -0.00934
29, 2.9865500000000007, 1.4, -1, 2.98695, 1.4027, -1.00015, -0.009345
29, 2.9865500000000007, 1.2, -1, 2.98665, 1.19675, -1.00015, -0.009376
29, 2.9865500000000007, 1.0, -1, 2.98625, 1.0011, -1.0001, -0.00935
29, 2.9865500000000007, 0.8, -1, 2.9865500000000003, 0.80075, -1.00015, -0.009397
29, 2.9865500000000007, 0.6000000000000001, -1, 2.9868, 0.5995, -1.00005, -0.009277
29, 2.9865500000000007, 0.4000000000000001, -1, 2.98695, 0.40115, -0.9999000000000001, -0.009397
29, 2.9865500000000007, 0.20000000000000007, -1, 2.9868500000000004, 0.20010000000000003, -0.9998, -0.009334
29, 2.9865500000000007, 5.551115123125783e-17, -1, 2.98665, -0.00395, -0.9998, -0.009345
29, 2.9865500000000007, -0.19999999999999996, -1, 2.9865500000000003, -0.0039000000000000003, -0.9998, -0.009387
29, 2.9865500000000007, -0.39999999999999997, -1, 2.9865500000000003, -0.0039000000000000003, -0.9998, -0.009334
29, 2.9865500000000007, -0.6, -1, 2.9865500000000003, -0.0039000000000000003, -0.9998, -0.009381
29, 2.9865500000000007, -0.8, -1, 2.9865500000000003, -0.0039000000000000003, -0.9998, -0.009308
29, 2.9865500000000007, -1.0, -1, 2.9865500000000003, -0.0039000000000000003, -0.9998, -0.009355
29, 2.9865500000000007, -1.2, -1, 2.9865500000000003, -0.0039000000000000003, -0.9998, -0.00936
29, 2.9865500000000007, -1.4, -1, 2.9865500000000003, -0.0039000000000000003, -0.9998, -0.009329
29, 2.9865500000000007, -1.5999999999999999, -1, 2.9865500000000003, -0.00395, -0.9998, -0.009392
29, 2.9865500000000007, -1.7999999999999998, -1, 2.9865500000000003, -0.00395, -0.9998, -0.009319
29, 2.9865500000000007, -1.9999999999999998, -1, 2.9866, -0.00395, -0.9998, -0.009387
29, 2.9865500000000007, -2.1999999999999997, -1, 2.9875, -2.1993, -0.9997, -0.009387
29, 2.9865500000000007, -2.4, -1, 2.98735, -2.4002000000000003, -0.99975, -0.009314
29, 2.9865500000000007, -2.6, -1, 2.98605, -2.5985500000000004, -1.00005, -0.00935
29, 2.9865500000000007, -2.8000000000000003, -1, 2.98625, -2.8015, -1.00015, -0.009387
29, 2.9865500000000007, -3.0000000000000004, -1, 2.98735, -3.0029500000000002, -1.00015, -0.009329
29, 2.9865500000000007, -3.2000000000000006, -1, 2.9872, -3.1984, -1.00015, -0.009381
29, 2.9865500000000007, -3.400000000000001, -1, 2.98625, -3.3996000000000004, -1.00015, -0.009334
29, 2.9865500000000007, -3.600000000000001, -1, 2.9861500000000003, -3.6017, -1.00005, -0.009334
29, 2.9865500000000007, -3.800000000000001, -1, 2.98665, -3.7995, -0.9999000000000001, -0.009402
29, 2.9865500000000007, -4.000000000000001, -1, 2.9865500000000003, -4.00125, -0.9998, -0.009319
30, 2.7865500000000005, -4.000000000000001, -1, 2.7854500000000004, -4.0004, -0.9998, -0.00936
30, 2.5865500000000003, -4.000000000000001, -1, 2.5894, -4.0003, -0.9998, -0.009381
30, 2.38655, -4.000000000000001, -1, 2.386, -4.0004, -0.99985, -0.009329
30, 2.18655, -4.000000000000001, -1, 2.1849000000000003, -3.9994500000000004, -1.0, -0.009381
30, 1.98655, -4.000000000000001, -1, 1.9918500000000001, -3.9997000000000003, -1.0, -0.009287
30, 1.78655, -4.000000000000001, -1, 1.7839500000000001, -4.00015, -1.0, -0.009293
30, 1.5865500000000001, -4.000000000000001, -1, 1.58225, -4.0002, -1.00005, -0.009251
30, 1.3865500000000002, -4.000000000000001, -1, 1.38875, -4.0002, -1.00015, -0.009277
30, 1.1865500000000002, -4.000000000000001, -1, 1.1851500000000001, -3.9999000000000002, -1.00015, -0.00934
30, 0.9865500000000003, -4.000000000000001, -1, 0.9849000000000001, -3.9996000000000005, -1.0001, -0.009272
30, 0.7865500000000003, -4.000000000000001, -1, 0.78885, -3.99995, -1.00015, -0.009136
30, 0.5865500000000003, -4.000000000000001, -1, 0.5845, -4.00015, -1.0001, -0.00863
30, 0.38655000000000034, -4.000000000000001, -1, 0.383, -4.00025, -1.0, -0.008052
30, 0.18655000000000033, -4.000000000000001, -1, 0.19015, -4.0002, -1.0, -0.007681
30, -0.013449999999999684, -4.000000000000001, -1, -0.0142, -3.9997000000000003, -1.0, -0.007447
30, -0.2134499999999997, -4.000000000000001, -1, -0.21685000000000001, -3.9997000000000003, -1.0, -0.007525
30, -0.4134499999999997, -4.000000000000001, -1, -0.4116, -4.000100000000001, -1.0, -0.007952
30, -0.6134499999999997, -4.000000000000001, -1, -0.6183500000000001, -4.0002, -1.0, -0.008448
30, -0.8134499999999998, -4.000000000000001, -1, -0.81315, -4.0002, -1.0, -0.00898
30, -1.0134499999999997, -4.000000000000001, -1, -1.01225, -4.0, -1.0, -0.009204
30, -1.2134499999999997, -4.000000000000001, -1, -1.0128000000000001, -3.99995, -1.0, -0.009267
30, -1.4134499999999997, -4.000000000000001, -1, -1.4154, -3.99975, -1.0, -0.009381
30, -1.6134499999999996, -4.000000000000001, -1, -1.6146500000000001, -3.99995, -1.0, -0.009308
30, -1.8134499999999996, -4.000000000000001, -1, -1.81475, -4.000100000000001, -1.0, -0.009392
30, -2.0134499999999997, -4.000000000000001, -1, -2.00985, -4.00025, -1.00005, -0.00936
30, -2.21345, -4.000000000000001, -1, -2.21515, -4.0002, -0.99995, -0.009314
30, -2.41345, -4.000000000000001, -1, -2.4160999999999997, -3.99995, -0.99985, -0.009381
30, -2.6134500000000003, -4.000000000000001, -1, -2.61225, -3.99975, -0.99985, -0.00934
30, -2.8134500000000005, -4.000000000000001, -1, -2.8148500000000003, -3.9999000000000002, -0.99985, -0.009381
30, -3.0134500000000006, -4.000000000000001, -1, -3.01625, -4.00005, -0.99985, -0.009355
30, -3.0134500000000006, -3.8000000000000007, -1, -3.01405, -3.7989, -1.0, -0.009334
30, -3.0134500000000006, -3.6000000000000005, -1, -3.0135500000000004, -3.60015, -1.0, -0.009381
30, -3.0134500000000006, -3.4000000000000004, -1, -3.0135500000000004, -3.60035, -1.0, -0.00934
30, -3.0134500000000006, -3.2, -1, -3.01345, -3.1993500000000004, -1.0, -0.009329
30, -3.0134500000000006, -3.0, -1, -3.0134000000000003, -3.1993500000000004, -1.00005, -0.009387
30, -3.0134500000000006, -2.8, -1, -3.0134000000000003, -2.7974, -1.0002, -0.009381
30, -3.0134500000000006, -2.5999999999999996, -1, -3.0133, -2.59995, -1.0002, -0.009303
30, -3.0134500000000006, -2.3999999999999995, -1, -3.0137000000000005, -2.40205, -1.0002, -0.00936
30, -3.0134500000000006, -2.1999999999999993, -1, -3.0139, -2.199, -1.00015, -0.00936
30, -3.0134500000000006, -1.9999999999999993, -1, -3.0135500000000004, -1.9985500000000003, -1.00005, -0.009334
30, -3.0134500000000006, -1.7999999999999994, -1, -3.0135500000000004, -1.9986000000000002, -1.00005, -0.009371
30, -3.0134500000000006, -1.5999999999999994, -1, -3.0137000000000005, -1.5998, -0.9999000000000001, -0.009334
30, -3.0134500000000006, -1.3999999999999995, -1, -3.0136000000000003, -1.4003500000000002, -0.99985, -0.009303
30, -3.0134500000000006, -1.1999999999999995, -1, -3.0135, -1.20095, -0.99985, -0.009355
30, -3.0134500000000006, -0.9999999999999996, -1, -3.0135, -0.9991, -0.99985, -0.009277
30, -3.0134500000000006, -0.7999999999999996, -1, -3.01345, -0.9991, -0.99985, -0.009319
30, -3.0134500000000006, -0.5999999999999996, -1, -3.01345, -0.9991, -0.99985, -0.009277
30, -3.0134500000000006, -0.39999999999999963, -1, -3.01345, -0.9991, -0.99985, -0.009324
30, -3.0134500000000006, -0.19999999999999962, -1, -3.0134000000000003, -0.9991, -0.9999000000000001, -0.009261
30, -3.0134500000000006, 3.885780586188048e-16, -1, -3.0141000000000004, -0.0011, -0.9999000000000001, -0.009324
30, -3.0134500000000006, 0.2000000000000004, -1, -3.0139500000000004, 0.20260000000000003, -0.99995, -0.009308
30, -3.0134500000000006, 0.4000000000000004, -1, -3.0130500000000002, 0.4011, -1.00005, -0.00936
30, -3.0134500000000006, 0.6000000000000004, -1, -3.0132000000000003, 0.5975, -1.0002, -0.009293
30, -3.0134500000000006, 0.8000000000000005, -1, -3.01325, 0.80075, -1.00015, -0.009371
30, -3.0134500000000006, 1.0000000000000004, -1, -3.014, 1.0005, -1.0002, -0.009355
30, -3.0134500000000006, 1.2000000000000004, -1, -3.0139, 1.19925, -1.00015, -0.009319
30, -3.0134500000000006, 1.4000000000000004, -1, -3.0135, 1.40145, -1.00005, -0.009366
30, -3.0134500000000006, 1.6000000000000003, -1, -3.0136000000000003, 1.5976000000000001, -0.99995, -0.009324
30, -3.0134500000000006, 1.8000000000000003, -1, -3.0135500000000004, 1.7984, -0.9998, -0.009355
30, -3.0134500000000006, 2.0000000000000004, -1, -3.0135500000000004, 2.00175, -0.9998, -0.009355
