4.045084971874745 -2.9389262614623624 -4.75528258147576
Encoders: 4.2201, -2.67845, -4.5248
Encoders: 4.046, -2.94135, -4.7559
3.8525662138789443 -3.1871199487434576 -4.911436253643445
Encoders: 4.046, -2.94135, -4.7559
Encoders: 3.8522, -3.19115, -4.91545
3.6448431371070686 -3.4227355296434374 -4.990133642141355
Encoders: 3.8522, -3.19115, -4.91545
Encoders: 3.6446, -3.4215, -4.9918
3.4227355296434436 -3.6448431371070633 -4.990133642141358
Encoders: 3.6448, -3.4215, -4.9918
Encoders: 3.4254, -3.6429, -4.9906
3.1871199487434643 -3.8525662138789385 -4.911436253643451
Encoders: 3.4254, -3.6429, -4.99055
Encoders: 3.1891, -3.8527, -4.91105
2.938926261462369 -4.04508497187474 -4.75528258147577
Encoders: 3.1892, -3.8527, -4.91105
Encoders: 2.9385, -4.0494, -4.75035
2.679133974895003 -4.221639627510067 -4.524135262330118
Encoders: 2.9385, -4.0494, -4.75035
Encoders: 2.6788, -4.2158, -4.5247
2.408768370508583 -4.381533400219318 -4.221639627510084
Encoders: 2.6788, -4.2158, -4.5247
Encoders: 2.407, -4.3868, -4.22155
2.128896457825356 -4.5241352623301045 -3.852566213878936
Encoders: 2.407, -4.3868, -4.22155
Encoders: 2.127, -4.5185, -3.8503
1.8406227634234005 -4.648882429441256 -3.4227355296434596
Encoders: 2.127, -4.5185, -3.8503
Encoders: 1.8402, -4.65355, -3.43295
1.5450849718747328 -4.755282581475772 -2.938926261462358
Encoders: 1.8402, -4.65355, -3.43295
Encoders: 1.5441, -4.7549, -2.9274
1.2434494358242885 -4.8429158056431545 -2.4087683705086023
Encoders: 1.5441, -4.7549, -2.9274
Encoders: 1.2448, -4.8385, -2.4119
0.936906572928622 -4.911436253643445 -1.8406227634233878
Encoders: 1.2448, -4.83845, -2.4119
Encoders: 0.9368, -4.9155, -1.84515
0.6266661678215396 -4.960573506572388 -1.2434494358243098
Encoders: 0.9368, -4.91545, -1.84515
Encoders: 0.6248, -4.96255, -1.24705
0.31395259764656935 -4.990133642141358 -0.6266661678215262
Encoders: 0.6248, -4.96255, -1.24705
Encoders: 0.3132, -4.99125, -0.62575
2.204983219101824e-14 -5.0 -4.409966438203648e-14
Encoders: 0.3132, -4.99125, -0.62575
Encoders: 0.0018, -5.0, 5e-05
-0.3139525976465608 -4.990133642141358 0.6266661678215092
Encoders: 0.0018, -5.0, 5e-05
Encoders: -0.3127, -4.9905, 0.6313
-0.6266661678215134 -4.960573506572391 1.2434494358242587
Encoders: -0.3127, -4.9905, 0.6313
Encoders: -0.6282, -4.95895, 1.24165
-0.9369065729286137 -4.911436253643443 1.8406227634233718
Encoders: -0.6282, -4.95895, 1.24165
Encoders: -0.9388, -4.9107, 1.8397
-1.24344943582428 -4.842915805643152 2.4087683705085876
Encoders: -0.9388, -4.91065, 1.8397
Encoders: -1.2426, -4.83595, 2.4066
-1.5450849718747244 -4.755282581475769 2.938926261462344
Encoders: -1.2426, -4.83595, 2.4066
Encoders: -1.5448, -4.75565, 2.9407
-1.8406227634233923 -4.648882429441253 3.4227355296434467
Encoders: -1.5448, -4.75565, 2.9407
Encoders: -1.841, -4.65455, 3.4281
-2.128896457825348 -4.524135262330101 3.8525662138789247
Encoders: -1.841, -4.65455, 3.4281
Encoders: -2.1306, -4.5195, 3.84965
-2.4087683705085756 -4.381533400219314 4.221639627510074
Encoders: -2.1306, -4.5195, 3.84965
Encoders: -2.4093, -4.38575, 4.21845
-2.679133974894966 -4.221639627510082 4.524135262330081
Encoders: -2.4093, -4.38575, 4.21845
Encoders: -2.6777, -4.21815, 4.523
-2.9389262614623624 -4.045084971874735 4.755282581475765
Encoders: -2.6777, -4.21815, 4.523
Encoders: -2.9375, -4.05035, 4.7574
-3.187119948743444 -3.8525662138789563 4.911436253643441
Encoders: -2.9375, -4.05035, 4.7574
Encoders: -3.1874, -3.84575, 4.91345
-3.4227355296434374 -3.644843137107057 4.990133642141357
Encoders: -3.1873, -3.8458, 4.91345
Encoders: -3.4246, -3.6499, 4.99155
-3.6448431371070633 -3.4227355296434316 4.990133642141357
Encoders: -3.4246, -3.6499, 4.99155
Encoders: -3.6476, -3.42265, 4.9911
-3.8525662138789385 -3.187119948743451 4.911436253643448
Encoders: -3.6472, -3.4227, 4.9911
Encoders: -3.8502, -3.18615, 4.91075
-4.04508497187474 -2.9389262614623552 4.755282581475765
Encoders: -3.8502, -3.18615, 4.9107
Encoders: -4.0449, -2.93415, 4.74955
-4.221639627510067 -2.679133974894989 4.524135262330111
Encoders: -4.0448, -2.9342, 4.74955
Encoders: -4.2242, -2.6788, 4.52715
-4.381533400219318 -2.408768370508568 4.221639627510074
Encoders: -4.224, -2.67885, 4.52715
Encoders: -4.3822, -2.4119, 4.22115
-4.5241352623300894 -2.1288964578253724 3.85256621387897
Encoders: -4.3821, -2.41185, 4.22115
Encoders: -4.5244, -2.1293, 3.8532
-4.648882429441256 -1.8406227634233843 3.4227355296434467
Encoders: -4.5244, -2.1293, 3.85325
Encoders: -4.6491, -1.8405, 3.42865
-4.755282581475766 -1.5450849718747504 2.938926261462373
Encoders: -4.6491, -1.8405, 3.42865
Encoders: -4.7534, -1.5457, 2.9311
-4.8429158056431545 -1.2434494358242718 2.4087683705085876
Encoders: -4.7534, -1.5457, 2.93115
Encoders: -4.8452, -1.24425, 2.40965
-4.911436253643442 -0.9369065729286401 1.840622763423405
Encoders: -4.8452, -1.24425, 2.40965
Encoders: -4.9115, -0.9354, 1.8449
-4.960573506572388 -0.6266661678215225 1.2434494358242931
Encoders: -4.9115, -0.9354, 1.8449
Encoders: -4.9596, -0.6257, 1.2439
-4.990133642141358 -0.31395259764655226 0.6266661678215092
Encoders: -4.9596, -0.6257, 1.2439
Encoders: -4.9896, -0.31385, 0.62805
-5.0 -4.898587196589413e-15 2.6948419387607653e-14
Encoders: -4.9896, -0.31385, 0.62805
Encoders: -5.0, -0.00025, -0.00465
-4.990133642141358 0.3139525976465779 -0.6266661678215262
Encoders: -5.0, -0.00025, -0.00465
Encoders: -4.9901, 0.31525, -0.62715
-4.960573506572391 0.6266661678215129 -1.243449435824241
Encoders: -4.9901, 0.31525, -0.62715
Encoders: -4.9612, 0.62755, -1.2439
-4.911436253643443 0.9369065729286306 -1.8406227634233878
Encoders: -4.9612, 0.62755, -1.2439
Encoders: -4.9129, 0.9363, -1.8366
-4.842915805643156 1.2434494358242623 -2.408768370508571
Encoders: -4.9128, 0.9363, -1.8366
Encoders: -4.8455, 1.2428, -2.40285
-4.755282581475769 1.5450849718747408 -2.938926261462358
Encoders: -4.8455, 1.2428, -2.40285
Encoders: -4.7502, 1.5446, -2.93945
-4.64888242944126 1.8406227634233752 -3.4227355296434334
Encoders: -4.7502, 1.5446, -2.93945
Encoders: -4.6513, 1.8422, -3.4339
-4.524135262330101 2.1288964578253635 -3.852566213878936
Encoders: -4.6513, 1.8422, -3.4339
Encoders: -4.5243, 2.1292, -3.84435
-4.381533400219323 2.408768370508559 -4.221639627510065
Encoders: -4.5243, 2.1292, -3.84435
Encoders: -4.3811, 2.4074, -4.2213
-4.221639627510082 2.6791339748949805 -4.524135262330088
Encoders: -4.3811, 2.4074, -4.2213
Encoders: -4.2224, 2.6809, -4.52495
-4.045084971874735 2.9389262614623757 -4.75528258147577
Encoders: -4.2224, 2.6809, -4.52495
Encoders: -4.0422, 2.93895, -4.75545
-3.8525662138789563 3.187119948743443 -4.911436253643437
Encoders: -4.0423, 2.93895, -4.75545
Encoders: -3.8526, 3.1888, -4.91575
-3.644843137107057 3.42273552964345 -4.990133642141358
Encoders: -3.8526, 3.1888, -4.91575
Encoders: -3.6482, 3.42275, -4.99185
-3.422735529643444 3.6448431371070504 -4.990133642141358
Encoders: -3.648, 3.42275, -4.99185
Encoders: -3.4189, 3.64425, -4.9907
-3.187119948743451 3.8525662138789496 -4.911436253643445
Encoders: -3.419, 3.64425, -4.9907
Encoders: -3.1861, 3.85325, -4.9109
-2.9389262614623695 4.045084971874729 -4.755282581475771
Encoders: -3.1861, 3.85325, -4.9109
Encoders: -2.9383, 4.04515, -4.75035
-2.679133974894989 4.2216396275100765 -4.524135262330104
Encoders: -2.9383, 4.04515, -4.75035
Encoders: -2.6821, 4.21975, -4.5248
-2.4087683705085836 4.381533400219309 -4.2216396275100845
Encoders: -2.6821, 4.21975, -4.5248
Encoders: -2.4096, 4.38455, -4.22145
-2.1288964578253724 4.5241352623300966 -3.852566213878959
Encoders: -2.4097, 4.38455, -4.22145
Encoders: -2.1298, 4.5203, -3.8503
-1.840622763423401 4.648882429441249 -3.422735529643461
Encoders: -2.1298, 4.5203, -3.8503
Encoders: -1.8392, 4.652, -3.4331
-1.5450849718747504 4.755282581475766 -2.938926261462388
Encoders: -1.8392, 4.652, -3.4331
Encoders: -1.5432, 4.7516, -2.92715
-1.2434494358242718 4.842915805643158 -2.4087683705085725
Encoders: -1.5432, 4.7516, -2.92715
Encoders: -1.2423, 4.84445, -2.41185
-0.9369065729286228 4.911436253643442 -1.8406227634233892
Encoders: -1.2423, 4.84445, -2.41185
Encoders: -0.9381, 4.9123, -1.8453
-0.6266661678215225 4.9605735065723895 -1.2434494358242765
Encoders: -0.9381, 4.9123, -1.8453
Encoders: -0.6268, 4.9605, -1.2471
-0.31395259764657 4.990133642141357 -0.6266661678215274
Encoders: -0.6267, 4.9605, -1.2471
Encoders: -0.3122, 4.989, -0.62585
-4.898587196589413e-15 5.0 -9.797174393178826e-15
Encoders: -0.3122, 4.989, -0.62585
Encoders: -0.0002, 5.0, 0.0004
0.3139525976465602 4.990133642141359 0.626666167821508
Encoders: -0.0002, 5.0, 0.0004
Encoders: 0.3122, 4.9896, 0.63095
0.6266661678215129 4.9605735065723895 1.2434494358242574
Encoders: 0.3122, 4.9896, 0.631
Encoders: 0.626, 4.96075, 1.24155
0.936906572928613 4.911436253643447 1.8406227634233707
Encoders: 0.626, 4.96075, 1.24155
Encoders: 0.9384, 4.91285, 1.8399
1.2434494358242623 4.842915805643156 2.408768370508555
Encoders: 0.9385, 4.91285, 1.8399
Encoders: 1.2444, 4.843, 2.40665
1.545084971874724 4.755282581475775 2.9389262614623437
Encoders: 1.2444, 4.843, 2.40665
Encoders: 1.5437, 4.75285, 2.9406
1.8406227634233918 4.64888242944126 3.4227355296434463
Encoders: 1.5437, 4.75285, 2.9406
Encoders: 1.8412, 4.65175, 3.4283
2.1288964578253635 4.524135262330094 3.852566213878947
Encoders: 1.8412, 4.65175, 3.42825
Encoders: 2.1297, 4.5237, 3.8497
2.408768370508575 4.381533400219323 4.221639627510074
Encoders: 2.1297, 4.5237, 3.8497
Encoders: 2.4113, 4.38115, 4.21835
2.6791339748949805 4.221639627510073 4.524135262330095
Encoders: 2.4113, 4.38115, 4.21835
Encoders: 2.6808, 4.22155, 4.5235
2.938926261462362 4.045084971874745 4.755282581475765
Encoders: 2.6808, 4.22155, 4.5235
Encoders: 2.9402, 4.04685, 4.7572
3.187119948743443 3.852566213878945 4.911436253643441
Encoders: 2.9402, 4.04685, 4.7572
Encoders: 3.1877, 3.85065, 4.91335
3.422735529643437 3.64484313710707 4.990133642141357
Encoders: 3.1877, 3.85065, 4.91335
Encoders: 3.4176, 3.6461, 4.99145
3.6448431371070504 3.422735529643445 4.990133642141359
Encoders: 3.4176, 3.6461, 4.99145
Encoders: 3.6445, 3.42355, 4.9911
3.8525662138789385 3.1871199487434647 4.911436253643448
Encoders: 3.6443, 3.4237, 4.9911
Encoders: 3.8544, 3.1838, 4.91125
4.04508497187474 2.9389262614623703 4.7552825814757655
Encoders: 3.8544, 3.1838, 4.91125
Encoders: 4.0436, 2.9387, 4.74895
4.2216396275100765 2.6791339748949743 4.5241352623300966
Encoders: 4.0434, 2.9387, 4.74895
Encoders: 4.2231, 2.6791, 4.5278
4.381533400219318 2.408768370508584 4.221639627510076
Encoders: 4.223, 2.6791, 4.5278
Encoders: 4.3814, 2.409, 4.22085
4.5241352623300966 2.128896457825357 3.852566213878948
Encoders: 4.3814, 2.409, 4.22085
Encoders: 4.524, 2.12945, 3.8532
4.648882429441255 1.8406227634234016 3.422735529643448
Encoders: 4.524, 2.1294, 3.8532
Encoders: 4.6463, 1.84025, 3.42885
4.755282581475766 1.545084971874734 2.938926261462374
Encoders: 4.6463, 1.8402, 3.42885
Encoders: 4.7596, 1.5462, 2.93095
4.842915805643154 1.2434494358242896 2.4087683705085885
Encoders: 4.7596, 1.5462, 2.93095
Encoders: 4.8418, 1.2418, 2.4095
4.911436253643442 0.9369065729286232 1.840622763423406
Encoders: 4.8418, 1.2418, 2.4095
Encoders: 4.9087, 0.9383, 1.8449
4.960573506572388 0.6266661678215407 1.2434494358242942
Encoders: 4.9087, 0.9383, 1.8449
Encoders: 4.9636, 0.62655, 1.244
4.990133642141358 0.31395259764657063 0.6266661678215103
Encoders: 4.9636, 0.62655, 1.244
Encoders: 4.9914, 0.31415, 0.628
5.0 2.3274478990165593e-14 2.8173066186755008e-14
Encoders: 4.9914, 0.31415, 0.628
Encoders: 5.0003, -0.0025, -0.0045
4.990133642141358 -0.3139525976465596 -0.6266661678215251
Encoders: 5.0003, -0.0025, -0.0045
Encoders: 4.9901, -0.31355, -0.627
4.9605735065723895 -0.62666616782153 -1.243449435824274
Encoders: 4.9901, -0.31355, -0.62705
Encoders: 4.9604, -0.62705, -1.24385
4.911436253643443 -0.9369065729286125 -1.8406227634233865
Encoders: 4.9604, -0.62705, -1.24385
Encoders: 4.909, -0.9371, -1.83675
4.842915805643156 -1.243449435824279 -2.4087683705085703
Encoders: 4.909, -0.9371, -1.83675
Encoders: 4.8434, -1.24505, -2.40295
4.755282581475769 -1.5450849718747235 -2.938926261462357
Encoders: 4.8434, -1.24505, -2.40295
Encoders: 4.7584, -1.5454, -2.93945
4.64888242944126 -1.8406227634233914 -3.422735529643433
Encoders: 4.7584, -1.5454, -2.93945
Encoders: 4.6463, -1.84025, -3.434
4.524135262330101 -2.128896457825347 -3.8525662138789354
Encoders: 4.6463, -1.84025, -3.434
Encoders: 4.5238, -2.12715, -3.8444
4.381533400219315 -2.4087683705085747 -4.221639627510083
Encoders: 4.5238, -2.12715, -3.8444
Encoders: 4.3832, -2.40835, -4.2212
4.221639627510082 -2.679133974894965 -4.524135262330088
Encoders: 4.3832, -2.40835, -4.2212
Encoders: 4.2202, -2.6782, -4.5248
4.045084971874735 -2.9389262614623615 -4.75528258147577
Encoders: 4.2202, -2.67825, -4.5248
Encoders: 4.0462, -2.9414, -4.7559
3.8525662138789563 -3.187119948743429 -4.911436253643437
Encoders: 4.046, -2.94135, -4.7559
Encoders: 3.8524, -3.1913, -4.91545
3.644843137107058 -3.4227355296434365 -4.990133642141358
Encoders: 3.8524, -3.1913, -4.91545
Encoders: 3.6444, -3.4216, -4.99165
3.422735529643445 -3.6448431371070624 -4.990133642141358
Encoders: 3.6444, -3.4216, -4.99165
Encoders: 3.4257, -3.6421, -4.9906
3.1871199487434514 -3.852566213878938 -4.911436253643445
Encoders: 3.4256, -3.64215, -4.9906
Encoders: 3.1892, -3.853, -4.91115
2.9389262614623703 -4.045084971874739 -4.755282581475771
Encoders: 3.1891, -3.85295, -4.91115
Encoders: 2.9385, -4.05005, -4.7505
2.6791339748949894 -4.221639627510067 -4.524135262330104
Encoders: 2.9385, -4.05005, -4.7505
Encoders: 2.6788, -4.2153, -4.52465
2.4087683705085685 -4.381533400219318 -4.221639627510066
Encoders: 2.6788, -4.21535, -4.52465
Encoders: 2.4071, -4.387, -4.22155
2.128896457825373 -4.5241352623300894 -3.8525662138789594
Encoders: 2.4071, -4.387, -4.22155
Encoders: 2.127, -4.51825, -3.8505
1.840622763423385 -4.648882429441255 -3.422735529643436
Encoders: 2.127, -4.51825, -3.8505
Encoders: 1.8402, -4.6535, -3.433
1.5450849718747508 -4.75528258147576 -2.938926261462389
Encoders: 1.8402, -4.65355, -3.43295
Encoders: 1.544, -4.7552, -2.92725
1.2434494358242723 -4.842915805643154 -2.4087683705085734
Encoders: 1.544, -4.7552, -2.92725
Encoders: 1.2449, -4.83845, -2.4118
0.9369065729286408 -4.911436253643438 -1.8406227634234231
Encoders: 1.2449, -4.83845, -2.4118
Encoders: 0.9368, -4.91565, -1.8454
0.6266661678215231 -4.960573506572388 -1.2434494358242778
Encoders: 0.9368, -4.91565, -1.8454
Encoders: 0.6248, -4.961, -1.247
0.31395259764657063 -4.990133642141358 -0.6266661678215286
Encoders: 0.6248, -4.961, -1.247
Encoders: 0.3137, -4.99215, -0.62565
5.5109105961630896e-15 -5.0 -1.1021821192326179e-14
Encoders: 0.3137, -4.99215, -0.62565
Encoders: 0.0017, -4.99995, 0.00025
-0.31395259764657735 -4.990133642141358 0.6266661678215419
Encoders: 0.0017, -4.99995, 0.00025
Encoders: -0.313, -4.99045, 0.6311
-0.6266661678215123 -4.960573506572391 1.2434494358242563
Encoders: -0.313, -4.99045, 0.6311
Encoders: -0.6282, -4.9589, 1.24155
-0.9369065729286299 -4.911436253643443 1.8406227634234027
Encoders: -0.6282, -4.9589, 1.24155
Encoders: -0.939, -4.91095, 1.8398
-1.2434494358242616 -4.842915805643161 2.4087683705085543
Encoders: -0.939, -4.91095, 1.8398
Encoders: -1.2425, -4.83635, 2.4067
-1.5450849718747404 -4.75528258147577 2.9389262614623712
Encoders: -1.2425, -4.83635, 2.4067
Encoders: -1.545, -4.7557, 2.9407
-1.8406227634233745 -4.648882429441266 3.4227355296434196
Encoders: -1.545, -4.7557, 2.9407
Encoders: -1.841, -4.65445, 3.4281
-2.128896457825363 -4.524135262330102 3.8525662138789456
Encoders: -1.841, -4.65445, 3.4281
Encoders: -2.1304, -4.5192, 3.84975
-2.4087683705085587 -4.381533400219332 4.221639627510054
Encoders: -2.1304, -4.5192, 3.84975
Encoders: -2.4095, -4.38595, 4.2182
-2.67913397489498 -4.221639627510083 4.524135262330095
Encoders: -2.4095, -4.38595, 4.2182
Encoders: -2.6776, -4.21815, 4.5236
-2.9389262614623757 -4.0450849718747355 4.755282581475775
Encoders: -2.6776, -4.21815, 4.5236
Encoders: -2.9375, -4.05025, 4.7571
-3.1871199487434425 -3.8525662138789567 4.911436253643441
Encoders: -2.9375, -4.05025, 4.7571
Encoders: -3.1874, -3.84585, 4.9135
-3.42273552964345 -3.6448431371070584 4.990133642141359
Encoders: -3.1874, -3.84585, 4.9135
Encoders: -3.4248, -3.6499, 4.9916
-3.64484313710705 -3.4227355296434583 4.99013364214136
Encoders: -3.4248, -3.6499, 4.9916
Encoders: -3.6468, -3.42265, 4.99115
-3.852566213878949 -3.187119948743452 4.9114362536434415
Encoders: -3.6466, -3.42265, 4.99115
Encoders: -3.8508, -3.186, 4.91055
-4.045084971874728 -2.938926261462385 4.755282581475777
Encoders: -3.8508, -3.186, 4.91055
Encoders: -4.0451, -2.9343, 4.74965
-4.221639627510076 -2.6791339748949894 4.5241352623300966
Encoders: -4.0449, -2.93435, 4.7497
Encoders: -4.2242, -2.6794, 4.527
-4.381533400219309 -2.4087683705086 4.221639627510095
Encoders: -4.2244, -2.6793, 4.527
Encoders: -4.3806, -2.4113, 4.22085
-4.5241352623300966 -2.1288964578253737 3.852566213878949
Encoders: -4.3806, -2.41135, 4.2209
Encoders: -4.5254, -2.12945, 3.8534
-4.648882429441249 -1.8406227634234185 3.4227355296434747
Encoders: -4.5254, -2.12945, 3.8534
Encoders: -4.6486, -1.84075, 3.4289
-4.755282581475766 -1.5450849718747515 2.9389262614623752
Encoders: -4.6486, -1.84075, 3.4289
Encoders: -4.7538, -1.54565, 2.93105
-4.842915805643158 -1.243449435824273 2.4087683705085583
Encoders: -4.7538, -1.54565, 2.93105
Encoders: -4.8454, -1.2442, 2.4097
-4.9114362536434415 -0.9369065729286413 1.8406227634234071
Encoders: -4.8454, -1.2442, 2.4097
Encoders: -4.912, -0.9353, 1.84485
-4.9605735065723895 -0.6266661678215237 1.2434494358242612
Encoders: -4.912, -0.93525, 1.84485
Encoders: -4.9588, -0.6259, 1.2438
-4.990133642141357 -0.31395259764658895 0.6266661678215468
Encoders: -4.9588, -0.6259, 1.2438
Encoders: -4.9898, -0.31395, 0.62795
-5.0 -6.123233995736766e-15 -6.12942380210265e-15
Encoders: -4.9898, -0.31395, 0.62795
Encoders: -4.9999, -0.00035, -0.00445
-4.990133642141359 0.31395259764654126 -0.6266661678214885
Encoders: -4.9999, -0.00035, -0.0045
Encoders: -4.99, 0.3153, -0.62715
-4.9605735065723895 0.6266661678215115 -1.243449435824273
Encoders: -4.99, 0.3153, -0.62715
Encoders: -4.9616, 0.628, -1.24405
-4.911436253643447 0.9369065729285944 -1.8406227634233523
Encoders: -4.9616, 0.628, -1.24405
Encoders: -4.9129, 0.9362, -1.83675
-4.842915805643156 1.2434494358242612 -2.408768370508569
Encoders: -4.913, 0.9362, -1.83675
Encoders: -4.8451, 1.2427, -2.4027
-4.755282581475775 1.545084971874706 -2.9389262614623273
Encoders: -4.8451, 1.2427, -2.4027
Encoders: -4.75, 1.5445, -2.9394
-4.64888242944126 1.840622763423374 -3.422735529643432
Encoders: -4.75, 1.5445, -2.9394
Encoders: -4.6513, 1.84205, -3.4339
-4.524135262330094 2.1288964578253626 -3.8525662138789567
Encoders: -4.6513, 1.84205, -3.4339
Encoders: -4.5252, 2.12915, -3.84445
-4.381533400219324 2.4087683705085587 -4.221639627510063
Encoders: -4.5252, 2.12915, -3.84445
Encoders: -4.3803, 2.408, -4.22105
-4.221639627510073 2.679133974894979 -4.524135262330102
Encoders: -4.3803, 2.408, -4.22105
Encoders: -4.2226, 2.68, -4.52495
-4.045084971874745 2.9389262614623464 -4.755282581475758
Encoders: -4.2227, 2.68, -4.52495
Encoders: -4.0424, 2.9391, -4.75575
-3.8525662138789456 3.1871199487434425 -4.911436253643443
Encoders: -4.0425, 2.93915, -4.75575
Encoders: -3.8523, 3.189, -4.91565
-3.64484313710707 3.422735529643423 -4.990133642141355
Encoders: -3.8526, 3.18915, -4.91565
Encoders: -3.6476, 3.42275, -4.9915
-3.422735529643445 3.64484313710705 -4.990133642141358
Encoders: -3.6474, 3.4227, -4.9915
Encoders: -3.4193, 3.64435, -4.99065
-3.187119948743465 3.8525662138789265 -4.911436253643451
Encoders: -3.4193, 3.6444, -4.99065
Encoders: -3.1859, 3.8534, -4.9112
-2.938926261462371 4.045084971874728 -4.755282581475772
Encoders: -3.1859, 3.8534, -4.9112
Encoders: -2.9378, 4.0447, -4.7505
-2.6791339748949743 4.221639627510076 -4.5241352623300894
Encoders: -2.9377, 4.04465, -4.7505
Encoders: -2.683, 4.2202, -4.52465
-2.4087683705085845 4.381533400219309 -4.221639627510086
Encoders: -2.683, 4.2202, -4.52465
Encoders: -2.4098, 4.38315, -4.2217
-2.1288964578253573 4.5241352623300966 -3.852566213878938
Encoders: -2.4098, 4.38315, -4.2217
Encoders: -2.1286, 4.5215, -3.8505
-1.840622763423402 4.648882429441249 -3.4227355296434627
Encoders: -2.1286, 4.5215, -3.8505
Encoders: -1.8394, 4.65195, -3.4327
-1.5450849718747346 4.755282581475766 -2.9389262614623615
Encoders: -1.8394, 4.65195, -3.4327
Encoders: -1.5434, 4.75165, -2.92735
-1.2434494358242902 4.842915805643149 -2.408768370508606
Encoders: -1.5433, 4.75165, -2.92735
Encoders: -1.2426, 4.84435, -2.4119
-0.9369065729286239 4.9114362536434415 -1.8406227634233914
Encoders: -1.2426, 4.84435, -2.4119
Encoders: -0.9382, 4.91215, -1.8453
-0.6266661678215414 4.960573506572386 -1.2434494358243133
Encoders: -0.9382, 4.91215, -1.8453
Encoders: -0.6264, 4.9605, -1.2469
-0.31395259764657124 4.990133642141357 -0.62666616782153
Encoders: -0.6264, 4.9605, -1.2469
Encoders: -0.3123, 4.9891, -0.6258
-2.3886802389739268e-14 5.0 -4.7773604779478537e-14
Encoders: -0.3123, 4.9891, -0.6258
Encoders: -0.0, 4.99985, 0.0003