Voltage = 3.8, Current = 20.3, Pinhole = 10um, Objective = 20x, NA = 0.42 
0, 9, -3, 6, 9.0, -2.9998500000000003, 5.9999, -0.009256
1, 9.05, -3, 6, 9.05, -3.0000500000000003, 5.9999, -0.009241
1, 9.05, -3.05, 6, 9.05025, -3.0497, 6.0, -0.009282
2, 9.0, -3.05, 6, 9.0005, -3.0501000000000005, 6.00005, -0.009287
2, 8.95, -3.05, 6, 8.94915, -3.0499500000000004, 6.00005, -0.009287
2, 8.95, -3.0, 6, 8.9482, -2.9998500000000003, 6.0, -0.009293
2, 8.95, -2.95, 6, 8.94985, -2.9499, 5.999950000000001, -0.009246
3, 9.0, -2.95, 6, 9.000350000000001, -2.9499500000000003, 5.999950000000001, -0.009277
3, 9.05, -2.95, 6, 9.0504, -2.95, 5.999950000000001, -0.009246
3, 9.100000000000001, -2.95, 6, 9.100700000000002, -2.9499500000000003, 6.0, -0.009308
3, 9.100000000000001, -3.0, 6, 9.09955, -3.0, 6.0, -0.009277
3, 9.100000000000001, -3.05, 6, 9.10065, -3.05005, 6.0, -0.009287
3, 9.100000000000001, -3.0999999999999996, 6, 9.10105, -3.10005, 6.0, -0.009246
4, 9.05, -3.0999999999999996, 6, 9.0511, -3.09975, 6.0, -0.009282
4, 9.0, -3.0999999999999996, 6, 9.00055, -3.09995, 6.0, -0.009293
4, 8.95, -3.0999999999999996, 6, 8.950700000000001, -3.1002, 6.00005, -0.009272
4, 8.899999999999999, -3.0999999999999996, 6, 8.8986, -3.10005, 6.00005, -0.009251
4, 8.899999999999999, -3.05, 6, 8.900649999999999, -3.05, 6.0, -0.009246
4, 8.899999999999999, -3.0, 6, 8.89975, -2.99935, 5.999950000000001, -0.009251
4, 8.899999999999999, -2.95, 6, 8.9002, -2.9503000000000004, 5.999950000000001, -0.009303
4, 8.899999999999999, -2.9000000000000004, 6, 8.8969, -2.9, 5.9999, -0.009251
5, 8.95, -2.9000000000000004, 6, 8.94875, -2.8998000000000004, 6.00005, -0.009287
5, 9.0, -2.9000000000000004, 6, 8.9998, -2.9002000000000003, 6.00005, -0.009303
5, 9.05, -2.9000000000000004, 6, 9.0505, -2.8996000000000004, 6.0, -0.009251
5, 9.100000000000001, -2.9000000000000004, 6, 9.101550000000001, -2.9003500000000004, 5.999950000000001, -0.009261
5, 9.150000000000002, -2.9000000000000004, 6, 9.15055, -2.8998500000000003, 5.999950000000001, -0.009293
5, 9.150000000000002, -2.95, 6, 9.1522, -2.9499, 6.0, -0.009256
5, 9.150000000000002, -3.0, 6, 9.14945, -2.9999000000000002, 6.000100000000001, -0.009251
5, 9.150000000000002, -3.05, 6, 9.1498, -3.0506, 6.000100000000001, -0.009282
5, 9.150000000000002, -3.0999999999999996, 6, 9.15235, -3.10125, 6.000100000000001, -0.009277
5, 9.150000000000002, -3.1499999999999995, 6, 9.1504, -3.1498500000000003, 6.000100000000001, -0.009256
6, 9.100000000000001, -3.1499999999999995, 6, 9.09955, -3.1500500000000002, 6.00005, -0.009214
6, 9.05, -3.1499999999999995, 6, 9.04885, -3.1499500000000005, 5.999950000000001, -0.009256
6, 9.0, -3.1499999999999995, 6, 9.00145, -3.1499500000000005, 5.999950000000001, -0.009256
6, 8.95, -3.1499999999999995, 6, 8.9514, -3.1500500000000002, 5.999950000000001, -0.009256
6, 8.899999999999999, -3.1499999999999995, 6, 8.89885, -3.1500500000000002, 5.999950000000001, -0.009293
6, 8.849999999999998, -3.1499999999999995, 6, 8.849, -3.1500500000000002, 5.999950000000001, -0.009251
6, 8.849999999999998, -3.0999999999999996, 6, 8.847800000000001, -3.10035, 6.0, -0.009267
6, 8.849999999999998, -3.05, 6, 8.8504, -3.05025, 6.0, -0.009314
6, 8.849999999999998, -3.0, 6, 8.84955, -3.0002000000000004, 5.999950000000001, -0.009293
6, 8.849999999999998, -2.95, 6, 8.85015, -2.9511000000000003, 6.000100000000001, -0.009261
6, 8.849999999999998, -2.9000000000000004, 6, 8.85215, -2.9006000000000003, 6.000100000000001, -0.009267
6, 8.849999999999998, -2.8500000000000005, 6, 8.849800000000002, -2.84965, 6.0, -0.009267
7, 8.899999999999999, -2.8500000000000005, 6, 8.8995, -2.85, 6.0, -0.009277
7, 8.95, -2.8500000000000005, 6, 8.95025, -2.84995, 5.9999, -0.009256
7, 9.0, -2.8500000000000005, 6, 8.99985, -2.8499, 5.999950000000001, -0.009251
7, 9.05, -2.8500000000000005, 6, 9.0493, -2.8502, 6.0, -0.009251
7, 9.100000000000001, -2.8500000000000005, 6, 9.09965, -2.8501000000000003, 6.00005, -0.009277
7, 9.150000000000002, -2.8500000000000005, 6, 9.149550000000001, -2.85005, 6.000100000000001, -0.009261
7, 9.200000000000003, -2.8500000000000005, 6, 9.2002, -2.85, 6.00005, -0.009261
7, 9.200000000000003, -2.9000000000000004, 6, 9.202350000000001, -2.90085, 6.0, -0.009287
7, 9.200000000000003, -2.95, 6, 9.19925, -2.95, 5.999950000000001, -0.009267
7, 9.200000000000003, -3.0, 6, 9.199300000000001, -2.9998500000000003, 5.999950000000001, -0.009261
7, 9.200000000000003, -3.05, 6, 9.199050000000002, -3.04955, 5.999950000000001, -0.009272
7, 9.200000000000003, -3.0999999999999996, 6, 9.20095, -3.1005, 6.00005, -0.009251
7, 9.200000000000003, -3.1499999999999995, 6, 9.20095, -3.1506000000000003, 6.000100000000001, -0.009308
7, 9.200000000000003, -3.1999999999999993, 6, 9.201600000000001, -3.2004500000000005, 6.000100000000001, -0.009298
8, 9.150000000000002, -3.1999999999999993, 6, 9.15005, -3.2003500000000003, 6.000100000000001, -0.009246
8, 9.100000000000001, -3.1999999999999993, 6, 9.100800000000001, -3.20005, 6.000100000000001, -0.009277
8, 9.05, -3.1999999999999993, 6, 9.05065, -3.1999500000000003, 6.00005, -0.009261
8, 9.0, -3.1999999999999993, 6, 9.000200000000001, -3.1999, 6.0, -0.009267
8, 8.95, -3.1999999999999993, 6, 8.950800000000001, -3.1999500000000003, 5.999950000000001, -0.009267
8, 8.899999999999999, -3.1999999999999993, 6, 8.899899999999999, -3.2001500000000003, 5.999950000000001, -0.009261
8, 8.849999999999998, -3.1999999999999993, 6, 8.85015, -3.2, 5.999950000000001, -0.009225
8, 8.799999999999997, -3.1999999999999993, 6, 8.80005, -3.20005, 6.0, -0.009277
8, 8.799999999999997, -3.1499999999999995, 6, 8.80015, -3.1504000000000003, 6.0, -0.009246
8, 8.799999999999997, -3.0999999999999996, 6, 8.79795, -3.10055, 5.999950000000001, -0.009256
8, 8.799999999999997, -3.05, 6, 8.7999, -3.0492000000000004, 5.999950000000001, -0.009267
8, 8.799999999999997, -3.0, 6, 8.801950000000001, -3.0004, 6.00005, -0.009272
8, 8.799999999999997, -2.95, 6, 8.7989, -2.95065, 6.0, -0.009277
8, 8.799999999999997, -2.9000000000000004, 6, 8.79915, -2.9002000000000003, 6.00005, -0.009277
8, 8.799999999999997, -2.8500000000000005, 6, 8.802, -2.85055, 6.0, -0.009251
8, 8.799999999999997, -2.8000000000000007, 6, 8.80025, -2.8, 6.0, -0.009256
9, 8.849999999999998, -2.8000000000000007, 6, 8.8505, -2.80005, 5.999950000000001, -0.009277
9, 8.899999999999999, -2.8000000000000007, 6, 8.90075, -2.7999, 5.999950000000001, -0.009251
9, 8.95, -2.8000000000000007, 6, 8.95035, -2.8, 6.0, -0.009267
9, 9.0, -2.8000000000000007, 6, 9.00075, -2.80005, 6.000100000000001, -0.009246
9, 9.05, -2.8000000000000007, 6, 9.0495, -2.8, 6.000100000000001, -0.009282
9, 9.100000000000001, -2.8000000000000007, 6, 9.10125, -2.8001000000000005, 6.000100000000001, -0.009251
9, 9.150000000000002, -2.8000000000000007, 6, 9.15015, -2.8, 6.0, -0.009246
9, 9.200000000000003, -2.8000000000000007, 6, 9.2002, -2.7999, 5.9999, -0.009246
9, 9.250000000000004, -2.8000000000000007, 6, 9.25045, -2.80005, 6.0, -0.009267
9, 9.250000000000004, -2.8500000000000005, 6, 9.250950000000001, -2.85015, 5.999950000000001, -0.009246
9, 9.250000000000004, -2.9000000000000004, 6, 9.2513, -2.8993500000000005, 5.9999, -0.009293
9, 9.250000000000004, -2.95, 6, 9.250399999999999, -2.95005, 5.999950000000001, -0.009251
9, 9.250000000000004, -3.0, 6, 9.2498, -3.0002000000000004, 6.000100000000001, -0.009261
9, 9.250000000000004, -3.05, 6, 9.25055, -3.05015, 6.000100000000001, -0.009251
9, 9.250000000000004, -3.0999999999999996, 6, 9.252300000000002, -3.1005, 6.000100000000001, -0.009246
9, 9.250000000000004, -3.1499999999999995, 6, 9.2479, -3.1506000000000003, 6.000100000000001, -0.009277
9, 9.250000000000004, -3.1999999999999993, 6, 9.250399999999999, -3.19975, 6.0, -0.009319
9, 9.250000000000004, -3.249999999999999, 6, 9.2495, -3.2509, 6.0, -0.009303
10, 9.200000000000003, -3.249999999999999, 6, 9.20125, -3.2498500000000003, 6.0, -0.009251
10, 9.150000000000002, -3.249999999999999, 6, 9.1493, -3.2500500000000003, 6.0, -0.009277
10, 9.100000000000001, -3.249999999999999, 6, 9.100050000000001, -3.2499000000000002, 6.0, -0.009277
10, 9.05, -3.249999999999999, 6, 9.0505, -3.24975, 6.0, -0.009277
10, 9.0, -3.249999999999999, 6, 9.00065, -3.2497000000000003, 6.0, -0.009241
10, 8.95, -3.249999999999999, 6, 8.95065, -3.2498500000000003, 6.00005, -0.009272
10, 8.899999999999999, -3.249999999999999, 6, 8.89965, -3.24965, 5.999950000000001, -0.009256
10, 8.849999999999998, -3.249999999999999, 6, 8.8509, -3.2501, 5.999950000000001, -0.009256
10, 8.799999999999997, -3.249999999999999, 6, 8.80065, -3.2498500000000003, 5.9999, -0.009272
10, 8.749999999999996, -3.249999999999999, 6, 8.7499, -3.24975, 5.999950000000001, -0.009293
10, 8.749999999999996, -3.1999999999999993, 6, 8.747800000000002, -3.1993500000000004, 5.999950000000001, -0.009261
10, 8.749999999999996, -3.1499999999999995, 6, 8.7507, -3.1501000000000006, 6.0, -0.009287
10, 8.749999999999996, -3.0999999999999996, 6, 8.7486, -3.10015, 6.00005, -0.009246
10, 8.749999999999996, -3.05, 6, 8.751, -3.0498000000000003, 6.00005, -0.009261
10, 8.749999999999996, -3.0, 6, 8.74925, -2.9998500000000003, 6.0, -0.009267
10, 8.749999999999996, -2.95, 6, 8.74985, -2.9502, 6.00005, -0.009251
10, 8.749999999999996, -2.9000000000000004, 6, 8.7513, -2.9, 6.0, -0.009277
10, 8.749999999999996, -2.8500000000000005, 6, 8.74985, -2.8505, 6.0, -0.009251
10, 8.749999999999996, -2.8000000000000007, 6, 8.74865, -2.7999500000000004, 6.0, -0.009241
10, 8.749999999999996, -2.750000000000001, 6, 8.750050000000002, -2.7494, 6.0, -0.009308
11, 8.799999999999997, -2.750000000000001, 6, 8.80005, -2.7500500000000003, 5.999950000000001, -0.009267
11, 8.849999999999998, -2.750000000000001, 6, 8.85065, -2.7500500000000003, 5.999950000000001, -0.009246
11, 8.899999999999999, -2.750000000000001, 6, 8.9, -2.7494, 5.999950000000001, -0.009246
11, 8.95, -2.750000000000001, 6, 8.94985, -2.74925, 6.000100000000001, -0.009308
11, 9.0, -2.750000000000001, 6, 9.0001, -2.7502000000000004, 6.000100000000001, -0.009246
11, 9.05, -2.750000000000001, 6, 9.05085, -2.7498500000000003, 6.0, -0.009277
11, 9.100000000000001, -2.750000000000001, 6, 9.09915, -2.75, 6.0, -0.009282
11, 9.150000000000002, -2.750000000000001, 6, 9.1495, -2.74995, 5.999950000000001, -0.009251
11, 9.200000000000003, -2.750000000000001, 6, 9.20025, -2.7499000000000002, 5.9999, -0.009251
11, 9.250000000000004, -2.750000000000001, 6, 9.2494, -2.7498, 5.999950000000001, -0.009277
11, 9.300000000000004, -2.750000000000001, 6, 9.30095, -2.74965, 6.00005, -0.009246
11, 9.300000000000004, -2.8000000000000007, 6, 9.30085, -2.80065, 6.00005, -0.009282
11, 9.300000000000004, -2.8500000000000005, 6, 9.30145, -2.8502, 6.00005, -0.009256
11, 9.300000000000004, -2.9000000000000004, 6, 9.3017, -2.9009500000000004, 5.999950000000001, -0.009241
11, 9.300000000000004, -2.95, 6, 9.302, -2.9501000000000004, 5.999950000000001, -0.009256
11, 9.300000000000004, -3.0, 6, 9.30025, -2.9991000000000003, 5.999950000000001, -0.009251
11, 9.300000000000004, -3.05, 6, 9.30115, -3.0511500000000003, 6.0, -0.009246
11, 9.300000000000004, -3.0999999999999996, 6, 9.300600000000001, -3.1002, 6.0, -0.009303
11, 9.300000000000004, -3.1499999999999995, 6, 9.3025, -3.1506000000000003, 5.999950000000001, -0.009256
11, 9.300000000000004, -3.1999999999999993, 6, 9.3008, -3.19965, 6.000100000000001, -0.009256
11, 9.300000000000004, -3.249999999999999, 6, 9.30075, -3.2500500000000003, 6.000100000000001, -0.009293
11, 9.300000000000004, -3.299999999999999, 6, 9.3008, -3.2995, 6.000100000000001, -0.009256
12, 9.250000000000004, -3.299999999999999, 6, 9.25025, -3.3, 6.00005, -0.009251
12, 9.200000000000003, -3.299999999999999, 6, 9.199950000000001, -3.2994, 5.999950000000001, -0.009303
12, 9.150000000000002, -3.299999999999999, 6, 9.1489, -3.29955, 5.999950000000001, -0.009314
12, 9.100000000000001, -3.299999999999999, 6, 9.100200000000001, -3.2998000000000003, 5.999950000000001, -0.009287
12, 9.05, -3.299999999999999, 6, 9.049550000000002, -3.2999, 5.999950000000001, -0.009246
12, 9.0, -3.299999999999999, 6, 9.000399999999999, -3.30015, 5.999950000000001, -0.009256
12, 8.95, -3.299999999999999, 6, 8.9495, -3.2999500000000004, 6.00005, -0.009241
12, 8.899999999999999, -3.299999999999999, 6, 8.89935, -3.2998000000000003, 6.000100000000001, -0.009251
12, 8.849999999999998, -3.299999999999999, 6, 8.84955, -3.3002000000000002, 6.00005, -0.009261
12, 8.799999999999997, -3.299999999999999, 6, 8.799700000000001, -3.2999, 6.0, -0.009246
12, 8.749999999999996, -3.299999999999999, 6, 8.7505, -3.29975, 5.999950000000001, -0.009225
12, 8.699999999999996, -3.299999999999999, 6, 8.6997, -3.30025, 6.0, -0.009287
12, 8.699999999999996, -3.249999999999999, 6, 8.6996, -3.24975, 5.999950000000001, -0.009282
12, 8.699999999999996, -3.1999999999999993, 6, 8.69965, -3.1995500000000003, 5.999950000000001, -0.009287
12, 8.699999999999996, -3.1499999999999995, 6, 8.698450000000001, -3.1499, 6.0, -0.009235
12, 8.699999999999996, -3.0999999999999996, 6, 8.70105, -3.10035, 6.0, -0.009303
12, 8.699999999999996, -3.05, 6, 8.6982, -3.0494, 6.00005, -0.009272
12, 8.699999999999996, -3.0, 6, 8.70035, -2.9994500000000004, 6.000100000000001, -0.009277
12, 8.699999999999996, -2.95, 6, 8.7011, -2.9506000000000006, 6.000100000000001, -0.009241
12, 8.699999999999996, -2.9000000000000004, 6, 8.70175, -2.9000500000000002, 6.0, -0.009235
12, 8.699999999999996, -2.8500000000000005, 6, 8.69835, -2.85055, 6.0, -0.009256
12, 8.699999999999996, -2.8000000000000007, 6, 8.7021, -2.8, 6.0, -0.009261
12, 8.699999999999996, -2.750000000000001, 6, 8.69835, -2.74965, 6.0, -0.009293
12, 8.699999999999996, -2.700000000000001, 6, 8.69895, -2.70025, 6.0, -0.009277
13, 8.749999999999996, -2.700000000000001, 6, 8.7498, -2.7, 5.999950000000001, -0.009235
13, 8.799999999999997, -2.700000000000001, 6, 8.7993, -2.6998500000000005, 5.999950000000001, -0.009277
13, 8.849999999999998, -2.700000000000001, 6, 8.8504, -2.6999500000000003, 6.00005, -0.009241
13, 8.899999999999999, -2.700000000000001, 6, 8.8998, -2.7, 6.000100000000001, -0.009256
13, 8.95, -2.700000000000001, 6, 8.9511, -2.70005, 6.000100000000001, -0.009272
13, 9.0, -2.700000000000001, 6, 9.0, -2.7, 6.0, -0.009256
13, 9.05, -2.700000000000001, 6, 9.050550000000001, -2.6999500000000003, 6.0, -0.009277
13, 9.100000000000001, -2.700000000000001, 6, 9.10035, -2.7, 5.999950000000001, -0.009261
13, 9.150000000000002, -2.700000000000001, 6, 9.14945, -2.6999500000000003, 5.9999, -0.009256
13, 9.200000000000003, -2.700000000000001, 6, 9.2004, -2.6999500000000003, 5.9999, -0.009241
13, 9.250000000000004, -2.700000000000001, 6, 9.25045, -2.7001000000000004, 5.9999, -0.009251
13, 9.300000000000004, -2.700000000000001, 6, 9.2992, -2.7, 5.9999, -0.009251
13, 9.350000000000005, -2.700000000000001, 6, 9.350700000000002, -2.6999500000000003, 6.0, -0.009293
13, 9.350000000000005, -2.750000000000001, 6, 9.35035, -2.7498500000000003, 6.00005, -0.009282
13, 9.350000000000005, -2.8000000000000007, 6, 9.35105, -2.8009, 6.000100000000001, -0.009293
13, 9.350000000000005, -2.8500000000000005, 6, 9.349200000000002, -2.8498, 6.000100000000001, -0.009277
13, 9.350000000000005, -2.9000000000000004, 6, 9.35125, -2.9003, 6.00005, -0.00923
13, 9.350000000000005, -2.95, 6, 9.350700000000002, -2.9502, 6.00005, -0.009251
13, 9.350000000000005, -3.0, 6, 9.34985, -3.0003, 5.999950000000001, -0.009246
13, 9.350000000000005, -3.05, 6, 9.3518, -3.0514, 5.999950000000001, -0.009277
13, 9.350000000000005, -3.0999999999999996, 6, 9.34975, -3.1001000000000003, 5.999950000000001, -0.009277
13, 9.350000000000005, -3.1499999999999995, 6, 9.350800000000001, -3.15055, 6.0, -0.009235
13, 9.350000000000005, -3.1999999999999993, 6, 9.3491, -3.1999, 6.0, -0.009272
13, 9.350000000000005, -3.249999999999999, 6, 9.351899999999999, -3.2499000000000002, 6.0, -0.009282
13, 9.350000000000005, -3.299999999999999, 6, 9.35025, -3.29985, 6.00005, -0.009293
13, 9.350000000000005, -3.3499999999999988, 6, 9.35195, -3.3494500000000005, 6.00005, -0.009267
14, 9.300000000000004, -3.3499999999999988, 6, 9.2996, -3.35075, 6.0, -0.009272
14, 9.250000000000004, -3.3499999999999988, 6, 9.250200000000001, -3.34965, 6.0, -0.009261
14, 9.200000000000003, -3.3499999999999988, 6, 9.1991, -3.3502, 6.0, -0.009293
14, 9.150000000000002, -3.3499999999999988, 6, 9.1493, -3.3501000000000003, 5.999950000000001, -0.009282
14, 9.100000000000001, -3.3499999999999988, 6, 9.1005, -3.3501000000000003, 5.999950000000001, -0.009277
14, 9.05, -3.3499999999999988, 6, 9.04995, -3.3501000000000003, 6.0, -0.009256
14, 9.0, -3.3499999999999988, 6, 9.001, -3.34995, 6.0, -0.009298
14, 8.95, -3.3499999999999988, 6, 8.9496, -3.3499, 6.0, -0.009272
14, 8.899999999999999, -3.3499999999999988, 6, 8.8998, -3.34995, 6.0, -0.009261
14, 8.849999999999998, -3.3499999999999988, 6, 8.849200000000002, -3.3501000000000003, 5.999950000000001, -0.009246
14, 8.799999999999997, -3.3499999999999988, 6, 8.8008, -3.35005, 6.0, -0.009277
14, 8.749999999999996, -3.3499999999999988, 6, 8.74975, -3.3498500000000004, 6.00005, -0.009267
14, 8.699999999999996, -3.3499999999999988, 6, 8.701, -3.3498500000000004, 6.000100000000001, -0.009256
14, 8.649999999999995, -3.3499999999999988, 6, 8.6505, -3.34995, 6.000100000000001, -0.009246
14, 8.649999999999995, -3.299999999999999, 6, 8.64995, -3.3002000000000002, 6.000100000000001, -0.009267
14, 8.649999999999995, -3.249999999999999, 6, 8.649700000000001, -3.2500500000000003, 6.0, -0.009272
14, 8.649999999999995, -3.1999999999999993, 6, 8.64945, -3.2, 6.0, -0.009287
14, 8.649999999999995, -3.1499999999999995, 6, 8.648550000000002, -3.1495, 6.0, -0.009282
14, 8.649999999999995, -3.0999999999999996, 6, 8.648950000000001, -3.09995, 6.0, -0.009293
14, 8.649999999999995, -3.05, 6, 8.64995, -3.0505500000000003, 5.9999, -0.009251
14, 8.649999999999995, -3.0, 6, 8.6507, -3.0000500000000003, 5.999950000000001, -0.009251
14, 8.649999999999995, -2.95, 6, 8.64995, -2.9502, 6.000100000000001, -0.009241
14, 8.649999999999995, -2.9000000000000004, 6, 8.64865, -2.8999500000000005, 6.000100000000001, -0.009282
14, 8.649999999999995, -2.8500000000000005, 6, 8.648700000000002, -2.85055, 6.000100000000001, -0.009282
14, 8.649999999999995, -2.8000000000000007, 6, 8.64925, -2.8004000000000002, 6.0, -0.009235
14, 8.649999999999995, -2.750000000000001, 6, 8.64875, -2.7495, 6.0, -0.009261
14, 8.649999999999995, -2.700000000000001, 6, 8.65025, -2.7, 6.0, -0.009214
14, 8.649999999999995, -2.6500000000000012, 6, 8.651, -2.6499500000000005, 6.0, -0.009272
15, 8.699999999999996, -2.6500000000000012, 6, 8.6987, -2.6499500000000005, 6.00005, -0.009246
15, 8.749999999999996, -2.6500000000000012, 6, 8.749550000000001, -2.65, 5.999950000000001, -0.009251
15, 8.799999999999997, -2.6500000000000012, 6, 8.80025, -2.65015, 5.999950000000001, -0.009293
15, 8.849999999999998, -2.6500000000000012, 6, 8.84895, -2.6499500000000005, 5.999950000000001, -0.009277
15, 8.899999999999999, -2.6500000000000012, 6, 8.89975, -2.6499, 6.0, -0.009256
15, 8.95, -2.6500000000000012, 6, 8.95095, -2.6500500000000002, 6.0, -0.009246
15, 9.0, -2.6500000000000012, 6, 9.00065, -2.6501000000000006, 6.00005, -0.009287
15, 9.05, -2.6500000000000012, 6, 9.05035, -2.65, 6.00005, -0.009261
15, 9.100000000000001, -2.6500000000000012, 6, 9.09955, -2.6499, 6.0, -0.009256
15, 9.150000000000002, -2.6500000000000012, 6, 9.1507, -2.6499500000000005, 6.0, -0.009267
15, 9.200000000000003, -2.6500000000000012, 6, 9.200149999999999, -2.65, 5.999950000000001, -0.009256
15, 9.250000000000004, -2.6500000000000012, 6, 9.25075, -2.65015, 6.0, -0.009256
15, 9.300000000000004, -2.6500000000000012, 6, 9.2992, -2.6500500000000002, 5.999950000000001, -0.009256
15, 9.350000000000005, -2.6500000000000012, 6, 9.3494, -2.65, 5.999950000000001, -0.009235
15, 9.400000000000006, -2.6500000000000012, 6, 9.3991, -2.6501000000000006, 5.999950000000001, -0.009251
15, 9.400000000000006, -2.700000000000001, 6, 9.3998, -2.7003000000000004, 6.0, -0.009298
15, 9.400000000000006, -2.750000000000001, 6, 9.39975, -2.7507, 6.000100000000001, -0.009293
15, 9.400000000000006, -2.8000000000000007, 6, 9.40165, -2.80015, 6.0, -0.009282
15, 9.400000000000006, -2.8500000000000005, 6, 9.3986, -2.84995, 6.0, -0.009277
15, 9.400000000000006, -2.9000000000000004, 6, 9.39945, -2.9001000000000006, 5.999950000000001, -0.009303
15, 9.400000000000006, -2.95, 6, 9.39885, -2.95005, 6.0, -0.009261
15, 9.400000000000006, -3.0, 6, 9.4005, -3.0004500000000003, 5.999950000000001, -0.009277
15, 9.400000000000006, -3.05, 6, 9.39985, -3.0499500000000004, 6.0, -0.009272
15, 9.400000000000006, -3.0999999999999996, 6, 9.40035, -3.1005, 6.0, -0.009287
15, 9.400000000000006, -3.1499999999999995, 6, 9.40185, -3.15065, 6.000100000000001, -0.009293
15, 9.400000000000006, -3.1999999999999993, 6, 9.398550000000002, -3.2005500000000002, 6.000100000000001, -0.009261
15, 9.400000000000006, -3.249999999999999, 6, 9.4024, -3.251, 6.000100000000001, -0.009235
15, 9.400000000000006, -3.299999999999999, 6, 9.40025, -3.2998000000000003, 6.00005, -0.009287
15, 9.400000000000006, -3.3499999999999988, 6, 9.40275, -3.3493500000000003, 5.999950000000001, -0.009272
15, 9.400000000000006, -3.3999999999999986, 6, 9.399899999999999, -3.3998000000000004, 5.999950000000001, -0.009256
16, 9.350000000000005, -3.3999999999999986, 6, 9.3506, -3.3998000000000004, 5.999950000000001, -0.009256
16, 9.300000000000004, -3.3999999999999986, 6, 9.300450000000001, -3.3998500000000003, 5.999950000000001, -0.009256
16, 9.250000000000004, -3.3999999999999986, 6, 9.2501, -3.4002000000000003, 6.0, -0.009241
16, 9.200000000000003, -3.3999999999999986, 6, 9.1991, -3.4000500000000002, 6.000100000000001, -0.009251
16, 9.150000000000002, -3.3999999999999986, 6, 9.1517, -3.3998500000000003, 6.00005, -0.009272
16, 9.100000000000001, -3.3999999999999986, 6, 9.10075, -3.3999500000000005, 6.00005, -0.009251
16, 9.05, -3.3999999999999986, 6, 9.04975, -3.40015, 5.9999, -0.009277
16, 9.0, -3.3999999999999986, 6, 9.0009, -3.4000500000000002, 5.999950000000001, -0.009272
16, 8.95, -3.3999999999999986, 6, 8.9502, -3.3998500000000003, 5.999950000000001, -0.009261
16, 8.899999999999999, -3.3999999999999986, 6, 8.90035, -3.4000500000000002, 6.0, -0.009308
16, 8.849999999999998, -3.3999999999999986, 6, 8.84985, -3.40015, 6.0, -0.009287
16, 8.799999999999997, -3.3999999999999986, 6, 8.79965, -3.4, 6.00005, -0.009267
16, 8.749999999999996, -3.3999999999999986, 6, 8.74925, -3.3998500000000003, 6.000100000000001, -0.00922
16, 8.699999999999996, -3.3999999999999986, 6, 8.7012, -3.3998500000000003, 6.000100000000001, -0.009282
16, 8.649999999999995, -3.3999999999999986, 6, 8.6502, -3.4, 6.000100000000001, -0.009261
16, 8.599999999999994, -3.3999999999999986, 6, 8.599800000000002, -3.40015, 5.999950000000001, -0.009235
16, 8.599999999999994, -3.3499999999999988, 6, 8.600800000000001, -3.3507000000000002, 5.999950000000001, -0.009277
16, 8.599999999999994, -3.299999999999999, 6, 8.5967, -3.29945, 5.999950000000001, -0.009246
16, 8.599999999999994, -3.249999999999999, 6, 8.60065, -3.25015, 5.999950000000001, -0.009246
16, 8.599999999999994, -3.1999999999999993, 6, 8.5972, -3.20005, 6.0, -0.009293
16, 8.599999999999994, -3.1499999999999995, 6, 8.5997, -3.1493500000000005, 6.0, -0.009272
16, 8.599999999999994, -3.0999999999999996, 6, 8.598450000000001, -3.1004500000000004, 5.999950000000001, -0.009287
16, 8.599999999999994, -3.05, 6, 8.60065, -3.0505, 6.000100000000001, -0.009272
16, 8.599999999999994, -3.0, 6, 8.599800000000002, -2.9992, 6.000100000000001, -0.009246
16, 8.599999999999994, -2.95, 6, 8.6009, -2.95025, 6.00005, -0.009282
16, 8.599999999999994, -2.9000000000000004, 6, 8.600550000000002, -2.90015, 6.0, -0.009293
16, 8.599999999999994, -2.8500000000000005, 6, 8.59745, -2.8495, 6.0, -0.009246
16, 8.599999999999994, -2.8000000000000007, 6, 8.599950000000002, -2.7999, 6.0, -0.009241
16, 8.599999999999994, -2.750000000000001, 6, 8.5989, -2.74915, 6.0, -0.009251
16, 8.599999999999994, -2.700000000000001, 6, 8.6009, -2.7002, 5.999950000000001, -0.009277
16, 8.599999999999994, -2.6500000000000012, 6, 8.5999, -2.6496000000000004, 5.999950000000001, -0.009277
16, 8.599999999999994, -2.6000000000000014, 6, 8.5996, -2.59995, 6.00005, -0.009293
17, 8.649999999999995, -2.6000000000000014, 6, 8.6506, -2.5998500000000004, 6.0, -0.009241
17, 8.699999999999996, -2.6000000000000014, 6, 8.69935, -2.60005, 6.000100000000001, -0.009246
17, 8.749999999999996, -2.6000000000000014, 6, 8.749600000000001, -2.6002, 6.000100000000001, -0.009308
17, 8.799999999999997, -2.6000000000000014, 6, 8.8001, -2.5999, 6.000100000000001, -0.009282
17, 8.849999999999998, -2.6000000000000014, 6, 8.8504, -2.5999, 6.0, -0.009272
17, 8.899999999999999, -2.6000000000000014, 6, 8.90115, -2.6, 5.999950000000001, -0.009261
17, 8.95, -2.6000000000000014, 6, 8.950050000000001, -2.6001000000000003, 5.9999, -0.009293
17, 9.0, -2.6000000000000014, 6, 9.0001, -2.60005, 6.0, -0.009277
17, 9.05, -2.6000000000000014, 6, 9.04965, -2.5998500000000004, 6.00005, -0.009246
17, 9.100000000000001, -2.6000000000000014, 6, 9.0988, -2.5998, 6.00005, -0.009246
17, 9.150000000000002, -2.6000000000000014, 6, 9.1492, -2.60005, 6.000100000000001, -0.009272
17, 9.200000000000003, -2.6000000000000014, 6, 9.200700000000001, -2.6001000000000003, 6.00005, -0.009199
17, 9.250000000000004, -2.6000000000000014, 6, 9.25065, -2.60015, 6.00005, -0.009246
17, 9.300000000000004, -2.6000000000000014, 6, 9.2996, -2.60005, 5.999950000000001, -0.009267
17, 9.350000000000005, -2.6000000000000014, 6, 9.3494, -2.59995, 5.999950000000001, -0.009293
17, 9.400000000000006, -2.6000000000000014, 6, 9.399550000000001, -2.59995, 5.999950000000001, -0.00923
17, 9.450000000000006, -2.6000000000000014, 6, 9.450700000000001, -2.60005, 6.00005, -0.009261
17, 9.450000000000006, -2.6500000000000012, 6, 9.4484, -2.64955, 6.000100000000001, -0.009282
17, 9.450000000000006, -2.700000000000001, 6, 9.4504, -2.7005500000000002, 6.0, -0.009277
17, 9.450000000000006, -2.750000000000001, 6, 9.4502, -2.74975, 5.999950000000001, -0.009246
17, 9.450000000000006, -2.8000000000000007, 6, 9.4495, -2.79975, 6.0, -0.009282
17, 9.450000000000006, -2.8500000000000005, 6, 9.45185, -2.84975, 5.999950000000001, -0.00923
17, 9.450000000000006, -2.9000000000000004, 6, 9.4512, -2.9001000000000006, 6.00005, -0.009256
17, 9.450000000000006, -2.95, 6, 9.4495, -2.95, 6.000100000000001, -0.009303
17, 9.450000000000006, -3.0, 6, 9.450550000000002, -3.0000500000000003, 6.00005, -0.009272
17, 9.450000000000006, -3.05, 6, 9.4484, -3.0492000000000004, 5.999950000000001, -0.009256
17, 9.450000000000006, -3.0999999999999996, 6, 9.449300000000001, -3.0998, 6.0, -0.009277
17, 9.450000000000006, -3.1499999999999995, 6, 9.448550000000001, -3.15015, 6.000100000000001, -0.009246
17, 9.450000000000006, -3.1999999999999993, 6, 9.45175, -3.2005500000000002, 6.000100000000001, -0.009267
17, 9.450000000000006, -3.249999999999999, 6, 9.44875, -3.2500500000000003, 6.000100000000001, -0.009277
17, 9.450000000000006, -3.299999999999999, 6, 9.45045, -3.29945, 6.0, -0.009277
17, 9.450000000000006, -3.3499999999999988, 6, 9.45065, -3.35065, 6.0, -0.009282
17, 9.450000000000006, -3.3999999999999986, 6, 9.45045, -3.3999500000000005, 6.0, -0.009282
17, 9.450000000000006, -3.4499999999999984, 6, 9.451649999999999, -3.4509000000000003, 6.0, -0.009256
18, 9.400000000000006, -3.4499999999999984, 6, 9.3993, -3.4498500000000005, 5.999950000000001, -0.009214
18, 9.350000000000005, -3.4499999999999984, 6, 9.3512, -3.4499500000000003, 5.999950000000001, -0.009241
18, 9.300000000000004, -3.4499999999999984, 6, 9.2999, -3.4499, 5.999950000000001, -0.009246
18, 9.250000000000004, -3.4499999999999984, 6, 9.25125, -3.4499, 5.999950000000001, -0.009287
18, 9.200000000000003, -3.4499999999999984, 6, 9.199200000000001, -3.4501000000000004, 5.999950000000001, -0.009298
18, 9.150000000000002, -3.4499999999999984, 6, 9.14975, -3.45, 6.000100000000001, -0.009287
18, 9.100000000000001, -3.4499999999999984, 6, 9.10045, -3.4498500000000005, 6.000100000000001, -0.009277
18, 9.05, -3.4499999999999984, 6, 9.04915, -3.4498500000000005, 6.000100000000001, -0.009272
18, 9.0, -3.4499999999999984, 6, 9.0005, -3.4501500000000003, 6.00005, -0.009277
18, 8.95, -3.4499999999999984, 6, 8.95025, -3.4502, 6.0, -0.009282
18, 8.899999999999999, -3.4499999999999984, 6, 8.8994, -3.45005, 5.999950000000001, -0.009287
18, 8.849999999999998, -3.4499999999999984, 6, 8.84965, -3.4498500000000005, 5.999950000000001, -0.009287
18, 8.799999999999997, -3.4499999999999984, 6, 8.80075, -3.4498500000000005, 5.999950000000001, -0.009256
18, 8.749999999999996, -3.4499999999999984, 6, 8.7497, -3.45, 5.999950000000001, -0.009272
18, 8.699999999999996, -3.4499999999999984, 6, 8.6999, -3.4501500000000003, 5.999950000000001, -0.009282
18, 8.649999999999995, -3.4499999999999984, 6, 8.6502, -3.4498500000000005, 6.000100000000001, -0.009272
18, 8.599999999999994, -3.4499999999999984, 6, 8.600800000000001, -3.4501000000000004, 6.000100000000001, -0.009287
18, 8.549999999999994, -3.4499999999999984, 6, 8.55095, -3.45, 5.999950000000001, -0.009261
18, 8.549999999999994, -3.3999999999999986, 6, 8.548300000000001, -3.3996000000000004, 5.999950000000001, -0.009256
18, 8.549999999999994, -3.3499999999999988, 6, 8.5502, -3.3497000000000003, 5.999950000000001, -0.009272
18, 8.549999999999994, -3.299999999999999, 6, 8.54735, -3.29965, 6.000100000000001, -0.009241
18, 8.549999999999994, -3.249999999999999, 6, 8.550450000000001, -3.2509, 6.00005, -0.009293
18, 8.549999999999994, -3.1999999999999993, 6, 8.548399999999999, -3.1992000000000003, 6.00005, -0.009272
18, 8.549999999999994, -3.1499999999999995, 6, 8.5492, -3.1496500000000003, 6.0, -0.009251
18, 8.549999999999994, -3.0999999999999996, 6, 8.5511, -3.10015, 5.999950000000001, -0.009287
18, 8.549999999999994, -3.05, 6, 8.5478, -3.0490500000000003, 5.999950000000001, -0.009303
18, 8.549999999999994, -3.0, 6, 8.550450000000001, -3.0004500000000003, 5.999950000000001, -0.009261
18, 8.549999999999994, -2.95, 6, 8.55005, -2.95, 6.0, -0.009272
18, 8.549999999999994, -2.9000000000000004, 6, 8.549, -2.9011000000000005, 6.0, -0.009267
18, 8.549999999999994, -2.8500000000000005, 6, 8.55275, -2.85055, 6.0, -0.009246
18, 8.549999999999994, -2.8000000000000007, 6, 8.5505, -2.7997, 6.0, -0.009287
18, 8.549999999999994, -2.750000000000001, 6, 8.5477, -2.7503, 6.0, -0.009277
18, 8.549999999999994, -2.700000000000001, 6, 8.5508, -2.7001000000000004, 6.00005, -0.009267
18, 8.549999999999994, -2.6500000000000012, 6, 8.54855, -2.6505, 6.00005, -0.009256
18, 8.549999999999994, -2.6000000000000014, 6, 8.54945, -2.5997000000000003, 6.0, -0.009287
18, 8.549999999999994, -2.5500000000000016, 6, 8.5486, -2.5508500000000005, 6.0, -0.009261
19, 8.599999999999994, -2.5500000000000016, 6, 8.6014, -2.5501000000000005, 5.999950000000001, -0.009272
19, 8.649999999999995, -2.5500000000000016, 6, 8.65, -2.55005, 5.999950000000001, -0.009241
19, 8.699999999999996, -2.5500000000000016, 6, 8.6999, -2.55005, 5.999950000000001, -0.009251
19, 8.749999999999996, -2.5500000000000016, 6, 8.750800000000002, -2.54975, 5.999950000000001, -0.009293
19, 8.799999999999997, -2.5500000000000016, 6, 8.800300000000002, -2.55025, 6.00005, -0.009293
19, 8.849999999999998, -2.5500000000000016, 6, 8.85075, -2.55005, 6.000100000000001, -0.009282
19, 8.899999999999999, -2.5500000000000016, 6, 8.89985, -2.5498000000000003, 6.00005, -0.009272
19, 8.95, -2.5500000000000016, 6, 8.9504, -2.5503500000000003, 5.999950000000001, -0.009261
19, 9.0, -2.5500000000000016, 6, 9.000050000000002, -2.54975, 5.999950000000001, -0.009261
19, 9.05, -2.5500000000000016, 6, 9.05, -2.5504000000000002, 5.999950000000001, -0.009256
19, 9.100000000000001, -2.5500000000000016, 6, 9.100100000000001, -2.54975, 6.00005, -0.009272
19, 9.150000000000002, -2.5500000000000016, 6, 9.149700000000001, -2.5499, 6.000100000000001, -0.009251
19, 9.200000000000003, -2.5500000000000016, 6, 9.20075, -2.5504000000000002, 6.0, -0.009199
19, 9.250000000000004, -2.5500000000000016, 6, 9.249450000000001, -2.54985, 5.999950000000001, -0.009225
19, 9.300000000000004, -2.5500000000000016, 6, 9.2996, -2.5499500000000004, 5.999950000000001, -0.009282
19, 9.350000000000005, -2.5500000000000016, 6, 9.350200000000001, -2.55015, 6.0, -0.009277
19, 9.400000000000006, -2.5500000000000016, 6, 9.401, -2.55, 5.999950000000001, -0.009287
19, 9.450000000000006, -2.5500000000000016, 6, 9.450550000000002, -2.5499, 6.00005, -0.009235
19, 9.500000000000007, -2.5500000000000016, 6, 9.4999, -2.5499, 6.000100000000001, -0.009256
19, 9.500000000000007, -2.6000000000000014, 6, 9.498149999999999, -2.60025, 6.00005, -0.009261
19, 9.500000000000007, -2.6500000000000012, 6, 9.5009, -2.65, 6.00005, -0.009251
19, 9.500000000000007, -2.700000000000001, 6, 9.5012, -2.7003500000000003, 5.999950000000001, -0.009287
19, 9.500000000000007, -2.750000000000001, 6, 9.4991, -2.7507, 5.999950000000001, -0.009267
19, 9.500000000000007, -2.8000000000000007, 6, 9.499, -2.80005, 6.00005, -0.009246
19, 9.500000000000007, -2.8500000000000005, 6, 9.499600000000001, -2.85065, 6.000100000000001, -0.009272
19, 9.500000000000007, -2.9000000000000004, 6, 9.4984, -2.8999500000000005, 6.0, -0.009272
19, 9.500000000000007, -2.95, 6, 9.50085, -2.95, 6.00005, -0.009272
19, 9.500000000000007, -3.0, 6, 9.501, -2.99975, 6.0, -0.009282
19, 9.500000000000007, -3.05, 6, 9.502, -3.05105, 5.999950000000001, -0.009267
19, 9.500000000000007, -3.0999999999999996, 6, 9.5014, -3.1008, 5.999950000000001, -0.009282
19, 9.500000000000007, -3.1499999999999995, 6, 9.501050000000001, -3.1501000000000006, 5.999950000000001, -0.009277
19, 9.500000000000007, -3.1999999999999993, 6, 9.498800000000001, -3.1993500000000004, 6.0, -0.009272
19, 9.500000000000007, -3.249999999999999, 6, 9.49985, -3.25015, 6.0, -0.009246
19, 9.500000000000007, -3.299999999999999, 6, 9.5009, -3.2993500000000004, 6.00005, -0.009241
19, 9.500000000000007, -3.3499999999999988, 6, 9.499300000000002, -3.3511, 6.000100000000001, -0.009246
19, 9.500000000000007, -3.3999999999999986, 6, 9.50045, -3.4003500000000004, 6.000100000000001, -0.009277
19, 9.500000000000007, -3.4499999999999984, 6, 9.5015, -3.4503500000000003, 6.000100000000001, -0.009272
19, 9.500000000000007, -3.4999999999999982, 6, 9.50145, -3.5005, 6.00005, -0.009256
20, 9.450000000000006, -3.4999999999999982, 6, 9.45085, -3.4998500000000003, 5.999950000000001, -0.009235
20, 9.400000000000006, -3.4999999999999982, 6, 9.399700000000001, -3.49995, 5.999950000000001, -0.009251
20, 9.350000000000005, -3.4999999999999982, 6, 9.3512, -3.5, 5.999950000000001, -0.009241
20, 9.300000000000004, -3.4999999999999982, 6, 9.30005, -3.5001, 6.0, -0.009272
20, 9.250000000000004, -3.4999999999999982, 6, 9.251, -3.5000500000000003, 6.0, -0.009241
20, 9.200000000000003, -3.4999999999999982, 6, 9.200050000000001, -3.4998500000000003, 6.00005, -0.009272
20, 9.150000000000002, -3.4999999999999982, 6, 9.148700000000002, -3.4999000000000002, 6.00005, -0.009251
20, 9.100000000000001, -3.4999999999999982, 6, 9.100050000000001, -3.5000500000000003, 6.0, -0.009241
20, 9.05, -3.4999999999999982, 6, 9.050600000000001, -3.5000500000000003, 6.00005, -0.009251
20, 9.0, -3.4999999999999982, 6, 9.000350000000001, -3.5001, 6.0, -0.009272
20, 8.95, -3.4999999999999982, 6, 8.94945, -3.5000500000000003, 6.0, -0.009282
20, 8.899999999999999, -3.4999999999999982, 6, 8.89935, -3.5, 5.9999, -0.009267
20, 8.849999999999998, -3.4999999999999982, 6, 8.84985, -3.49995, 5.999950000000001, -0.009282
20, 8.799999999999997, -3.4999999999999982, 6, 8.80015, -3.5, 5.999950000000001, -0.009246
20, 8.749999999999996, -3.4999999999999982, 6, 8.749550000000001, -3.49995, 5.999950000000001, -0.009235
20, 8.699999999999996, -3.4999999999999982, 6, 8.700149999999999, -3.49995, 6.000100000000001, -0.009246
20, 8.649999999999995, -3.4999999999999982, 6, 8.65015, -3.5001, 6.000100000000001, -0.009277
20, 8.599999999999994, -3.4999999999999982, 6, 8.5994, -3.5, 6.000100000000001, -0.009246
20, 8.549999999999994, -3.4999999999999982, 6, 8.549800000000001, -3.5000500000000003, 6.00005, -0.009246
20, 8.499999999999993, -3.4999999999999982, 6, 8.499550000000001, -3.4999000000000002, 6.0, -0.009251
20, 8.499999999999993, -3.4499999999999984, 6, 8.49975, -3.4498500000000005, 5.999950000000001, -0.009282
20, 8.499999999999993, -3.3999999999999986, 6, 8.499600000000001, -3.3997, 5.999950000000001, -0.009241
20, 8.499999999999993, -3.3499999999999988, 6, 8.500200000000001, -3.3498, 6.0, -0.009282
20, 8.499999999999993, -3.299999999999999, 6, 8.5007, -3.3006, 6.000100000000001, -0.009267
20, 8.499999999999993, -3.249999999999999, 6, 8.499600000000001, -3.2500500000000003, 6.00005, -0.009251
20, 8.499999999999993, -3.1999999999999993, 6, 8.49935, -3.1991000000000005, 6.0, -0.009277
20, 8.499999999999993, -3.1499999999999995, 6, 8.49785, -3.1495, 6.0, -0.009277
20, 8.499999999999993, -3.0999999999999996, 6, 8.49975, -3.0997000000000003, 5.999950000000001, -0.009298
20, 8.499999999999993, -3.05, 6, 8.498550000000002, -3.0488000000000004, 5.9999, -0.009267
20, 8.499999999999993, -3.0, 6, 8.4999, -2.9998, 6.0, -0.009256
20, 8.499999999999993, -2.95, 6, 8.500350000000001, -2.95005, 6.00005, -0.009277
20, 8.499999999999993, -2.9000000000000004, 6, 8.49875, -2.9007, 6.00005, -0.00922
20, 8.499999999999993, -2.8500000000000005, 6, 8.500350000000001, -2.8494, 6.00005, -0.009256
20, 8.499999999999993, -2.8000000000000007, 6, 8.50065, -2.7999500000000004, 5.9999, -0.009241
20, 8.499999999999993, -2.750000000000001, 6, 8.49835, -2.7494, 5.999950000000001, -0.009235
20, 8.499999999999993, -2.700000000000001, 6, 8.5007, -2.69925, 5.999950000000001, -0.009272
20, 8.499999999999993, -2.6500000000000012, 6, 8.498550000000002, -2.65055, 6.0, -0.009282
20, 8.499999999999993, -2.6000000000000014, 6, 8.49995, -2.6009, 6.0, -0.009235
20, 8.499999999999993, -2.5500000000000016, 6, 8.498899999999999, -2.55025, 6.0, -0.009246
20, 8.499999999999993, -2.5000000000000018, 6, 8.4995, -2.4998500000000003, 6.00005, -0.009272
21, 8.549999999999994, -2.5000000000000018, 6, 8.55, -2.4998500000000003, 6.000100000000001, -0.009235
21, 8.599999999999994, -2.5000000000000018, 6, 8.599300000000001, -2.5001, 6.000100000000001, -0.009293
21, 8.649999999999995, -2.5000000000000018, 6, 8.65075, -2.50015, 6.00005, -0.009277
21, 8.699999999999996, -2.5000000000000018, 6, 8.70075, -2.4999000000000002, 5.999950000000001, -0.00923
21, 8.749999999999996, -2.5000000000000018, 6, 8.7505, -2.5, 5.999950000000001, -0.009277
21, 8.799999999999997, -2.5000000000000018, 6, 8.800600000000001, -2.5001, 5.999950000000001, -0.009267
21, 8.849999999999998, -2.5000000000000018, 6, 8.850550000000002, -2.5000500000000003, 5.999950000000001, -0.009277
21, 8.899999999999999, -2.5000000000000018, 6, 8.8996, -2.4999000000000002, 6.00005, -0.009282
21, 8.95, -2.5000000000000018, 6, 8.9512, -2.49995, 6.00005, -0.009246
21, 9.0, -2.5000000000000018, 6, 8.9992, -2.5, 6.000100000000001, -0.009277
21, 9.05, -2.5000000000000018, 6, 9.05025, -2.50015, 6.0, -0.009261
21, 9.100000000000001, -2.5000000000000018, 6, 9.1009, -2.5000500000000003, 6.0, -0.009235
21, 9.150000000000002, -2.5000000000000018, 6, 9.148800000000001, -2.5, 5.999950000000001, -0.009246
21, 9.200000000000003, -2.5000000000000018, 6, 9.20025, -2.49995, 6.0, -0.009267
21, 9.250000000000004, -2.5000000000000018, 6, 9.250950000000001, -2.5, 6.00005, -0.009241
21, 9.300000000000004, -2.5000000000000018, 6, 9.299800000000001, -2.5000500000000003, 5.9999, -0.009277
21, 9.350000000000005, -2.5000000000000018, 6, 9.349800000000002, -2.5000500000000003, 5.999950000000001, -0.009272
21, 9.400000000000006, -2.5000000000000018, 6, 9.399700000000001, -2.5001, 5.999950000000001, -0.009272
21, 9.450000000000006, -2.5000000000000018, 6, 9.44885, -2.5000500000000003, 5.999950000000001, -0.009241
21, 9.500000000000007, -2.5000000000000018, 6, 9.5001, -2.49995, 6.0, -0.009246
21, 9.550000000000008, -2.5000000000000018, 6, 9.55035, -2.49995, 6.0, -0.009308
21, 9.550000000000008, -2.5500000000000016, 6, 9.55175, -2.5503500000000003, 6.0, -0.009256
21, 9.550000000000008, -2.6000000000000014, 6, 9.549850000000001, -2.5993000000000004, 6.0, -0.009282
21, 9.550000000000008, -2.6500000000000012, 6, 9.548950000000001, -2.6498000000000004, 6.0, -0.009282
21, 9.550000000000008, -2.700000000000001, 6, 9.55015, -2.7006000000000006, 6.000100000000001, -0.009235
21, 9.550000000000008, -2.750000000000001, 6, 9.54965, -2.7499000000000002, 6.0, -0.009246
21, 9.550000000000008, -2.8000000000000007, 6, 9.5487, -2.7998000000000003, 6.0, -0.009256
21, 9.550000000000008, -2.8500000000000005, 6, 9.55235, -2.85005, 6.00005, -0.009287
21, 9.550000000000008, -2.9000000000000004, 6, 9.55165, -2.90115, 6.0, -0.009277
21, 9.550000000000008, -2.95, 6, 9.54975, -2.9501500000000003, 6.0, -0.009282
21, 9.550000000000008, -3.0, 6, 9.54925, -2.9996000000000005, 6.0, -0.009267
21, 9.550000000000008, -3.05, 6, 9.55235, -3.05, 6.0, -0.009314
21, 9.550000000000008, -3.0999999999999996, 6, 9.5485, -3.10035, 6.0, -0.009267
21, 9.550000000000008, -3.1499999999999995, 6, 9.552200000000001, -3.1503, 6.0, -0.009235
21, 9.550000000000008, -3.1999999999999993, 6, 9.55025, -3.1999500000000003, 6.0, -0.009246
21, 9.550000000000008, -3.249999999999999, 6, 9.551950000000001, -3.2507, 5.999950000000001, -0.009261
21, 9.550000000000008, -3.299999999999999, 6, 9.549100000000001, -3.3003, 6.0, -0.009277
21, 9.550000000000008, -3.3499999999999988, 6, 9.552, -3.35005, 6.00005, -0.009246
21, 9.550000000000008, -3.3999999999999986, 6, 9.5509, -3.40075, 6.00005, -0.009282
21, 9.550000000000008, -3.4499999999999984, 6, 9.548800000000002, -3.4503000000000004, 6.0, -0.009287
21, 9.550000000000008, -3.4999999999999982, 6, 9.5493, -3.5, 6.0, -0.009282
21, 9.550000000000008, -3.549999999999998, 6, 9.5517, -3.55105, 6.0, -0.009261
22, 9.500000000000007, -3.549999999999998, 6, 9.500050000000002, -3.54975, 5.999950000000001, -0.009251
22, 9.450000000000006, -3.549999999999998, 6, 9.4511, -3.5499, 5.9999, -0.009293
22, 9.400000000000006, -3.549999999999998, 6, 9.40035, -3.55025, 5.9999, -0.009251
22, 9.350000000000005, -3.549999999999998, 6, 9.34985, -3.5498000000000003, 5.999950000000001, -0.009241
22, 9.300000000000004, -3.549999999999998, 6, 9.30005, -3.5498000000000003, 6.0, -0.009277
22, 9.250000000000004, -3.549999999999998, 6, 9.251050000000001, -3.5498000000000003, 6.000100000000001, -0.009282
22, 9.200000000000003, -3.549999999999998, 6, 9.2, -3.54965, 6.0, -0.009314
22, 9.150000000000002, -3.549999999999998, 6, 9.1505, -3.55025, 5.999950000000001, -0.009272
22, 9.100000000000001, -3.549999999999998, 6, 9.1, -3.5496000000000003, 5.9999, -0.009246
22, 9.05, -3.549999999999998, 6, 9.050600000000001, -3.54985, 5.999950000000001, -0.009261
22, 9.0, -3.549999999999998, 6, 9.00125, -3.5502000000000002, 5.999950000000001, -0.009277
22, 8.95, -3.549999999999998, 6, 8.9503, -3.54985, 6.0, -0.009282
22, 8.899999999999999, -3.549999999999998, 6, 8.8996, -3.54955, 5.999950000000001, -0.009261
22, 8.849999999999998, -3.549999999999998, 6, 8.8499, -3.55025, 6.000100000000001, -0.009251
22, 8.799999999999997, -3.549999999999998, 6, 8.8, -3.5499500000000004, 6.000100000000001, -0.009293
22, 8.749999999999996, -3.549999999999998, 6, 8.7501, -3.5498000000000003, 6.000100000000001, -0.00922
22, 8.699999999999996, -3.549999999999998, 6, 8.700899999999999, -3.55, 6.00005, -0.009298
22, 8.649999999999995, -3.549999999999998, 6, 8.650450000000001, -3.5501000000000005, 5.999950000000001, -0.009267
22, 8.599999999999994, -3.549999999999998, 6, 8.5994, -3.55, 5.999950000000001, -0.009277
22, 8.549999999999994, -3.549999999999998, 6, 8.549850000000001, -3.54985, 5.9999, -0.009261
22, 8.499999999999993, -3.549999999999998, 6, 8.5005, -3.55015, 6.0, -0.009261
22, 8.449999999999992, -3.549999999999998, 6, 8.4497, -3.5498000000000003, 6.00005, -0.009256
22, 8.449999999999992, -3.4999999999999982, 6, 8.44775, -3.4995, 6.00005, -0.009251
22, 8.449999999999992, -3.4499999999999984, 6, 8.452050000000002, -3.4491000000000005, 6.00005, -0.009282
22, 8.449999999999992, -3.3999999999999986, 6, 8.44975, -3.4, 6.00005, -0.009251
22, 8.449999999999992, -3.3499999999999988, 6, 8.451, -3.35025, 6.0, -0.009277
22, 8.449999999999992, -3.299999999999999, 6, 8.44925, -3.2999500000000004, 5.999950000000001, -0.009241
22, 8.449999999999992, -3.249999999999999, 6, 8.45085, -3.25075, 5.999950000000001, -0.009246
22, 8.449999999999992, -3.1999999999999993, 6, 8.4519, -3.1999500000000003, 6.0, -0.009225
22, 8.449999999999992, -3.1499999999999995, 6, 8.448300000000001, -3.1495, 5.999950000000001, -0.009267
22, 8.449999999999992, -3.0999999999999996, 6, 8.449300000000001, -3.09975, 6.000100000000001, -0.009246
22, 8.449999999999992, -3.05, 6, 8.452350000000001, -3.0495, 6.00005, -0.009246
22, 8.449999999999992, -3.0, 6, 8.4517, -2.9999000000000002, 5.999950000000001, -0.009277
22, 8.449999999999992, -2.95, 6, 8.45075, -2.9499500000000003, 5.999950000000001, -0.009282
22, 8.449999999999992, -2.9000000000000004, 6, 8.45085, -2.8998000000000004, 6.000100000000001, -0.009287
22, 8.449999999999992, -2.8500000000000005, 6, 8.4511, -2.8504500000000004, 6.00005, -0.009272
22, 8.449999999999992, -2.8000000000000007, 6, 8.4501, -2.80045, 6.00005, -0.009256
22, 8.449999999999992, -2.750000000000001, 6, 8.448, -2.74955, 6.0, -0.009256
22, 8.449999999999992, -2.700000000000001, 6, 8.4506, -2.6994000000000002, 5.999950000000001, -0.009303
22, 8.449999999999992, -2.6500000000000012, 6, 8.4515, -2.6498000000000004, 5.999950000000001, -0.009251
22, 8.449999999999992, -2.6000000000000014, 6, 8.44945, -2.59965, 6.0, -0.009298
22, 8.449999999999992, -2.5500000000000016, 6, 8.45125, -2.55015, 6.00005, -0.009272
22, 8.449999999999992, -2.5000000000000018, 6, 8.4506, -2.49995, 6.00005, -0.009287
22, 8.449999999999992, -2.450000000000002, 6, 8.4476, -2.4493, 6.0, -0.009256
23, 8.499999999999993, -2.450000000000002, 6, 8.49925, -2.4502, 5.9999, -0.009267
23, 8.549999999999994, -2.450000000000002, 6, 8.5492, -2.44975, 5.9999, -0.009277
23, 8.599999999999994, -2.450000000000002, 6, 8.600200000000001, -2.4502, 6.0, -0.009287
23, 8.649999999999995, -2.450000000000002, 6, 8.6498, -2.45, 6.00005, -0.009267
23, 8.699999999999996, -2.450000000000002, 6, 8.69945, -2.44975, 6.000100000000001, -0.009277
23, 8.749999999999996, -2.450000000000002, 6, 8.74925, -2.4502, 6.000100000000001, -0.009282
23, 8.799999999999997, -2.450000000000002, 6, 8.800300000000002, -2.4499500000000003, 5.999950000000001, -0.009241
23, 8.849999999999998, -2.450000000000002, 6, 8.8515, -2.4498, 5.999950000000001, -0.009251
23, 8.899999999999999, -2.450000000000002, 6, 8.9002, -2.4499500000000003, 5.9999, -0.009282
23, 8.95, -2.450000000000002, 6, 8.951300000000002, -2.4502, 5.9999, -0.009251
23, 9.0, -2.450000000000002, 6, 8.99915, -2.45005, 5.999950000000001, -0.009251
23, 9.05, -2.450000000000002, 6, 9.050300000000002, -2.4498, 6.0, -0.009241
23, 9.100000000000001, -2.450000000000002, 6, 9.100050000000001, -2.4499500000000003, 6.000100000000001, -0.009277
23, 9.150000000000002, -2.450000000000002, 6, 9.15055, -2.45005, 6.000100000000001, -0.009241
23, 9.200000000000003, -2.450000000000002, 6, 9.200700000000001, -2.45005, 6.0, -0.009277
23, 9.250000000000004, -2.450000000000002, 6, 9.25015, -2.4501500000000003, 6.0, -0.009272
23, 9.300000000000004, -2.450000000000002, 6, 9.29945, -2.4499500000000003, 6.0, -0.009272
23, 9.350000000000005, -2.450000000000002, 6, 9.3504, -2.4499, 5.999950000000001, -0.009282
23, 9.400000000000006, -2.450000000000002, 6, 9.39945, -2.4499, 6.0, -0.009272
23, 9.450000000000006, -2.450000000000002, 6, 9.44975, -2.45, 5.999950000000001, -0.009261
23, 9.500000000000007, -2.450000000000002, 6, 9.501149999999999, -2.45005, 5.999950000000001, -0.00923
23, 9.550000000000008, -2.450000000000002, 6, 9.55075, -2.4501, 5.999950000000001, -0.009246
23, 9.600000000000009, -2.450000000000002, 6, 9.600100000000001, -2.4501, 5.999950000000001, -0.009282
23, 9.600000000000009, -2.5000000000000018, 6, 9.60065, -2.5, 6.00005, -0.009277
23, 9.600000000000009, -2.5500000000000016, 6, 9.60235, -2.5505500000000003, 6.000100000000001, -0.009241
23, 9.600000000000009, -2.6000000000000014, 6, 9.600100000000001, -2.59965, 6.00005, -0.009282
23, 9.600000000000009, -2.6500000000000012, 6, 9.5995, -2.6503, 6.00005, -0.009267
23, 9.600000000000009, -2.700000000000001, 6, 9.6018, -2.6994000000000002, 6.0, -0.009303
23, 9.600000000000009, -2.750000000000001, 6, 9.59915, -2.75015, 5.999950000000001, -0.009251
23, 9.600000000000009, -2.8000000000000007, 6, 9.59825, -2.80005, 5.999950000000001, -0.009235
23, 9.600000000000009, -2.8500000000000005, 6, 9.600700000000002, -2.8498, 5.999950000000001, -0.009272
23, 9.600000000000009, -2.9000000000000004, 6, 9.6015, -2.8997, 6.00005, -0.009272
23, 9.600000000000009, -2.95, 6, 9.60185, -2.94965, 6.000100000000001, -0.009241
23, 9.600000000000009, -3.0, 6, 9.600200000000001, -2.99995, 6.00005, -0.009267
23, 9.600000000000009, -3.05, 6, 9.602050000000002, -3.0511500000000003, 6.0, -0.009241
23, 9.600000000000009, -3.0999999999999996, 6, 9.59925, -3.09975, 6.0, -0.00922
23, 9.600000000000009, -3.1499999999999995, 6, 9.602, -3.1503, 6.0, -0.009246
23, 9.600000000000009, -3.1999999999999993, 6, 9.60035, -3.20005, 5.999950000000001, -0.00923
23, 9.600000000000009, -3.249999999999999, 6, 9.5999, -3.2504, 5.999950000000001, -0.009241
23, 9.600000000000009, -3.299999999999999, 6, 9.5991, -3.2992000000000004, 6.0, -0.009282
23, 9.600000000000009, -3.3499999999999988, 6, 9.59985, -3.35005, 6.0, -0.009214
23, 9.600000000000009, -3.3999999999999986, 6, 9.60215, -3.4009, 6.000100000000001, -0.009267
23, 9.600000000000009, -3.4499999999999984, 6, 9.598450000000001, -3.4504500000000005, 6.000100000000001, -0.009287
23, 9.600000000000009, -3.4999999999999982, 6, 9.6004, -3.4997000000000003, 6.00005, -0.009241
23, 9.600000000000009, -3.549999999999998, 6, 9.60215, -3.551, 6.0, -0.009246
23, 9.600000000000009, -3.599999999999998, 6, 9.59895, -3.59965, 6.0, -0.009261
24, 9.550000000000008, -3.599999999999998, 6, 9.549050000000001, -3.6003000000000003, 6.0, -0.009241
24, 9.500000000000007, -3.599999999999998, 6, 9.49915, -3.60015, 6.0, -0.009261
24, 9.450000000000006, -3.599999999999998, 6, 9.44975, -3.59975, 6.0, -0.009277
24, 9.400000000000006, -3.599999999999998, 6, 9.40035, -3.60005, 5.999950000000001, -0.009241
24, 9.350000000000005, -3.599999999999998, 6, 9.349200000000002, -3.60005, 5.999950000000001, -0.009282
24, 9.300000000000004, -3.599999999999998, 6, 9.2996, -3.5999, 6.0, -0.009235
24, 9.250000000000004, -3.599999999999998, 6, 9.2522, -3.59995, 5.9999, -0.009282
24, 9.200000000000003, -3.599999999999998, 6, 9.199800000000002, -3.6, 5.999950000000001, -0.009272
24, 9.150000000000002, -3.599999999999998, 6, 9.151, -3.59995, 6.000100000000001, -0.009261
24, 9.100000000000001, -3.599999999999998, 6, 9.1004, -3.60035, 6.000100000000001, -0.009277
24, 9.05, -3.599999999999998, 6, 9.049700000000001, -3.5999, 6.000100000000001, -0.009282
24, 9.0, -3.599999999999998, 6, 8.999300000000002, -3.59975, 6.00005, -0.009251
24, 8.95, -3.599999999999998, 6, 8.950149999999999, -3.60035, 5.999950000000001, -0.009256
24, 8.899999999999999, -3.599999999999998, 6, 8.8993, -3.5998500000000004, 5.999950000000001, -0.009241
24, 8.849999999999998, -3.599999999999998, 6, 8.850800000000001, -3.6003000000000003, 5.999950000000001, -0.009277
24, 8.799999999999997, -3.599999999999998, 6, 8.8008, -3.6003000000000003, 6.0, -0.009246
24, 8.749999999999996, -3.599999999999998, 6, 8.749300000000002, -3.59995, 6.00005, -0.009246
24, 8.699999999999996, -3.599999999999998, 6, 8.699950000000001, -3.59975, 6.00005, -0.009251
24, 8.649999999999995, -3.599999999999998, 6, 8.650300000000001, -3.6003000000000003, 6.00005, -0.009324
24, 8.599999999999994, -3.599999999999998, 6, 8.599300000000001, -3.59995, 5.999950000000001, -0.009272
24, 8.549999999999994, -3.599999999999998, 6, 8.5496, -3.6001000000000003, 6.0, -0.009293
24, 8.499999999999993, -3.599999999999998, 6, 8.5, -3.5999, 5.999950000000001, -0.009282
24, 8.449999999999992, -3.599999999999998, 6, 8.4496, -3.5998, 6.0, -0.009246
24, 8.399999999999991, -3.599999999999998, 6, 8.3994, -3.60015, 6.000100000000001, -0.009251
24, 8.399999999999991, -3.549999999999998, 6, 8.4006, -3.55, 6.000100000000001, -0.009287
24, 8.399999999999991, -3.4999999999999982, 6, 8.4001, -3.4996000000000005, 6.00005, -0.009282
24, 8.399999999999991, -3.4499999999999984, 6, 8.40055, -3.44885, 5.999950000000001, -0.009256
24, 8.399999999999991, -3.3999999999999986, 6, 8.3976, -3.39875, 6.0, -0.009282
24, 8.399999999999991, -3.3499999999999988, 6, 8.40055, -3.3498, 6.0, -0.009277
24, 8.399999999999991, -3.299999999999999, 6, 8.399700000000001, -3.2999500000000004, 6.0, -0.009251
24, 8.399999999999991, -3.249999999999999, 6, 8.400649999999999, -3.2495, 6.0, -0.009298
24, 8.399999999999991, -3.1999999999999993, 6, 8.39925, -3.19965, 6.0, -0.009246
24, 8.399999999999991, -3.1499999999999995, 6, 8.40115, -3.15055, 5.999950000000001, -0.009241
24, 8.399999999999991, -3.0999999999999996, 6, 8.398200000000001, -3.10025, 5.999950000000001, -0.009277
24, 8.399999999999991, -3.05, 6, 8.4007, -3.0499500000000004, 5.9999, -0.009241
24, 8.399999999999991, -3.0, 6, 8.400649999999999, -2.9999000000000002, 6.0, -0.009272
24, 8.399999999999991, -2.95, 6, 8.39875, -2.9508, 6.00005, -0.009287
24, 8.399999999999991, -2.9000000000000004, 6, 8.39845, -2.8997, 6.000100000000001, -0.00923
24, 8.399999999999991, -2.8500000000000005, 6, 8.39885, -2.8502, 6.0, -0.009225
24, 8.399999999999991, -2.8000000000000007, 6, 8.4005, -2.79985, 5.999950000000001, -0.009251
24, 8.399999999999991, -2.750000000000001, 6, 8.39865, -2.74935, 5.999950000000001, -0.009298
24, 8.399999999999991, -2.700000000000001, 6, 8.40015, -2.70075, 5.999950000000001, -0.009287
24, 8.399999999999991, -2.6500000000000012, 6, 8.3986, -2.6506000000000003, 5.999950000000001, -0.009246
24, 8.399999999999991, -2.6000000000000014, 6, 8.39985, -2.59965, 6.00005, -0.009241
24, 8.399999999999991, -2.5500000000000016, 6, 8.39765, -2.5501000000000005, 6.00005, -0.009282
24, 8.399999999999991, -2.5000000000000018, 6, 8.40095, -2.49975, 6.000100000000001, -0.009246
24, 8.399999999999991, -2.450000000000002, 6, 8.3975, -2.44945, 6.00005, -0.009272
24, 8.399999999999991, -2.400000000000002, 6, 8.39935, -2.4003, 6.00005, -0.009246
25, 8.449999999999992, -2.400000000000002, 6, 8.4497, -2.4, 6.0, -0.009246
25, 8.499999999999993, -2.400000000000002, 6, 8.500350000000001, -2.39985, 5.999950000000001, -0.00923
25, 8.549999999999994, -2.400000000000002, 6, 8.550550000000001, -2.4, 5.999950000000001, -0.009282
25, 8.599999999999994, -2.400000000000002, 6, 8.599350000000001, -2.4, 6.0, -0.009256
25, 8.649999999999995, -2.400000000000002, 6, 8.6502, -2.3999500000000005, 6.0, -0.009261
25, 8.699999999999996, -2.400000000000002, 6, 8.6996, -2.4, 6.00005, -0.009251
25, 8.749999999999996, -2.400000000000002, 6, 8.7492, -2.4001, 6.0, -0.009287
25, 8.799999999999997, -2.400000000000002, 6, 8.800450000000001, -2.39985, 6.0, -0.009272
25, 8.849999999999998, -2.400000000000002, 6, 8.85045, -2.4, 6.00005, -0.00923
25, 8.899999999999999, -2.400000000000002, 6, 8.9, -2.3998000000000004, 6.00005, -0.009251
25, 8.95, -2.400000000000002, 6, 8.9504, -2.40015, 5.9999, -0.009251
25, 9.0, -2.400000000000002, 6, 9.0001, -2.3998000000000004, 5.9999, -0.009246
25, 9.05, -2.400000000000002, 6, 9.05065, -2.4000500000000002, 5.9999, -0.009261
25, 9.100000000000001, -2.400000000000002, 6, 9.100200000000001, -2.39985, 6.00005, -0.009277
25, 9.150000000000002, -2.400000000000002, 6, 9.150300000000001, -2.3999, 6.000100000000001, -0.009256
25, 9.200000000000003, -2.400000000000002, 6, 9.19915, -2.40015, 6.000100000000001, -0.00923
25, 9.250000000000004, -2.400000000000002, 6, 9.25065, -2.3996500000000003, 6.0, -0.009246
25, 9.300000000000004, -2.400000000000002, 6, 9.30015, -2.40045, 5.999950000000001, -0.00923
25, 9.350000000000005, -2.400000000000002, 6, 9.349200000000002, -2.4, 5.999950000000001, -0.009261
25, 9.400000000000006, -2.400000000000002, 6, 9.40025, -2.3998000000000004, 5.999950000000001, -0.009287
25, 9.450000000000006, -2.400000000000002, 6, 9.45025, -2.40045, 5.999950000000001, -0.009246
25, 9.500000000000007, -2.400000000000002, 6, 9.50065, -2.3997, 6.00005, -0.009267
25, 9.550000000000008, -2.400000000000002, 6, 9.55035, -2.4002000000000003, 6.000100000000001, -0.009256
25, 9.600000000000009, -2.400000000000002, 6, 9.5995, -2.40035, 6.000100000000001, -0.009287
25, 9.65000000000001, -2.400000000000002, 6, 9.6505, -2.3996, 6.000100000000001, -0.009256
25, 9.65000000000001, -2.450000000000002, 6, 9.6486, -2.4495, 5.999950000000001, -0.009246
25, 9.65000000000001, -2.5000000000000018, 6, 9.6508, -2.4999000000000002, 5.999950000000001, -0.009235
25, 9.65000000000001, -2.5500000000000016, 6, 9.651, -2.5511000000000004, 6.0, -0.009246
25, 9.65000000000001, -2.6000000000000014, 6, 9.64985, -2.59995, 5.999950000000001, -0.009277
25, 9.65000000000001, -2.6500000000000012, 6, 9.649700000000001, -2.6503, 6.0, -0.009277
25, 9.65000000000001, -2.700000000000001, 6, 9.65135, -2.6994000000000002, 6.0, -0.009241
25, 9.65000000000001, -2.750000000000001, 6, 9.64995, -2.7499000000000002, 6.000100000000001, -0.009272
25, 9.65000000000001, -2.8000000000000007, 6, 9.6504, -2.80025, 6.000100000000001, -0.009246
25, 9.65000000000001, -2.8500000000000005, 6, 9.6491, -2.8499, 6.0, -0.009282
25, 9.65000000000001, -2.9000000000000004, 6, 9.6505, -2.8996500000000003, 6.0, -0.009277
25, 9.65000000000001, -2.95, 6, 9.6492, -2.9498500000000005, 5.999950000000001, -0.009267
25, 9.65000000000001, -3.0, 6, 9.64885, -2.99995, 5.999950000000001, -0.009277
25, 9.65000000000001, -3.05, 6, 9.64835, -3.0499500000000004, 6.00005, -0.009303
25, 9.65000000000001, -3.0999999999999996, 6, 9.649550000000001, -3.10075, 6.000100000000001, -0.009293
25, 9.65000000000001, -3.1499999999999995, 6, 9.65225, -3.1503, 6.000100000000001, -0.009282
25, 9.65000000000001, -3.1999999999999993, 6, 9.64845, -3.1999, 6.00005, -0.009272
25, 9.65000000000001, -3.249999999999999, 6, 9.65095, -3.24965, 5.999950000000001, -0.009225
25, 9.65000000000001, -3.299999999999999, 6, 9.6492, -3.29945, 5.999950000000001, -0.009272
25, 9.65000000000001, -3.3499999999999988, 6, 9.64995, -3.3506000000000005, 6.0, -0.009277
25, 9.65000000000001, -3.3999999999999986, 6, 9.65115, -3.40055, 6.0, -0.009277
25, 9.65000000000001, -3.4499999999999984, 6, 9.65015, -3.4504, 6.00005, -0.009282
25, 9.65000000000001, -3.4999999999999982, 6, 9.648399999999999, -3.49995, 6.00005, -0.009246
25, 9.65000000000001, -3.549999999999998, 6, 9.65165, -3.55075, 6.0, -0.009277
25, 9.65000000000001, -3.599999999999998, 6, 9.6511, -3.5994500000000005, 5.999950000000001, -0.009261
25, 9.65000000000001, -3.6499999999999977, 6, 9.6525, -3.6497, 5.999950000000001, -0.009214
0, 9, -3, 6.1, 9.64985, -3.6495, 5.999950000000001, -0.009246
