Voltage = 3.8, Current = 20.3, Pinhole = 10um, Objective = 20x, NA = 0.42 
0, 9.2, -2.55, 6, 9.2001, -2.55005, 5.999950000000001, -0.00923
1, 9.205, -2.55, 6, 9.2057, -2.5499, 5.999950000000001, -0.009209
1, 9.205, -2.5549999999999997, 6, 9.2057, -2.5554, 5.999950000000001, -0.009246
2, 9.2, -2.5549999999999997, 6, 9.199399999999999, -2.5554, 6.00005, -0.009241
2, 9.194999999999999, -2.5549999999999997, 6, 9.1942, -2.5551000000000004, 6.000100000000001, -0.00923
2, 9.194999999999999, -2.55, 6, 9.194450000000002, -2.54965, 6.000100000000001, -0.009209
2, 9.194999999999999, -2.545, 6, 9.195050000000002, -2.54525, 6.000100000000001, -0.009235
3, 9.2, -2.545, 6, 9.200700000000001, -2.54515, 6.000100000000001, -0.009209
3, 9.205, -2.545, 6, 9.20565, -2.545, 6.000100000000001, -0.009256
3, 9.21, -2.545, 6, 9.2096, -2.545, 6.000100000000001, -0.00923
3, 9.21, -2.55, 6, 9.210450000000002, -2.5497, 6.0, -0.009199
3, 9.21, -2.5549999999999997, 6, 9.210450000000002, -2.5551000000000004, 6.0, -0.009183
3, 9.21, -2.5599999999999996, 6, 9.209700000000002, -2.5598, 6.00005, -0.009194
4, 9.205, -2.5599999999999996, 6, 9.2045, -2.5603000000000002, 5.999950000000001, -0.009235
4, 9.2, -2.5599999999999996, 6, 9.19985, -2.56055, 5.999950000000001, -0.00923
4, 9.194999999999999, -2.5599999999999996, 6, 9.194600000000001, -2.5598500000000004, 5.9999, -0.009204
4, 9.189999999999998, -2.5599999999999996, 6, 9.18955, -2.5598, 5.9999, -0.009194
4, 9.189999999999998, -2.5549999999999997, 6, 9.1895, -2.5553000000000003, 5.999950000000001, -0.00922
4, 9.189999999999998, -2.55, 6, 9.190100000000001, -2.5501000000000005, 5.999950000000001, -0.009194
4, 9.189999999999998, -2.545, 6, 9.1902, -2.5446500000000003, 5.999950000000001, -0.009204
4, 9.189999999999998, -2.54, 6, 9.1902, -2.5402000000000005, 6.0, -0.009225
5, 9.194999999999999, -2.54, 6, 9.19475, -2.5401000000000002, 5.999950000000001, -0.009214
5, 9.2, -2.54, 6, 9.200800000000001, -2.54, 6.0, -0.009251
5, 9.205, -2.54, 6, 9.20565, -2.54, 6.00005, -0.009251
5, 9.21, -2.54, 6, 9.209550000000002, -2.5400500000000004, 6.000100000000001, -0.009246
5, 9.215000000000002, -2.54, 6, 9.2156, -2.54, 6.000100000000001, -0.009261
5, 9.215000000000002, -2.545, 6, 9.21565, -2.5445, 6.000100000000001, -0.009209
5, 9.215000000000002, -2.55, 6, 9.21495, -2.55015, 6.000100000000001, -0.00923
5, 9.215000000000002, -2.5549999999999997, 6, 9.21485, -2.5553500000000002, 6.00005, -0.009251
5, 9.215000000000002, -2.5599999999999996, 6, 9.21485, -2.5599000000000003, 6.00005, -0.009188
5, 9.215000000000002, -2.5649999999999995, 6, 9.215050000000002, -2.56455, 6.0, -0.009235
6, 9.21, -2.5649999999999995, 6, 9.21035, -2.56465, 6.0, -0.009214
6, 9.205, -2.5649999999999995, 6, 9.204300000000002, -2.5659, 6.0, -0.009214
6, 9.2, -2.5649999999999995, 6, 9.19985, -2.5649, 6.0, -0.009194
6, 9.194999999999999, -2.5649999999999995, 6, 9.194600000000001, -2.5648500000000003, 6.0, -0.009188
6, 9.189999999999998, -2.5649999999999995, 6, 9.1895, -2.5648500000000003, 6.0, -0.009183
6, 9.184999999999997, -2.5649999999999995, 6, 9.18475, -2.5648, 6.0, -0.009199
6, 9.184999999999997, -2.5599999999999996, 6, 9.18485, -2.55965, 6.0, -0.009241
6, 9.184999999999997, -2.5549999999999997, 6, 9.1851, -2.55525, 6.0, -0.00923
6, 9.184999999999997, -2.55, 6, 9.1854, -2.5495, 6.0, -0.009194
6, 9.184999999999997, -2.545, 6, 9.1852, -2.5449500000000005, 5.999950000000001, -0.009225
6, 9.184999999999997, -2.54, 6, 9.184899999999999, -2.54025, 5.999950000000001, -0.009209
6, 9.184999999999997, -2.535, 6, 9.184800000000001, -2.53525, 5.999950000000001, -0.009225
7, 9.189999999999998, -2.535, 6, 9.190100000000001, -2.5345500000000003, 5.9999, -0.00923
7, 9.194999999999999, -2.535, 6, 9.1956, -2.5345500000000003, 5.999950000000001, -0.009251
7, 9.2, -2.535, 6, 9.2004, -2.5353000000000003, 6.0, -0.009277
7, 9.205, -2.535, 6, 9.2056, -2.5354500000000004, 5.999950000000001, -0.009235
7, 9.21, -2.535, 6, 9.2095, -2.53475, 6.0, -0.009199
7, 9.215000000000002, -2.535, 6, 9.21555, -2.53465, 6.0, -0.009272
7, 9.220000000000002, -2.535, 6, 9.220600000000001, -2.5351000000000004, 6.0, -0.009246
7, 9.220000000000002, -2.54, 6, 9.220550000000001, -2.5398500000000004, 6.0, -0.009188
7, 9.220000000000002, -2.545, 6, 9.2204, -2.545, 6.00005, -0.009251
7, 9.220000000000002, -2.55, 6, 9.219700000000001, -2.55, 6.00005, -0.00923
7, 9.220000000000002, -2.5549999999999997, 6, 9.21945, -2.5553500000000002, 6.000100000000001, -0.009199
7, 9.220000000000002, -2.5599999999999996, 6, 9.22025, -2.5599000000000003, 6.000100000000001, -0.00923
7, 9.220000000000002, -2.5649999999999995, 6, 9.22035, -2.5647, 6.000100000000001, -0.009199
7, 9.220000000000002, -2.5699999999999994, 6, 9.22015, -2.5696000000000003, 6.000100000000001, -0.009235
8, 9.215000000000002, -2.5699999999999994, 6, 9.214300000000001, -2.5705500000000003, 6.00005, -0.009178
8, 9.21, -2.5699999999999994, 6, 9.209550000000002, -2.5705, 6.0, -0.009183
8, 9.205, -2.5699999999999994, 6, 9.2047, -2.56975, 6.0, -0.009157
8, 9.2, -2.5699999999999994, 6, 9.1999, -2.5697, 5.999950000000001, -0.009183
8, 9.194999999999999, -2.5699999999999994, 6, 9.194600000000001, -2.5697, 6.0, -0.009194
8, 9.189999999999998, -2.5699999999999994, 6, 9.18945, -2.5698000000000003, 6.0, -0.009256
8, 9.184999999999997, -2.5699999999999994, 6, 9.18475, -2.5705500000000003, 6.0, -0.009225
8, 9.179999999999996, -2.5699999999999994, 6, 9.179800000000002, -2.57045, 5.999950000000001, -0.009209
8, 9.179999999999996, -2.5649999999999995, 6, 9.1797, -2.5648500000000003, 6.0, -0.009183
8, 9.179999999999996, -2.5599999999999996, 6, 9.1797, -2.56015, 5.999950000000001, -0.009241
8, 9.179999999999996, -2.5549999999999997, 6, 9.1799, -2.5554500000000004, 5.999950000000001, -0.009214
8, 9.179999999999996, -2.55, 6, 9.18, -2.5495, 5.999950000000001, -0.00923
8, 9.179999999999996, -2.545, 6, 9.18015, -2.545, 5.999950000000001, -0.009256
8, 9.179999999999996, -2.54, 6, 9.1801, -2.54025, 5.999950000000001, -0.009241
8, 9.179999999999996, -2.535, 6, 9.1801, -2.5349, 6.0, -0.009246
8, 9.179999999999996, -2.5300000000000002, 6, 9.180050000000001, -2.53005, 6.00005, -0.009209
9, 9.184999999999997, -2.5300000000000002, 6, 9.18475, -2.53, 6.000100000000001, -0.00923
9, 9.189999999999998, -2.5300000000000002, 6, 9.1904, -2.5299500000000004, 6.00005, -0.009235
9, 9.194999999999999, -2.5300000000000002, 6, 9.19525, -2.5298000000000003, 6.00005, -0.009256
9, 9.2, -2.5300000000000002, 6, 9.20065, -2.5298000000000003, 6.00005, -0.009246
9, 9.205, -2.5300000000000002, 6, 9.205300000000001, -2.5299, 6.00005, -0.009214
9, 9.21, -2.5300000000000002, 6, 9.2101, -2.5299500000000004, 6.0, -0.009204
9, 9.215000000000002, -2.5300000000000002, 6, 9.21525, -2.53005, 6.0, -0.009246
9, 9.220000000000002, -2.5300000000000002, 6, 9.220300000000002, -2.5301000000000005, 6.00005, -0.009241
9, 9.225000000000003, -2.5300000000000002, 6, 9.225100000000001, -2.5301000000000005, 5.999950000000001, -0.009235
9, 9.225000000000003, -2.535, 6, 9.22515, -2.5344, 6.0, -0.009241
9, 9.225000000000003, -2.54, 6, 9.22515, -2.5404, 5.9999, -0.009256
9, 9.225000000000003, -2.545, 6, 9.22515, -2.5450500000000003, 5.9999, -0.009261
9, 9.225000000000003, -2.55, 6, 9.225050000000001, -2.5499500000000004, 5.999950000000001, -0.009256
9, 9.225000000000003, -2.5549999999999997, 6, 9.224950000000002, -2.55555, 5.999950000000001, -0.009209
9, 9.225000000000003, -2.5599999999999996, 6, 9.224950000000002, -2.5589500000000003, 5.9999, -0.00923
9, 9.225000000000003, -2.5649999999999995, 6, 9.225, -2.5649, 6.0, -0.009194
9, 9.225000000000003, -2.5699999999999994, 6, 9.225, -2.57065, 5.999950000000001, -0.009209
9, 9.225000000000003, -2.5749999999999993, 6, 9.225050000000001, -2.5753000000000004, 6.0, -0.009152
10, 9.220000000000002, -2.5749999999999993, 6, 9.220450000000001, -2.5753500000000003, 6.0, -0.009204
10, 9.215000000000002, -2.5749999999999993, 6, 9.21425, -2.57525, 6.0, -0.009214
10, 9.21, -2.5749999999999993, 6, 9.2096, -2.5751500000000003, 6.0, -0.009183
10, 9.205, -2.5749999999999993, 6, 9.2047, -2.5745, 6.0, -0.009225
10, 9.2, -2.5749999999999993, 6, 9.199950000000001, -2.5746, 5.999950000000001, -0.009173
10, 9.194999999999999, -2.5749999999999993, 6, 9.194600000000001, -2.5751500000000003, 6.0, -0.009225
10, 9.189999999999998, -2.5749999999999993, 6, 9.18945, -2.5752, 6.0, -0.009241
10, 9.184999999999997, -2.5749999999999993, 6, 9.18475, -2.5751500000000003, 6.0, -0.009225
10, 9.179999999999996, -2.5749999999999993, 6, 9.1799, -2.5751000000000004, 6.0, -0.009204
10, 9.174999999999995, -2.5749999999999993, 6, 9.174700000000001, -2.5749, 6.0, -0.009241
10, 9.174999999999995, -2.5699999999999994, 6, 9.1745, -2.56965, 6.0, -0.00922
10, 9.174999999999995, -2.5649999999999995, 6, 9.17475, -2.5649, 6.0, -0.009246
10, 9.174999999999995, -2.5599999999999996, 6, 9.17495, -2.5602000000000005, 6.0, -0.009199
10, 9.174999999999995, -2.5549999999999997, 6, 9.17505, -2.55555, 6.00005, -0.009251
10, 9.174999999999995, -2.55, 6, 9.1752, -2.5495, 6.000100000000001, -0.009235
10, 9.174999999999995, -2.545, 6, 9.17515, -2.5449500000000005, 6.00005, -0.009251
10, 9.174999999999995, -2.54, 6, 9.1752, -2.54025, 6.00005, -0.009225
10, 9.174999999999995, -2.535, 6, 9.175, -2.535, 6.000100000000001, -0.009246
10, 9.174999999999995, -2.5300000000000002, 6, 9.1749, -2.53005, 6.00005, -0.009261
10, 9.174999999999995, -2.5250000000000004, 6, 9.174850000000001, -2.5252000000000003, 6.00005, -0.00922
11, 9.179999999999996, -2.5250000000000004, 6, 9.180050000000001, -2.5250500000000002, 5.999950000000001, -0.00923
11, 9.184999999999997, -2.5250000000000004, 6, 9.1855, -2.5249500000000005, 5.999950000000001, -0.009261
11, 9.189999999999998, -2.5250000000000004, 6, 9.190050000000001, -2.5248500000000003, 5.999950000000001, -0.009251
11, 9.194999999999999, -2.5250000000000004, 6, 9.19575, -2.5249, 5.999950000000001, -0.009256
11, 9.2, -2.5250000000000004, 6, 9.20025, -2.5249, 5.999950000000001, -0.009261
11, 9.205, -2.5250000000000004, 6, 9.20555, -2.5249500000000005, 5.999950000000001, -0.009235
11, 9.21, -2.5250000000000004, 6, 9.2099, -2.5250500000000002, 6.0, -0.009261
11, 9.215000000000002, -2.5250000000000004, 6, 9.215300000000001, -2.5251000000000006, 6.0, -0.009241
11, 9.220000000000002, -2.5250000000000004, 6, 9.2204, -2.5250500000000002, 6.0, -0.009246
11, 9.225000000000003, -2.5250000000000004, 6, 9.22515, -2.5251000000000006, 6.0, -0.009277
11, 9.230000000000004, -2.5250000000000004, 6, 9.22965, -2.5250500000000002, 6.0, -0.009256
11, 9.230000000000004, -2.5300000000000002, 6, 9.22985, -2.5296000000000003, 6.00005, -0.009225
11, 9.230000000000004, -2.535, 6, 9.230450000000001, -2.53445, 6.00005, -0.009272
11, 9.230000000000004, -2.54, 6, 9.23025, -2.5404, 6.00005, -0.00922
11, 9.230000000000004, -2.545, 6, 9.22995, -2.5450500000000003, 6.000100000000001, -0.00923
11, 9.230000000000004, -2.55, 6, 9.22985, -2.5499, 6.00005, -0.009194
11, 9.230000000000004, -2.5549999999999997, 6, 9.22985, -2.5554, 6.00005, -0.009199
11, 9.230000000000004, -2.5599999999999996, 6, 9.2301, -2.559, 6.0, -0.009188
11, 9.230000000000004, -2.5649999999999995, 6, 9.230300000000002, -2.5649, 6.0, -0.009225
11, 9.230000000000004, -2.5699999999999994, 6, 9.23015, -2.5707000000000004, 6.00005, -0.009235
11, 9.230000000000004, -2.5749999999999993, 6, 9.229899999999999, -2.5753500000000003, 6.0, -0.009235
11, 9.230000000000004, -2.579999999999999, 6, 9.229800000000001, -2.5799000000000003, 6.0, -0.009235
12, 9.225000000000003, -2.579999999999999, 6, 9.2254, -2.5800500000000004, 5.999950000000001, -0.009214
12, 9.220000000000002, -2.579999999999999, 6, 9.22035, -2.5801000000000003, 5.999950000000001, -0.009194
12, 9.215000000000002, -2.579999999999999, 6, 9.21425, -2.5801000000000003, 5.999950000000001, -0.009204
12, 9.21, -2.579999999999999, 6, 9.20965, -2.5801000000000003, 5.999950000000001, -0.009214
12, 9.205, -2.579999999999999, 6, 9.2047, -2.5800500000000004, 5.999950000000001, -0.009194
12, 9.2, -2.579999999999999, 6, 9.1999, -2.58, 5.999950000000001, -0.00923
12, 9.194999999999999, -2.579999999999999, 6, 9.19465, -2.57995, 6.0, -0.009235
12, 9.189999999999998, -2.579999999999999, 6, 9.18955, -2.57995, 6.0, -0.009199
12, 9.184999999999997, -2.579999999999999, 6, 9.184700000000001, -2.57995, 5.999950000000001, -0.00922
12, 9.179999999999996, -2.579999999999999, 6, 9.179800000000002, -2.57995, 6.00005, -0.009225
12, 9.174999999999995, -2.579999999999999, 6, 9.174700000000001, -2.58, 6.000100000000001, -0.009178
12, 9.169999999999995, -2.579999999999999, 6, 9.170050000000002, -2.5801000000000003, 6.000100000000001, -0.009267
12, 9.169999999999995, -2.5749999999999993, 6, 9.16985, -2.5754, 6.000100000000001, -0.009225
12, 9.169999999999995, -2.5699999999999994, 6, 9.1698, -2.5695, 6.000100000000001, -0.009199
12, 9.169999999999995, -2.5649999999999995, 6, 9.16975, -2.5648500000000003, 6.000100000000001, -0.009235
12, 9.169999999999995, -2.5599999999999996, 6, 9.16985, -2.5602000000000005, 6.0, -0.009241
12, 9.169999999999995, -2.5549999999999997, 6, 9.16995, -2.5555, 6.00005, -0.00922
12, 9.169999999999995, -2.55, 6, 9.170050000000002, -2.5495, 5.999950000000001, -0.009194
12, 9.169999999999995, -2.545, 6, 9.1701, -2.5449500000000005, 6.0, -0.009225
12, 9.169999999999995, -2.54, 6, 9.17015, -2.5403000000000002, 6.0, -0.009246
12, 9.169999999999995, -2.535, 6, 9.1701, -2.5349, 5.999950000000001, -0.00922
12, 9.169999999999995, -2.5300000000000002, 6, 9.17015, -2.53005, 5.999950000000001, -0.009272
12, 9.169999999999995, -2.5250000000000004, 6, 9.170050000000002, -2.52515, 5.999950000000001, -0.009272
12, 9.169999999999995, -2.5200000000000005, 6, 9.16995, -2.52025, 5.999950000000001, -0.009256
13, 9.174999999999995, -2.5200000000000005, 6, 9.1745, -2.5196000000000005, 5.9999, -0.009209
13, 9.179999999999996, -2.5200000000000005, 6, 9.18055, -2.5195, 5.999950000000001, -0.009277
13, 9.184999999999997, -2.5200000000000005, 6, 9.18535, -2.52015, 6.0, -0.009287
13, 9.189999999999998, -2.5200000000000005, 6, 9.1903, -2.5202000000000004, 6.0, -0.009267
13, 9.194999999999999, -2.5200000000000005, 6, 9.19525, -2.5202000000000004, 6.0, -0.009241
13, 9.2, -2.5200000000000005, 6, 9.2005, -2.5201000000000002, 6.0, -0.009225
13, 9.205, -2.5200000000000005, 6, 9.205300000000001, -2.5198500000000004, 6.0, -0.009225
13, 9.21, -2.5200000000000005, 6, 9.2101, -2.5197000000000003, 6.0, -0.009235
13, 9.215000000000002, -2.5200000000000005, 6, 9.215200000000001, -2.5198500000000004, 6.0, -0.009267
13, 9.220000000000002, -2.5200000000000005, 6, 9.220300000000002, -2.5201000000000002, 6.00005, -0.009256
13, 9.225000000000003, -2.5200000000000005, 6, 9.225050000000001, -2.52025, 6.00005, -0.009251
13, 9.230000000000004, -2.5200000000000005, 6, 9.229700000000001, -2.5202000000000004, 6.000100000000001, -0.009251
13, 9.235000000000005, -2.5200000000000005, 6, 9.2353, -2.5201000000000002, 6.000100000000001, -0.009204
13, 9.235000000000005, -2.5250000000000004, 6, 9.2349, -2.5253500000000004, 6.000100000000001, -0.00923
13, 9.235000000000005, -2.5300000000000002, 6, 9.234800000000002, -2.5299, 6.00005, -0.009214
13, 9.235000000000005, -2.535, 6, 9.23485, -2.5346, 5.999950000000001, -0.009251
13, 9.235000000000005, -2.54, 6, 9.235, -2.5404500000000003, 5.999950000000001, -0.009199
13, 9.235000000000005, -2.545, 6, 9.2352, -2.5451000000000006, 5.999950000000001, -0.009267
13, 9.235000000000005, -2.55, 6, 9.23525, -2.5499500000000004, 5.999950000000001, -0.009246
13, 9.235000000000005, -2.5549999999999997, 6, 9.235050000000001, -2.5554, 5.999950000000001, -0.009204
13, 9.235000000000005, -2.5599999999999996, 6, 9.234800000000002, -2.5605, 5.999950000000001, -0.009183
13, 9.235000000000005, -2.5649999999999995, 6, 9.234800000000002, -2.5648500000000003, 5.999950000000001, -0.009235
13, 9.235000000000005, -2.5699999999999994, 6, 9.235050000000001, -2.5697, 6.0, -0.009199
13, 9.235000000000005, -2.5749999999999993, 6, 9.2352, -2.5755500000000002, 6.00005, -0.00922
13, 9.235000000000005, -2.579999999999999, 6, 9.2352, -2.5801000000000003, 6.000100000000001, -0.009188
13, 9.235000000000005, -2.584999999999999, 6, 9.235050000000001, -2.58455, 6.000100000000001, -0.009162
14, 9.230000000000004, -2.584999999999999, 6, 9.22985, -2.5853, 6.000100000000001, -0.009183
14, 9.225000000000003, -2.584999999999999, 6, 9.22525, -2.5856000000000003, 6.000100000000001, -0.00923
14, 9.220000000000002, -2.584999999999999, 6, 9.2204, -2.58475, 6.00005, -0.009235
14, 9.215000000000002, -2.584999999999999, 6, 9.2142, -2.58475, 6.00005, -0.009183
14, 9.21, -2.584999999999999, 6, 9.2096, -2.5848, 6.0, -0.009183
14, 9.205, -2.584999999999999, 6, 9.20475, -2.58515, 6.0, -0.009209
14, 9.2, -2.584999999999999, 6, 9.1999, -2.5854, 6.0, -0.009188
14, 9.194999999999999, -2.584999999999999, 6, 9.194600000000001, -2.58495, 5.999950000000001, -0.009162
14, 9.189999999999998, -2.584999999999999, 6, 9.18945, -2.5848500000000003, 6.0, -0.009235
14, 9.184999999999997, -2.584999999999999, 6, 9.184700000000001, -2.5848500000000003, 5.999950000000001, -0.009188
14, 9.179999999999996, -2.584999999999999, 6, 9.179800000000002, -2.58495, 5.999950000000001, -0.009235
14, 9.174999999999995, -2.584999999999999, 6, 9.17475, -2.5853, 5.999950000000001, -0.009209
14, 9.169999999999995, -2.584999999999999, 6, 9.16975, -2.5853500000000005, 5.999950000000001, -0.00923
14, 9.164999999999994, -2.584999999999999, 6, 9.16525, -2.5848500000000003, 5.999950000000001, -0.009261
14, 9.164999999999994, -2.579999999999999, 6, 9.1643, -2.58025, 5.999950000000001, -0.009214
14, 9.164999999999994, -2.5749999999999993, 6, 9.164550000000002, -2.57525, 6.0, -0.009267
14, 9.164999999999994, -2.5699999999999994, 6, 9.16505, -2.5694500000000002, 6.0, -0.009267
14, 9.164999999999994, -2.5649999999999995, 6, 9.1651, -2.5648, 6.0, -0.009251
14, 9.164999999999994, -2.5599999999999996, 6, 9.1651, -2.56025, 6.0, -0.009261
14, 9.164999999999994, -2.5549999999999997, 6, 9.165149999999999, -2.5555, 5.999950000000001, -0.00923
14, 9.164999999999994, -2.55, 6, 9.1651, -2.54965, 6.0, -0.009225
14, 9.164999999999994, -2.545, 6, 9.1651, -2.5449500000000005, 6.0, -0.00923
14, 9.164999999999994, -2.54, 6, 9.16505, -2.5402000000000005, 6.00005, -0.009267
14, 9.164999999999994, -2.535, 6, 9.164950000000001, -2.5348500000000005, 6.00005, -0.009298
14, 9.164999999999994, -2.5300000000000002, 6, 9.16485, -2.53, 6.00005, -0.009225
14, 9.164999999999994, -2.5250000000000004, 6, 9.164950000000001, -2.5252000000000003, 6.000100000000001, -0.009277
14, 9.164999999999994, -2.5200000000000005, 6, 9.1649, -2.52025, 6.000100000000001, -0.00923
14, 9.164999999999994, -2.5150000000000006, 6, 9.164950000000001, -2.51465, 6.000100000000001, -0.009261
15, 9.169999999999995, -2.5150000000000006, 6, 9.16995, -2.5145500000000003, 6.00005, -0.009235
15, 9.174999999999995, -2.5150000000000006, 6, 9.1752, -2.5147000000000004, 6.00005, -0.009256
15, 9.179999999999996, -2.5150000000000006, 6, 9.18055, -2.51475, 6.0, -0.009246
15, 9.184999999999997, -2.5150000000000006, 6, 9.18525, -2.51565, 6.0, -0.009241
15, 9.189999999999998, -2.5150000000000006, 6, 9.19035, -2.5154, 6.0, -0.00923
15, 9.194999999999999, -2.5150000000000006, 6, 9.195300000000001, -2.5148, 6.0, -0.009246
15, 9.2, -2.5150000000000006, 6, 9.20045, -2.5148, 6.0, -0.009235
15, 9.205, -2.5150000000000006, 6, 9.2055, -2.51475, 6.0, -0.00923
15, 9.21, -2.5150000000000006, 6, 9.209800000000001, -2.5148, 5.999950000000001, -0.009225
15, 9.215000000000002, -2.5150000000000006, 6, 9.21535, -2.5153000000000003, 5.999950000000001, -0.00922
15, 9.220000000000002, -2.5150000000000006, 6, 9.22035, -2.51555, 5.999950000000001, -0.009225
15, 9.225000000000003, -2.5150000000000006, 6, 9.225050000000001, -2.5148500000000005, 5.999950000000001, -0.00923
15, 9.230000000000004, -2.5150000000000006, 6, 9.229800000000001, -2.51475, 5.999950000000001, -0.00922
15, 9.235000000000005, -2.5150000000000006, 6, 9.2353, -2.5148, 5.999950000000001, -0.009225
15, 9.240000000000006, -2.5150000000000006, 6, 9.2399, -2.5148500000000005, 5.999950000000001, -0.00923
15, 9.240000000000006, -2.5200000000000005, 6, 9.2401, -2.5203500000000005, 6.00005, -0.009267
15, 9.240000000000006, -2.5250000000000004, 6, 9.24015, -2.5251000000000006, 6.000100000000001, -0.009225
15, 9.240000000000006, -2.5300000000000002, 6, 9.24015, -2.5298000000000003, 6.000100000000001, -0.009261
15, 9.240000000000006, -2.535, 6, 9.2401, -2.5345500000000003, 6.000100000000001, -0.009225
15, 9.240000000000006, -2.54, 6, 9.24, -2.5404, 6.000100000000001, -0.00923
15, 9.240000000000006, -2.545, 6, 9.23975, -2.5451000000000006, 6.00005, -0.009199
15, 9.240000000000006, -2.55, 6, 9.2399, -2.5499500000000004, 6.00005, -0.009246
15, 9.240000000000006, -2.5549999999999997, 6, 9.24, -2.5554, 6.0, -0.009214
15, 9.240000000000006, -2.5599999999999996, 6, 9.2401, -2.5598500000000004, 6.00005, -0.00922
15, 9.240000000000006, -2.5649999999999995, 6, 9.240050000000002, -2.5648, 5.999950000000001, -0.00922
15, 9.240000000000006, -2.5699999999999994, 6, 9.2401, -2.5696000000000003, 5.999950000000001, -0.009194
15, 9.240000000000006, -2.5749999999999993, 6, 9.240050000000002, -2.5755500000000002, 5.999950000000001, -0.009204
15, 9.240000000000006, -2.579999999999999, 6, 9.23995, -2.5801000000000003, 5.9999, -0.009199
15, 9.240000000000006, -2.584999999999999, 6, 9.23985, -2.5845, 5.999950000000001, -0.009199
15, 9.240000000000006, -2.589999999999999, 6, 9.23985, -2.5902000000000003, 5.999950000000001, -0.009209
16, 9.235000000000005, -2.589999999999999, 6, 9.23545, -2.5903, 6.0, -0.009199
16, 9.230000000000004, -2.589999999999999, 6, 9.22975, -2.59015, 6.0, -0.009178
16, 9.225000000000003, -2.589999999999999, 6, 9.2253, -2.5899500000000004, 5.999950000000001, -0.009209
16, 9.220000000000002, -2.589999999999999, 6, 9.2204, -2.58975, 6.00005, -0.009178
16, 9.215000000000002, -2.589999999999999, 6, 9.2141, -2.58975, 6.000100000000001, -0.009183
16, 9.21, -2.589999999999999, 6, 9.2096, -2.59015, 6.000100000000001, -0.009194
16, 9.205, -2.589999999999999, 6, 9.20475, -2.5902000000000003, 6.000100000000001, -0.009183
16, 9.2, -2.589999999999999, 6, 9.1999, -2.59015, 6.000100000000001, -0.009194
16, 9.194999999999999, -2.589999999999999, 6, 9.194550000000001, -2.59005, 6.000100000000001, -0.00922
16, 9.189999999999998, -2.589999999999999, 6, 9.18955, -2.5899, 6.00005, -0.009168
16, 9.184999999999997, -2.589999999999999, 6, 9.18475, -2.58975, 6.0, -0.009173
16, 9.179999999999996, -2.589999999999999, 6, 9.17985, -2.5898000000000003, 6.0, -0.009204
16, 9.174999999999995, -2.589999999999999, 6, 9.174700000000001, -2.59005, 6.0, -0.009277
16, 9.169999999999995, -2.589999999999999, 6, 9.1698, -2.59015, 5.999950000000001, -0.00922
16, 9.164999999999994, -2.589999999999999, 6, 9.16525, -2.59015, 5.999950000000001, -0.009251
16, 9.159999999999993, -2.589999999999999, 6, 9.159450000000001, -2.59005, 5.999950000000001, -0.009225
16, 9.159999999999993, -2.584999999999999, 6, 9.15935, -2.5850500000000003, 5.999950000000001, -0.009235
16, 9.159999999999993, -2.579999999999999, 6, 9.160050000000002, -2.5800500000000004, 5.999950000000001, -0.009246
16, 9.159999999999993, -2.5749999999999993, 6, 9.1601, -2.5752, 5.999950000000001, -0.009267
16, 9.159999999999993, -2.5699999999999994, 6, 9.160200000000001, -2.5694, 6.0, -0.009241
16, 9.159999999999993, -2.5649999999999995, 6, 9.1601, -2.5648500000000003, 5.999950000000001, -0.009241
16, 9.159999999999993, -2.5599999999999996, 6, 9.15995, -2.5603000000000002, 6.00005, -0.009287
16, 9.159999999999993, -2.5549999999999997, 6, 9.15985, -2.5555, 6.000100000000001, -0.009261
16, 9.159999999999993, -2.55, 6, 9.15985, -2.54965, 6.000100000000001, -0.009225
16, 9.159999999999993, -2.545, 6, 9.15985, -2.5449, 6.000100000000001, -0.009277
16, 9.159999999999993, -2.54, 6, 9.16, -2.5403000000000002, 6.000100000000001, -0.00922
16, 9.159999999999993, -2.535, 6, 9.16015, -2.5353000000000003, 6.000100000000001, -0.009235
16, 9.159999999999993, -2.5300000000000002, 6, 9.160200000000001, -2.52975, 6.0, -0.00923
16, 9.159999999999993, -2.5250000000000004, 6, 9.16025, -2.52515, 6.00005, -0.009256
16, 9.159999999999993, -2.5200000000000005, 6, 9.1601, -2.5202000000000004, 5.999950000000001, -0.009241
16, 9.159999999999993, -2.5150000000000006, 6, 9.15985, -2.5145, 6.0, -0.009241
16, 9.159999999999993, -2.5100000000000007, 6, 9.1597, -2.51005, 6.0, -0.00923
17, 9.164999999999994, -2.5100000000000007, 6, 9.164800000000001, -2.5099500000000003, 6.0, -0.009246
17, 9.169999999999995, -2.5100000000000007, 6, 9.17015, -2.5099, 6.0, -0.009251
17, 9.174999999999995, -2.5100000000000007, 6, 9.17525, -2.5099, 5.999950000000001, -0.00923
17, 9.179999999999996, -2.5100000000000007, 6, 9.1805, -2.5099, 5.999950000000001, -0.009287
17, 9.184999999999997, -2.5100000000000007, 6, 9.1852, -2.5099500000000003, 5.999950000000001, -0.009298
17, 9.189999999999998, -2.5100000000000007, 6, 9.19025, -2.5099500000000003, 5.999950000000001, -0.009261
17, 9.194999999999999, -2.5100000000000007, 6, 9.195450000000001, -2.51, 5.999950000000001, -0.009235
17, 9.2, -2.5100000000000007, 6, 9.200149999999999, -2.51, 5.999950000000001, -0.009272
17, 9.205, -2.5100000000000007, 6, 9.20515, -2.51005, 5.999950000000001, -0.009272
17, 9.21, -2.5100000000000007, 6, 9.21025, -2.51005, 5.999950000000001, -0.009272
17, 9.215000000000002, -2.5100000000000007, 6, 9.2151, -2.51005, 6.00005, -0.009272
17, 9.220000000000002, -2.5100000000000007, 6, 9.220300000000002, -2.51, 6.000100000000001, -0.009246
17, 9.225000000000003, -2.5100000000000007, 6, 9.225, -2.51, 6.000100000000001, -0.009241
17, 9.230000000000004, -2.5100000000000007, 6, 9.22965, -2.5099500000000003, 6.00005, -0.009256
17, 9.235000000000005, -2.5100000000000007, 6, 9.2353, -2.5099, 6.000100000000001, -0.009267
17, 9.240000000000006, -2.5100000000000007, 6, 9.23985, -2.5099, 6.00005, -0.009251
17, 9.245000000000006, -2.5100000000000007, 6, 9.24475, -2.5099500000000003, 6.0, -0.009282
17, 9.245000000000006, -2.5150000000000006, 6, 9.244800000000001, -2.5145500000000003, 6.0, -0.009241
17, 9.245000000000006, -2.5200000000000005, 6, 9.24505, -2.5203500000000005, 6.0, -0.00923
17, 9.245000000000006, -2.5250000000000004, 6, 9.24565, -2.5251000000000006, 6.00005, -0.009282
17, 9.245000000000006, -2.5300000000000002, 6, 9.24505, -2.5297, 6.0, -0.009246
17, 9.245000000000006, -2.535, 6, 9.245, -2.5345, 5.999950000000001, -0.009277
17, 9.245000000000006, -2.54, 6, 9.24485, -2.5404, 6.0, -0.009214
17, 9.245000000000006, -2.545, 6, 9.2449, -2.5450500000000003, 5.999950000000001, -0.009214
17, 9.245000000000006, -2.55, 6, 9.244950000000001, -2.55015, 5.999950000000001, -0.009214
17, 9.245000000000006, -2.5549999999999997, 6, 9.245, -2.5553500000000002, 5.999950000000001, -0.009251
17, 9.245000000000006, -2.5599999999999996, 6, 9.245, -2.5598500000000004, 5.999950000000001, -0.009241
17, 9.245000000000006, -2.5649999999999995, 6, 9.24505, -2.5648, 6.0, -0.009214
17, 9.245000000000006, -2.5699999999999994, 6, 9.245149999999999, -2.56965, 5.999950000000001, -0.009199
17, 9.245000000000006, -2.5749999999999993, 6, 9.2451, -2.5756000000000006, 5.999950000000001, -0.009225
17, 9.245000000000006, -2.579999999999999, 6, 9.24505, -2.57995, 5.999950000000001, -0.009225
17, 9.245000000000006, -2.584999999999999, 6, 9.2451, -2.58455, 5.999950000000001, -0.009241
17, 9.245000000000006, -2.589999999999999, 6, 9.245, -2.59015, 6.00005, -0.009183
17, 9.245000000000006, -2.594999999999999, 6, 9.2449, -2.5947000000000005, 6.000100000000001, -0.009225
18, 9.240000000000006, -2.594999999999999, 6, 9.240300000000001, -2.59475, 6.000100000000001, -0.009214
18, 9.235000000000005, -2.594999999999999, 6, 9.23525, -2.5948, 6.000100000000001, -0.009183
18, 9.230000000000004, -2.594999999999999, 6, 9.22975, -2.5948500000000005, 6.000100000000001, -0.009188
18, 9.225000000000003, -2.594999999999999, 6, 9.2253, -2.5949500000000003, 6.000100000000001, -0.009204
18, 9.220000000000002, -2.594999999999999, 6, 9.220450000000001, -2.595, 6.0, -0.009194
18, 9.215000000000002, -2.594999999999999, 6, 9.2149, -2.5949, 5.999950000000001, -0.009199
18, 9.21, -2.594999999999999, 6, 9.2096, -2.5949500000000003, 5.999950000000001, -0.009194
18, 9.205, -2.594999999999999, 6, 9.20495, -2.5949500000000003, 5.999950000000001, -0.009173
18, 9.2, -2.594999999999999, 6, 9.19985, -2.5949500000000003, 5.999950000000001, -0.009225
18, 9.194999999999999, -2.594999999999999, 6, 9.194550000000001, -2.5949500000000003, 6.0, -0.009188
18, 9.189999999999998, -2.594999999999999, 6, 9.18945, -2.5949500000000003, 5.999950000000001, -0.009204
18, 9.184999999999997, -2.594999999999999, 6, 9.184800000000001, -2.5949, 6.0, -0.009225
18, 9.179999999999996, -2.594999999999999, 6, 9.17985, -2.595, 6.0, -0.009256
18, 9.174999999999995, -2.594999999999999, 6, 9.174850000000001, -2.595, 6.0, -0.009209
18, 9.169999999999995, -2.594999999999999, 6, 9.17, -2.59595, 6.0, -0.00922
18, 9.164999999999994, -2.594999999999999, 6, 9.16525, -2.5949500000000003, 6.0, -0.009204
18, 9.159999999999993, -2.594999999999999, 6, 9.1595, -2.5949500000000003, 6.0, -0.009235
18, 9.154999999999992, -2.594999999999999, 6, 9.154950000000001, -2.5949, 6.0, -0.009241
18, 9.154999999999992, -2.589999999999999, 6, 9.1547, -2.5905500000000004, 6.00005, -0.009235
18, 9.154999999999992, -2.584999999999999, 6, 9.15465, -2.5857, 6.000100000000001, -0.009235
18, 9.154999999999992, -2.579999999999999, 6, 9.154950000000001, -2.5798, 6.000100000000001, -0.009235
18, 9.154999999999992, -2.5749999999999993, 6, 9.155100000000001, -2.5751000000000004, 6.000100000000001, -0.009261
18, 9.154999999999992, -2.5699999999999994, 6, 9.155149999999999, -2.5694500000000002, 6.000100000000001, -0.009267
18, 9.154999999999992, -2.5649999999999995, 6, 9.1552, -2.5648, 6.000100000000001, -0.00922
18, 9.154999999999992, -2.5599999999999996, 6, 9.155149999999999, -2.5603000000000002, 6.00005, -0.009293
18, 9.154999999999992, -2.5549999999999997, 6, 9.155, -2.55555, 6.0, -0.009214
18, 9.154999999999992, -2.55, 6, 9.15485, -2.54965, 6.0, -0.009267
18, 9.154999999999992, -2.545, 6, 9.15485, -2.5449, 6.0, -0.009267
18, 9.154999999999992, -2.54, 6, 9.15485, -2.5402000000000005, 6.0, -0.009261
18, 9.154999999999992, -2.535, 6, 9.155, -2.5348500000000005, 6.0, -0.009246
18, 9.154999999999992, -2.5300000000000002, 6, 9.1552, -2.53, 6.0, -0.009267
18, 9.154999999999992, -2.5250000000000004, 6, 9.1552, -2.5252000000000003, 6.0, -0.009246
18, 9.154999999999992, -2.5200000000000005, 6, 9.155149999999999, -2.52025, 6.0, -0.009246
18, 9.154999999999992, -2.5150000000000006, 6, 9.155, -2.5145500000000003, 6.0, -0.009267
18, 9.154999999999992, -2.5100000000000007, 6, 9.15485, -2.51, 6.0, -0.009256
18, 9.154999999999992, -2.505000000000001, 6, 9.154800000000002, -2.5052000000000003, 6.0, -0.009261
19, 9.159999999999993, -2.505000000000001, 6, 9.15975, -2.50505, 6.0, -0.009235
19, 9.164999999999994, -2.505000000000001, 6, 9.165149999999999, -2.505, 6.0, -0.009277
19, 9.169999999999995, -2.505000000000001, 6, 9.17015, -2.5048500000000002, 6.0, -0.009225
19, 9.174999999999995, -2.505000000000001, 6, 9.17525, -2.5048500000000002, 6.0, -0.009246
19, 9.179999999999996, -2.505000000000001, 6, 9.1805, -2.5049, 5.999950000000001, -0.009267
19, 9.184999999999997, -2.505000000000001, 6, 9.1852, -2.5049500000000005, 5.999950000000001, -0.009246
19, 9.189999999999998, -2.505000000000001, 6, 9.19025, -2.505, 6.0, -0.009272
19, 9.194999999999999, -2.505000000000001, 6, 9.19555, -2.5051000000000005, 5.999950000000001, -0.00923
19, 9.2, -2.505000000000001, 6, 9.2003, -2.5051000000000005, 5.999950000000001, -0.009241
19, 9.205, -2.505000000000001, 6, 9.2055, -2.5051000000000005, 5.999950000000001, -0.009256
19, 9.21, -2.505000000000001, 6, 9.209800000000001, -2.50505, 5.999950000000001, -0.009267
19, 9.215000000000002, -2.505000000000001, 6, 9.215300000000001, -2.505, 5.999950000000001, -0.009261
19, 9.220000000000002, -2.505000000000001, 6, 9.2201, -2.5049500000000005, 5.999950000000001, -0.009272
19, 9.225000000000003, -2.505000000000001, 6, 9.225, -2.5049500000000005, 6.0, -0.009282
19, 9.230000000000004, -2.505000000000001, 6, 9.229700000000001, -2.5049500000000005, 5.999950000000001, -0.009246
19, 9.235000000000005, -2.505000000000001, 6, 9.2353, -2.505, 6.00005, -0.009256
19, 9.240000000000006, -2.505000000000001, 6, 9.23985, -2.505, 6.0, -0.009246
19, 9.245000000000006, -2.505000000000001, 6, 9.2446, -2.50505, 6.00005, -0.009225
19, 9.250000000000007, -2.505000000000001, 6, 9.25015, -2.5051000000000005, 6.00005, -0.009246
19, 9.250000000000007, -2.5100000000000007, 6, 9.250200000000001, -2.5097000000000005, 6.00005, -0.009251
19, 9.250000000000007, -2.5150000000000006, 6, 9.250200000000001, -2.5145500000000003, 6.00005, -0.009235
19, 9.250000000000007, -2.5200000000000005, 6, 9.2501, -2.5203500000000005, 6.00005, -0.009256
19, 9.250000000000007, -2.5250000000000004, 6, 9.249649999999999, -2.5250500000000002, 6.0, -0.009261
19, 9.250000000000007, -2.5300000000000002, 6, 9.24985, -2.52975, 6.0, -0.00923
19, 9.250000000000007, -2.535, 6, 9.25, -2.5353000000000003, 6.00005, -0.009209
19, 9.250000000000007, -2.54, 6, 9.25015, -2.5398500000000004, 6.0, -0.009261
19, 9.250000000000007, -2.545, 6, 9.25015, -2.545, 6.00005, -0.009256
19, 9.250000000000007, -2.55, 6, 9.25015, -2.5499500000000004, 6.0, -0.00922
19, 9.250000000000007, -2.5549999999999997, 6, 9.24975, -2.55555, 6.0, -0.009214
19, 9.250000000000007, -2.5599999999999996, 6, 9.25015, -2.5604500000000003, 5.999950000000001, -0.009194
19, 9.250000000000007, -2.5649999999999995, 6, 9.250200000000001, -2.5648500000000003, 6.0, -0.009204
19, 9.250000000000007, -2.5699999999999994, 6, 9.2501, -2.5698000000000003, 6.0, -0.009251
19, 9.250000000000007, -2.5749999999999993, 6, 9.24995, -2.5756000000000006, 6.0, -0.009241
19, 9.250000000000007, -2.579999999999999, 6, 9.2498, -2.5802000000000005, 5.999950000000001, -0.009241
19, 9.250000000000007, -2.584999999999999, 6, 9.2499, -2.58455, 5.999950000000001, -0.009199
19, 9.250000000000007, -2.589999999999999, 6, 9.250050000000002, -2.589, 5.999950000000001, -0.009199
19, 9.250000000000007, -2.594999999999999, 6, 9.25015, -2.59505, 5.999950000000001, -0.009178
19, 9.250000000000007, -2.5999999999999988, 6, 9.2501, -2.60055, 5.999950000000001, -0.009199
20, 9.245000000000006, -2.5999999999999988, 6, 9.24485, -2.6005, 5.999950000000001, -0.009225
20, 9.240000000000006, -2.5999999999999988, 6, 9.2401, -2.5998500000000004, 6.00005, -0.00922
20, 9.235000000000005, -2.5999999999999988, 6, 9.23525, -2.59975, 6.000100000000001, -0.009178
20, 9.230000000000004, -2.5999999999999988, 6, 9.229800000000001, -2.5998, 6.000100000000001, -0.009173
20, 9.225000000000003, -2.5999999999999988, 6, 9.2253, -2.6001000000000003, 6.00005, -0.009173
20, 9.220000000000002, -2.5999999999999988, 6, 9.220450000000001, -2.60035, 6.000100000000001, -0.009194
20, 9.215000000000002, -2.5999999999999988, 6, 9.2141, -2.60015, 6.000100000000001, -0.009168
20, 9.21, -2.5999999999999988, 6, 9.2096, -2.5999, 6.00005, -0.009204
20, 9.205, -2.5999999999999988, 6, 9.2047, -2.59975, 6.0, -0.009183
20, 9.2, -2.5999999999999988, 6, 9.19985, -2.5998, 5.999950000000001, -0.009194
20, 9.194999999999999, -2.5999999999999988, 6, 9.194550000000001, -2.5999, 5.999950000000001, -0.009235
20, 9.189999999999998, -2.5999999999999988, 6, 9.1895, -2.6002, 5.999950000000001, -0.009235
20, 9.184999999999997, -2.5999999999999988, 6, 9.184800000000001, -2.60025, 5.999950000000001, -0.009199
20, 9.179999999999996, -2.5999999999999988, 6, 9.179800000000002, -2.6001000000000003, 5.999950000000001, -0.009261
20, 9.174999999999995, -2.5999999999999988, 6, 9.174800000000001, -2.59995, 6.0, -0.009251
20, 9.169999999999995, -2.5999999999999988, 6, 9.16985, -2.5998, 6.0, -0.009209
20, 9.164999999999994, -2.5999999999999988, 6, 9.16525, -2.5998500000000004, 5.999950000000001, -0.009235
20, 9.159999999999993, -2.5999999999999988, 6, 9.1594, -2.59995, 6.00005, -0.009277
20, 9.154999999999992, -2.5999999999999988, 6, 9.154950000000001, -2.60015, 6.000100000000001, -0.009282
20, 9.149999999999991, -2.5999999999999988, 6, 9.15005, -2.60025, 6.000100000000001, -0.009246
20, 9.149999999999991, -2.594999999999999, 6, 9.149899999999999, -2.5948500000000005, 6.000100000000001, -0.009267
20, 9.149999999999991, -2.589999999999999, 6, 9.14975, -2.5903500000000004, 6.00005, -0.009225
20, 9.149999999999991, -2.584999999999999, 6, 9.149700000000001, -2.5856500000000002, 6.00005, -0.009235
20, 9.149999999999991, -2.579999999999999, 6, 9.14975, -2.5798, 6.00005, -0.009272
20, 9.149999999999991, -2.5749999999999993, 6, 9.149899999999999, -2.5751000000000004, 6.0, -0.009277
20, 9.149999999999991, -2.5699999999999994, 6, 9.15005, -2.56965, 6.0, -0.009235
20, 9.149999999999991, -2.5649999999999995, 6, 9.15015, -2.56475, 6.00005, -0.009277
20, 9.149999999999991, -2.5599999999999996, 6, 9.1502, -2.56025, 6.0, -0.009261
20, 9.149999999999991, -2.5549999999999997, 6, 9.15015, -2.55555, 6.0, -0.009277
20, 9.149999999999991, -2.55, 6, 9.15005, -2.54965, 6.0, -0.009246
20, 9.149999999999991, -2.545, 6, 9.149899999999999, -2.545, 6.0, -0.009246
20, 9.149999999999991, -2.54, 6, 9.14985, -2.54025, 6.0, -0.009241
20, 9.149999999999991, -2.535, 6, 9.14985, -2.53525, 5.999950000000001, -0.009287
20, 9.149999999999991, -2.5300000000000002, 6, 9.1498, -2.52975, 5.999950000000001, -0.009246
20, 9.149999999999991, -2.5250000000000004, 6, 9.149899999999999, -2.52515, 5.999950000000001, -0.00922
20, 9.149999999999991, -2.5200000000000005, 6, 9.15, -2.5202000000000004, 5.999950000000001, -0.009261
20, 9.149999999999991, -2.5150000000000006, 6, 9.1501, -2.5145500000000003, 5.999950000000001, -0.009282
20, 9.149999999999991, -2.5100000000000007, 6, 9.15015, -2.51, 5.999950000000001, -0.009272
20, 9.149999999999991, -2.505000000000001, 6, 9.1501, -2.5052000000000003, 5.999950000000001, -0.009272
20, 9.149999999999991, -2.500000000000001, 6, 9.1501, -2.49975, 6.0, -0.009261
0, 9.2, -2.55, 6.1, 9.1501, -2.49975, 6.0, -0.009246
