Voltage = 3.8, Current = 20.3, Pinhole = 10um, Objective = 20x, NA = 0.42 
0, 9.22, -2.6, 5.95, 9.22075, -2.6001000000000003, 5.95, -0.009157
1, 9.22, -2.595, 5.95, 9.2196, -2.5952, 5.95, -0.009141
1, 9.22, -2.595, 5.945, 9.219899999999999, -2.5944000000000003, 5.94495, -0.009152
2, 9.22, -2.6, 5.945, 9.2201, -2.6002, 5.9449000000000005, -0.009157
2, 9.22, -2.605, 5.945, 9.2202, -2.6048, 5.9449000000000005, -0.009162
2, 9.22, -2.605, 5.95, 9.2202, -2.6048, 5.9496, -0.009168
2, 9.22, -2.605, 5.955, 9.21995, -2.6049, 5.9549, -0.009152
3, 9.22, -2.6, 5.955, 9.21995, -2.5998, 5.955100000000001, -0.009157
3, 9.22, -2.595, 5.955, 9.219800000000001, -2.5953000000000004, 5.955100000000001, -0.009147
3, 9.22, -2.5900000000000003, 5.955, 9.219800000000001, -2.5899, 5.955100000000001, -0.009152
3, 9.22, -2.5900000000000003, 5.95, 9.22, -2.5899, 5.951, -0.009141
3, 9.22, -2.5900000000000003, 5.945, 9.22, -2.58985, 5.94535, -0.009115
3, 9.22, -2.5900000000000003, 5.94, 9.22025, -2.58985, 5.940450000000001, -0.009178
4, 9.22, -2.595, 5.94, 9.220300000000002, -2.5944000000000003, 5.940150000000001, -0.009141
4, 9.22, -2.6, 5.94, 9.22005, -2.6001000000000003, 5.9401, -0.009162
4, 9.22, -2.605, 5.94, 9.219800000000001, -2.6045, 5.94005, -0.009147
4, 9.22, -2.61, 5.94, 9.21975, -2.60955, 5.94, -0.009168
4, 9.22, -2.61, 5.945, 9.2201, -2.6103500000000004, 5.94475, -0.009131
4, 9.22, -2.61, 5.95, 9.22015, -2.6103, 5.94995, -0.009178
4, 9.22, -2.61, 5.955, 9.2202, -2.61015, 5.9544500000000005, -0.009183
4, 9.22, -2.61, 5.96, 9.22, -2.6099500000000004, 5.959650000000001, -0.009162
5, 9.22, -2.605, 5.96, 9.22, -2.60455, 5.9599, -0.009188
5, 9.22, -2.6, 5.96, 9.219800000000001, -2.6006000000000005, 5.96, -0.009173
5, 9.22, -2.595, 5.96, 9.22, -2.59475, 5.96, -0.009194
5, 9.22, -2.5900000000000003, 5.96, 9.21995, -2.5908, 5.959950000000001, -0.009121
5, 9.22, -2.5850000000000004, 5.96, 9.22015, -2.5852000000000004, 5.96005, -0.009173
5, 9.22, -2.5850000000000004, 5.955, 9.22005, -2.5851, 5.95535, -0.009126
5, 9.22, -2.5850000000000004, 5.95, 9.219899999999999, -2.5843000000000003, 5.9504, -0.009178
5, 9.22, -2.5850000000000004, 5.945, 9.219850000000001, -2.5850500000000003, 5.9456500000000005, -0.009168
5, 9.22, -2.5850000000000004, 5.94, 9.219800000000001, -2.5850500000000003, 5.9405, -0.009147
5, 9.22, -2.5850000000000004, 5.9350000000000005, 9.22, -2.5851, 5.93515, -0.009183
6, 9.22, -2.5900000000000003, 5.9350000000000005, 9.2204, -2.59005, 5.934900000000001, -0.009136
6, 9.22, -2.595, 5.9350000000000005, 9.2201, -2.5942000000000003, 5.934950000000001, -0.009178
6, 9.22, -2.6, 5.9350000000000005, 9.219899999999999, -2.59975, 5.935, -0.009152
6, 9.22, -2.605, 5.9350000000000005, 9.219850000000001, -2.60405, 5.935, -0.009141
6, 9.22, -2.61, 5.9350000000000005, 9.21995, -2.609, 5.935, -0.009168
6, 9.22, -2.6149999999999998, 5.9350000000000005, 9.22005, -2.61405, 5.935, -0.009188
6, 9.22, -2.6149999999999998, 5.94, 9.22005, -2.6145, 5.93965, -0.009188
6, 9.22, -2.6149999999999998, 5.945, 9.22005, -2.6151000000000004, 5.944700000000001, -0.009173
6, 9.22, -2.6149999999999998, 5.95, 9.22005, -2.6151500000000003, 5.94955, -0.009152
6, 9.22, -2.6149999999999998, 5.955, 9.219899999999999, -2.6151500000000003, 5.95455, -0.009152
6, 9.22, -2.6149999999999998, 5.96, 9.219800000000001, -2.6151500000000003, 5.9594000000000005, -0.009194
6, 9.22, -2.6149999999999998, 5.965, 9.219850000000001, -2.61505, 5.9644, -0.009178
7, 9.22, -2.61, 5.965, 9.22, -2.61015, 5.96485, -0.009157
7, 9.22, -2.605, 5.965, 9.22, -2.60575, 5.96505, -0.009157
7, 9.22, -2.6, 5.965, 9.21995, -2.6006000000000005, 5.965200000000001, -0.009152
7, 9.22, -2.595, 5.965, 9.22025, -2.5948, 5.96525, -0.009162
7, 9.22, -2.5900000000000003, 5.965, 9.22, -2.5908, 5.964950000000001, -0.009173
7, 9.22, -2.5850000000000004, 5.965, 9.2201, -2.5852000000000004, 5.9648, -0.009188
7, 9.22, -2.5800000000000005, 5.965, 9.219850000000001, -2.5805, 5.9648, -0.009152
7, 9.22, -2.5800000000000005, 5.96, 9.219800000000001, -2.5795, 5.9609000000000005, -0.009178
7, 9.22, -2.5800000000000005, 5.955, 9.219850000000001, -2.5794500000000005, 5.95565, -0.009178
7, 9.22, -2.5800000000000005, 5.95, 9.2201, -2.58, 5.9506000000000006, -0.009141
7, 9.22, -2.5800000000000005, 5.945, 9.220300000000002, -2.5802000000000005, 5.9453000000000005, -0.009157
7, 9.22, -2.5800000000000005, 5.94, 9.219899999999999, -2.5804, 5.940950000000001, -0.009173
7, 9.22, -2.5800000000000005, 5.9350000000000005, 9.219850000000001, -2.58015, 5.935350000000001, -0.009136
7, 9.22, -2.5800000000000005, 5.930000000000001, 9.219800000000001, -2.5798, 5.93055, -0.009178
8, 9.22, -2.5850000000000004, 5.930000000000001, 9.22005, -2.5842, 5.93015, -0.009157
8, 9.22, -2.5900000000000003, 5.930000000000001, 9.220300000000002, -2.59005, 5.9300500000000005, -0.009188
8, 9.22, -2.595, 5.930000000000001, 9.22015, -2.5943500000000004, 5.93, -0.009152
8, 9.22, -2.6, 5.930000000000001, 9.22, -2.5995, 5.93, -0.009147
8, 9.22, -2.605, 5.930000000000001, 9.22, -2.6048, 5.929950000000001, -0.009152
8, 9.22, -2.61, 5.930000000000001, 9.2201, -2.6098000000000003, 5.93, -0.009168
8, 9.22, -2.6149999999999998, 5.930000000000001, 9.22, -2.6143, 5.93, -0.009199
8, 9.22, -2.6199999999999997, 5.930000000000001, 9.22005, -2.6191500000000003, 5.9300500000000005, -0.009168
8, 9.22, -2.6199999999999997, 5.9350000000000005, 9.22, -2.62015, 5.934150000000001, -0.009214
8, 9.22, -2.6199999999999997, 5.94, 9.22, -2.6203000000000003, 5.93975, -0.009131
8, 9.22, -2.6199999999999997, 5.945, 9.22, -2.62015, 5.944450000000001, -0.00922
8, 9.22, -2.6199999999999997, 5.95, 9.21995, -2.6199500000000002, 5.9498, -0.009183
8, 9.22, -2.6199999999999997, 5.955, 9.21995, -2.61965, 5.954200000000001, -0.009168
8, 9.22, -2.6199999999999997, 5.96, 9.219899999999999, -2.6199, 5.9594000000000005, -0.009162
8, 9.22, -2.6199999999999997, 5.965, 9.21995, -2.62015, 5.96425, -0.009188
8, 9.22, -2.6199999999999997, 5.97, 9.22005, -2.62025, 5.969, -0.009214
9, 9.22, -2.6149999999999998, 5.97, 9.22015, -2.6151500000000003, 5.969950000000001, -0.009162
9, 9.22, -2.61, 5.97, 9.22005, -2.6099, 5.9700500000000005, -0.009188
9, 9.22, -2.605, 5.97, 9.22, -2.60585, 5.9701, -0.009188
9, 9.22, -2.6, 5.97, 9.22, -2.60055, 5.9701, -0.009131
9, 9.22, -2.595, 5.97, 9.21995, -2.59475, 5.9701, -0.009152
9, 9.22, -2.5900000000000003, 5.97, 9.219850000000001, -2.5907000000000004, 5.9701, -0.009183
9, 9.22, -2.5850000000000004, 5.97, 9.22, -2.58515, 5.9701, -0.009157
9, 9.22, -2.5800000000000005, 5.97, 9.2201, -2.5805, 5.9701, -0.009141
9, 9.22, -2.5750000000000006, 5.97, 9.2202, -2.5748500000000005, 5.9700500000000005, -0.009183
9, 9.22, -2.5750000000000006, 5.965, 9.2202, -2.5748, 5.9656, -0.009188
9, 9.22, -2.5750000000000006, 5.96, 9.22, -2.5748, 5.9605, -0.009141
9, 9.22, -2.5750000000000006, 5.955, 9.22, -2.5748500000000005, 5.95565, -0.009157
9, 9.22, -2.5750000000000006, 5.95, 9.22, -2.5749500000000003, 5.951, -0.009188
9, 9.22, -2.5750000000000006, 5.945, 9.22, -2.57505, 5.945450000000001, -0.009157
9, 9.22, -2.5750000000000006, 5.94, 9.22, -2.57505, 5.9407000000000005, -0.009183
9, 9.22, -2.5750000000000006, 5.9350000000000005, 9.22, -2.57505, 5.935650000000001, -0.009178
9, 9.22, -2.5750000000000006, 5.930000000000001, 9.22, -2.57505, 5.93055, -0.009152
9, 9.22, -2.5750000000000006, 5.925000000000001, 9.22005, -2.57505, 5.9256, -0.009157
10, 9.22, -2.5800000000000005, 5.925000000000001, 9.219850000000001, -2.5797000000000003, 5.925400000000001, -0.009147
10, 9.22, -2.5850000000000004, 5.925000000000001, 9.21975, -2.5854500000000002, 5.92525, -0.009147
10, 9.22, -2.5900000000000003, 5.925000000000001, 9.21995, -2.5896000000000003, 5.92455, -0.009152
10, 9.22, -2.595, 5.925000000000001, 9.22015, -2.5941000000000005, 5.924450000000001, -0.009136
10, 9.22, -2.6, 5.925000000000001, 9.22025, -2.5995, 5.9251000000000005, -0.009136
10, 9.22, -2.605, 5.925000000000001, 9.22015, -2.6043000000000003, 5.925200000000001, -0.009152
10, 9.22, -2.61, 5.925000000000001, 9.219800000000001, -2.60955, 5.925200000000001, -0.009147
10, 9.22, -2.6149999999999998, 5.925000000000001, 9.219850000000001, -2.6148500000000006, 5.92515, -0.009162
10, 9.22, -2.6199999999999997, 5.925000000000001, 9.21995, -2.6194, 5.924950000000001, -0.009204
10, 9.22, -2.6249999999999996, 5.925000000000001, 9.2202, -2.6248, 5.92475, -0.009188
10, 9.22, -2.6249999999999996, 5.930000000000001, 9.22, -2.62495, 5.9298, -0.009204
10, 9.22, -2.6249999999999996, 5.9350000000000005, 9.22, -2.62515, 5.9347, -0.009204
10, 9.22, -2.6249999999999996, 5.94, 9.21995, -2.6254500000000003, 5.93965, -0.009162
10, 9.22, -2.6249999999999996, 5.945, 9.219899999999999, -2.6250500000000003, 5.944700000000001, -0.009178
10, 9.22, -2.6249999999999996, 5.95, 9.219850000000001, -2.62495, 5.949350000000001, -0.009178
10, 9.22, -2.6249999999999996, 5.955, 9.21995, -2.6249000000000002, 5.9544500000000005, -0.009168
10, 9.22, -2.6249999999999996, 5.96, 9.2202, -2.62495, 5.9599, -0.009214
10, 9.22, -2.6249999999999996, 5.965, 9.22015, -2.625, 5.964300000000001, -0.009188
10, 9.22, -2.6249999999999996, 5.97, 9.22005, -2.6250500000000003, 5.9691, -0.009178
10, 9.22, -2.6249999999999996, 5.975, 9.219899999999999, -2.6251, 5.9741, -0.009225
11, 9.22, -2.6199999999999997, 5.975, 9.219850000000001, -2.62055, 5.975, -0.009178
11, 9.22, -2.6149999999999998, 5.975, 9.22, -2.6151000000000004, 5.97505, -0.009199
11, 9.22, -2.61, 5.975, 9.22, -2.6103500000000004, 5.97505, -0.009188
11, 9.22, -2.605, 5.975, 9.22, -2.60575, 5.97505, -0.009152
11, 9.22, -2.6, 5.975, 9.22, -2.60055, 5.97505, -0.009152
11, 9.22, -2.595, 5.975, 9.22, -2.59465, 5.97505, -0.009141
11, 9.22, -2.5900000000000003, 5.975, 9.2201, -2.59065, 5.975, -0.009178
11, 9.22, -2.5850000000000004, 5.975, 9.22025, -2.58515, 5.975, -0.009209
11, 9.22, -2.5800000000000005, 5.975, 9.22015, -2.5804500000000004, 5.975, -0.009157
11, 9.22, -2.5750000000000006, 5.975, 9.21995, -2.5749, 5.975, -0.009152
11, 9.22, -2.5700000000000007, 5.975, 9.219800000000001, -2.5702000000000003, 5.975, -0.009162
11, 9.22, -2.5700000000000007, 5.97, 9.219800000000001, -2.57005, 5.970650000000001, -0.009183
11, 9.22, -2.5700000000000007, 5.965, 9.21995, -2.5699, 5.965700000000001, -0.009204
11, 9.22, -2.5700000000000007, 5.96, 9.22, -2.56985, 5.960700000000001, -0.009162
11, 9.22, -2.5700000000000007, 5.955, 9.22, -2.5698000000000003, 5.955700000000001, -0.009188
11, 9.22, -2.5700000000000007, 5.95, 9.22, -2.57005, 5.95025, -0.009162
11, 9.22, -2.5700000000000007, 5.945, 9.22, -2.57005, 5.94535, -0.009183
11, 9.22, -2.5700000000000007, 5.94, 9.22, -2.57, 5.94085, -0.009168
11, 9.22, -2.5700000000000007, 5.9350000000000005, 9.2202, -2.57005, 5.9353, -0.009183
11, 9.22, -2.5700000000000007, 5.930000000000001, 9.22, -2.57, 5.92985, -0.009178
11, 9.22, -2.5700000000000007, 5.925000000000001, 9.219850000000001, -2.57, 5.9258500000000005, -0.009188
11, 9.22, -2.5700000000000007, 5.920000000000001, 9.219850000000001, -2.5699, 5.920700000000001, -0.009162
12, 9.22, -2.5750000000000006, 5.920000000000001, 9.2201, -2.5749, 5.920400000000001, -0.009136
12, 9.22, -2.5800000000000005, 5.920000000000001, 9.22025, -2.5798, 5.919700000000001, -0.009131
12, 9.22, -2.5850000000000004, 5.920000000000001, 9.2201, -2.5854500000000002, 5.9196, -0.009141
12, 9.22, -2.5900000000000003, 5.920000000000001, 9.22, -2.59005, 5.920100000000001, -0.009162
12, 9.22, -2.595, 5.920000000000001, 9.21975, -2.5951500000000003, 5.92025, -0.009136
12, 9.22, -2.6, 5.920000000000001, 9.22035, -2.60025, 5.92, -0.009168
12, 9.22, -2.605, 5.920000000000001, 9.2201, -2.60395, 5.9199, -0.009162
12, 9.22, -2.61, 5.920000000000001, 9.21995, -2.6093, 5.9199, -0.009121
12, 9.22, -2.6149999999999998, 5.920000000000001, 9.219800000000001, -2.61475, 5.9199, -0.009183
12, 9.22, -2.6199999999999997, 5.920000000000001, 9.219899999999999, -2.6193500000000003, 5.9199, -0.009136
12, 9.22, -2.6249999999999996, 5.920000000000001, 9.21995, -2.6248, 5.919950000000001, -0.009157
12, 9.22, -2.6299999999999994, 5.920000000000001, 9.22005, -2.6293, 5.92, -0.009204
12, 9.22, -2.6299999999999994, 5.925000000000001, 9.22015, -2.6303500000000004, 5.92455, -0.009168
12, 9.22, -2.6299999999999994, 5.930000000000001, 9.2201, -2.63045, 5.929450000000001, -0.009168
12, 9.22, -2.6299999999999994, 5.9350000000000005, 9.22, -2.6304000000000003, 5.93465, -0.009178
12, 9.22, -2.6299999999999994, 5.94, 9.22, -2.62955, 5.93935, -0.009199
12, 9.22, -2.6299999999999994, 5.945, 9.22, -2.6295, 5.94465, -0.00922
12, 9.22, -2.6299999999999994, 5.95, 9.21995, -2.6303500000000004, 5.94995, -0.009204
12, 9.22, -2.6299999999999994, 5.955, 9.22, -2.63025, 5.954200000000001, -0.009199
12, 9.22, -2.6299999999999994, 5.96, 9.219850000000001, -2.6295, 5.9599, -0.009204
12, 9.22, -2.6299999999999994, 5.965, 9.219850000000001, -2.63005, 5.964, -0.009214
12, 9.22, -2.6299999999999994, 5.97, 9.22005, -2.6302000000000003, 5.969, -0.009188
12, 9.22, -2.6299999999999994, 5.975, 9.22025, -2.6302000000000003, 5.974, -0.009194
12, 9.22, -2.6299999999999994, 5.9799999999999995, 9.2201, -2.63015, 5.97925, -0.009188
13, 9.22, -2.6249999999999996, 5.9799999999999995, 9.219899999999999, -2.6248500000000003, 5.979700000000001, -0.00922
13, 9.22, -2.6199999999999997, 5.9799999999999995, 9.219850000000001, -2.62065, 5.980150000000001, -0.009162
13, 9.22, -2.6149999999999998, 5.9799999999999995, 9.219850000000001, -2.6155, 5.980200000000001, -0.009168
13, 9.22, -2.61, 5.9799999999999995, 9.2202, -2.6099, 5.980200000000001, -0.009168
13, 9.22, -2.605, 5.9799999999999995, 9.2202, -2.6057, 5.9801, -0.009141
13, 9.22, -2.6, 5.9799999999999995, 9.22, -2.6003000000000003, 5.9799500000000005, -0.009173
13, 9.22, -2.595, 5.9799999999999995, 9.219800000000001, -2.5946000000000002, 5.979850000000001, -0.009204
13, 9.22, -2.5900000000000003, 5.9799999999999995, 9.219800000000001, -2.59065, 5.979850000000001, -0.009157
13, 9.22, -2.5850000000000004, 5.9799999999999995, 9.22, -2.58515, 5.979900000000001, -0.009173
13, 9.22, -2.5800000000000005, 5.9799999999999995, 9.22, -2.5804, 5.98, -0.009157
13, 9.22, -2.5750000000000006, 5.9799999999999995, 9.2202, -2.57505, 5.98005, -0.009162
13, 9.22, -2.5700000000000007, 5.9799999999999995, 9.22005, -2.5702000000000003, 5.98005, -0.009209
13, 9.22, -2.565000000000001, 5.9799999999999995, 9.219899999999999, -2.5656000000000003, 5.98005, -0.009168
13, 9.22, -2.565000000000001, 5.975, 9.219850000000001, -2.56455, 5.97585, -0.009173
13, 9.22, -2.565000000000001, 5.97, 9.219800000000001, -2.5645, 5.970700000000001, -0.009162
13, 9.22, -2.565000000000001, 5.965, 9.22, -2.5646000000000004, 5.9658500000000005, -0.009188
13, 9.22, -2.565000000000001, 5.96, 9.22015, -2.5656000000000003, 5.9605500000000005, -0.009178
13, 9.22, -2.565000000000001, 5.955, 9.220300000000002, -2.5646000000000004, 5.9558, -0.009188
13, 9.22, -2.565000000000001, 5.95, 9.2201, -2.5646000000000004, 5.950900000000001, -0.009204
13, 9.22, -2.565000000000001, 5.945, 9.219899999999999, -2.5646000000000004, 5.9456500000000005, -0.009168
13, 9.22, -2.565000000000001, 5.94, 9.219850000000001, -2.5654500000000002, 5.94, -0.009157
13, 9.22, -2.565000000000001, 5.9350000000000005, 9.22005, -2.56465, 5.93555, -0.009173
13, 9.22, -2.565000000000001, 5.930000000000001, 9.22025, -2.56465, 5.930700000000001, -0.009194
13, 9.22, -2.565000000000001, 5.925000000000001, 9.22015, -2.56465, 5.9256, -0.009152
13, 9.22, -2.565000000000001, 5.920000000000001, 9.219800000000001, -2.5654500000000002, 5.919950000000001, -0.009209
13, 9.22, -2.565000000000001, 5.915000000000001, 9.219850000000001, -2.5647, 5.915400000000001, -0.009183
14, 9.22, -2.5700000000000007, 5.915000000000001, 9.22, -2.5692000000000004, 5.91505, -0.009204
14, 9.22, -2.5750000000000006, 5.915000000000001, 9.21995, -2.5753000000000004, 5.91505, -0.009136
14, 9.22, -2.5800000000000005, 5.915000000000001, 9.22015, -2.5800500000000004, 5.91505, -0.009178
14, 9.22, -2.5850000000000004, 5.915000000000001, 9.2202, -2.58515, 5.915, -0.009126
14, 9.22, -2.5900000000000003, 5.915000000000001, 9.2201, -2.5893, 5.914950000000001, -0.009147
14, 9.22, -2.595, 5.915000000000001, 9.21975, -2.5951000000000004, 5.914950000000001, -0.009194
14, 9.22, -2.6, 5.915000000000001, 9.22005, -2.6001000000000003, 5.915, -0.009183
14, 9.22, -2.605, 5.915000000000001, 9.2202, -2.6043000000000003, 5.915, -0.009131
14, 9.22, -2.61, 5.915000000000001, 9.22, -2.6093, 5.915, -0.009188
14, 9.22, -2.6149999999999998, 5.915000000000001, 9.219899999999999, -2.61475, 5.915100000000001, -0.009131
14, 9.22, -2.6199999999999997, 5.915000000000001, 9.219850000000001, -2.6194, 5.915100000000001, -0.009183
14, 9.22, -2.6249999999999996, 5.915000000000001, 9.219850000000001, -2.6248500000000003, 5.915100000000001, -0.009183
14, 9.22, -2.6299999999999994, 5.915000000000001, 9.22005, -2.6293, 5.915100000000001, -0.009168
14, 9.22, -2.6349999999999993, 5.915000000000001, 9.22015, -2.6348000000000003, 5.915100000000001, -0.009178
14, 9.22, -2.6349999999999993, 5.920000000000001, 9.22015, -2.6348500000000006, 5.91915, -0.009214
14, 9.22, -2.6349999999999993, 5.925000000000001, 9.21995, -2.6349500000000003, 5.9245, -0.009241
14, 9.22, -2.6349999999999993, 5.930000000000001, 9.219850000000001, -2.635, 5.92925, -0.009194
14, 9.22, -2.6349999999999993, 5.9350000000000005, 9.219850000000001, -2.6349500000000003, 5.934450000000001, -0.009199
14, 9.22, -2.6349999999999993, 5.94, 9.22, -2.635, 5.93935, -0.009209
14, 9.22, -2.6349999999999993, 5.945, 9.22, -2.6353, 5.94405, -0.009173
14, 9.22, -2.6349999999999993, 5.95, 9.2202, -2.635, 5.95, -0.009209
14, 9.22, -2.6349999999999993, 5.955, 9.22015, -2.6349, 5.9541, -0.009173
14, 9.22, -2.6349999999999993, 5.96, 9.219800000000001, -2.6349, 5.9599, -0.00922
14, 9.22, -2.6349999999999993, 5.965, 9.22005, -2.6349500000000003, 5.964950000000001, -0.00922
14, 9.22, -2.6349999999999993, 5.97, 9.2201, -2.6352, 5.9700500000000005, -0.009209
14, 9.22, -2.6349999999999993, 5.975, 9.219800000000001, -2.6349500000000003, 5.974950000000001, -0.009199
14, 9.22, -2.6349999999999993, 5.9799999999999995, 9.219850000000001, -2.6348500000000006, 5.979150000000001, -0.009251
14, 9.22, -2.6349999999999993, 5.984999999999999, 9.22, -2.6349, 5.9842, -0.00923
15, 9.22, -2.6299999999999994, 5.984999999999999, 9.22, -2.6304000000000003, 5.98465, -0.00922
15, 9.22, -2.6249999999999996, 5.984999999999999, 9.22, -2.6258500000000002, 5.985200000000001, -0.009173
15, 9.22, -2.6199999999999997, 5.984999999999999, 9.22005, -2.62065, 5.98525, -0.009173
15, 9.22, -2.6149999999999998, 5.984999999999999, 9.22, -2.6155500000000003, 5.98525, -0.009204
15, 9.22, -2.61, 5.984999999999999, 9.22, -2.6109500000000003, 5.985150000000001, -0.009209
15, 9.22, -2.605, 5.984999999999999, 9.21995, -2.6056500000000002, 5.9849000000000006, -0.009194
15, 9.22, -2.6, 5.984999999999999, 9.22015, -2.6003000000000003, 5.984700000000001, -0.009188
15, 9.22, -2.595, 5.984999999999999, 9.2202, -2.5946000000000002, 5.98475, -0.009183
15, 9.22, -2.5900000000000003, 5.984999999999999, 9.219850000000001, -2.59065, 5.9851, -0.009194
15, 9.22, -2.5850000000000004, 5.984999999999999, 9.219700000000001, -2.58515, 5.985200000000001, -0.009188
15, 9.22, -2.5800000000000005, 5.984999999999999, 9.219850000000001, -2.58035, 5.985200000000001, -0.009173
15, 9.22, -2.5750000000000006, 5.984999999999999, 9.22, -2.5748500000000005, 5.985200000000001, -0.009157
15, 9.22, -2.5700000000000007, 5.984999999999999, 9.22005, -2.5701000000000005, 5.985150000000001, -0.009168
15, 9.22, -2.565000000000001, 5.984999999999999, 9.2201, -2.56565, 5.985, -0.009162
15, 9.22, -2.560000000000001, 5.984999999999999, 9.22015, -2.56015, 5.9848, -0.009204
15, 9.22, -2.560000000000001, 5.9799999999999995, 9.22, -2.5600500000000004, 5.980300000000001, -0.009178
15, 9.22, -2.560000000000001, 5.975, 9.21995, -2.56, 5.975650000000001, -0.009225
15, 9.22, -2.560000000000001, 5.97, 9.219800000000001, -2.55995, 5.9708000000000006, -0.009178
15, 9.22, -2.560000000000001, 5.965, 9.22, -2.5599000000000003, 5.9655, -0.009168
15, 9.22, -2.560000000000001, 5.96, 9.22005, -2.55995, 5.960850000000001, -0.00922
15, 9.22, -2.560000000000001, 5.955, 9.22015, -2.5600500000000004, 5.955550000000001, -0.009194
15, 9.22, -2.560000000000001, 5.95, 9.219899999999999, -2.56015, 5.950900000000001, -0.009214
15, 9.22, -2.560000000000001, 5.945, 9.219800000000001, -2.5601000000000003, 5.9457, -0.009225
15, 9.22, -2.560000000000001, 5.94, 9.219800000000001, -2.5601000000000003, 5.9407000000000005, -0.009204
15, 9.22, -2.560000000000001, 5.9350000000000005, 9.21995, -2.5600500000000004, 5.9359, -0.009209
15, 9.22, -2.560000000000001, 5.930000000000001, 9.21995, -2.56, 5.9309, -0.009178
15, 9.22, -2.560000000000001, 5.925000000000001, 9.2201, -2.55995, 5.92575, -0.009162
15, 9.22, -2.560000000000001, 5.920000000000001, 9.22015, -2.55995, 5.920700000000001, -0.009194
15, 9.22, -2.560000000000001, 5.915000000000001, 9.2201, -2.56, 5.91565, -0.009194
15, 9.22, -2.560000000000001, 5.910000000000001, 9.21995, -2.56, 5.909950000000001, -0.009168
16, 9.22, -2.565000000000001, 5.910000000000001, 9.22005, -2.5644500000000003, 5.9099, -0.009173
16, 9.22, -2.5700000000000007, 5.910000000000001, 9.22005, -2.57025, 5.9099, -0.009147
16, 9.22, -2.5750000000000006, 5.910000000000001, 9.2201, -2.5751500000000003, 5.9099, -0.009147
16, 9.22, -2.5800000000000005, 5.910000000000001, 9.22005, -2.5797000000000003, 5.909950000000001, -0.009188
16, 9.22, -2.5850000000000004, 5.910000000000001, 9.21995, -2.58515, 5.909950000000001, -0.009131
16, 9.22, -2.5900000000000003, 5.910000000000001, 9.219899999999999, -2.58925, 5.9099, -0.009178
16, 9.22, -2.595, 5.910000000000001, 9.22015, -2.5948500000000005, 5.91005, -0.009136
16, 9.22, -2.6, 5.910000000000001, 9.2201, -2.59995, 5.910100000000001, -0.009204
16, 9.22, -2.605, 5.910000000000001, 9.219850000000001, -2.605, 5.910100000000001, -0.009147
16, 9.22, -2.61, 5.910000000000001, 9.219850000000001, -2.60925, 5.910100000000001, -0.009147
16, 9.22, -2.6149999999999998, 5.910000000000001, 9.219800000000001, -2.6148500000000006, 5.91005, -0.009141
16, 9.22, -2.6199999999999997, 5.910000000000001, 9.219899999999999, -2.6195, 5.91, -0.009178
16, 9.22, -2.6249999999999996, 5.910000000000001, 9.21995, -2.6248500000000003, 5.91, -0.009194
16, 9.22, -2.6299999999999994, 5.910000000000001, 9.2201, -2.6293, 5.909950000000001, -0.009168
16, 9.22, -2.6349999999999993, 5.910000000000001, 9.22015, -2.6347000000000005, 5.91, -0.009214
16, 9.22, -2.6399999999999992, 5.910000000000001, 9.2201, -2.639, 5.909950000000001, -0.00922
16, 9.22, -2.6399999999999992, 5.915000000000001, 9.22005, -2.64, 5.91425, -0.009183
16, 9.22, -2.6399999999999992, 5.920000000000001, 9.22, -2.6401000000000003, 5.91955, -0.009214
16, 9.22, -2.6399999999999992, 5.925000000000001, 9.22, -2.6401000000000003, 5.924200000000001, -0.009188
16, 9.22, -2.6399999999999992, 5.930000000000001, 9.21995, -2.64015, 5.9294, -0.009241
16, 9.22, -2.6399999999999992, 5.9350000000000005, 9.21995, -2.64015, 5.9344, -0.009194
16, 9.22, -2.6399999999999992, 5.94, 9.219850000000001, -2.64, 5.9399500000000005, -0.00923
16, 9.22, -2.6399999999999992, 5.945, 9.219850000000001, -2.6399, 5.9445, -0.009188
16, 9.22, -2.6399999999999992, 5.95, 9.22005, -2.6399, 5.95, -0.009162
16, 9.22, -2.6399999999999992, 5.955, 9.2201, -2.6399500000000002, 5.9541, -0.009199
16, 9.22, -2.6399999999999992, 5.96, 9.2201, -2.64, 5.959950000000001, -0.009225
16, 9.22, -2.6399999999999992, 5.965, 9.22, -2.64005, 5.964900000000001, -0.009246
16, 9.22, -2.6399999999999992, 5.97, 9.22, -2.64005, 5.969950000000001, -0.009251
16, 9.22, -2.6399999999999992, 5.975, 9.21995, -2.64, 5.975, -0.009241
16, 9.22, -2.6399999999999992, 5.9799999999999995, 9.219899999999999, -2.64, 5.979100000000001, -0.009199
16, 9.22, -2.6399999999999992, 5.984999999999999, 9.219850000000001, -2.6399500000000002, 5.9841500000000005, -0.009225
16, 9.22, -2.6399999999999992, 5.989999999999999, 9.22, -2.6399500000000002, 5.989400000000001, -0.009225
17, 9.22, -2.6349999999999993, 5.989999999999999, 9.2202, -2.6357000000000004, 5.98965, -0.009241
17, 9.22, -2.6299999999999994, 5.989999999999999, 9.22025, -2.63015, 5.98995, -0.009194
17, 9.22, -2.6249999999999996, 5.989999999999999, 9.21995, -2.6257, 5.990200000000001, -0.009214
17, 9.22, -2.6199999999999997, 5.989999999999999, 9.219850000000001, -2.62055, 5.9903, -0.009173
17, 9.22, -2.6149999999999998, 5.989999999999999, 9.219850000000001, -2.6154, 5.9903, -0.009209
17, 9.22, -2.61, 5.989999999999999, 9.2201, -2.6098500000000002, 5.9899000000000004, -0.009168
17, 9.22, -2.605, 5.989999999999999, 9.22015, -2.6056500000000002, 5.989700000000001, -0.009162
17, 9.22, -2.6, 5.989999999999999, 9.2202, -2.6004, 5.98975, -0.009188
17, 9.22, -2.595, 5.989999999999999, 9.219899999999999, -2.5946000000000002, 5.9901, -0.009173
17, 9.22, -2.5900000000000003, 5.989999999999999, 9.21975, -2.5905500000000004, 5.99025, -0.009188
17, 9.22, -2.5850000000000004, 5.989999999999999, 9.219800000000001, -2.58515, 5.99025, -0.00922
17, 9.22, -2.5800000000000005, 5.989999999999999, 9.22, -2.5803000000000003, 5.990200000000001, -0.009168
17, 9.22, -2.5750000000000006, 5.989999999999999, 9.22, -2.5748500000000005, 5.98995, -0.009214
17, 9.22, -2.5700000000000007, 5.989999999999999, 9.22, -2.57015, 5.9898, -0.009199
17, 9.22, -2.565000000000001, 5.989999999999999, 9.21995, -2.5656000000000003, 5.9898, -0.009214
17, 9.22, -2.560000000000001, 5.989999999999999, 9.22015, -2.56, 5.98975, -0.009209
17, 9.22, -2.555000000000001, 5.989999999999999, 9.22025, -2.55555, 5.99005, -0.00922
17, 9.22, -2.555000000000001, 5.984999999999999, 9.2202, -2.55525, 5.986, -0.009183
17, 9.22, -2.555000000000001, 5.9799999999999995, 9.22, -2.5544000000000002, 5.9805, -0.009183
17, 9.22, -2.555000000000001, 5.975, 9.22, -2.55445, 5.97555, -0.009188
17, 9.22, -2.555000000000001, 5.97, 9.219800000000001, -2.5553500000000002, 5.9703, -0.009162
17, 9.22, -2.555000000000001, 5.965, 9.219850000000001, -2.5552, 5.96575, -0.009178
17, 9.22, -2.555000000000001, 5.96, 9.2202, -2.5546, 5.9605, -0.009225
17, 9.22, -2.555000000000001, 5.955, 9.2202, -2.5548500000000005, 5.9558, -0.009225
17, 9.22, -2.555000000000001, 5.95, 9.22005, -2.5553000000000003, 5.9506000000000006, -0.009204
17, 9.22, -2.555000000000001, 5.945, 9.219899999999999, -2.55525, 5.9456500000000005, -0.00923
17, 9.22, -2.555000000000001, 5.94, 9.219800000000001, -2.5549, 5.940650000000001, -0.009183
17, 9.22, -2.555000000000001, 5.9350000000000005, 9.219850000000001, -2.5545500000000003, 5.93575, -0.009188
17, 9.22, -2.555000000000001, 5.930000000000001, 9.21995, -2.5548500000000005, 5.93105, -0.009162
17, 9.22, -2.555000000000001, 5.925000000000001, 9.22015, -2.5551000000000004, 5.9258500000000005, -0.009204
17, 9.22, -2.555000000000001, 5.920000000000001, 9.22025, -2.5553000000000003, 5.92075, -0.009214
17, 9.22, -2.555000000000001, 5.915000000000001, 9.22005, -2.5553000000000003, 5.91565, -0.009188
17, 9.22, -2.555000000000001, 5.910000000000001, 9.219850000000001, -2.5547000000000004, 5.909950000000001, -0.00923
17, 9.22, -2.555000000000001, 5.905000000000001, 9.219850000000001, -2.5546, 5.9057, -0.009173
18, 9.22, -2.560000000000001, 5.905000000000001, 9.22, -2.5600500000000004, 5.90475, -0.009204
18, 9.22, -2.565000000000001, 5.905000000000001, 9.22005, -2.5645, 5.90465, -0.009162
18, 9.22, -2.5700000000000007, 5.905000000000001, 9.22015, -2.57005, 5.90475, -0.009141
18, 9.22, -2.5750000000000006, 5.905000000000001, 9.22015, -2.57505, 5.90495, -0.009147
18, 9.22, -2.5800000000000005, 5.905000000000001, 9.22005, -2.5796000000000006, 5.9051, -0.009136
18, 9.22, -2.5850000000000004, 5.905000000000001, 9.219850000000001, -2.5850500000000003, 5.905200000000001, -0.009126
18, 9.22, -2.5900000000000003, 5.905000000000001, 9.219800000000001, -2.5892000000000004, 5.905200000000001, -0.009157
18, 9.22, -2.595, 5.905000000000001, 9.219850000000001, -2.5943, 5.905150000000001, -0.009168
18, 9.22, -2.6, 5.905000000000001, 9.2202, -2.601, 5.90495, -0.009178
18, 9.22, -2.605, 5.905000000000001, 9.22, -2.60515, 5.9049000000000005, -0.009183
18, 9.22, -2.61, 5.905000000000001, 9.219899999999999, -2.6093500000000005, 5.9049000000000005, -0.009152
18, 9.22, -2.6149999999999998, 5.905000000000001, 9.219899999999999, -2.6151000000000004, 5.9049000000000005, -0.009178
18, 9.22, -2.6199999999999997, 5.905000000000001, 9.219899999999999, -2.61965, 5.9049000000000005, -0.009157
18, 9.22, -2.6249999999999996, 5.905000000000001, 9.22, -2.625, 5.90495, -0.009162
18, 9.22, -2.6299999999999994, 5.905000000000001, 9.22, -2.6294, 5.90505, -0.009157
18, 9.22, -2.6349999999999993, 5.905000000000001, 9.22, -2.6348000000000003, 5.9051, -0.009194
18, 9.22, -2.6399999999999992, 5.905000000000001, 9.22005, -2.63915, 5.9051, -0.009178
18, 9.22, -2.644999999999999, 5.905000000000001, 9.2201, -2.6444500000000004, 5.9051, -0.009188
18, 9.22, -2.644999999999999, 5.910000000000001, 9.22005, -2.64465, 5.90915, -0.009214
18, 9.22, -2.644999999999999, 5.915000000000001, 9.2201, -2.6452000000000004, 5.9146, -0.00923
18, 9.22, -2.644999999999999, 5.920000000000001, 9.22, -2.6454500000000003, 5.919700000000001, -0.009188
18, 9.22, -2.644999999999999, 5.925000000000001, 9.21995, -2.645, 5.924200000000001, -0.00923
18, 9.22, -2.644999999999999, 5.930000000000001, 9.219899999999999, -2.64475, 5.92935, -0.009241
18, 9.22, -2.644999999999999, 5.9350000000000005, 9.21995, -2.6448500000000004, 5.93475, -0.00923
18, 9.22, -2.644999999999999, 5.94, 9.22005, -2.6451000000000002, 5.939400000000001, -0.009194
18, 9.22, -2.644999999999999, 5.945, 9.22015, -2.64525, 5.944100000000001, -0.009199
18, 9.22, -2.644999999999999, 5.95, 9.22, -2.645, 5.95005, -0.009188
18, 9.22, -2.644999999999999, 5.955, 9.219899999999999, -2.64475, 5.9540500000000005, -0.00922
18, 9.22, -2.644999999999999, 5.96, 9.219800000000001, -2.6449000000000003, 5.9599, -0.009173
18, 9.22, -2.644999999999999, 5.965, 9.22015, -2.6452000000000004, 5.964900000000001, -0.009246
18, 9.22, -2.644999999999999, 5.97, 9.2202, -2.6452000000000004, 5.96895, -0.00923
18, 9.22, -2.644999999999999, 5.975, 9.21995, -2.6449000000000003, 5.974900000000001, -0.009241
18, 9.22, -2.644999999999999, 5.9799999999999995, 9.219899999999999, -2.6447000000000003, 5.9792000000000005, -0.009194
18, 9.22, -2.644999999999999, 5.984999999999999, 9.219850000000001, -2.64475, 5.984100000000001, -0.009194
18, 9.22, -2.644999999999999, 5.989999999999999, 9.219899999999999, -2.6450500000000003, 5.9893, -0.009235
18, 9.22, -2.644999999999999, 5.994999999999999, 9.22005, -2.6452000000000004, 5.9945, -0.009199
19, 9.22, -2.6399999999999992, 5.994999999999999, 9.22015, -2.64025, 5.994700000000001, -0.009214
19, 9.22, -2.6349999999999993, 5.994999999999999, 9.2201, -2.6355500000000003, 5.994950000000001, -0.00922
19, 9.22, -2.6299999999999994, 5.994999999999999, 9.22005, -2.6302000000000003, 5.995100000000001, -0.009199
19, 9.22, -2.6249999999999996, 5.994999999999999, 9.22005, -2.62575, 5.99525, -0.009188
19, 9.22, -2.6199999999999997, 5.994999999999999, 9.21995, -2.6206000000000005, 5.99525, -0.009214
19, 9.22, -2.6149999999999998, 5.994999999999999, 9.219800000000001, -2.6158, 5.9952000000000005, -0.009204
19, 9.22, -2.61, 5.994999999999999, 9.219800000000001, -2.6109500000000003, 5.994950000000001, -0.009162
19, 9.22, -2.605, 5.994999999999999, 9.22, -2.60555, 5.994800000000001, -0.009152
19, 9.22, -2.6, 5.994999999999999, 9.22015, -2.6003000000000003, 5.994800000000001, -0.009162
19, 9.22, -2.595, 5.994999999999999, 9.2201, -2.5946000000000002, 5.9949, -0.009188
19, 9.22, -2.5900000000000003, 5.994999999999999, 9.219899999999999, -2.5905500000000004, 5.99505, -0.009188
19, 9.22, -2.5850000000000004, 5.994999999999999, 9.219800000000001, -2.5854, 5.995150000000001, -0.009152
19, 9.22, -2.5800000000000005, 5.994999999999999, 9.219800000000001, -2.58025, 5.9952000000000005, -0.009194
19, 9.22, -2.5750000000000006, 5.994999999999999, 9.21995, -2.5748, 5.995150000000001, -0.009199
19, 9.22, -2.5700000000000007, 5.994999999999999, 9.22015, -2.5702000000000003, 5.995100000000001, -0.009225
19, 9.22, -2.565000000000001, 5.994999999999999, 9.2202, -2.56565, 5.994950000000001, -0.009209
19, 9.22, -2.560000000000001, 5.994999999999999, 9.2201, -2.5600500000000004, 5.9948500000000005, -0.009188
19, 9.22, -2.555000000000001, 5.994999999999999, 9.219899999999999, -2.55555, 5.9948500000000005, -0.009194
19, 9.22, -2.550000000000001, 5.994999999999999, 9.219850000000001, -2.5499, 5.9948500000000005, -0.009168
19, 9.22, -2.550000000000001, 5.989999999999999, 9.219850000000001, -2.54975, 5.990950000000001, -0.009225
19, 9.22, -2.550000000000001, 5.984999999999999, 9.22, -2.54975, 5.9854, -0.009209
19, 9.22, -2.550000000000001, 5.9799999999999995, 9.22, -2.5499, 5.9803500000000005, -0.00922
19, 9.22, -2.550000000000001, 5.975, 9.22, -2.55005, 5.97605, -0.009199
19, 9.22, -2.550000000000001, 5.97, 9.22, -2.55015, 5.970200000000001, -0.009188
19, 9.22, -2.550000000000001, 5.965, 9.22015, -2.5499500000000004, 5.96535, -0.00923
19, 9.22, -2.550000000000001, 5.96, 9.22015, -2.5499, 5.960850000000001, -0.00923
19, 9.22, -2.550000000000001, 5.955, 9.22, -2.54985, 5.955450000000001, -0.009194
19, 9.22, -2.550000000000001, 5.95, 9.22, -2.5499500000000004, 5.95085, -0.00923
19, 9.22, -2.550000000000001, 5.945, 9.22, -2.55005, 5.9458, -0.009178
19, 9.22, -2.550000000000001, 5.94, 9.219850000000001, -2.55015, 5.940200000000001, -0.009235
19, 9.22, -2.550000000000001, 5.9350000000000005, 9.21975, -2.5501000000000005, 5.93525, -0.009188
19, 9.22, -2.550000000000001, 5.930000000000001, 9.21995, -2.5499500000000004, 5.931, -0.00923
19, 9.22, -2.550000000000001, 5.925000000000001, 9.2201, -2.54985, 5.9259, -0.009199
19, 9.22, -2.550000000000001, 5.920000000000001, 9.220300000000002, -2.54985, 5.92075, -0.009225
19, 9.22, -2.550000000000001, 5.915000000000001, 9.22015, -2.5499, 5.91565, -0.009214
19, 9.22, -2.550000000000001, 5.910000000000001, 9.22, -2.55005, 5.909950000000001, -0.009183
19, 9.22, -2.550000000000001, 5.905000000000001, 9.22005, -2.55015, 5.9057, -0.009209
19, 9.22, -2.550000000000001, 5.900000000000001, 9.22005, -2.55015, 5.90035, -0.00922
20, 9.22, -2.555000000000001, 5.900000000000001, 9.219850000000001, -2.5543500000000003, 5.900200000000001, -0.00922
20, 9.22, -2.560000000000001, 5.900000000000001, 9.219800000000001, -2.56015, 5.899450000000001, -0.009194
20, 9.22, -2.565000000000001, 5.900000000000001, 9.219800000000001, -2.5644500000000003, 5.899450000000001, -0.009178
20, 9.22, -2.5700000000000007, 5.900000000000001, 9.22, -2.57015, 5.900200000000001, -0.009173
20, 9.22, -2.5750000000000006, 5.900000000000001, 9.22015, -2.5749500000000003, 5.90025, -0.009162
20, 9.22, -2.5800000000000005, 5.900000000000001, 9.22015, -2.5796000000000006, 5.90025, -0.009157
20, 9.22, -2.5850000000000004, 5.900000000000001, 9.21995, -2.5850500000000003, 5.900200000000001, -0.009131
20, 9.22, -2.5900000000000003, 5.900000000000001, 9.219850000000001, -2.5903500000000004, 5.89965, -0.009147
20, 9.22, -2.595, 5.900000000000001, 9.22, -2.59415, 5.89975, -0.009188
20, 9.22, -2.6, 5.900000000000001, 9.2202, -2.601, 5.900200000000001, -0.009173
20, 9.22, -2.605, 5.900000000000001, 9.22015, -2.60525, 5.900200000000001, -0.009183
20, 9.22, -2.61, 5.900000000000001, 9.21995, -2.6094500000000003, 5.90005, -0.009183
20, 9.22, -2.6149999999999998, 5.900000000000001, 9.219850000000001, -2.6151500000000003, 5.899850000000001, -0.009162
20, 9.22, -2.6199999999999997, 5.900000000000001, 9.219899999999999, -2.6197000000000004, 5.899700000000001, -0.009136
20, 9.22, -2.6249999999999996, 5.900000000000001, 9.22, -2.6250500000000003, 5.899700000000001, -0.009183
20, 9.22, -2.6299999999999994, 5.900000000000001, 9.2202, -2.6295, 5.9, -0.009199
20, 9.22, -2.6349999999999993, 5.900000000000001, 9.2202, -2.6343500000000004, 5.9001, -0.009209
20, 9.22, -2.6399999999999992, 5.900000000000001, 9.22, -2.63915, 5.90025, -0.009204
20, 9.22, -2.644999999999999, 5.900000000000001, 9.22, -2.6445, 5.90025, -0.009199
20, 9.22, -2.649999999999999, 5.900000000000001, 9.219850000000001, -2.6495, 5.900150000000001, -0.00922
20, 9.22, -2.649999999999999, 5.905000000000001, 9.219850000000001, -2.6499, 5.9051, -0.009178
20, 9.22, -2.649999999999999, 5.910000000000001, 9.22005, -2.6499500000000005, 5.9095, -0.009173
20, 9.22, -2.649999999999999, 5.915000000000001, 9.2202, -2.65, 5.914700000000001, -0.009183
20, 9.22, -2.649999999999999, 5.920000000000001, 9.22015, -2.6500500000000002, 5.91925, -0.009178
20, 9.22, -2.649999999999999, 5.925000000000001, 9.21995, -2.6500500000000002, 5.9243500000000004, -0.009178
20, 9.22, -2.649999999999999, 5.930000000000001, 9.22, -2.6500500000000002, 5.92935, -0.009178
20, 9.22, -2.649999999999999, 5.9350000000000005, 9.219800000000001, -2.6499500000000005, 5.93485, -0.009183
20, 9.22, -2.649999999999999, 5.94, 9.219800000000001, -2.6499500000000005, 5.9395500000000006, -0.009183
20, 9.22, -2.649999999999999, 5.945, 9.2201, -2.6499500000000005, 5.94495, -0.009225
20, 9.22, -2.649999999999999, 5.95, 9.2201, -2.65, 5.95, -0.009225
20, 9.22, -2.649999999999999, 5.955, 9.22, -2.6501000000000006, 5.9549, -0.009235
20, 9.22, -2.649999999999999, 5.96, 9.219899999999999, -2.6500500000000002, 5.95985, -0.00923
20, 9.22, -2.649999999999999, 5.965, 9.21995, -2.65, 5.9639500000000005, -0.009188
20, 9.22, -2.649999999999999, 5.97, 9.21995, -2.6499500000000005, 5.969, -0.009204
20, 9.22, -2.649999999999999, 5.975, 9.22005, -2.6499500000000005, 5.9748, -0.009251
20, 9.22, -2.649999999999999, 5.9799999999999995, 9.22015, -2.6499500000000005, 5.979450000000001, -0.00922
20, 9.22, -2.649999999999999, 5.984999999999999, 9.22, -2.6500500000000002, 5.98495, -0.009199
20, 9.22, -2.649999999999999, 5.989999999999999, 9.219899999999999, -2.6501000000000006, 5.9892, -0.009246
20, 9.22, -2.649999999999999, 5.994999999999999, 9.219800000000001, -2.6501000000000006, 5.994400000000001, -0.009183
20, 9.22, -2.649999999999999, 5.999999999999999, 9.219850000000001, -2.6501000000000006, 5.9996, -0.009178
