Voltage = 3.8, Current = 20.3, Pinhole = 10um, Objective = 20x, NA = 0.42 
0, 9, -3, 6, 9.000399999999999, -2.9999000000000002, 6.00005, -0.009303
1, 9.05, -3, 6, 9.05025, -3.0, 5.99985, -0.009235
1, 9.05, -3.05, 6, 9.049800000000001, -3.04985, 5.999950000000001, -0.009308
2, 9.0, -3.05, 6, 9.0006, -3.0499, 6.0, -0.009256
2, 8.95, -3.05, 6, 8.94935, -3.0499, 6.000100000000001, -0.009293
2, 8.95, -3.0, 6, 8.949300000000001, -2.9993000000000003, 6.000100000000001, -0.009287
2, 8.95, -2.95, 6, 8.9505, -2.9501000000000004, 6.000100000000001, -0.009246
3, 9.0, -2.95, 6, 8.9992, -2.95, 6.00005, -0.009287
3, 9.05, -2.95, 6, 9.05015, -2.9499500000000003, 5.9999, -0.009261
3, 9.100000000000001, -2.95, 6, 9.1006, -2.9498500000000005, 5.9999, -0.009329
3, 9.100000000000001, -3.0, 6, 9.099300000000001, -2.9994, 6.0, -0.009293
3, 9.100000000000001, -3.05, 6, 9.098600000000001, -3.0497, 6.00005, -0.009287
3, 9.100000000000001, -3.0999999999999996, 6, 9.10235, -3.10055, 6.00005, -0.009324
4, 9.05, -3.0999999999999996, 6, 9.05015, -3.10005, 6.0, -0.009314
4, 9.0, -3.0999999999999996, 6, 9.0016, -3.09995, 6.0, -0.009293
4, 8.95, -3.0999999999999996, 6, 8.951649999999999, -3.09995, 6.00005, -0.009324
4, 8.899999999999999, -3.0999999999999996, 6, 8.9007, -3.1, 6.00005, -0.009282
4, 8.899999999999999, -3.05, 6, 8.900649999999999, -3.05015, 6.0, -0.009235
4, 8.899999999999999, -3.0, 6, 8.8996, -2.9993000000000003, 5.999950000000001, -0.009261
4, 8.899999999999999, -2.95, 6, 8.89985, -2.95025, 6.0, -0.009277
4, 8.899999999999999, -2.9000000000000004, 6, 8.9008, -2.8998500000000003, 6.0, -0.009256
5, 8.95, -2.9000000000000004, 6, 8.9499, -2.9, 6.0, -0.009267
5, 9.0, -2.9000000000000004, 6, 8.998850000000001, -2.9001000000000006, 6.00005, -0.009287
5, 9.05, -2.9000000000000004, 6, 9.04975, -2.90015, 6.0, -0.009287
5, 9.100000000000001, -2.9000000000000004, 6, 9.099050000000002, -2.9000500000000002, 6.00005, -0.009314
5, 9.150000000000002, -2.9000000000000004, 6, 9.148950000000001, -2.8999500000000005, 6.00005, -0.009261
5, 9.150000000000002, -2.95, 6, 9.1493, -2.9495500000000003, 6.0, -0.009251
5, 9.150000000000002, -3.0, 6, 9.14935, -2.99995, 6.0, -0.009267
5, 9.150000000000002, -3.05, 6, 9.1493, -3.05045, 6.0, -0.009298
5, 9.150000000000002, -3.0999999999999996, 6, 9.15115, -3.1007000000000002, 5.999950000000001, -0.009251
5, 9.150000000000002, -3.1499999999999995, 6, 9.15125, -3.1495, 5.999950000000001, -0.009267
6, 9.100000000000001, -3.1499999999999995, 6, 9.10025, -3.1504000000000003, 5.999950000000001, -0.009272
6, 9.05, -3.1499999999999995, 6, 9.0505, -3.1500500000000002, 5.999950000000001, -0.009256
6, 9.0, -3.1499999999999995, 6, 9.0006, -3.14975, 5.9999, -0.009319
6, 8.95, -3.1499999999999995, 6, 8.9511, -3.1497, 6.0, -0.009246
6, 8.899999999999999, -3.1499999999999995, 6, 8.8996, -3.1498000000000004, 6.0, -0.00923
6, 8.849999999999998, -3.1499999999999995, 6, 8.85015, -3.1503500000000004, 6.0, -0.009298
6, 8.849999999999998, -3.0999999999999996, 6, 8.84865, -3.1006000000000005, 5.999950000000001, -0.009287
6, 8.849999999999998, -3.05, 6, 8.849800000000002, -3.0498000000000003, 6.000100000000001, -0.009308
6, 8.849999999999998, -3.0, 6, 8.84865, -3.0003, 6.00005, -0.009261
6, 8.849999999999998, -2.95, 6, 8.85, -2.9502, 5.9999, -0.009293
6, 8.849999999999998, -2.9000000000000004, 6, 8.847850000000001, -2.9004000000000003, 5.9999, -0.009293
6, 8.849999999999998, -2.8500000000000005, 6, 8.85075, -2.8508500000000003, 5.9999, -0.009241
7, 8.899999999999999, -2.8500000000000005, 6, 8.900649999999999, -2.8497000000000003, 5.9999, -0.009261
7, 8.95, -2.8500000000000005, 6, 8.9504, -2.84975, 5.999950000000001, -0.009251
7, 9.0, -2.8500000000000005, 6, 9.0005, -2.8504500000000004, 6.0, -0.009303
7, 9.05, -2.8500000000000005, 6, 9.04945, -2.8505, 6.0, -0.009251
7, 9.100000000000001, -2.8500000000000005, 6, 9.1004, -2.8499, 6.000100000000001, -0.009251
7, 9.150000000000002, -2.8500000000000005, 6, 9.1502, -2.8498500000000004, 6.000100000000001, -0.009251
7, 9.200000000000003, -2.8500000000000005, 6, 9.1997, -2.85, 6.000100000000001, -0.009256
7, 9.200000000000003, -2.9000000000000004, 6, 9.19925, -2.8994, 6.0, -0.009308
7, 9.200000000000003, -2.95, 6, 9.20025, -2.95, 6.00005, -0.009319
7, 9.200000000000003, -3.0, 6, 9.201, -2.99995, 5.999950000000001, -0.009308
7, 9.200000000000003, -3.05, 6, 9.2005, -3.0499500000000004, 5.9999, -0.009277
7, 9.200000000000003, -3.0999999999999996, 6, 9.201550000000001, -3.10035, 5.9999, -0.009256
7, 9.200000000000003, -3.1499999999999995, 6, 9.2011, -3.15065, 6.0, -0.009251
7, 9.200000000000003, -3.1999999999999993, 6, 9.198649999999999, -3.2003000000000004, 6.0, -0.009261
8, 9.150000000000002, -3.1999999999999993, 6, 9.14975, -3.1999500000000003, 6.00005, -0.009241
8, 9.100000000000001, -3.1999999999999993, 6, 9.09985, -3.20005, 6.000100000000001, -0.009246
8, 9.05, -3.1999999999999993, 6, 9.05005, -3.1999, 6.00005, -0.009261
8, 9.0, -3.1999999999999993, 6, 9.000350000000001, -3.1999500000000003, 6.00005, -0.009256
8, 8.95, -3.1999999999999993, 6, 8.94985, -3.2001500000000003, 5.999950000000001, -0.009293
8, 8.899999999999999, -3.1999999999999993, 6, 8.89945, -3.1999500000000003, 6.0, -0.009267
8, 8.849999999999998, -3.1999999999999993, 6, 8.84915, -3.1999500000000003, 5.999950000000001, -0.009303
8, 8.799999999999997, -3.1999999999999993, 6, 8.80125, -3.20005, 6.0, -0.009267
8, 8.799999999999997, -3.1499999999999995, 6, 8.799700000000001, -3.1499, 6.00005, -0.009241
8, 8.799999999999997, -3.0999999999999996, 6, 8.79935, -3.0995, 6.00005, -0.009225
8, 8.799999999999997, -3.05, 6, 8.799700000000001, -3.0494, 6.00005, -0.009256
8, 8.799999999999997, -3.0, 6, 8.80015, -2.9999000000000002, 5.999950000000001, -0.009256
8, 8.799999999999997, -2.95, 6, 8.7996, -2.9508500000000004, 6.0, -0.009267
8, 8.799999999999997, -2.9000000000000004, 6, 8.80225, -2.9003, 5.999950000000001, -0.009256
8, 8.799999999999997, -2.8500000000000005, 6, 8.7985, -2.8505, 5.999950000000001, -0.009267
8, 8.799999999999997, -2.8000000000000007, 6, 8.799800000000001, -2.79985, 6.0, -0.009261
9, 8.849999999999998, -2.8000000000000007, 6, 8.8505, -2.8, 6.0, -0.009261
9, 8.899999999999999, -2.8000000000000007, 6, 8.9011, -2.80015, 6.0, -0.009293
9, 8.95, -2.8000000000000007, 6, 8.9504, -2.8001000000000005, 6.0, -0.009303
9, 9.0, -2.8000000000000007, 6, 9.0001, -2.7999500000000004, 6.0, -0.009267
9, 9.05, -2.8000000000000007, 6, 9.0509, -2.7999, 6.00005, -0.009293
9, 9.100000000000001, -2.8000000000000007, 6, 9.1, -2.7999500000000004, 6.00005, -0.009287
9, 9.150000000000002, -2.8000000000000007, 6, 9.150450000000001, -2.8, 6.00005, -0.009308
9, 9.200000000000003, -2.8000000000000007, 6, 9.19965, -2.80005, 6.0, -0.009272
9, 9.250000000000004, -2.8000000000000007, 6, 9.2505, -2.8001000000000005, 6.0, -0.009303
9, 9.250000000000004, -2.8500000000000005, 6, 9.25045, -2.8502, 5.999950000000001, -0.009272
9, 9.250000000000004, -2.9000000000000004, 6, 9.25135, -2.90045, 6.0, -0.009293
9, 9.250000000000004, -2.95, 6, 9.2494, -2.9498, 6.0, -0.009267
9, 9.250000000000004, -3.0, 6, 9.2499, -3.0003, 5.999950000000001, -0.009287
9, 9.250000000000004, -3.05, 6, 9.25225, -3.05045, 6.0, -0.009272
9, 9.250000000000004, -3.0999999999999996, 6, 9.25165, -3.1002, 5.999950000000001, -0.009251
9, 9.250000000000004, -3.1499999999999995, 6, 9.25055, -3.1506000000000003, 6.00005, -0.009261
9, 9.250000000000004, -3.1999999999999993, 6, 9.2509, -3.2001500000000003, 6.0, -0.009261
9, 9.250000000000004, -3.249999999999999, 6, 9.2509, -3.2497000000000003, 6.0, -0.009303
10, 9.200000000000003, -3.249999999999999, 6, 9.200149999999999, -3.24965, 6.00005, -0.009314
10, 9.150000000000002, -3.249999999999999, 6, 9.14985, -3.2506000000000004, 6.00005, -0.009261
10, 9.100000000000001, -3.249999999999999, 6, 9.1005, -3.24965, 6.0, -0.009246
10, 9.05, -3.249999999999999, 6, 9.05035, -3.24965, 6.0, -0.009272
10, 9.0, -3.249999999999999, 6, 8.99985, -3.25025, 6.0, -0.009272
10, 8.95, -3.249999999999999, 6, 8.949300000000001, -3.25015, 5.999950000000001, -0.009298
10, 8.899999999999999, -3.249999999999999, 6, 8.8996, -3.2499000000000002, 5.999950000000001, -0.009272
10, 8.849999999999998, -3.249999999999999, 6, 8.8506, -3.24995, 5.999950000000001, -0.009256
10, 8.799999999999997, -3.249999999999999, 6, 8.800600000000001, -3.2502000000000004, 6.0, -0.009293
10, 8.749999999999996, -3.249999999999999, 6, 8.7492, -3.2500500000000003, 6.00005, -0.009277
10, 8.749999999999996, -3.1999999999999993, 6, 8.75015, -3.2005, 6.000100000000001, -0.009256
10, 8.749999999999996, -3.1499999999999995, 6, 8.7486, -3.1500500000000002, 6.000100000000001, -0.009293
10, 8.749999999999996, -3.0999999999999996, 6, 8.748550000000002, -3.09975, 6.0, -0.009256
10, 8.749999999999996, -3.05, 6, 8.750200000000001, -3.0498000000000003, 5.999950000000001, -0.009293
10, 8.749999999999996, -3.0, 6, 8.75175, -3.0, 5.999950000000001, -0.009298
10, 8.749999999999996, -2.95, 6, 8.749600000000001, -2.9504500000000005, 6.00005, -0.009267
10, 8.749999999999996, -2.9000000000000004, 6, 8.74825, -2.8998000000000004, 6.000100000000001, -0.009282
10, 8.749999999999996, -2.8500000000000005, 6, 8.750300000000001, -2.8503000000000003, 6.000100000000001, -0.009261
10, 8.749999999999996, -2.8000000000000007, 6, 8.75045, -2.80015, 6.0, -0.009277
10, 8.749999999999996, -2.750000000000001, 6, 8.7476, -2.74905, 5.999950000000001, -0.009261
11, 8.799999999999997, -2.750000000000001, 6, 8.79965, -2.74925, 5.9999, -0.009319
11, 8.849999999999998, -2.750000000000001, 6, 8.8503, -2.7499000000000002, 5.999950000000001, -0.009241
11, 8.899999999999999, -2.750000000000001, 6, 8.900300000000001, -2.7502000000000004, 6.0, -0.009282
11, 8.95, -2.750000000000001, 6, 8.95125, -2.7503, 6.0, -0.009314
11, 9.0, -2.750000000000001, 6, 8.99935, -2.74995, 6.0, -0.009303
11, 9.05, -2.750000000000001, 6, 9.0509, -2.7498, 6.00005, -0.009272
11, 9.100000000000001, -2.750000000000001, 6, 9.09965, -2.7498500000000003, 6.00005, -0.009282
11, 9.150000000000002, -2.750000000000001, 6, 9.15095, -2.74965, 6.00005, -0.009261
11, 9.200000000000003, -2.750000000000001, 6, 9.19955, -2.75075, 6.0, -0.009256
11, 9.250000000000004, -2.750000000000001, 6, 9.24925, -2.74935, 6.00005, -0.009256
11, 9.300000000000004, -2.750000000000001, 6, 9.300300000000002, -2.7505, 5.9999, -0.009319
11, 9.300000000000004, -2.8000000000000007, 6, 9.3004, -2.7999, 5.999950000000001, -0.009241
11, 9.300000000000004, -2.8500000000000005, 6, 9.302200000000001, -2.85035, 6.0, -0.009282
11, 9.300000000000004, -2.9000000000000004, 6, 9.3007, -2.9011000000000005, 6.0, -0.009256
11, 9.300000000000004, -2.95, 6, 9.29965, -2.9502, 6.0, -0.009256
11, 9.300000000000004, -3.0, 6, 9.2992, -2.99955, 6.00005, -0.009298
11, 9.300000000000004, -3.05, 6, 9.299800000000001, -3.0507000000000004, 6.00005, -0.009267
11, 9.300000000000004, -3.0999999999999996, 6, 9.30035, -3.1001000000000003, 6.00005, -0.009251
11, 9.300000000000004, -3.1499999999999995, 6, 9.30145, -3.1508000000000003, 6.00005, -0.009251
11, 9.300000000000004, -3.1999999999999993, 6, 9.299, -3.2001500000000003, 5.999950000000001, -0.009298
11, 9.300000000000004, -3.249999999999999, 6, 9.301200000000001, -3.2503500000000005, 5.999950000000001, -0.009287
11, 9.300000000000004, -3.299999999999999, 6, 9.299050000000001, -3.29955, 5.999950000000001, -0.009308
12, 9.250000000000004, -3.299999999999999, 6, 9.2507, -3.29945, 5.999950000000001, -0.009272
12, 9.200000000000003, -3.299999999999999, 6, 9.2, -3.3001000000000005, 6.000100000000001, -0.009267
12, 9.150000000000002, -3.299999999999999, 6, 9.149899999999999, -3.3, 6.00005, -0.009261
12, 9.100000000000001, -3.299999999999999, 6, 9.09965, -3.29985, 6.00005, -0.009256
12, 9.05, -3.299999999999999, 6, 9.04995, -3.3, 5.999950000000001, -0.009261
12, 9.0, -3.299999999999999, 6, 9.0013, -3.3, 5.999950000000001, -0.009282
12, 8.95, -3.299999999999999, 6, 8.951, -3.3, 5.999950000000001, -0.009298
12, 8.899999999999999, -3.299999999999999, 6, 8.899899999999999, -3.2999500000000004, 5.999950000000001, -0.009267
12, 8.849999999999998, -3.299999999999999, 6, 8.85045, -3.3, 6.0, -0.009308
12, 8.799999999999997, -3.299999999999999, 6, 8.80115, -3.2999500000000004, 6.0, -0.009282
12, 8.749999999999996, -3.299999999999999, 6, 8.74975, -3.2999500000000004, 6.000100000000001, -0.009256
12, 8.699999999999996, -3.299999999999999, 6, 8.7002, -3.2999, 6.000100000000001, -0.009256
12, 8.699999999999996, -3.249999999999999, 6, 8.69935, -3.2498, 6.00005, -0.009282
12, 8.699999999999996, -3.1999999999999993, 6, 8.700550000000002, -3.1995500000000003, 5.999950000000001, -0.009303
12, 8.699999999999996, -3.1499999999999995, 6, 8.70185, -3.1498000000000004, 5.999950000000001, -0.009246
12, 8.699999999999996, -3.0999999999999996, 6, 8.6995, -3.0997000000000003, 6.000100000000001, -0.009303
12, 8.699999999999996, -3.05, 6, 8.701550000000001, -3.05005, 6.0, -0.009261
12, 8.699999999999996, -3.0, 6, 8.69925, -2.99925, 6.0, -0.009272
12, 8.699999999999996, -2.95, 6, 8.70025, -2.9504, 6.0, -0.009287
12, 8.699999999999996, -2.9000000000000004, 6, 8.699800000000002, -2.8998500000000003, 6.0, -0.009298
12, 8.699999999999996, -2.8500000000000005, 6, 8.698550000000001, -2.8507000000000002, 6.0, -0.009272
12, 8.699999999999996, -2.8000000000000007, 6, 8.69925, -2.7999500000000004, 6.0, -0.009298
12, 8.699999999999996, -2.750000000000001, 6, 8.6991, -2.7500500000000003, 5.999950000000001, -0.009293
12, 8.699999999999996, -2.700000000000001, 6, 8.70045, -2.7004500000000005, 5.999950000000001, -0.009282
13, 8.749999999999996, -2.700000000000001, 6, 8.7497, -2.7, 6.0, -0.009246
13, 8.799999999999997, -2.700000000000001, 6, 8.800550000000001, -2.6999, 6.0, -0.009277
13, 8.849999999999998, -2.700000000000001, 6, 8.850550000000002, -2.7001000000000004, 6.00005, -0.009246
13, 8.899999999999999, -2.700000000000001, 6, 8.89935, -2.6999500000000003, 6.00005, -0.009256
13, 8.95, -2.700000000000001, 6, 8.950700000000001, -2.7001500000000003, 5.999950000000001, -0.009241
13, 9.0, -2.700000000000001, 6, 9.000350000000001, -2.7001000000000004, 5.9999, -0.009303
13, 9.05, -2.700000000000001, 6, 9.0499, -2.7, 5.999950000000001, -0.009261
13, 9.100000000000001, -2.700000000000001, 6, 9.100800000000001, -2.69965, 6.0, -0.009241
13, 9.150000000000002, -2.700000000000001, 6, 9.15035, -2.7001000000000004, 6.0, -0.009256
13, 9.200000000000003, -2.700000000000001, 6, 9.200800000000001, -2.7001000000000004, 5.999950000000001, -0.009282
13, 9.250000000000004, -2.700000000000001, 6, 9.25065, -2.7001500000000003, 6.00005, -0.009251
13, 9.300000000000004, -2.700000000000001, 6, 9.29915, -2.6999500000000003, 6.0, -0.009261
13, 9.350000000000005, -2.700000000000001, 6, 9.350550000000002, -2.6999500000000003, 6.00005, -0.009256
13, 9.350000000000005, -2.750000000000001, 6, 9.3494, -2.74975, 6.00005, -0.009282
13, 9.350000000000005, -2.8000000000000007, 6, 9.35065, -2.8005500000000003, 6.0, -0.009287
13, 9.350000000000005, -2.8500000000000005, 6, 9.3485, -2.84965, 5.999950000000001, -0.009261
13, 9.350000000000005, -2.9000000000000004, 6, 9.351899999999999, -2.9004000000000003, 5.999950000000001, -0.009319
13, 9.350000000000005, -2.95, 6, 9.34985, -2.9493500000000004, 5.999950000000001, -0.009225
13, 9.350000000000005, -3.0, 6, 9.3505, -2.9994500000000004, 5.999950000000001, -0.009298
13, 9.350000000000005, -3.05, 6, 9.3499, -3.0498000000000003, 5.999950000000001, -0.009251
13, 9.350000000000005, -3.0999999999999996, 6, 9.3479, -3.0999, 6.0, -0.009277
13, 9.350000000000005, -3.1499999999999995, 6, 9.35025, -3.1501000000000006, 6.0, -0.009293
13, 9.350000000000005, -3.1999999999999993, 6, 9.34985, -3.2003500000000003, 6.0, -0.009241
13, 9.350000000000005, -3.249999999999999, 6, 9.3521, -3.2504, 6.00005, -0.009293
13, 9.350000000000005, -3.299999999999999, 6, 9.34985, -3.2989, 6.0, -0.009272
13, 9.350000000000005, -3.3499999999999988, 6, 9.348600000000001, -3.35005, 5.999950000000001, -0.009261
14, 9.300000000000004, -3.3499999999999988, 6, 9.3008, -3.3498500000000004, 6.0, -0.009272
14, 9.250000000000004, -3.3499999999999988, 6, 9.250050000000002, -3.34975, 6.0, -0.009293
14, 9.200000000000003, -3.3499999999999988, 6, 9.200800000000001, -3.35, 6.000100000000001, -0.009287
14, 9.150000000000002, -3.3499999999999988, 6, 9.15, -3.3501000000000003, 6.00005, -0.009246
14, 9.100000000000001, -3.3499999999999988, 6, 9.1005, -3.3501000000000003, 6.00005, -0.009287
14, 9.05, -3.3499999999999988, 6, 9.0494, -3.3498500000000004, 6.0, -0.009256
14, 9.0, -3.3499999999999988, 6, 8.999300000000002, -3.3498500000000004, 5.999950000000001, -0.009287
14, 8.95, -3.3499999999999988, 6, 8.950899999999999, -3.34995, 5.999950000000001, -0.009246
14, 8.899999999999999, -3.3499999999999988, 6, 8.9, -3.35015, 5.999950000000001, -0.009251
14, 8.849999999999998, -3.3499999999999988, 6, 8.8506, -3.35015, 5.9999, -0.009241
14, 8.799999999999997, -3.3499999999999988, 6, 8.8008, -3.34995, 5.999950000000001, -0.009293
14, 8.749999999999996, -3.3499999999999988, 6, 8.750350000000001, -3.3498, 6.00005, -0.009298
14, 8.699999999999996, -3.3499999999999988, 6, 8.70135, -3.3498, 6.00005, -0.00923
14, 8.649999999999995, -3.3499999999999988, 6, 8.6495, -3.35005, 6.00005, -0.009261
14, 8.649999999999995, -3.299999999999999, 6, 8.6508, -3.2994, 6.00005, -0.009256
14, 8.649999999999995, -3.249999999999999, 6, 8.65015, -3.2509, 6.0, -0.009293
14, 8.649999999999995, -3.1999999999999993, 6, 8.6491, -3.1996, 5.999950000000001, -0.009287
14, 8.649999999999995, -3.1499999999999995, 6, 8.65155, -3.14955, 5.9999, -0.009241
14, 8.649999999999995, -3.0999999999999996, 6, 8.65135, -3.0996000000000006, 5.9999, -0.009282
14, 8.649999999999995, -3.05, 6, 8.65175, -3.05065, 6.0, -0.009251
14, 8.649999999999995, -3.0, 6, 8.65, -3.0000500000000003, 6.0, -0.009246
14, 8.649999999999995, -2.95, 6, 8.64945, -2.95065, 6.0, -0.009246
14, 8.649999999999995, -2.9000000000000004, 6, 8.64995, -2.9000500000000002, 6.0, -0.009251
14, 8.649999999999995, -2.8500000000000005, 6, 8.64885, -2.84975, 6.00005, -0.009282
14, 8.649999999999995, -2.8000000000000007, 6, 8.6489, -2.7999500000000004, 6.000100000000001, -0.009251
14, 8.649999999999995, -2.750000000000001, 6, 8.6517, -2.74955, 6.000100000000001, -0.009235
14, 8.649999999999995, -2.700000000000001, 6, 8.650450000000001, -2.6995, 6.00005, -0.009261
14, 8.649999999999995, -2.6500000000000012, 6, 8.6492, -2.6502000000000003, 6.0, -0.009251
15, 8.699999999999996, -2.6500000000000012, 6, 8.7005, -2.6499500000000005, 6.0, -0.009293
15, 8.749999999999996, -2.6500000000000012, 6, 8.749300000000002, -2.6495, 6.0, -0.009256
15, 8.799999999999997, -2.6500000000000012, 6, 8.80035, -2.6503, 5.999950000000001, -0.009246
15, 8.849999999999998, -2.6500000000000012, 6, 8.8505, -2.6497, 5.999950000000001, -0.009261
15, 8.899999999999999, -2.6500000000000012, 6, 8.89995, -2.6504000000000003, 5.999950000000001, -0.009251
15, 8.95, -2.6500000000000012, 6, 8.95135, -2.65025, 6.0, -0.009261
15, 9.0, -2.6500000000000012, 6, 8.998800000000001, -2.6497, 6.000100000000001, -0.009287
15, 9.05, -2.6500000000000012, 6, 9.04915, -2.6496000000000004, 6.00005, -0.009298
15, 9.100000000000001, -2.6500000000000012, 6, 9.0991, -2.65, 6.00005, -0.009261
15, 9.150000000000002, -2.6500000000000012, 6, 9.15005, -2.65015, 6.00005, -0.009282
15, 9.200000000000003, -2.6500000000000012, 6, 9.20035, -2.6496500000000003, 5.999950000000001, -0.009272
15, 9.250000000000004, -2.6500000000000012, 6, 9.250300000000001, -2.6500500000000002, 5.9999, -0.009277
15, 9.300000000000004, -2.6500000000000012, 6, 9.3004, -2.6498000000000004, 5.9999, -0.009261
15, 9.350000000000005, -2.6500000000000012, 6, 9.3495, -2.64975, 5.9999, -0.009272
15, 9.400000000000006, -2.6500000000000012, 6, 9.40055, -2.6502000000000003, 5.999950000000001, -0.009261
15, 9.400000000000006, -2.700000000000001, 6, 9.3995, -2.69965, 6.0, -0.009277
15, 9.400000000000006, -2.750000000000001, 6, 9.39975, -2.7498, 6.0, -0.009303
15, 9.400000000000006, -2.8000000000000007, 6, 9.3985, -2.7999500000000004, 6.0, -0.009267
15, 9.400000000000006, -2.8500000000000005, 6, 9.40095, -2.85005, 6.0, -0.009303
15, 9.400000000000006, -2.9000000000000004, 6, 9.39785, -2.9003, 6.00005, -0.009225
15, 9.400000000000006, -2.95, 6, 9.4015, -2.9505, 6.0, -0.009277
15, 9.400000000000006, -3.0, 6, 9.39905, -2.9998, 6.0, -0.009261
15, 9.400000000000006, -3.05, 6, 9.398100000000001, -3.04975, 6.00005, -0.009293
15, 9.400000000000006, -3.0999999999999996, 6, 9.401399999999999, -3.1007000000000002, 5.9999, -0.009308
15, 9.400000000000006, -3.1499999999999995, 6, 9.4026, -3.1503, 5.999950000000001, -0.009319
15, 9.400000000000006, -3.1999999999999993, 6, 9.39945, -3.2001500000000003, 5.999950000000001, -0.009267
15, 9.400000000000006, -3.249999999999999, 6, 9.4026, -3.2506500000000003, 5.999950000000001, -0.009287
15, 9.400000000000006, -3.299999999999999, 6, 9.398399999999999, -3.29955, 6.00005, -0.009272
15, 9.400000000000006, -3.3499999999999988, 6, 9.40245, -3.3503000000000003, 6.00005, -0.009267
15, 9.400000000000006, -3.3999999999999986, 6, 9.4009, -3.40025, 6.00005, -0.009298
16, 9.350000000000005, -3.3999999999999986, 6, 9.350550000000002, -3.4, 6.00005, -0.009287
16, 9.300000000000004, -3.3999999999999986, 6, 9.30095, -3.3999, 6.0, -0.009251
16, 9.250000000000004, -3.3999999999999986, 6, 9.25025, -3.3999, 5.999950000000001, -0.009256
16, 9.200000000000003, -3.3999999999999986, 6, 9.1989, -3.4, 6.0, -0.009246
16, 9.150000000000002, -3.3999999999999986, 6, 9.14995, -3.4000500000000002, 6.0, -0.009246
16, 9.100000000000001, -3.3999999999999986, 6, 9.1, -3.3999, 6.00005, -0.009267
16, 9.05, -3.3999999999999986, 6, 9.0502, -3.3999, 6.00005, -0.009261
16, 9.0, -3.3999999999999986, 6, 9.00015, -3.3998500000000003, 6.00005, -0.009251
16, 8.95, -3.3999999999999986, 6, 8.94935, -3.40015, 6.00005, -0.009272
16, 8.899999999999999, -3.3999999999999986, 6, 8.8994, -3.4001000000000006, 6.00005, -0.009267
16, 8.849999999999998, -3.3999999999999986, 6, 8.849300000000001, -3.3999, 6.0, -0.009287
16, 8.799999999999997, -3.3999999999999986, 6, 8.801050000000002, -3.3998500000000003, 6.0, -0.009267
16, 8.749999999999996, -3.3999999999999986, 6, 8.74935, -3.3999500000000005, 6.00005, -0.00923
16, 8.699999999999996, -3.3999999999999986, 6, 8.7002, -3.4000500000000002, 5.999950000000001, -0.009298
16, 8.649999999999995, -3.3999999999999986, 6, 8.6505, -3.4001000000000006, 5.9999, -0.009277
16, 8.599999999999994, -3.3999999999999986, 6, 8.599800000000002, -3.3999500000000005, 5.9999, -0.009267
16, 8.599999999999994, -3.3499999999999988, 6, 8.5995, -3.3491000000000004, 6.0, -0.009272
16, 8.599999999999994, -3.299999999999999, 6, 8.602300000000001, -3.30075, 6.0, -0.009293
16, 8.599999999999994, -3.249999999999999, 6, 8.59955, -3.24975, 6.0, -0.009287
16, 8.599999999999994, -3.1999999999999993, 6, 8.598550000000001, -3.1993500000000004, 5.999950000000001, -0.009256
16, 8.599999999999994, -3.1499999999999995, 6, 8.5984, -3.1501000000000006, 6.00005, -0.009261
16, 8.599999999999994, -3.0999999999999996, 6, 8.60235, -3.10055, 6.00005, -0.009261
16, 8.599999999999994, -3.05, 6, 8.6, -3.04985, 6.000100000000001, -0.009287
16, 8.599999999999994, -3.0, 6, 8.5995, -2.99935, 6.00005, -0.009277
16, 8.599999999999994, -2.95, 6, 8.6009, -2.9495500000000003, 6.0, -0.009298
16, 8.599999999999994, -2.9000000000000004, 6, 8.59815, -2.9, 6.0, -0.009303
16, 8.599999999999994, -2.8500000000000005, 6, 8.598700000000001, -2.8498, 5.999950000000001, -0.009225
16, 8.599999999999994, -2.8000000000000007, 6, 8.59875, -2.80005, 5.999950000000001, -0.009303
16, 8.599999999999994, -2.750000000000001, 6, 8.600850000000001, -2.75, 6.0, -0.009314
16, 8.599999999999994, -2.700000000000001, 6, 8.60025, -2.6992000000000003, 6.0, -0.009303
16, 8.599999999999994, -2.6500000000000012, 6, 8.601550000000001, -2.65115, 6.000100000000001, -0.009241
16, 8.599999999999994, -2.6000000000000014, 6, 8.59915, -2.5998, 6.000100000000001, -0.009251
17, 8.649999999999995, -2.6000000000000014, 6, 8.65055, -2.59995, 6.00005, -0.009246
17, 8.699999999999996, -2.6000000000000014, 6, 8.69955, -2.60005, 6.00005, -0.009277
17, 8.749999999999996, -2.6000000000000014, 6, 8.750300000000001, -2.6002, 5.9999, -0.009282
17, 8.799999999999997, -2.6000000000000014, 6, 8.8, -2.6, 5.9999, -0.009298
17, 8.849999999999998, -2.6000000000000014, 6, 8.8506, -2.59995, 5.999950000000001, -0.009287
17, 8.899999999999999, -2.6000000000000014, 6, 8.90025, -2.60005, 6.0, -0.009287
17, 8.95, -2.6000000000000014, 6, 8.9495, -2.60005, 6.00005, -0.009277
17, 9.0, -2.6000000000000014, 6, 8.9995, -2.6, 6.00005, -0.009272
17, 9.05, -2.6000000000000014, 6, 9.05075, -2.59995, 6.00005, -0.009287
17, 9.100000000000001, -2.6000000000000014, 6, 9.10065, -2.59995, 6.00005, -0.009241
17, 9.150000000000002, -2.6000000000000014, 6, 9.1505, -2.6, 6.0, -0.009287
17, 9.200000000000003, -2.6000000000000014, 6, 9.1997, -2.6001000000000003, 5.999950000000001, -0.009282
17, 9.250000000000004, -2.6000000000000014, 6, 9.251100000000001, -2.6002, 5.999950000000001, -0.009251
17, 9.300000000000004, -2.6000000000000014, 6, 9.29925, -2.6001000000000003, 5.999950000000001, -0.009282
17, 9.350000000000005, -2.6000000000000014, 6, 9.350050000000001, -2.5999, 6.0, -0.009287
17, 9.400000000000006, -2.6000000000000014, 6, 9.39975, -2.6, 6.00005, -0.009261
17, 9.450000000000006, -2.6000000000000014, 6, 9.44955, -2.6001000000000003, 6.00005, -0.009267
17, 9.450000000000006, -2.6500000000000012, 6, 9.44915, -2.6498000000000004, 6.00005, -0.00923
17, 9.450000000000006, -2.700000000000001, 6, 9.451, -2.7001000000000004, 6.0, -0.009241
17, 9.450000000000006, -2.750000000000001, 6, 9.450800000000001, -2.7498500000000003, 5.999950000000001, -0.009303
17, 9.450000000000006, -2.8000000000000007, 6, 9.45075, -2.7998000000000003, 6.0, -0.009277
17, 9.450000000000006, -2.8500000000000005, 6, 9.45225, -2.8498, 6.00005, -0.009298
17, 9.450000000000006, -2.9000000000000004, 6, 9.44875, -2.90025, 6.00005, -0.009287
17, 9.450000000000006, -2.95, 6, 9.448649999999999, -2.9503500000000003, 6.00005, -0.009282
17, 9.450000000000006, -3.0, 6, 9.452050000000002, -3.0001, 6.00005, -0.009293
17, 9.450000000000006, -3.05, 6, 9.44955, -3.05, 6.0, -0.009267
17, 9.450000000000006, -3.0999999999999996, 6, 9.44885, -3.10005, 5.999950000000001, -0.009251
17, 9.450000000000006, -3.1499999999999995, 6, 9.4515, -3.1504000000000003, 5.999950000000001, -0.009256
17, 9.450000000000006, -3.1999999999999993, 6, 9.4481, -3.2005500000000002, 5.999950000000001, -0.009293
17, 9.450000000000006, -3.249999999999999, 6, 9.45225, -3.25055, 5.999950000000001, -0.009303
17, 9.450000000000006, -3.299999999999999, 6, 9.4489, -3.29955, 6.00005, -0.009261
17, 9.450000000000006, -3.3499999999999988, 6, 9.452350000000001, -3.35035, 6.00005, -0.009282
17, 9.450000000000006, -3.3999999999999986, 6, 9.4512, -3.4, 6.0, -0.009287
17, 9.450000000000006, -3.4499999999999984, 6, 9.449300000000001, -3.4503500000000003, 6.0, -0.009287
18, 9.400000000000006, -3.4499999999999984, 6, 9.4017, -3.45005, 6.0, -0.009267
18, 9.350000000000005, -3.4499999999999984, 6, 9.34965, -3.4501500000000003, 6.00005, -0.009256
18, 9.300000000000004, -3.4499999999999984, 6, 9.30075, -3.4501500000000003, 5.999950000000001, -0.009293
18, 9.250000000000004, -3.4499999999999984, 6, 9.250300000000001, -3.4499500000000003, 5.9999, -0.009287
18, 9.200000000000003, -3.4499999999999984, 6, 9.20045, -3.4498500000000005, 5.999950000000001, -0.009287
18, 9.150000000000002, -3.4499999999999984, 6, 9.15025, -3.4501500000000003, 6.0, -0.009246
18, 9.100000000000001, -3.4499999999999984, 6, 9.0994, -3.45, 6.000100000000001, -0.009319
18, 9.05, -3.4499999999999984, 6, 9.04915, -3.4496, 6.00005, -0.009256
18, 9.0, -3.4499999999999984, 6, 9.00075, -3.45005, 6.000100000000001, -0.009287
18, 8.95, -3.4499999999999984, 6, 8.950700000000001, -3.4501500000000003, 6.00005, -0.009293
18, 8.899999999999999, -3.4499999999999984, 6, 8.89945, -3.45, 5.999950000000001, -0.009293
18, 8.849999999999998, -3.4499999999999984, 6, 8.8494, -3.44975, 5.9999, -0.009256
18, 8.799999999999997, -3.4499999999999984, 6, 8.800550000000001, -3.45005, 5.9999, -0.009267
18, 8.749999999999996, -3.4499999999999984, 6, 8.7499, -3.4502, 6.0, -0.009293
18, 8.699999999999996, -3.4499999999999984, 6, 8.700149999999999, -3.4498500000000005, 6.00005, -0.009282
18, 8.649999999999995, -3.4499999999999984, 6, 8.65075, -3.4495500000000003, 6.00005, -0.009282
18, 8.599999999999994, -3.4499999999999984, 6, 8.600950000000001, -3.4502, 6.000100000000001, -0.009287
18, 8.549999999999994, -3.4499999999999984, 6, 8.550450000000001, -3.4497000000000004, 6.00005, -0.009261
18, 8.549999999999994, -3.3999999999999986, 6, 8.5511, -3.3999, 5.999950000000001, -0.009287
18, 8.549999999999994, -3.3499999999999988, 6, 8.5493, -3.3493500000000003, 5.9999, -0.009277
18, 8.549999999999994, -3.299999999999999, 6, 8.54775, -3.2994, 5.9999, -0.009241
18, 8.549999999999994, -3.249999999999999, 6, 8.55005, -3.25075, 6.0, -0.009324
18, 8.549999999999994, -3.1999999999999993, 6, 8.5515, -3.2006000000000006, 6.000100000000001, -0.009272
18, 8.549999999999994, -3.1499999999999995, 6, 8.5477, -3.1498000000000004, 6.00005, -0.009298
18, 8.549999999999994, -3.0999999999999996, 6, 8.549700000000001, -3.10015, 6.00005, -0.009293
18, 8.549999999999994, -3.05, 6, 8.548300000000001, -3.0499500000000004, 5.999950000000001, -0.009261
18, 8.549999999999994, -3.0, 6, 8.55035, -2.9999000000000002, 6.0, -0.009298
18, 8.549999999999994, -2.95, 6, 8.5508, -2.9504, 5.999950000000001, -0.009272
18, 8.549999999999994, -2.9000000000000004, 6, 8.55145, -2.8994, 6.00005, -0.009272
18, 8.549999999999994, -2.8500000000000005, 6, 8.5517, -2.8499, 6.00005, -0.009282
18, 8.549999999999994, -2.8000000000000007, 6, 8.55005, -2.8, 6.0, -0.009261
18, 8.549999999999994, -2.750000000000001, 6, 8.549550000000002, -2.74995, 6.0, -0.009298
18, 8.549999999999994, -2.700000000000001, 6, 8.549700000000001, -2.69915, 5.999950000000001, -0.009256
18, 8.549999999999994, -2.6500000000000012, 6, 8.5501, -2.65, 5.999950000000001, -0.009235
18, 8.549999999999994, -2.6000000000000014, 6, 8.55085, -2.59995, 6.0, -0.009287
18, 8.549999999999994, -2.5500000000000016, 6, 8.54875, -2.5496000000000003, 6.00005, -0.009282
19, 8.599999999999994, -2.5500000000000016, 6, 8.599950000000002, -2.5505, 6.000100000000001, -0.009287
19, 8.649999999999995, -2.5500000000000016, 6, 8.649899999999999, -2.55015, 6.000100000000001, -0.009282
19, 8.699999999999996, -2.5500000000000016, 6, 8.699800000000002, -2.54975, 6.00005, -0.009261
19, 8.749999999999996, -2.5500000000000016, 6, 8.750350000000001, -2.5499500000000004, 5.999950000000001, -0.009256
19, 8.799999999999997, -2.5500000000000016, 6, 8.800450000000001, -2.5499, 5.9999, -0.009246
19, 8.849999999999998, -2.5500000000000016, 6, 8.849050000000002, -2.5499500000000004, 6.0, -0.009282
19, 8.899999999999999, -2.5500000000000016, 6, 8.9005, -2.5501000000000005, 6.00005, -0.009303
19, 8.95, -2.5500000000000016, 6, 8.95095, -2.5503500000000003, 6.00005, -0.009261
19, 9.0, -2.5500000000000016, 6, 8.9998, -2.55025, 6.000100000000001, -0.009298
19, 9.05, -2.5500000000000016, 6, 9.05005, -2.5501000000000005, 6.000100000000001, -0.009287
19, 9.100000000000001, -2.5500000000000016, 6, 9.09925, -2.5499500000000004, 6.000100000000001, -0.009256
19, 9.150000000000002, -2.5500000000000016, 6, 9.15005, -2.5499500000000004, 6.0, -0.009282
19, 9.200000000000003, -2.5500000000000016, 6, 9.1997, -2.5499500000000004, 6.0, -0.009261
19, 9.250000000000004, -2.5500000000000016, 6, 9.250399999999999, -2.5501000000000005, 6.0, -0.009287
19, 9.300000000000004, -2.5500000000000016, 6, 9.2992, -2.55, 5.999950000000001, -0.009287
19, 9.350000000000005, -2.5500000000000016, 6, 9.350200000000001, -2.55005, 5.9999, -0.009298
19, 9.400000000000006, -2.5500000000000016, 6, 9.4002, -2.55, 5.999950000000001, -0.009293
19, 9.450000000000006, -2.5500000000000016, 6, 9.449800000000002, -2.55, 6.0, -0.009261
19, 9.500000000000007, -2.5500000000000016, 6, 9.50025, -2.5499, 6.00005, -0.009282
19, 9.500000000000007, -2.6000000000000014, 6, 9.501800000000001, -2.6005, 6.00005, -0.009261
19, 9.500000000000007, -2.6500000000000012, 6, 9.5012, -2.65025, 6.00005, -0.009272
19, 9.500000000000007, -2.700000000000001, 6, 9.4999, -2.6999, 6.00005, -0.009256
19, 9.500000000000007, -2.750000000000001, 6, 9.4997, -2.74955, 5.9999, -0.009272
19, 9.500000000000007, -2.8000000000000007, 6, 9.4983, -2.8008500000000005, 5.999950000000001, -0.009267
19, 9.500000000000007, -2.8500000000000005, 6, 9.4991, -2.85035, 6.0, -0.009256
19, 9.500000000000007, -2.9000000000000004, 6, 9.500300000000001, -2.9002000000000003, 6.000100000000001, -0.009246
19, 9.500000000000007, -2.95, 6, 9.5006, -2.94965, 6.00005, -0.009282
19, 9.500000000000007, -3.0, 6, 9.498800000000001, -2.9989500000000002, 6.000100000000001, -0.009251
19, 9.500000000000007, -3.05, 6, 9.49915, -3.0496000000000003, 6.0, -0.009267
19, 9.500000000000007, -3.0999999999999996, 6, 9.4994, -3.10025, 6.0, -0.009246
19, 9.500000000000007, -3.1499999999999995, 6, 9.50135, -3.15025, 6.0, -0.009272
19, 9.500000000000007, -3.1999999999999993, 6, 9.499450000000001, -3.2001500000000003, 5.999950000000001, -0.009261
19, 9.500000000000007, -3.249999999999999, 6, 9.50065, -3.2512000000000003, 5.999950000000001, -0.009303
19, 9.500000000000007, -3.299999999999999, 6, 9.500950000000001, -3.29945, 5.999950000000001, -0.009267
19, 9.500000000000007, -3.3499999999999988, 6, 9.502, -3.35055, 6.0, -0.009251
19, 9.500000000000007, -3.3999999999999986, 6, 9.501, -3.40045, 6.0, -0.009261
19, 9.500000000000007, -3.4499999999999984, 6, 9.50175, -3.45065, 6.0, -0.009256
19, 9.500000000000007, -3.4999999999999982, 6, 9.4995, -3.5000500000000003, 6.0, -0.009277
20, 9.450000000000006, -3.4999999999999982, 6, 9.449050000000002, -3.49995, 6.0, -0.009267
20, 9.400000000000006, -3.4999999999999982, 6, 9.4006, -3.4999000000000002, 5.999950000000001, -0.009319
20, 9.350000000000005, -3.4999999999999982, 6, 9.349800000000002, -3.4998500000000003, 6.00005, -0.009272
20, 9.300000000000004, -3.4999999999999982, 6, 9.30005, -3.5, 6.0, -0.009303
20, 9.250000000000004, -3.4999999999999982, 6, 9.25075, -3.5000500000000003, 6.0, -0.009282
20, 9.200000000000003, -3.4999999999999982, 6, 9.2011, -3.5000500000000003, 6.00005, -0.009246
20, 9.150000000000002, -3.4999999999999982, 6, 9.15115, -3.49995, 6.00005, -0.009246
20, 9.100000000000001, -3.4999999999999982, 6, 9.0996, -3.4999000000000002, 6.00005, -0.009293
20, 9.05, -3.4999999999999982, 6, 9.0502, -3.49995, 6.0, -0.009267
20, 9.0, -3.4999999999999982, 6, 9.00045, -3.5, 6.00005, -0.009293
20, 8.95, -3.4999999999999982, 6, 8.951300000000002, -3.5000500000000003, 6.0, -0.009282
20, 8.899999999999999, -3.4999999999999982, 6, 8.8993, -3.5, 6.0, -0.009256
20, 8.849999999999998, -3.4999999999999982, 6, 8.84975, -3.49995, 5.999950000000001, -0.009293
20, 8.799999999999997, -3.4999999999999982, 6, 8.80075, -3.49995, 5.999950000000001, -0.009246
20, 8.749999999999996, -3.4999999999999982, 6, 8.7512, -3.49995, 6.0, -0.009235
20, 8.699999999999996, -3.4999999999999982, 6, 8.7002, -3.5, 5.999950000000001, -0.009277
20, 8.649999999999995, -3.4999999999999982, 6, 8.65085, -3.5, 5.999950000000001, -0.009272
20, 8.599999999999994, -3.4999999999999982, 6, 8.600700000000002, -3.5000500000000003, 6.00005, -0.009246
20, 8.549999999999994, -3.4999999999999982, 6, 8.5505, -3.49995, 6.00005, -0.009246
20, 8.499999999999993, -3.4999999999999982, 6, 8.50055, -3.5001, 6.0, -0.009256
20, 8.499999999999993, -3.4499999999999984, 6, 8.5013, -3.4499500000000003, 5.999950000000001, -0.009293
20, 8.499999999999993, -3.3999999999999986, 6, 8.50025, -3.39975, 5.999950000000001, -0.009256
20, 8.499999999999993, -3.3499999999999988, 6, 8.500050000000002, -3.3491500000000003, 5.999950000000001, -0.009256
20, 8.499999999999993, -3.299999999999999, 6, 8.50025, -3.3005, 6.00005, -0.009287
20, 8.499999999999993, -3.249999999999999, 6, 8.5, -3.2504, 6.00005, -0.009287
20, 8.499999999999993, -3.1999999999999993, 6, 8.50085, -3.2003500000000003, 6.0, -0.009293
20, 8.499999999999993, -3.1499999999999995, 6, 8.49685, -3.1494500000000003, 6.00005, -0.009298
20, 8.499999999999993, -3.0999999999999996, 6, 8.500350000000001, -3.10005, 6.0, -0.009298
20, 8.499999999999993, -3.05, 6, 8.5007, -3.049, 5.999950000000001, -0.009287
20, 8.499999999999993, -3.0, 6, 8.499550000000001, -3.0001, 6.00005, -0.009293
20, 8.499999999999993, -2.95, 6, 8.501050000000001, -2.9502, 6.00005, -0.009293
20, 8.499999999999993, -2.9000000000000004, 6, 8.500200000000001, -2.9, 6.0, -0.009267
20, 8.499999999999993, -2.8500000000000005, 6, 8.4997, -2.8506000000000005, 6.0, -0.009298
20, 8.499999999999993, -2.8000000000000007, 6, 8.497950000000001, -2.80005, 5.999950000000001, -0.009267
20, 8.499999999999993, -2.750000000000001, 6, 8.50045, -2.74995, 5.99985, -0.009256
20, 8.499999999999993, -2.700000000000001, 6, 8.50045, -2.6995, 5.999950000000001, -0.009256
20, 8.499999999999993, -2.6500000000000012, 6, 8.500200000000001, -2.6499, 6.0, -0.009251
20, 8.499999999999993, -2.6000000000000014, 6, 8.4992, -2.60005, 6.0, -0.009272
20, 8.499999999999993, -2.5500000000000016, 6, 8.501100000000001, -2.5495, 6.00005, -0.009298
20, 8.499999999999993, -2.5000000000000018, 6, 8.4997, -2.49965, 6.00005, -0.009282
21, 8.549999999999994, -2.5000000000000018, 6, 8.55, -2.5000500000000003, 6.0, -0.009287
21, 8.599999999999994, -2.5000000000000018, 6, 8.5995, -2.49995, 6.0, -0.009256
21, 8.649999999999995, -2.5000000000000018, 6, 8.650649999999999, -2.5000500000000003, 6.0, -0.009277
21, 8.699999999999996, -2.5000000000000018, 6, 8.70035, -2.5, 5.999950000000001, -0.009261
21, 8.749999999999996, -2.5000000000000018, 6, 8.75025, -2.49995, 5.999950000000001, -0.009308
21, 8.799999999999997, -2.5000000000000018, 6, 8.80035, -2.4999000000000002, 5.999950000000001, -0.009256
21, 8.849999999999998, -2.5000000000000018, 6, 8.85075, -2.5000500000000003, 5.999950000000001, -0.009251
21, 8.899999999999999, -2.5000000000000018, 6, 8.9004, -2.5, 6.0, -0.009256
21, 8.95, -2.5000000000000018, 6, 8.95095, -2.5000500000000003, 6.00005, -0.009251
21, 9.0, -2.5000000000000018, 6, 8.99845, -2.5, 6.00005, -0.009246
21, 9.05, -2.5000000000000018, 6, 9.04995, -2.49995, 6.0, -0.009293
21, 9.100000000000001, -2.5000000000000018, 6, 9.10025, -2.5001, 6.0, -0.009287
21, 9.150000000000002, -2.5000000000000018, 6, 9.150450000000001, -2.5000500000000003, 6.0, -0.009246
21, 9.200000000000003, -2.5000000000000018, 6, 9.1995, -2.49995, 6.0, -0.009267
21, 9.250000000000004, -2.5000000000000018, 6, 9.250350000000001, -2.5, 6.0, -0.009298
21, 9.300000000000004, -2.5000000000000018, 6, 9.2985, -2.5, 6.00005, -0.009287
21, 9.350000000000005, -2.5000000000000018, 6, 9.3504, -2.4999000000000002, 6.0, -0.009298
21, 9.400000000000006, -2.5000000000000018, 6, 9.3994, -2.5, 6.00005, -0.009251
21, 9.450000000000006, -2.5000000000000018, 6, 9.44945, -2.5001, 5.999950000000001, -0.009293
21, 9.500000000000007, -2.5000000000000018, 6, 9.50045, -2.5002000000000004, 5.999950000000001, -0.009261
21, 9.550000000000008, -2.5000000000000018, 6, 9.55065, -2.5001, 5.999950000000001, -0.009246
21, 9.550000000000008, -2.5500000000000016, 6, 9.549100000000001, -2.5504000000000002, 6.00005, -0.009319
21, 9.550000000000008, -2.6000000000000014, 6, 9.55175, -2.59995, 6.0, -0.009277
21, 9.550000000000008, -2.6500000000000012, 6, 9.549800000000001, -2.65015, 6.0, -0.009282
21, 9.550000000000008, -2.700000000000001, 6, 9.55065, -2.70005, 6.0, -0.009261
21, 9.550000000000008, -2.750000000000001, 6, 9.54945, -2.75015, 6.0, -0.009308
21, 9.550000000000008, -2.8000000000000007, 6, 9.55095, -2.7998000000000003, 6.0, -0.009277
21, 9.550000000000008, -2.8500000000000005, 6, 9.55035, -2.85015, 6.0, -0.009256
21, 9.550000000000008, -2.9000000000000004, 6, 9.5505, -2.9, 6.0, -0.009298
21, 9.550000000000008, -2.95, 6, 9.55025, -2.9499500000000003, 6.0, -0.009261
21, 9.550000000000008, -3.0, 6, 9.548950000000001, -2.99845, 6.0, -0.009267
21, 9.550000000000008, -3.05, 6, 9.55125, -3.0498000000000003, 6.0, -0.009256
21, 9.550000000000008, -3.0999999999999996, 6, 9.54845, -3.10065, 6.00005, -0.009267
21, 9.550000000000008, -3.1499999999999995, 6, 9.552100000000001, -3.1500500000000002, 6.00005, -0.009246
21, 9.550000000000008, -3.1999999999999993, 6, 9.54885, -3.2, 6.000100000000001, -0.009287
21, 9.550000000000008, -3.249999999999999, 6, 9.55125, -3.2501, 6.000100000000001, -0.009293
21, 9.550000000000008, -3.299999999999999, 6, 9.55035, -3.2999, 6.00005, -0.009267
21, 9.550000000000008, -3.3499999999999988, 6, 9.5516, -3.3508500000000003, 5.999950000000001, -0.009261
21, 9.550000000000008, -3.3999999999999986, 6, 9.5475, -3.40055, 5.9999, -0.009293
21, 9.550000000000008, -3.4499999999999984, 6, 9.55095, -3.4504, 5.9999, -0.009267
21, 9.550000000000008, -3.4999999999999982, 6, 9.54915, -3.4998500000000003, 5.999950000000001, -0.009261
21, 9.550000000000008, -3.549999999999998, 6, 9.54935, -3.5499, 6.0, -0.009308
22, 9.500000000000007, -3.549999999999998, 6, 9.49845, -3.55, 6.00005, -0.009261
22, 9.450000000000006, -3.549999999999998, 6, 9.45085, -3.54985, 6.000100000000001, -0.009267
22, 9.400000000000006, -3.549999999999998, 6, 9.40025, -3.5499, 6.00005, -0.009251
22, 9.350000000000005, -3.549999999999998, 6, 9.3509, -3.5499500000000004, 5.999950000000001, -0.009256
22, 9.300000000000004, -3.549999999999998, 6, 9.2999, -3.5499500000000004, 5.9999, -0.009261
22, 9.250000000000004, -3.549999999999998, 6, 9.252, -3.55045, 5.999950000000001, -0.009261
22, 9.200000000000003, -3.549999999999998, 6, 9.1987, -3.5499, 5.999950000000001, -0.009293
22, 9.150000000000002, -3.549999999999998, 6, 9.151, -3.54975, 6.0, -0.009251
22, 9.100000000000001, -3.549999999999998, 6, 9.099300000000001, -3.55045, 6.0, -0.009256
22, 9.05, -3.549999999999998, 6, 9.0496, -3.5496000000000003, 6.0, -0.009256
22, 9.0, -3.549999999999998, 6, 8.998700000000001, -3.5504000000000002, 6.00005, -0.009267
22, 8.95, -3.549999999999998, 6, 8.9504, -3.5499500000000004, 6.0001500000000005, -0.009256
22, 8.899999999999999, -3.549999999999998, 6, 8.8991, -3.55025, 6.0, -0.009293
22, 8.849999999999998, -3.549999999999998, 6, 8.8496, -3.5498000000000003, 5.999950000000001, -0.009298
22, 8.799999999999997, -3.549999999999998, 6, 8.801, -3.5496000000000003, 5.9999, -0.009298
22, 8.749999999999996, -3.549999999999998, 6, 8.7519, -3.5499, 5.999950000000001, -0.009298
22, 8.699999999999996, -3.549999999999998, 6, 8.699950000000001, -3.55025, 5.999950000000001, -0.009251
22, 8.649999999999995, -3.549999999999998, 6, 8.6507, -3.5501000000000005, 5.999950000000001, -0.009277
22, 8.599999999999994, -3.549999999999998, 6, 8.60065, -3.5499500000000004, 6.00005, -0.009251
22, 8.549999999999994, -3.549999999999998, 6, 8.549850000000001, -3.5502000000000002, 6.00005, -0.009261
22, 8.499999999999993, -3.549999999999998, 6, 8.50015, -3.5499, 6.0, -0.009256
22, 8.449999999999992, -3.549999999999998, 6, 8.450700000000001, -3.5497, 5.999950000000001, -0.009251
22, 8.449999999999992, -3.4999999999999982, 6, 8.44815, -3.49965, 5.999950000000001, -0.009256
22, 8.449999999999992, -3.4499999999999984, 6, 8.4497, -3.4501000000000004, 5.999950000000001, -0.009261
22, 8.449999999999992, -3.3999999999999986, 6, 8.44835, -3.3987000000000003, 6.0, -0.009241
22, 8.449999999999992, -3.3499999999999988, 6, 8.4517, -3.3495, 6.0, -0.009298
22, 8.449999999999992, -3.299999999999999, 6, 8.450899999999999, -3.3008500000000005, 6.0, -0.009314
22, 8.449999999999992, -3.249999999999999, 6, 8.4497, -3.25, 6.00005, -0.009256
22, 8.449999999999992, -3.1999999999999993, 6, 8.4517, -3.1998, 6.00005, -0.009298
22, 8.449999999999992, -3.1499999999999995, 6, 8.44725, -3.1493500000000005, 6.0, -0.009287
22, 8.449999999999992, -3.0999999999999996, 6, 8.451, -3.0995500000000002, 6.00005, -0.009298
22, 8.449999999999992, -3.05, 6, 8.448450000000001, -3.0495, 6.0, -0.009287
22, 8.449999999999992, -3.0, 6, 8.4497, -3.0001, 5.999950000000001, -0.009251
22, 8.449999999999992, -2.95, 6, 8.451, -2.9505500000000002, 5.999950000000001, -0.009246
22, 8.449999999999992, -2.9000000000000004, 6, 8.4495, -2.8997, 5.999950000000001, -0.009314
22, 8.449999999999992, -2.8500000000000005, 6, 8.44915, -2.8503000000000003, 6.0, -0.009251
22, 8.449999999999992, -2.8000000000000007, 6, 8.45095, -2.7999, 6.0, -0.009261
22, 8.449999999999992, -2.750000000000001, 6, 8.44785, -2.7492, 6.0, -0.009298
22, 8.449999999999992, -2.700000000000001, 6, 8.449950000000001, -2.6997000000000004, 6.00005, -0.009319
22, 8.449999999999992, -2.6500000000000012, 6, 8.451300000000002, -2.6503500000000004, 6.00005, -0.009267
22, 8.449999999999992, -2.6000000000000014, 6, 8.4503, -2.6001000000000003, 6.0, -0.009282
22, 8.449999999999992, -2.5500000000000016, 6, 8.44945, -2.5506, 6.0, -0.009272
22, 8.449999999999992, -2.5000000000000018, 6, 8.4501, -2.4998500000000003, 6.0, -0.009324
22, 8.449999999999992, -2.450000000000002, 6, 8.44815, -2.4495500000000003, 6.0, -0.009267
23, 8.499999999999993, -2.450000000000002, 6, 8.498850000000001, -2.44975, 6.0, -0.009293
23, 8.549999999999994, -2.450000000000002, 6, 8.549050000000001, -2.44945, 5.999950000000001, -0.009277
23, 8.599999999999994, -2.450000000000002, 6, 8.6006, -2.4503000000000004, 5.999950000000001, -0.009256
23, 8.649999999999995, -2.450000000000002, 6, 8.64925, -2.4497000000000004, 5.999950000000001, -0.009308
23, 8.699999999999996, -2.450000000000002, 6, 8.700700000000001, -2.44985, 5.999950000000001, -0.009267
23, 8.749999999999996, -2.450000000000002, 6, 8.7494, -2.4499500000000003, 6.000100000000001, -0.009303
23, 8.799999999999997, -2.450000000000002, 6, 8.79975, -2.45, 6.00005, -0.009308
23, 8.849999999999998, -2.450000000000002, 6, 8.849, -2.4499500000000003, 6.00005, -0.009256
23, 8.899999999999999, -2.450000000000002, 6, 8.90025, -2.44975, 6.0, -0.009287
23, 8.95, -2.450000000000002, 6, 8.95045, -2.4504, 5.9999, -0.009272
23, 9.0, -2.450000000000002, 6, 9.0, -2.4501500000000003, 5.9999, -0.009251
23, 9.05, -2.450000000000002, 6, 9.0507, -2.44985, 6.0, -0.009241
23, 9.100000000000001, -2.450000000000002, 6, 9.10035, -2.44975, 6.0, -0.009287
23, 9.150000000000002, -2.450000000000002, 6, 9.1504, -2.45025, 6.0, -0.009267
23, 9.200000000000003, -2.450000000000002, 6, 9.20075, -2.4499, 6.00005, -0.009298
23, 9.250000000000004, -2.450000000000002, 6, 9.24975, -2.44985, 6.0, -0.009287
23, 9.300000000000004, -2.450000000000002, 6, 9.30005, -2.4502, 6.00005, -0.009282
23, 9.350000000000005, -2.450000000000002, 6, 9.35, -2.45005, 6.0, -0.009303
23, 9.400000000000006, -2.450000000000002, 6, 9.39975, -2.4499500000000003, 6.0, -0.009287
23, 9.450000000000006, -2.450000000000002, 6, 9.4503, -2.44985, 5.999950000000001, -0.009324
23, 9.500000000000007, -2.450000000000002, 6, 9.499600000000001, -2.45005, 5.999950000000001, -0.009314
23, 9.550000000000008, -2.450000000000002, 6, 9.55115, -2.4501500000000003, 5.999950000000001, -0.009241
23, 9.600000000000009, -2.450000000000002, 6, 9.59985, -2.45, 5.9999, -0.009293
23, 9.600000000000009, -2.5000000000000018, 6, 9.598600000000001, -2.5008500000000002, 5.999950000000001, -0.009256
23, 9.600000000000009, -2.5500000000000016, 6, 9.602649999999999, -2.5508, 6.0, -0.009261
23, 9.600000000000009, -2.6000000000000014, 6, 9.60015, -2.60005, 6.0, -0.009267
23, 9.600000000000009, -2.6500000000000012, 6, 9.5996, -2.6496500000000003, 6.00005, -0.009261
23, 9.600000000000009, -2.700000000000001, 6, 9.60045, -2.70025, 6.000100000000001, -0.009261
23, 9.600000000000009, -2.750000000000001, 6, 9.601550000000001, -2.7503, 6.00005, -0.009293
23, 9.600000000000009, -2.8000000000000007, 6, 9.59915, -2.8004000000000002, 6.0, -0.009261
23, 9.600000000000009, -2.8500000000000005, 6, 9.598300000000002, -2.84995, 5.999950000000001, -0.009287
23, 9.600000000000009, -2.9000000000000004, 6, 9.599, -2.8999, 6.0, -0.009314
23, 9.600000000000009, -2.95, 6, 9.600550000000002, -2.9499500000000003, 5.999950000000001, -0.009256
23, 9.600000000000009, -3.0, 6, 9.601700000000001, -2.9998, 6.0, -0.009251
23, 9.600000000000009, -3.05, 6, 9.600050000000001, -3.0499, 6.0, -0.009267
23, 9.600000000000009, -3.0999999999999996, 6, 9.6024, -3.10075, 6.0, -0.009293
23, 9.600000000000009, -3.1499999999999995, 6, 9.599300000000001, -3.15015, 6.0, -0.009287
23, 9.600000000000009, -3.1999999999999993, 6, 9.6004, -3.2002, 6.0, -0.009287
23, 9.600000000000009, -3.249999999999999, 6, 9.601300000000002, -3.25025, 6.0, -0.009251
23, 9.600000000000009, -3.299999999999999, 6, 9.599200000000002, -3.299, 6.0, -0.009256
23, 9.600000000000009, -3.3499999999999988, 6, 9.59895, -3.34925, 6.00005, -0.009277
23, 9.600000000000009, -3.3999999999999986, 6, 9.598600000000001, -3.4001000000000006, 6.00005, -0.009267
23, 9.600000000000009, -3.4499999999999984, 6, 9.598550000000001, -3.4501500000000003, 6.0, -0.009298
23, 9.600000000000009, -3.4999999999999982, 6, 9.599, -3.49995, 6.00005, -0.009267
23, 9.600000000000009, -3.549999999999998, 6, 9.5994, -3.5499, 5.999950000000001, -0.009246
23, 9.600000000000009, -3.599999999999998, 6, 9.600550000000002, -3.5995500000000002, 6.0, -0.009308
24, 9.550000000000008, -3.599999999999998, 6, 9.549700000000001, -3.6002, 6.00005, -0.009261
24, 9.500000000000007, -3.599999999999998, 6, 9.499300000000002, -3.6002, 6.000100000000001, -0.009272
24, 9.450000000000006, -3.599999999999998, 6, 9.449200000000001, -3.5998500000000004, 6.00005, -0.009308
24, 9.400000000000006, -3.599999999999998, 6, 9.400450000000001, -3.59975, 6.000100000000001, -0.009303
24, 9.350000000000005, -3.599999999999998, 6, 9.3491, -3.59995, 6.00005, -0.009267
24, 9.300000000000004, -3.599999999999998, 6, 9.3011, -3.60005, 6.00005, -0.009261
24, 9.250000000000004, -3.599999999999998, 6, 9.25085, -3.60015, 6.0, -0.009267
24, 9.200000000000003, -3.599999999999998, 6, 9.1996, -3.59995, 5.999950000000001, -0.009293
24, 9.150000000000002, -3.599999999999998, 6, 9.149700000000001, -3.6, 5.9999, -0.009246
24, 9.100000000000001, -3.599999999999998, 6, 9.100550000000002, -3.6001000000000003, 5.999950000000001, -0.009267
24, 9.05, -3.599999999999998, 6, 9.05, -3.60005, 6.00005, -0.009256
24, 9.0, -3.599999999999998, 6, 8.9999, -3.5999, 6.00005, -0.009293
24, 8.95, -3.599999999999998, 6, 8.95085, -3.59975, 6.00005, -0.009256
24, 8.899999999999999, -3.599999999999998, 6, 8.89975, -3.5998, 6.00005, -0.009251
24, 8.849999999999998, -3.599999999999998, 6, 8.849200000000002, -3.6, 5.999950000000001, -0.009308
24, 8.799999999999997, -3.599999999999998, 6, 8.800600000000001, -3.60005, 5.999950000000001, -0.009282
24, 8.749999999999996, -3.599999999999998, 6, 8.749300000000002, -3.6, 5.999950000000001, -0.009261
24, 8.699999999999996, -3.599999999999998, 6, 8.70085, -3.6, 5.9999, -0.009314
24, 8.649999999999995, -3.599999999999998, 6, 8.65085, -3.6, 6.0, -0.009293
24, 8.599999999999994, -3.599999999999998, 6, 8.6005, -3.59995, 5.999950000000001, -0.009256
24, 8.549999999999994, -3.599999999999998, 6, 8.5495, -3.59995, 6.00005, -0.009256
24, 8.499999999999993, -3.599999999999998, 6, 8.50015, -3.6, 6.00005, -0.009261
24, 8.449999999999992, -3.599999999999998, 6, 8.4505, -3.6, 6.00005, -0.009298
24, 8.399999999999991, -3.599999999999998, 6, 8.4009, -3.59995, 6.0, -0.009256
24, 8.399999999999991, -3.549999999999998, 6, 8.39935, -3.54985, 6.0, -0.009256
24, 8.399999999999991, -3.4999999999999982, 6, 8.39885, -3.4999000000000002, 6.0, -0.009261
24, 8.399999999999991, -3.4499999999999984, 6, 8.39925, -3.45005, 6.0, -0.009293
24, 8.399999999999991, -3.3999999999999986, 6, 8.401800000000001, -3.39925, 5.999950000000001, -0.009246
24, 8.399999999999991, -3.3499999999999988, 6, 8.3979, -3.3492, 5.999950000000001, -0.009256
24, 8.399999999999991, -3.299999999999999, 6, 8.401399999999999, -3.29955, 5.999950000000001, -0.009256
24, 8.399999999999991, -3.249999999999999, 6, 8.398399999999999, -3.2504500000000003, 6.0, -0.009319
24, 8.399999999999991, -3.1999999999999993, 6, 8.398950000000001, -3.2009000000000003, 6.0, -0.009293
24, 8.399999999999991, -3.1499999999999995, 6, 8.3995, -3.1499500000000005, 6.000100000000001, -0.009251
24, 8.399999999999991, -3.0999999999999996, 6, 8.4002, -3.0998, 6.0, -0.009261
24, 8.399999999999991, -3.05, 6, 8.398200000000001, -3.04945, 5.999950000000001, -0.009287
24, 8.399999999999991, -3.0, 6, 8.39995, -2.9994500000000004, 5.999950000000001, -0.009277
24, 8.399999999999991, -2.95, 6, 8.3992, -2.9499500000000003, 5.999950000000001, -0.009246
24, 8.399999999999991, -2.9000000000000004, 6, 8.40115, -2.9001000000000006, 6.0, -0.009241
24, 8.399999999999991, -2.8500000000000005, 6, 8.39885, -2.8496000000000006, 6.0, -0.009277
24, 8.399999999999991, -2.8000000000000007, 6, 8.399700000000001, -2.7999500000000004, 6.00005, -0.009303
24, 8.399999999999991, -2.750000000000001, 6, 8.39945, -2.74935, 6.00005, -0.009267
24, 8.399999999999991, -2.700000000000001, 6, 8.399700000000001, -2.7, 6.00005, -0.009298
24, 8.399999999999991, -2.6500000000000012, 6, 8.401050000000001, -2.6503, 5.999950000000001, -0.009293
24, 8.399999999999991, -2.6000000000000014, 6, 8.398800000000001, -2.5998500000000004, 5.999950000000001, -0.009308
24, 8.399999999999991, -2.5500000000000016, 6, 8.3992, -2.55015, 6.0, -0.009261
24, 8.399999999999991, -2.5000000000000018, 6, 8.40005, -2.49975, 6.0, -0.009261
24, 8.399999999999991, -2.450000000000002, 6, 8.3983, -2.4499, 5.999950000000001, -0.009256
24, 8.399999999999991, -2.400000000000002, 6, 8.39975, -2.39975, 6.00005, -0.009282
25, 8.449999999999992, -2.400000000000002, 6, 8.44935, -2.3998000000000004, 6.000100000000001, -0.009256
25, 8.499999999999993, -2.400000000000002, 6, 8.5009, -2.40045, 6.00005, -0.009256
25, 8.549999999999994, -2.400000000000002, 6, 8.55025, -2.4, 5.999950000000001, -0.009261
25, 8.599999999999994, -2.400000000000002, 6, 8.600850000000001, -2.40025, 5.9999, -0.009272
25, 8.649999999999995, -2.400000000000002, 6, 8.6492, -2.4002000000000003, 5.999950000000001, -0.009303
25, 8.699999999999996, -2.400000000000002, 6, 8.69935, -2.40035, 5.999950000000001, -0.009293
25, 8.749999999999996, -2.400000000000002, 6, 8.750200000000001, -2.3998000000000004, 6.00005, -0.009267
25, 8.799999999999997, -2.400000000000002, 6, 8.800450000000001, -2.4000500000000002, 6.00005, -0.009235
25, 8.849999999999998, -2.400000000000002, 6, 8.849300000000001, -2.4002000000000003, 6.0, -0.009298
25, 8.899999999999999, -2.400000000000002, 6, 8.90015, -2.3999, 6.0, -0.009282
25, 8.95, -2.400000000000002, 6, 8.951600000000001, -2.3998000000000004, 6.00005, -0.009272
25, 9.0, -2.400000000000002, 6, 8.99995, -2.39975, 6.0, -0.009256
25, 9.05, -2.400000000000002, 6, 9.0507, -2.40025, 6.0, -0.009241
25, 9.100000000000001, -2.400000000000002, 6, 9.1005, -2.3996, 6.0, -0.009293
25, 9.150000000000002, -2.400000000000002, 6, 9.14935, -2.3996500000000003, 6.0, -0.009256
25, 9.200000000000003, -2.400000000000002, 6, 9.20035, -2.40015, 6.0, -0.009267
25, 9.250000000000004, -2.400000000000002, 6, 9.2506, -2.40025, 5.999950000000001, -0.009298
25, 9.300000000000004, -2.400000000000002, 6, 9.298950000000001, -2.3999500000000005, 5.999950000000001, -0.009282
25, 9.350000000000005, -2.400000000000002, 6, 9.34925, -2.39975, 5.999950000000001, -0.009267
25, 9.400000000000006, -2.400000000000002, 6, 9.39925, -2.39985, 5.999950000000001, -0.009256
25, 9.450000000000006, -2.400000000000002, 6, 9.449950000000001, -2.4001, 6.0, -0.009287
25, 9.500000000000007, -2.400000000000002, 6, 9.49995, -2.4002000000000003, 6.00005, -0.009261
25, 9.550000000000008, -2.400000000000002, 6, 9.55145, -2.4002000000000003, 6.00005, -0.009261
25, 9.600000000000009, -2.400000000000002, 6, 9.599300000000001, -2.4000500000000002, 6.00005, -0.009319
25, 9.65000000000001, -2.400000000000002, 6, 9.65025, -2.3998000000000004, 6.00005, -0.009308
25, 9.65000000000001, -2.450000000000002, 6, 9.648399999999999, -2.44925, 6.0, -0.009287
25, 9.65000000000001, -2.5000000000000018, 6, 9.65125, -2.4999000000000002, 6.0, -0.009256
25, 9.65000000000001, -2.5500000000000016, 6, 9.6501, -2.5502000000000002, 6.0, -0.009261
25, 9.65000000000001, -2.6000000000000014, 6, 9.652149999999999, -2.6002, 6.0, -0.009272
25, 9.65000000000001, -2.6500000000000012, 6, 9.6508, -2.6498000000000004, 6.0, -0.009261
25, 9.65000000000001, -2.700000000000001, 6, 9.65015, -2.7003500000000003, 6.0, -0.009261
25, 9.65000000000001, -2.750000000000001, 6, 9.652550000000002, -2.7513, 6.0, -0.009261
25, 9.65000000000001, -2.8000000000000007, 6, 9.6491, -2.8004000000000002, 6.0, -0.009267
25, 9.65000000000001, -2.8500000000000005, 6, 9.650649999999999, -2.85005, 5.999950000000001, -0.009303
25, 9.65000000000001, -2.9000000000000004, 6, 9.6511, -2.9001000000000006, 5.999950000000001, -0.009272
25, 9.65000000000001, -2.95, 6, 9.65015, -2.9501500000000003, 6.0, -0.009251
25, 9.65000000000001, -3.0, 6, 9.6496, -2.9996000000000005, 6.0, -0.009314
25, 9.65000000000001, -3.05, 6, 9.649700000000001, -3.0499500000000004, 6.0, -0.009272
25, 9.65000000000001, -3.0999999999999996, 6, 9.64985, -3.0993500000000003, 5.999950000000001, -0.009303
25, 9.65000000000001, -3.1499999999999995, 6, 9.65005, -3.15015, 6.0, -0.009251
25, 9.65000000000001, -3.1999999999999993, 6, 9.650300000000001, -3.2004, 6.0, -0.009261
25, 9.65000000000001, -3.249999999999999, 6, 9.648700000000002, -3.2506500000000003, 6.0, -0.009293
25, 9.65000000000001, -3.299999999999999, 6, 9.650300000000001, -3.2998000000000003, 6.0, -0.009303
25, 9.65000000000001, -3.3499999999999988, 6, 9.650649999999999, -3.3508, 6.00005, -0.009308
25, 9.65000000000001, -3.3999999999999986, 6, 9.6515, -3.4007, 6.00005, -0.009267
25, 9.65000000000001, -3.4499999999999984, 6, 9.65, -3.4508500000000004, 6.00005, -0.009246
25, 9.65000000000001, -3.4999999999999982, 6, 9.6492, -3.50015, 5.999950000000001, -0.009303
25, 9.65000000000001, -3.549999999999998, 6, 9.65, -3.5502000000000002, 5.9999, -0.009298
25, 9.65000000000001, -3.599999999999998, 6, 9.64875, -3.5989, 5.999950000000001, -0.009261
25, 9.65000000000001, -3.6499999999999977, 6, 9.65225, -3.65015, 6.00005, -0.009256
0, 9, -3, 6.1, 9.6505, -3.6499, 6.00005, -0.009303
