Voltage = 3.8, Current = 20.3, Pinhole = 10um, Objective = 20x, NA = 0.42 
0, 9.22, -2.6, 5.85, 9.219800000000001, -2.59995, 5.85045, -0.009204
1, 9.22, -2.595, 5.85, 9.21995, -2.59595, 5.85015, -0.009173
1, 9.22, -2.595, 5.845, 9.22025, -2.59445, 5.845, -0.009188
2, 9.22, -2.6, 5.845, 9.22005, -2.6001000000000003, 5.845, -0.009162
2, 9.22, -2.605, 5.845, 9.219850000000001, -2.60495, 5.845, -0.009173
2, 9.22, -2.605, 5.85, 9.219850000000001, -2.60495, 5.849200000000001, -0.009194
2, 9.22, -2.605, 5.8549999999999995, 9.22005, -2.60495, 5.8554, -0.009199
3, 9.22, -2.6, 5.8549999999999995, 9.220300000000002, -2.5995500000000002, 5.855450000000001, -0.009168
3, 9.22, -2.595, 5.8549999999999995, 9.22015, -2.59595, 5.8548, -0.009188
3, 9.22, -2.5900000000000003, 5.8549999999999995, 9.219899999999999, -2.5908500000000005, 5.854700000000001, -0.009162
3, 9.22, -2.5900000000000003, 5.85, 9.21975, -2.5904000000000003, 5.8504000000000005, -0.009152
3, 9.22, -2.5900000000000003, 5.845, 9.219850000000001, -2.5903, 5.8450500000000005, -0.009115
3, 9.22, -2.5900000000000003, 5.84, 9.22005, -2.5893, 5.839950000000001, -0.009141
4, 9.22, -2.595, 5.84, 9.22025, -2.59465, 5.839300000000001, -0.009183
4, 9.22, -2.6, 5.84, 9.21995, -2.59975, 5.83975, -0.009209
4, 9.22, -2.605, 5.84, 9.219850000000001, -2.6057, 5.84, -0.009173
4, 9.22, -2.61, 5.84, 9.2204, -2.61005, 5.84, -0.009157
4, 9.22, -2.61, 5.845, 9.219899999999999, -2.6099500000000004, 5.8451, -0.009162
4, 9.22, -2.61, 5.85, 9.21975, -2.6099500000000004, 5.850200000000001, -0.009157
4, 9.22, -2.61, 5.8549999999999995, 9.219800000000001, -2.6099, 5.855450000000001, -0.009204
4, 9.22, -2.61, 5.859999999999999, 9.219899999999999, -2.6099, 5.8603000000000005, -0.009152
5, 9.22, -2.605, 5.859999999999999, 9.2202, -2.6048500000000003, 5.8603000000000005, -0.009188
5, 9.22, -2.6, 5.859999999999999, 9.22005, -2.60005, 5.859850000000001, -0.009214
5, 9.22, -2.595, 5.859999999999999, 9.219800000000001, -2.596, 5.8598, -0.009173
5, 9.22, -2.5900000000000003, 5.859999999999999, 9.219800000000001, -2.59065, 5.85975, -0.009131
5, 9.22, -2.5850000000000004, 5.859999999999999, 9.21995, -2.5848, 5.86005, -0.009162
5, 9.22, -2.5850000000000004, 5.8549999999999995, 9.220300000000002, -2.5848, 5.8548, -0.009115
5, 9.22, -2.5850000000000004, 5.85, 9.22, -2.5848500000000003, 5.85, -0.009095
5, 9.22, -2.5850000000000004, 5.845, 9.22005, -2.585, 5.84485, -0.009178
5, 9.22, -2.5850000000000004, 5.84, 9.219850000000001, -2.5850500000000003, 5.839650000000001, -0.009162
5, 9.22, -2.5850000000000004, 5.835, 9.219899999999999, -2.58515, 5.8346, -0.009157
6, 9.22, -2.5900000000000003, 5.835, 9.22005, -2.5894500000000003, 5.834350000000001, -0.009126
6, 9.22, -2.595, 5.835, 9.22015, -2.59475, 5.8349, -0.009157
6, 9.22, -2.6, 5.835, 9.22, -2.5993000000000004, 5.835, -0.009204
6, 9.22, -2.605, 5.835, 9.22, -2.6042, 5.835, -0.009157
6, 9.22, -2.61, 5.835, 9.219899999999999, -2.6095, 5.835, -0.009157
6, 9.22, -2.6149999999999998, 5.835, 9.219899999999999, -2.6141000000000005, 5.835, -0.009178
6, 9.22, -2.6149999999999998, 5.84, 9.219800000000001, -2.6153500000000003, 5.839900000000001, -0.009188
6, 9.22, -2.6149999999999998, 5.845, 9.219899999999999, -2.6154, 5.845200000000001, -0.009183
6, 9.22, -2.6149999999999998, 5.85, 9.22005, -2.6153500000000003, 5.850350000000001, -0.009162
6, 9.22, -2.6149999999999998, 5.8549999999999995, 9.22015, -2.6151500000000003, 5.8555, -0.009173
6, 9.22, -2.6149999999999998, 5.859999999999999, 9.2201, -2.615, 5.86005, -0.009178
6, 9.22, -2.6149999999999998, 5.864999999999999, 9.22, -2.61465, 5.865200000000001, -0.009152
7, 9.22, -2.61, 5.864999999999999, 9.219850000000001, -2.6099500000000004, 5.8653, -0.009141
7, 9.22, -2.605, 5.864999999999999, 9.21975, -2.6056000000000004, 5.865200000000001, -0.009194
7, 9.22, -2.6, 5.864999999999999, 9.22015, -2.5998, 5.864850000000001, -0.009168
7, 9.22, -2.595, 5.864999999999999, 9.2202, -2.59595, 5.864700000000001, -0.009209
7, 9.22, -2.5900000000000003, 5.864999999999999, 9.22, -2.5905, 5.864700000000001, -0.009162
7, 9.22, -2.5850000000000004, 5.864999999999999, 9.219899999999999, -2.5859500000000004, 5.865, -0.0091
7, 9.22, -2.5800000000000005, 5.864999999999999, 9.219850000000001, -2.5804500000000004, 5.865150000000001, -0.009141
7, 9.22, -2.5800000000000005, 5.859999999999999, 9.219850000000001, -2.5803000000000003, 5.8610500000000005, -0.009126
7, 9.22, -2.5800000000000005, 5.8549999999999995, 9.22, -2.58025, 5.855, -0.009115
7, 9.22, -2.5800000000000005, 5.85, 9.22005, -2.5796000000000006, 5.84955, -0.009121
7, 9.22, -2.5800000000000005, 5.845, 9.22025, -2.5794, 5.8448, -0.009121
7, 9.22, -2.5800000000000005, 5.84, 9.22015, -2.58025, 5.8398, -0.009152
7, 9.22, -2.5800000000000005, 5.835, 9.21995, -2.58025, 5.834650000000001, -0.009136
7, 9.22, -2.5800000000000005, 5.83, 9.219850000000001, -2.58025, 5.8296, -0.009126
8, 9.22, -2.5850000000000004, 5.83, 9.22, -2.5854500000000002, 5.8295, -0.009141
8, 9.22, -2.5900000000000003, 5.83, 9.22, -2.58955, 5.83, -0.009157
8, 9.22, -2.595, 5.83, 9.22, -2.5945500000000004, 5.83, -0.009147
8, 9.22, -2.6, 5.83, 9.22, -2.60015, 5.83, -0.009183
8, 9.22, -2.605, 5.83, 9.22005, -2.6044, 5.83005, -0.009194
8, 9.22, -2.61, 5.83, 9.2202, -2.6096000000000004, 5.830100000000001, -0.009194
8, 9.22, -2.6149999999999998, 5.83, 9.22015, -2.6149500000000003, 5.830150000000001, -0.009178
8, 9.22, -2.6199999999999997, 5.83, 9.22, -2.61945, 5.830150000000001, -0.009173
8, 9.22, -2.6199999999999997, 5.835, 9.22, -2.6196, 5.834350000000001, -0.009157
8, 9.22, -2.6199999999999997, 5.84, 9.22005, -2.6206000000000005, 5.840400000000001, -0.009152
8, 9.22, -2.6199999999999997, 5.845, 9.22, -2.6206000000000005, 5.8453, -0.009141
8, 9.22, -2.6199999999999997, 5.85, 9.22, -2.61965, 5.85025, -0.009121
8, 9.22, -2.6199999999999997, 5.8549999999999995, 9.219899999999999, -2.61965, 5.855300000000001, -0.009162
8, 9.22, -2.6199999999999997, 5.859999999999999, 9.219800000000001, -2.6198, 5.860150000000001, -0.009147
8, 9.22, -2.6199999999999997, 5.864999999999999, 9.219800000000001, -2.6203000000000003, 5.865150000000001, -0.009141
8, 9.22, -2.6199999999999997, 5.869999999999999, 9.21995, -2.6206000000000005, 5.87005, -0.009157
9, 9.22, -2.6149999999999998, 5.869999999999999, 9.2201, -2.6154, 5.87005, -0.009141
9, 9.22, -2.61, 5.869999999999999, 9.22015, -2.61015, 5.870100000000001, -0.009152
9, 9.22, -2.605, 5.869999999999999, 9.22005, -2.6053500000000005, 5.870100000000001, -0.009168
9, 9.22, -2.6, 5.869999999999999, 9.219850000000001, -2.5998, 5.87005, -0.009168
9, 9.22, -2.595, 5.869999999999999, 9.219800000000001, -2.59595, 5.87, -0.009178
9, 9.22, -2.5900000000000003, 5.869999999999999, 9.219800000000001, -2.59065, 5.87, -0.009141
9, 9.22, -2.5850000000000004, 5.869999999999999, 9.219899999999999, -2.586, 5.8699, -0.009141
9, 9.22, -2.5800000000000005, 5.869999999999999, 9.22, -2.58025, 5.8699, -0.009136
9, 9.22, -2.5750000000000006, 5.869999999999999, 9.22, -2.5748500000000005, 5.8699, -0.009136
9, 9.22, -2.5750000000000006, 5.864999999999999, 9.22005, -2.5748, 5.865900000000001, -0.009162
9, 9.22, -2.5750000000000006, 5.859999999999999, 9.22015, -2.5748, 5.860150000000001, -0.009168
9, 9.22, -2.5750000000000006, 5.8549999999999995, 9.22015, -2.5749, 5.8549500000000005, -0.009168
9, 9.22, -2.5750000000000006, 5.85, 9.22, -2.5749500000000003, 5.8497, -0.009162
9, 9.22, -2.5750000000000006, 5.845, 9.22, -2.575, 5.84485, -0.009157
9, 9.22, -2.5750000000000006, 5.84, 9.22, -2.5751000000000004, 5.8398, -0.009162
9, 9.22, -2.5750000000000006, 5.835, 9.219850000000001, -2.5751000000000004, 5.834700000000001, -0.009136
9, 9.22, -2.5750000000000006, 5.83, 9.219800000000001, -2.5751000000000004, 5.82955, -0.009136
9, 9.22, -2.5750000000000006, 5.825, 9.219899999999999, -2.5751000000000004, 5.824200000000001, -0.009168
10, 9.22, -2.5800000000000005, 5.825, 9.22005, -2.58015, 5.82475, -0.009095
10, 9.22, -2.5850000000000004, 5.825, 9.22025, -2.5852000000000004, 5.8251, -0.009141
10, 9.22, -2.5900000000000003, 5.825, 9.22015, -2.58925, 5.825150000000001, -0.009121
10, 9.22, -2.595, 5.825, 9.21975, -2.5954500000000005, 5.825200000000001, -0.009147
10, 9.22, -2.6, 5.825, 9.22, -2.60005, 5.82505, -0.009147
10, 9.22, -2.605, 5.825, 9.22, -2.6052000000000004, 5.8248, -0.009204
10, 9.22, -2.61, 5.825, 9.22005, -2.6093, 5.82475, -0.009209
10, 9.22, -2.6149999999999998, 5.825, 9.2202, -2.61405, 5.82475, -0.009183
10, 9.22, -2.6199999999999997, 5.825, 9.2202, -2.6197000000000004, 5.82505, -0.009162
10, 9.22, -2.6249999999999996, 5.825, 9.21995, -2.62515, 5.825150000000001, -0.009152
10, 9.22, -2.6249999999999996, 5.83, 9.219800000000001, -2.62525, 5.830100000000001, -0.009173
10, 9.22, -2.6249999999999996, 5.835, 9.219800000000001, -2.6252000000000004, 5.835450000000001, -0.009147
10, 9.22, -2.6249999999999996, 5.84, 9.21995, -2.6251, 5.840450000000001, -0.009136
10, 9.22, -2.6249999999999996, 5.845, 9.2201, -2.6250500000000003, 5.8453, -0.009141
10, 9.22, -2.6249999999999996, 5.85, 9.22025, -2.625, 5.85015, -0.009115
10, 9.22, -2.6249999999999996, 5.8549999999999995, 9.2202, -2.62495, 5.855150000000001, -0.009147
10, 9.22, -2.6249999999999996, 5.859999999999999, 9.22005, -2.6248500000000003, 5.860200000000001, -0.00911
10, 9.22, -2.6249999999999996, 5.864999999999999, 9.219850000000001, -2.6248500000000003, 5.865, -0.009157
10, 9.22, -2.6249999999999996, 5.869999999999999, 9.219800000000001, -2.625, 5.87005, -0.009121
10, 9.22, -2.6249999999999996, 5.874999999999999, 9.21975, -2.6250500000000003, 5.87485, -0.009178
11, 9.22, -2.6199999999999997, 5.874999999999999, 9.22, -2.62075, 5.8749, -0.009131
11, 9.22, -2.6149999999999998, 5.874999999999999, 9.22005, -2.6156, 5.875, -0.009147
11, 9.22, -2.61, 5.874999999999999, 9.22015, -2.61065, 5.87505, -0.009204
11, 9.22, -2.605, 5.874999999999999, 9.21995, -2.605, 5.8751500000000005, -0.009199
11, 9.22, -2.6, 5.874999999999999, 9.219800000000001, -2.6003000000000003, 5.8751500000000005, -0.009162
11, 9.22, -2.595, 5.874999999999999, 9.219800000000001, -2.5959, 5.875100000000001, -0.009157
11, 9.22, -2.5900000000000003, 5.874999999999999, 9.22, -2.59045, 5.875, -0.009147
11, 9.22, -2.5850000000000004, 5.874999999999999, 9.2202, -2.5859, 5.874950000000001, -0.009121
11, 9.22, -2.5800000000000005, 5.874999999999999, 9.2201, -2.58025, 5.874950000000001, -0.0091
11, 9.22, -2.5750000000000006, 5.874999999999999, 9.219899999999999, -2.5748500000000005, 5.874950000000001, -0.009183
11, 9.22, -2.5700000000000007, 5.874999999999999, 9.219800000000001, -2.5701000000000005, 5.8749, -0.009188
11, 9.22, -2.5700000000000007, 5.869999999999999, 9.219800000000001, -2.57005, 5.870850000000001, -0.009178
11, 9.22, -2.5700000000000007, 5.864999999999999, 9.22, -2.57, 5.8655, -0.009178
11, 9.22, -2.5700000000000007, 5.859999999999999, 9.2202, -2.5699500000000004, 5.8603000000000005, -0.009147
11, 9.22, -2.5700000000000007, 5.8549999999999995, 9.2201, -2.5699, 5.8546000000000005, -0.009168
11, 9.22, -2.5700000000000007, 5.85, 9.21995, -2.5699500000000004, 5.85, -0.009194
11, 9.22, -2.5700000000000007, 5.845, 9.219899999999999, -2.5699500000000004, 5.844900000000001, -0.009214
11, 9.22, -2.5700000000000007, 5.84, 9.219899999999999, -2.57, 5.83985, -0.009178
11, 9.22, -2.5700000000000007, 5.835, 9.219899999999999, -2.57005, 5.83475, -0.009178
11, 9.22, -2.5700000000000007, 5.83, 9.22005, -2.57005, 5.829650000000001, -0.009225
11, 9.22, -2.5700000000000007, 5.825, 9.22015, -2.57005, 5.82415, -0.009194
11, 9.22, -2.5700000000000007, 5.82, 9.22015, -2.5701000000000005, 5.819100000000001, -0.009214
12, 9.22, -2.5750000000000006, 5.82, 9.219850000000001, -2.5749, 5.8199000000000005, -0.009168
12, 9.22, -2.5800000000000005, 5.82, 9.219899999999999, -2.5798500000000004, 5.81995, -0.009131
12, 9.22, -2.5850000000000004, 5.82, 9.22005, -2.585, 5.82005, -0.009157
12, 9.22, -2.5900000000000003, 5.82, 9.2202, -2.59015, 5.82005, -0.009178
12, 9.22, -2.595, 5.82, 9.22, -2.5948500000000005, 5.8201, -0.009178
12, 9.22, -2.6, 5.82, 9.22, -2.60015, 5.82005, -0.009188
12, 9.22, -2.605, 5.82, 9.219800000000001, -2.60405, 5.82005, -0.009204
12, 9.22, -2.61, 5.82, 9.219800000000001, -2.6096500000000002, 5.82, -0.009209
12, 9.22, -2.6149999999999998, 5.82, 9.219850000000001, -2.6143500000000004, 5.82, -0.009199
12, 9.22, -2.6199999999999997, 5.82, 9.22005, -2.6198500000000005, 5.82, -0.009141
12, 9.22, -2.6249999999999996, 5.82, 9.22, -2.62515, 5.82, -0.009168
12, 9.22, -2.6299999999999994, 5.82, 9.22005, -2.6296500000000003, 5.82, -0.009168
12, 9.22, -2.6299999999999994, 5.825, 9.22005, -2.6298500000000002, 5.824350000000001, -0.009168
12, 9.22, -2.6299999999999994, 5.83, 9.21995, -2.6299500000000005, 5.830700000000001, -0.009168
12, 9.22, -2.6299999999999994, 5.835, 9.219800000000001, -2.63005, 5.8355500000000005, -0.009168
12, 9.22, -2.6299999999999994, 5.84, 9.219800000000001, -2.63015, 5.840450000000001, -0.009157
12, 9.22, -2.6299999999999994, 5.845, 9.22, -2.6301000000000005, 5.84525, -0.009168
12, 9.22, -2.6299999999999994, 5.85, 9.21995, -2.6301000000000005, 5.85015, -0.009173
12, 9.22, -2.6299999999999994, 5.8549999999999995, 9.2201, -2.63005, 5.855200000000001, -0.009199
12, 9.22, -2.6299999999999994, 5.859999999999999, 9.2202, -2.63, 5.86005, -0.009157
12, 9.22, -2.6299999999999994, 5.864999999999999, 9.2202, -2.6299500000000005, 5.8651, -0.009188
12, 9.22, -2.6299999999999994, 5.869999999999999, 9.22, -2.6299, 5.869950000000001, -0.009152
12, 9.22, -2.6299999999999994, 5.874999999999999, 9.219850000000001, -2.6299, 5.874700000000001, -0.009183
12, 9.22, -2.6299999999999994, 5.879999999999999, 9.21975, -2.6299500000000005, 5.8799, -0.009178
13, 9.22, -2.6249999999999996, 5.879999999999999, 9.219899999999999, -2.6252000000000004, 5.8801000000000005, -0.009147
13, 9.22, -2.6199999999999997, 5.879999999999999, 9.22005, -2.62095, 5.8802, -0.009121
13, 9.22, -2.6149999999999998, 5.879999999999999, 9.2202, -2.61575, 5.8802, -0.009121
13, 9.22, -2.61, 5.879999999999999, 9.2202, -2.61065, 5.88015, -0.009168
13, 9.22, -2.605, 5.879999999999999, 9.22, -2.6056500000000002, 5.8801000000000005, -0.009204
13, 9.22, -2.6, 5.879999999999999, 9.219800000000001, -2.59975, 5.8798, -0.009152
13, 9.22, -2.595, 5.879999999999999, 9.219700000000001, -2.5959, 5.8798, -0.009194
13, 9.22, -2.5900000000000003, 5.879999999999999, 9.219899999999999, -2.5904000000000003, 5.87985, -0.009162
13, 9.22, -2.5850000000000004, 5.879999999999999, 9.2201, -2.5853500000000005, 5.88, -0.00911
13, 9.22, -2.5800000000000005, 5.879999999999999, 9.22035, -2.58035, 5.8801000000000005, -0.009115
13, 9.22, -2.5750000000000006, 5.879999999999999, 9.219899999999999, -2.5754, 5.8802, -0.009162
13, 9.22, -2.5700000000000007, 5.879999999999999, 9.219700000000001, -2.5701000000000005, 5.8802, -0.009178
13, 9.22, -2.565000000000001, 5.879999999999999, 9.219800000000001, -2.5655, 5.8802, -0.009225
13, 9.22, -2.565000000000001, 5.874999999999999, 9.22005, -2.5645, 5.8751500000000005, -0.009157
13, 9.22, -2.565000000000001, 5.869999999999999, 9.2202, -2.56455, 5.8705, -0.009194
13, 9.22, -2.565000000000001, 5.864999999999999, 9.2202, -2.56465, 5.8651, -0.009235
13, 9.22, -2.565000000000001, 5.859999999999999, 9.22, -2.56565, 5.8604, -0.009162
13, 9.22, -2.565000000000001, 5.8549999999999995, 9.22005, -2.5656000000000003, 5.854700000000001, -0.009173
13, 9.22, -2.565000000000001, 5.85, 9.219899999999999, -2.56465, 5.849900000000001, -0.009204
13, 9.22, -2.565000000000001, 5.845, 9.219850000000001, -2.5646000000000004, 5.844950000000001, -0.009157
13, 9.22, -2.565000000000001, 5.84, 9.219850000000001, -2.5647, 5.83985, -0.009178
13, 9.22, -2.565000000000001, 5.835, 9.22, -2.56555, 5.834700000000001, -0.009209
13, 9.22, -2.565000000000001, 5.83, 9.22, -2.56555, 5.829700000000001, -0.00923
13, 9.22, -2.565000000000001, 5.825, 9.22, -2.56465, 5.824200000000001, -0.009204
13, 9.22, -2.565000000000001, 5.82, 9.22, -2.5646000000000004, 5.8192, -0.009178
13, 9.22, -2.565000000000001, 5.815, 9.22, -2.56465, 5.8142000000000005, -0.009162
14, 9.22, -2.5700000000000007, 5.815, 9.22015, -2.57025, 5.81405, -0.009188
14, 9.22, -2.5750000000000006, 5.815, 9.22015, -2.57505, 5.8149500000000005, -0.009126
14, 9.22, -2.5800000000000005, 5.815, 9.22, -2.57965, 5.8149500000000005, -0.009162
14, 9.22, -2.5850000000000004, 5.815, 9.22, -2.5848, 5.81505, -0.009162
14, 9.22, -2.5900000000000003, 5.815, 9.22, -2.59005, 5.815150000000001, -0.009157
14, 9.22, -2.595, 5.815, 9.219850000000001, -2.5955500000000002, 5.815150000000001, -0.009188
14, 9.22, -2.6, 5.815, 9.22005, -2.60035, 5.815, -0.009162
14, 9.22, -2.605, 5.815, 9.2202, -2.60425, 5.815, -0.009214
14, 9.22, -2.61, 5.815, 9.22015, -2.6098000000000003, 5.815, -0.009188
14, 9.22, -2.6149999999999998, 5.815, 9.22005, -2.6143, 5.815, -0.009199
14, 9.22, -2.6199999999999997, 5.815, 9.22, -2.62, 5.815, -0.009157
14, 9.22, -2.6249999999999996, 5.815, 9.219899999999999, -2.62455, 5.815, -0.009115
14, 9.22, -2.6299999999999994, 5.815, 9.219850000000001, -2.63, 5.815, -0.009204
14, 9.22, -2.6349999999999993, 5.815, 9.219899999999999, -2.6343, 5.815, -0.009178
14, 9.22, -2.6349999999999993, 5.82, 9.219899999999999, -2.6353, 5.8193, -0.009214
14, 9.22, -2.6349999999999993, 5.825, 9.22, -2.6353500000000003, 5.82575, -0.009188
14, 9.22, -2.6349999999999993, 5.83, 9.22, -2.63515, 5.83065, -0.009214
14, 9.22, -2.6349999999999993, 5.835, 9.22005, -2.6348000000000003, 5.8355500000000005, -0.00922
14, 9.22, -2.6349999999999993, 5.84, 9.2202, -2.6345500000000004, 5.840400000000001, -0.009168
14, 9.22, -2.6349999999999993, 5.845, 9.22015, -2.6349, 5.84515, -0.00922
14, 9.22, -2.6349999999999993, 5.85, 9.22, -2.63515, 5.8501, -0.009178
14, 9.22, -2.6349999999999993, 5.8549999999999995, 9.22, -2.6352, 5.855150000000001, -0.009209
14, 9.22, -2.6349999999999993, 5.859999999999999, 9.21995, -2.63515, 5.8601, -0.009173
14, 9.22, -2.6349999999999993, 5.864999999999999, 9.219800000000001, -2.6351000000000004, 5.865150000000001, -0.009162
14, 9.22, -2.6349999999999993, 5.869999999999999, 9.219800000000001, -2.6348500000000006, 5.8698500000000005, -0.009225
14, 9.22, -2.6349999999999993, 5.874999999999999, 9.21995, -2.6347000000000005, 5.874650000000001, -0.009173
14, 9.22, -2.6349999999999993, 5.879999999999999, 9.22005, -2.6348500000000006, 5.88005, -0.009194
14, 9.22, -2.6349999999999993, 5.884999999999999, 9.2202, -2.6351000000000004, 5.88455, -0.009194
15, 9.22, -2.6299999999999994, 5.884999999999999, 9.2201, -2.6308000000000002, 5.88475, -0.009141
15, 9.22, -2.6249999999999996, 5.884999999999999, 9.22005, -2.6253, 5.885, -0.009162
15, 9.22, -2.6199999999999997, 5.884999999999999, 9.22, -2.6205, 5.8851, -0.009178
15, 9.22, -2.6149999999999998, 5.884999999999999, 9.22, -2.6159, 5.88525, -0.009136
15, 9.22, -2.61, 5.884999999999999, 9.22, -2.6106000000000003, 5.88525, -0.009188
15, 9.22, -2.605, 5.884999999999999, 9.22, -2.6054500000000003, 5.88515, -0.009168
15, 9.22, -2.6, 5.884999999999999, 9.21995, -2.59975, 5.88485, -0.009157
15, 9.22, -2.595, 5.884999999999999, 9.219899999999999, -2.5958500000000004, 5.88485, -0.009147
15, 9.22, -2.5900000000000003, 5.884999999999999, 9.21995, -2.5903500000000004, 5.884900000000001, -0.009115
15, 9.22, -2.5850000000000004, 5.884999999999999, 9.21995, -2.58585, 5.884950000000001, -0.009162
15, 9.22, -2.5800000000000005, 5.884999999999999, 9.2201, -2.5801000000000003, 5.885, -0.009152
15, 9.22, -2.5750000000000006, 5.884999999999999, 9.2202, -2.5753000000000004, 5.8851, -0.009141
15, 9.22, -2.5700000000000007, 5.884999999999999, 9.2201, -2.57, 5.8851, -0.009157
15, 9.22, -2.565000000000001, 5.884999999999999, 9.21995, -2.56565, 5.885050000000001, -0.009168
15, 9.22, -2.560000000000001, 5.884999999999999, 9.219850000000001, -2.5600500000000004, 5.8851, -0.009199
15, 9.22, -2.560000000000001, 5.879999999999999, 9.219850000000001, -2.55995, 5.88065, -0.009209
15, 9.22, -2.560000000000001, 5.874999999999999, 9.22005, -2.55995, 5.875700000000001, -0.009178
15, 9.22, -2.560000000000001, 5.869999999999999, 9.2202, -2.55995, 5.87035, -0.009209
15, 9.22, -2.560000000000001, 5.864999999999999, 9.22015, -2.55995, 5.8651, -0.009188
15, 9.22, -2.560000000000001, 5.859999999999999, 9.22005, -2.55995, 5.86035, -0.009199
15, 9.22, -2.560000000000001, 5.8549999999999995, 9.219899999999999, -2.55995, 5.8548, -0.009209
15, 9.22, -2.560000000000001, 5.85, 9.219850000000001, -2.56, 5.849900000000001, -0.009194
15, 9.22, -2.560000000000001, 5.845, 9.219850000000001, -2.5600500000000004, 5.844950000000001, -0.009214
15, 9.22, -2.560000000000001, 5.84, 9.22, -2.56015, 5.8398, -0.009204
15, 9.22, -2.560000000000001, 5.835, 9.22, -2.5601000000000003, 5.8348, -0.009183
15, 9.22, -2.560000000000001, 5.83, 9.22, -2.56015, 5.829700000000001, -0.009173
15, 9.22, -2.560000000000001, 5.825, 9.22005, -2.56, 5.82425, -0.009235
15, 9.22, -2.560000000000001, 5.82, 9.2202, -2.56, 5.81935, -0.00923
15, 9.22, -2.560000000000001, 5.815, 9.2202, -2.5599000000000003, 5.8143, -0.00922
15, 9.22, -2.560000000000001, 5.8100000000000005, 9.22005, -2.55995, 5.80905, -0.009214
16, 9.22, -2.565000000000001, 5.8100000000000005, 9.219850000000001, -2.5644500000000003, 5.809950000000001, -0.009178
16, 9.22, -2.5700000000000007, 5.8100000000000005, 9.219800000000001, -2.57025, 5.81, -0.009162
16, 9.22, -2.5750000000000006, 5.8100000000000005, 9.219899999999999, -2.5749500000000003, 5.81005, -0.009194
16, 9.22, -2.5800000000000005, 5.8100000000000005, 9.22, -2.5796000000000006, 5.8101, -0.009168
16, 9.22, -2.5850000000000004, 5.8100000000000005, 9.22005, -2.5847, 5.8101, -0.009115
16, 9.22, -2.5900000000000003, 5.8100000000000005, 9.2201, -2.5905, 5.8101, -0.009131
16, 9.22, -2.595, 5.8100000000000005, 9.22005, -2.5955, 5.81005, -0.009199
16, 9.22, -2.6, 5.8100000000000005, 9.2201, -2.6004, 5.81, -0.009168
16, 9.22, -2.605, 5.8100000000000005, 9.22, -2.60425, 5.81, -0.009225
16, 9.22, -2.61, 5.8100000000000005, 9.219899999999999, -2.6089, 5.809950000000001, -0.009162
16, 9.22, -2.6149999999999998, 5.8100000000000005, 9.219899999999999, -2.6151000000000004, 5.809950000000001, -0.009121
16, 9.22, -2.6199999999999997, 5.8100000000000005, 9.219899999999999, -2.6199500000000002, 5.809950000000001, -0.009168
16, 9.22, -2.6249999999999996, 5.8100000000000005, 9.22, -2.6245, 5.809950000000001, -0.009173
16, 9.22, -2.6299999999999994, 5.8100000000000005, 9.22, -2.6299500000000005, 5.809950000000001, -0.009157
16, 9.22, -2.6349999999999993, 5.8100000000000005, 9.22005, -2.6344000000000003, 5.809950000000001, -0.009199
16, 9.22, -2.6399999999999992, 5.8100000000000005, 9.2201, -2.6396, 5.809950000000001, -0.009235
16, 9.22, -2.6399999999999992, 5.815, 9.2201, -2.63975, 5.815300000000001, -0.009199
16, 9.22, -2.6399999999999992, 5.82, 9.2201, -2.6398, 5.8207, -0.009199
16, 9.22, -2.6399999999999992, 5.825, 9.22, -2.6398500000000005, 5.82575, -0.00923
16, 9.22, -2.6399999999999992, 5.83, 9.21995, -2.6399500000000002, 5.830700000000001, -0.009204
16, 9.22, -2.6399999999999992, 5.835, 9.219899999999999, -2.6405, 5.83535, -0.009183
16, 9.22, -2.6399999999999992, 5.84, 9.219850000000001, -2.6404, 5.84025, -0.009209
16, 9.22, -2.6399999999999992, 5.845, 9.219899999999999, -2.6398500000000005, 5.845200000000001, -0.009168
16, 9.22, -2.6399999999999992, 5.85, 9.22, -2.6398, 5.85, -0.009173
16, 9.22, -2.6399999999999992, 5.8549999999999995, 9.22, -2.6398500000000005, 5.855150000000001, -0.009183
16, 9.22, -2.6399999999999992, 5.859999999999999, 9.22, -2.6399, 5.8601, -0.009168
16, 9.22, -2.6399999999999992, 5.864999999999999, 9.22, -2.6399, 5.865150000000001, -0.009225
16, 9.22, -2.6399999999999992, 5.869999999999999, 9.22, -2.64005, 5.86975, -0.00923
16, 9.22, -2.6399999999999992, 5.874999999999999, 9.22, -2.6403000000000003, 5.874650000000001, -0.009241
16, 9.22, -2.6399999999999992, 5.879999999999999, 9.22, -2.64025, 5.879950000000001, -0.009199
16, 9.22, -2.6399999999999992, 5.884999999999999, 9.21995, -2.6398500000000005, 5.884450000000001, -0.009194
16, 9.22, -2.6399999999999992, 5.889999999999999, 9.22005, -2.6398500000000005, 5.8895, -0.009214
17, 9.22, -2.6349999999999993, 5.889999999999999, 9.22015, -2.6353500000000003, 5.8898, -0.009194
17, 9.22, -2.6299999999999994, 5.889999999999999, 9.22015, -2.6308500000000006, 5.88985, -0.009168
17, 9.22, -2.6249999999999996, 5.889999999999999, 9.22, -2.62525, 5.89, -0.009141
17, 9.22, -2.6199999999999997, 5.889999999999999, 9.219850000000001, -2.6199500000000002, 5.890200000000001, -0.009136
17, 9.22, -2.6149999999999998, 5.889999999999999, 9.21975, -2.6159, 5.89025, -0.009157
17, 9.22, -2.61, 5.889999999999999, 9.219899999999999, -2.6106000000000003, 5.890200000000001, -0.009136
17, 9.22, -2.605, 5.889999999999999, 9.22005, -2.6054500000000003, 5.89015, -0.009162
17, 9.22, -2.6, 5.889999999999999, 9.2202, -2.60055, 5.89, -0.009173
17, 9.22, -2.595, 5.889999999999999, 9.2202, -2.5958500000000004, 5.889900000000001, -0.009168
17, 9.22, -2.5900000000000003, 5.889999999999999, 9.2201, -2.5905500000000004, 5.889900000000001, -0.009168
17, 9.22, -2.5850000000000004, 5.889999999999999, 9.219800000000001, -2.5859, 5.889900000000001, -0.009157
17, 9.22, -2.5800000000000005, 5.889999999999999, 9.219800000000001, -2.5801000000000003, 5.889900000000001, -0.009147
17, 9.22, -2.5750000000000006, 5.889999999999999, 9.219800000000001, -2.57475, 5.889900000000001, -0.009162
17, 9.22, -2.5700000000000007, 5.889999999999999, 9.21995, -2.57015, 5.889900000000001, -0.009147
17, 9.22, -2.565000000000001, 5.889999999999999, 9.22015, -2.56565, 5.889900000000001, -0.009173
17, 9.22, -2.560000000000001, 5.889999999999999, 9.220300000000002, -2.5600500000000004, 5.889950000000001, -0.009178
17, 9.22, -2.555000000000001, 5.889999999999999, 9.22005, -2.5555, 5.8900500000000005, -0.009225
17, 9.22, -2.555000000000001, 5.884999999999999, 9.219850000000001, -2.5545, 5.8854500000000005, -0.009183
17, 9.22, -2.555000000000001, 5.879999999999999, 9.219850000000001, -2.5544000000000002, 5.88055, -0.009188
17, 9.22, -2.555000000000001, 5.874999999999999, 9.22005, -2.5553000000000003, 5.8753, -0.009178
17, 9.22, -2.555000000000001, 5.869999999999999, 9.2202, -2.55525, 5.8705, -0.009173
17, 9.22, -2.555000000000001, 5.864999999999999, 9.22015, -2.55525, 5.8651, -0.009173
17, 9.22, -2.555000000000001, 5.859999999999999, 9.21995, -2.5549500000000003, 5.86035, -0.009183
17, 9.22, -2.555000000000001, 5.8549999999999995, 9.219800000000001, -2.5545, 5.85465, -0.00922
17, 9.22, -2.555000000000001, 5.85, 9.219850000000001, -2.5547000000000004, 5.849900000000001, -0.009194
17, 9.22, -2.555000000000001, 5.845, 9.22, -2.5552, 5.844900000000001, -0.009178
17, 9.22, -2.555000000000001, 5.84, 9.22, -2.5553000000000003, 5.83985, -0.009178
17, 9.22, -2.555000000000001, 5.835, 9.22, -2.55525, 5.83475, -0.009194
17, 9.22, -2.555000000000001, 5.83, 9.22, -2.5551000000000004, 5.829650000000001, -0.009188
17, 9.22, -2.555000000000001, 5.825, 9.22005, -2.5547000000000004, 5.82415, -0.00922
17, 9.22, -2.555000000000001, 5.82, 9.2202, -2.5546, 5.8192, -0.009188
17, 9.22, -2.555000000000001, 5.815, 9.22025, -2.5549500000000003, 5.81425, -0.009188
17, 9.22, -2.555000000000001, 5.8100000000000005, 9.21995, -2.5551000000000004, 5.809150000000001, -0.009162
17, 9.22, -2.555000000000001, 5.805000000000001, 9.219850000000001, -2.55525, 5.80425, -0.009178
18, 9.22, -2.560000000000001, 5.805000000000001, 9.21995, -2.5601000000000003, 5.8047, -0.009178
18, 9.22, -2.565000000000001, 5.805000000000001, 9.2201, -2.5644, 5.804900000000001, -0.009168
18, 9.22, -2.5700000000000007, 5.805000000000001, 9.2202, -2.57005, 5.8051, -0.009178
18, 9.22, -2.5750000000000006, 5.805000000000001, 9.2202, -2.5748500000000005, 5.805200000000001, -0.009131
18, 9.22, -2.5800000000000005, 5.805000000000001, 9.22005, -2.5796000000000006, 5.805200000000001, -0.009147
18, 9.22, -2.5850000000000004, 5.805000000000001, 9.21995, -2.5844500000000004, 5.805200000000001, -0.009147
18, 9.22, -2.5900000000000003, 5.805000000000001, 9.219899999999999, -2.5892000000000004, 5.80515, -0.009152
18, 9.22, -2.595, 5.805000000000001, 9.219899999999999, -2.5943, 5.805, -0.009178
18, 9.22, -2.6, 5.805000000000001, 9.219899999999999, -2.60025, 5.80485, -0.009188
18, 9.22, -2.605, 5.805000000000001, 9.22005, -2.6043000000000003, 5.80485, -0.009168
18, 9.22, -2.61, 5.805000000000001, 9.22015, -2.6098500000000002, 5.80485, -0.009183
18, 9.22, -2.6149999999999998, 5.805000000000001, 9.2201, -2.6145, 5.804900000000001, -0.009173
18, 9.22, -2.6199999999999997, 5.805000000000001, 9.22005, -2.62, 5.805, -0.009152
18, 9.22, -2.6249999999999996, 5.805000000000001, 9.22, -2.62455, 5.805, -0.009209
18, 9.22, -2.6299999999999994, 5.805000000000001, 9.21995, -2.6293, 5.80515, -0.009183
18, 9.22, -2.6349999999999993, 5.805000000000001, 9.21995, -2.63465, 5.80515, -0.009194
18, 9.22, -2.6399999999999992, 5.805000000000001, 9.219899999999999, -2.6396, 5.80515, -0.009241
18, 9.22, -2.644999999999999, 5.805000000000001, 9.21995, -2.6441500000000002, 5.8051, -0.009256
18, 9.22, -2.644999999999999, 5.8100000000000005, 9.219899999999999, -2.6450500000000003, 5.8096000000000005, -0.009214
18, 9.22, -2.644999999999999, 5.815, 9.22, -2.64515, 5.81585, -0.009251
18, 9.22, -2.644999999999999, 5.82, 9.22, -2.64515, 5.819850000000001, -0.009256
18, 9.22, -2.644999999999999, 5.825, 9.22, -2.6451000000000002, 5.8256000000000006, -0.009241
18, 9.22, -2.644999999999999, 5.83, 9.22, -2.645, 5.8306000000000004, -0.009235
18, 9.22, -2.644999999999999, 5.835, 9.22005, -2.64495, 5.83535, -0.009194
18, 9.22, -2.644999999999999, 5.84, 9.22005, -2.6448500000000004, 5.84035, -0.009214
18, 9.22, -2.644999999999999, 5.845, 9.22005, -2.6449000000000003, 5.845200000000001, -0.009209
18, 9.22, -2.644999999999999, 5.85, 9.22, -2.6449000000000003, 5.85, -0.00922
18, 9.22, -2.644999999999999, 5.8549999999999995, 9.22005, -2.6449000000000003, 5.8551, -0.009225
18, 9.22, -2.644999999999999, 5.859999999999999, 9.21995, -2.64495, 5.8601, -0.00922
18, 9.22, -2.644999999999999, 5.864999999999999, 9.219800000000001, -2.645, 5.8651, -0.009204
18, 9.22, -2.644999999999999, 5.869999999999999, 9.219850000000001, -2.645, 5.86975, -0.009225
18, 9.22, -2.644999999999999, 5.874999999999999, 9.219899999999999, -2.6451000000000002, 5.874650000000001, -0.00923
18, 9.22, -2.644999999999999, 5.879999999999999, 9.22, -2.6451000000000002, 5.8799, -0.009188
18, 9.22, -2.644999999999999, 5.884999999999999, 9.22, -2.6451000000000002, 5.884450000000001, -0.009199
18, 9.22, -2.644999999999999, 5.889999999999999, 9.22, -2.6450500000000003, 5.889450000000001, -0.009225
18, 9.22, -2.644999999999999, 5.894999999999999, 9.21995, -2.6450500000000003, 5.893950000000001, -0.009209
19, 9.22, -2.6399999999999992, 5.894999999999999, 9.22005, -2.6403000000000003, 5.894950000000001, -0.009183
19, 9.22, -2.6349999999999993, 5.894999999999999, 9.2202, -2.6351000000000004, 5.895, -0.009183
19, 9.22, -2.6299999999999994, 5.894999999999999, 9.22015, -2.6308000000000002, 5.8951, -0.009131
19, 9.22, -2.6249999999999996, 5.894999999999999, 9.22, -2.6252000000000004, 5.8951, -0.009178
19, 9.22, -2.6199999999999997, 5.894999999999999, 9.22, -2.62055, 5.8951, -0.009136
19, 9.22, -2.6149999999999998, 5.894999999999999, 9.22, -2.6159, 5.8951, -0.009162
19, 9.22, -2.61, 5.894999999999999, 9.219850000000001, -2.6107000000000005, 5.8951, -0.009178
19, 9.22, -2.605, 5.894999999999999, 9.219800000000001, -2.6054500000000003, 5.8951, -0.009173
19, 9.22, -2.6, 5.894999999999999, 9.21995, -2.5997000000000003, 5.89505, -0.009183
19, 9.22, -2.595, 5.894999999999999, 9.2201, -2.5958, 5.89505, -0.009147
19, 9.22, -2.5900000000000003, 5.894999999999999, 9.22015, -2.5903, 5.895, -0.009173
19, 9.22, -2.5850000000000004, 5.894999999999999, 9.22015, -2.5858000000000003, 5.894950000000001, -0.009115
19, 9.22, -2.5800000000000005, 5.894999999999999, 9.21995, -2.5800500000000004, 5.895, -0.009173
19, 9.22, -2.5750000000000006, 5.894999999999999, 9.219800000000001, -2.5754500000000005, 5.894950000000001, -0.009136
19, 9.22, -2.5700000000000007, 5.894999999999999, 9.219899999999999, -2.57, 5.895, -0.009178
19, 9.22, -2.565000000000001, 5.894999999999999, 9.22, -2.56565, 5.894950000000001, -0.009199
19, 9.22, -2.560000000000001, 5.894999999999999, 9.22, -2.5601000000000003, 5.895, -0.009168
19, 9.22, -2.555000000000001, 5.894999999999999, 9.22, -2.55555, 5.895, -0.009168
19, 9.22, -2.550000000000001, 5.894999999999999, 9.22, -2.5505500000000003, 5.8951, -0.009188
19, 9.22, -2.550000000000001, 5.889999999999999, 9.22005, -2.5496000000000003, 5.89015, -0.009178
19, 9.22, -2.550000000000001, 5.884999999999999, 9.2201, -2.5497, 5.886, -0.009199
19, 9.22, -2.550000000000001, 5.879999999999999, 9.22005, -2.5499500000000004, 5.8806, -0.009235
19, 9.22, -2.550000000000001, 5.874999999999999, 9.21995, -2.55015, 5.8752, -0.00922
19, 9.22, -2.550000000000001, 5.869999999999999, 9.219850000000001, -2.5503, 5.8705, -0.009194
19, 9.22, -2.550000000000001, 5.864999999999999, 9.219899999999999, -2.5502000000000002, 5.865, -0.009188
19, 9.22, -2.550000000000001, 5.859999999999999, 9.22, -2.55005, 5.8604, -0.009194
19, 9.22, -2.550000000000001, 5.8549999999999995, 9.22, -2.5499, 5.8546000000000005, -0.009178
19, 9.22, -2.550000000000001, 5.85, 9.22005, -2.54985, 5.849900000000001, -0.009178
19, 9.22, -2.550000000000001, 5.845, 9.2201, -2.54985, 5.844900000000001, -0.009188
19, 9.22, -2.550000000000001, 5.84, 9.22015, -2.5499, 5.8398, -0.009209
19, 9.22, -2.550000000000001, 5.835, 9.22005, -2.55, 5.83475, -0.009183
19, 9.22, -2.550000000000001, 5.83, 9.219899999999999, -2.55005, 5.829700000000001, -0.009183
19, 9.22, -2.550000000000001, 5.825, 9.21995, -2.5501000000000005, 5.82425, -0.009188
19, 9.22, -2.550000000000001, 5.82, 9.21995, -2.55015, 5.8191500000000005, -0.009235
19, 9.22, -2.550000000000001, 5.815, 9.2201, -2.55015, 5.814100000000001, -0.009241
19, 9.22, -2.550000000000001, 5.8100000000000005, 9.2202, -2.55, 5.80935, -0.009188
19, 9.22, -2.550000000000001, 5.805000000000001, 9.2202, -2.5499, 5.80435, -0.009168
19, 9.22, -2.550000000000001, 5.800000000000001, 9.22005, -2.5499, 5.7995, -0.009235
20, 9.22, -2.555000000000001, 5.800000000000001, 9.21995, -2.5545500000000003, 5.799200000000001, -0.009209
20, 9.22, -2.560000000000001, 5.800000000000001, 9.219899999999999, -2.5601000000000003, 5.7994, -0.009194
20, 9.22, -2.565000000000001, 5.800000000000001, 9.21995, -2.5643500000000006, 5.7998, -0.009209
20, 9.22, -2.5700000000000007, 5.800000000000001, 9.219899999999999, -2.57, 5.8001000000000005, -0.009199
20, 9.22, -2.5750000000000006, 5.800000000000001, 9.21995, -2.5747000000000004, 5.8003, -0.009136
20, 9.22, -2.5800000000000005, 5.800000000000001, 9.22, -2.5798, 5.8003, -0.009126
20, 9.22, -2.5850000000000004, 5.800000000000001, 9.2201, -2.58425, 5.80025, -0.009147
20, 9.22, -2.5900000000000003, 5.800000000000001, 9.2201, -2.58915, 5.799950000000001, -0.009173
20, 9.22, -2.595, 5.800000000000001, 9.22005, -2.5949, 5.79985, -0.009147
20, 9.22, -2.6, 5.800000000000001, 9.21995, -2.5995, 5.79985, -0.009214
20, 9.22, -2.605, 5.800000000000001, 9.219850000000001, -2.6045, 5.799900000000001, -0.009178
20, 9.22, -2.61, 5.800000000000001, 9.219899999999999, -2.6099500000000004, 5.8, -0.009152
20, 9.22, -2.6149999999999998, 5.800000000000001, 9.21995, -2.6145, 5.8001000000000005, -0.009162
20, 9.22, -2.6199999999999997, 5.800000000000001, 9.22005, -2.6199500000000002, 5.8001000000000005, -0.009147
20, 9.22, -2.6249999999999996, 5.800000000000001, 9.22015, -2.62465, 5.8001000000000005, -0.009188
20, 9.22, -2.6299999999999994, 5.800000000000001, 9.2201, -2.6294, 5.8001000000000005, -0.009188
20, 9.22, -2.6349999999999993, 5.800000000000001, 9.22005, -2.6347000000000005, 5.8001000000000005, -0.009199
20, 9.22, -2.6399999999999992, 5.800000000000001, 9.21995, -2.63965, 5.8001000000000005, -0.009194
20, 9.22, -2.644999999999999, 5.800000000000001, 9.219899999999999, -2.6442, 5.800050000000001, -0.009246
20, 9.22, -2.649999999999999, 5.800000000000001, 9.22, -2.6494, 5.799950000000001, -0.009204
20, 9.22, -2.649999999999999, 5.805000000000001, 9.219899999999999, -2.6496500000000003, 5.8045, -0.009241
20, 9.22, -2.649999999999999, 5.8100000000000005, 9.22, -2.65025, 5.810200000000001, -0.009241
20, 9.22, -2.649999999999999, 5.815, 9.22, -2.6498000000000004, 5.814400000000001, -0.009225
20, 9.22, -2.649999999999999, 5.82, 9.22, -2.64975, 5.82075, -0.009214
20, 9.22, -2.649999999999999, 5.825, 9.22, -2.6497, 5.82575, -0.00922
20, 9.22, -2.649999999999999, 5.83, 9.22, -2.65, 5.830550000000001, -0.009214
20, 9.22, -2.649999999999999, 5.835, 9.22005, -2.65025, 5.8353, -0.009235
20, 9.22, -2.649999999999999, 5.84, 9.2201, -2.6503, 5.84015, -0.009267
20, 9.22, -2.649999999999999, 5.845, 9.22, -2.65015, 5.84515, -0.009261
20, 9.22, -2.649999999999999, 5.85, 9.22005, -2.6499, 5.85, -0.00923
20, 9.22, -2.649999999999999, 5.8549999999999995, 9.219899999999999, -2.64975, 5.855200000000001, -0.009209
20, 9.22, -2.649999999999999, 5.859999999999999, 9.219850000000001, -2.64975, 5.86005, -0.009209
20, 9.22, -2.649999999999999, 5.864999999999999, 9.219800000000001, -2.6499500000000005, 5.865, -0.009256
20, 9.22, -2.649999999999999, 5.869999999999999, 9.219899999999999, -2.65015, 5.869700000000001, -0.009204
20, 9.22, -2.649999999999999, 5.874999999999999, 9.22005, -2.65025, 5.8748000000000005, -0.009251
20, 9.22, -2.649999999999999, 5.879999999999999, 9.2202, -2.65015, 5.87985, -0.009199
20, 9.22, -2.649999999999999, 5.884999999999999, 9.22015, -2.65, 5.884450000000001, -0.00923
20, 9.22, -2.649999999999999, 5.889999999999999, 9.22005, -2.6498000000000004, 5.889600000000001, -0.009261
20, 9.22, -2.649999999999999, 5.894999999999999, 9.21995, -2.6497, 5.8943, -0.009168
20, 9.22, -2.649999999999999, 5.899999999999999, 9.219850000000001, -2.65, 5.899850000000001, -0.00922
21, 9.22, -2.644999999999999, 5.899999999999999, 9.22005, -2.6457, 5.9, -0.009251
21, 9.22, -2.6399999999999992, 5.899999999999999, 9.22015, -2.64055, 5.900150000000001, -0.009246
21, 9.22, -2.6349999999999993, 5.899999999999999, 9.2201, -2.6349500000000003, 5.9003000000000005, -0.009168
21, 9.22, -2.6299999999999994, 5.899999999999999, 9.21995, -2.6305, 5.9003000000000005, -0.009194
21, 9.22, -2.6249999999999996, 5.899999999999999, 9.219850000000001, -2.62515, 5.90025, -0.009131
21, 9.22, -2.6199999999999997, 5.899999999999999, 9.22, -2.6199, 5.9, -0.009162
21, 9.22, -2.6149999999999998, 5.899999999999999, 9.2202, -2.6158500000000005, 5.8999500000000005, -0.009168
21, 9.22, -2.61, 5.899999999999999, 9.2201, -2.61075, 5.8999500000000005, -0.009152
21, 9.22, -2.605, 5.899999999999999, 9.219899999999999, -2.606, 5.9, -0.009173
21, 9.22, -2.6, 5.899999999999999, 9.219850000000001, -2.60095, 5.9, -0.009152
21, 9.22, -2.595, 5.899999999999999, 9.21995, -2.5958500000000004, 5.9, -0.009168
21, 9.22, -2.5900000000000003, 5.899999999999999, 9.2201, -2.5908, 5.9, -0.009157
21, 9.22, -2.5850000000000004, 5.899999999999999, 9.22005, -2.58585, 5.90005, -0.00911
21, 9.22, -2.5800000000000005, 5.899999999999999, 9.22005, -2.58015, 5.90005, -0.009121
21, 9.22, -2.5750000000000006, 5.899999999999999, 9.21995, -2.5752, 5.90005, -0.009141
21, 9.22, -2.5700000000000007, 5.899999999999999, 9.219850000000001, -2.5699500000000004, 5.90005, -0.009188
21, 9.22, -2.565000000000001, 5.899999999999999, 9.219850000000001, -2.5656000000000003, 5.90005, -0.009141
21, 9.22, -2.560000000000001, 5.899999999999999, 9.22, -2.5601000000000003, 5.90005, -0.009178
21, 9.22, -2.555000000000001, 5.899999999999999, 9.22, -2.5554500000000004, 5.90005, -0.009162
21, 9.22, -2.550000000000001, 5.899999999999999, 9.22, -2.5499, 5.9, -0.009168
21, 9.22, -2.5450000000000013, 5.899999999999999, 9.22015, -2.545, 5.9, -0.009225
21, 9.22, -2.5450000000000013, 5.894999999999999, 9.21995, -2.5449, 5.8953500000000005, -0.009214
21, 9.22, -2.5450000000000013, 5.889999999999999, 9.219800000000001, -2.5449, 5.89075, -0.009178
21, 9.22, -2.5450000000000013, 5.884999999999999, 9.22, -2.5449, 5.885050000000001, -0.00923
21, 9.22, -2.5450000000000013, 5.879999999999999, 9.22, -2.5449500000000005, 5.88065, -0.009235
21, 9.22, -2.5450000000000013, 5.874999999999999, 9.22005, -2.5449500000000005, 5.8752, -0.009214
21, 9.22, -2.5450000000000013, 5.869999999999999, 9.2202, -2.545, 5.8702000000000005, -0.00922
21, 9.22, -2.5450000000000013, 5.864999999999999, 9.2202, -2.5450500000000003, 5.865, -0.009188
21, 9.22, -2.5450000000000013, 5.859999999999999, 9.22, -2.5451000000000006, 5.8604, -0.00922
21, 9.22, -2.5450000000000013, 5.8549999999999995, 9.22005, -2.5450500000000003, 5.8546000000000005, -0.009256
21, 9.22, -2.5450000000000013, 5.85, 9.219899999999999, -2.5450500000000003, 5.84985, -0.009209
21, 9.22, -2.5450000000000013, 5.845, 9.219850000000001, -2.5450500000000003, 5.84485, -0.009241
21, 9.22, -2.5450000000000013, 5.84, 9.219800000000001, -2.5450500000000003, 5.839700000000001, -0.009188
21, 9.22, -2.5450000000000013, 5.835, 9.21995, -2.5449500000000005, 5.834700000000001, -0.009204
21, 9.22, -2.5450000000000013, 5.83, 9.2201, -2.5448500000000003, 5.829650000000001, -0.009199
21, 9.22, -2.5450000000000013, 5.825, 9.2202, -2.5449, 5.82415, -0.009194
21, 9.22, -2.5450000000000013, 5.82, 9.2202, -2.5449, 5.819100000000001, -0.009183
21, 9.22, -2.5450000000000013, 5.815, 9.22, -2.5449500000000005, 5.81425, -0.009194
21, 9.22, -2.5450000000000013, 5.8100000000000005, 9.22005, -2.5449500000000005, 5.8095, -0.009194
21, 9.22, -2.5450000000000013, 5.805000000000001, 9.219899999999999, -2.5449500000000005, 5.804150000000001, -0.009235
21, 9.22, -2.5450000000000013, 5.800000000000001, 9.219850000000001, -2.545, 5.7995, -0.00923
21, 9.22, -2.5450000000000013, 5.795000000000001, 9.219850000000001, -2.5450500000000003, 5.7945, -0.00922
22, 9.22, -2.550000000000001, 5.795000000000001, 9.219899999999999, -2.55, 5.79415, -0.009183
22, 9.22, -2.555000000000001, 5.795000000000001, 9.22, -2.5551000000000004, 5.7945, -0.009225
22, 9.22, -2.560000000000001, 5.795000000000001, 9.22005, -2.5598500000000004, 5.79505, -0.009225
22, 9.22, -2.565000000000001, 5.795000000000001, 9.2201, -2.5643000000000002, 5.7952, -0.009188
22, 9.22, -2.5700000000000007, 5.795000000000001, 9.2201, -2.5699, 5.7952, -0.009162
22, 9.22, -2.5750000000000006, 5.795000000000001, 9.22005, -2.57465, 5.7952, -0.009157
22, 9.22, -2.5800000000000005, 5.795000000000001, 9.22005, -2.5799000000000003, 5.7951500000000005, -0.009131
22, 9.22, -2.5850000000000004, 5.795000000000001, 9.219899999999999, -2.58425, 5.794950000000001, -0.009157
22, 9.22, -2.5900000000000003, 5.795000000000001, 9.219899999999999, -2.5893, 5.79475, -0.009157
22, 9.22, -2.595, 5.795000000000001, 9.219899999999999, -2.59445, 5.79475, -0.009183
22, 9.22, -2.6, 5.795000000000001, 9.21995, -2.6004500000000004, 5.795100000000001, -0.009183
22, 9.22, -2.605, 5.795000000000001, 9.22005, -2.6044500000000004, 5.7952, -0.009178
22, 9.22, -2.61, 5.795000000000001, 9.22015, -2.6092000000000004, 5.7952, -0.009194
22, 9.22, -2.6149999999999998, 5.795000000000001, 9.22025, -2.6148000000000002, 5.7952, -0.009188
22, 9.22, -2.6199999999999997, 5.795000000000001, 9.219899999999999, -2.6203000000000003, 5.7951500000000005, -0.009147
22, 9.22, -2.6249999999999996, 5.795000000000001, 9.219850000000001, -2.6247000000000003, 5.795, -0.009147
22, 9.22, -2.6299999999999994, 5.795000000000001, 9.219899999999999, -2.6292000000000004, 5.79475, -0.009157
22, 9.22, -2.6349999999999993, 5.795000000000001, 9.219899999999999, -2.63475, 5.79475, -0.00923
22, 9.22, -2.6399999999999992, 5.795000000000001, 9.219899999999999, -2.6393, 5.7949, -0.009209
22, 9.22, -2.644999999999999, 5.795000000000001, 9.22005, -2.6444, 5.795, -0.009246
22, 9.22, -2.649999999999999, 5.795000000000001, 9.22015, -2.6491000000000002, 5.79505, -0.00923
22, 9.22, -2.654999999999999, 5.795000000000001, 9.22015, -2.65445, 5.7952, -0.009199
22, 9.22, -2.654999999999999, 5.800000000000001, 9.22, -2.6548000000000003, 5.80015, -0.009225
22, 9.22, -2.654999999999999, 5.805000000000001, 9.21995, -2.6549500000000004, 5.805650000000001, -0.009246
22, 9.22, -2.654999999999999, 5.8100000000000005, 9.219899999999999, -2.6551000000000005, 5.8109, -0.009225
22, 9.22, -2.654999999999999, 5.815, 9.219899999999999, -2.65515, 5.815650000000001, -0.009178
22, 9.22, -2.654999999999999, 5.82, 9.219850000000001, -2.65515, 5.82075, -0.009173
22, 9.22, -2.654999999999999, 5.825, 9.21995, -2.6552000000000002, 5.82565, -0.009173
22, 9.22, -2.654999999999999, 5.83, 9.22005, -2.6551000000000005, 5.8306000000000004, -0.009183
22, 9.22, -2.654999999999999, 5.835, 9.22015, -2.65505, 5.83525, -0.00922
22, 9.22, -2.654999999999999, 5.84, 9.22015, -2.655, 5.8403, -0.009188
22, 9.22, -2.654999999999999, 5.845, 9.22005, -2.6549500000000004, 5.845, -0.009152
22, 9.22, -2.654999999999999, 5.85, 9.21995, -2.6549500000000004, 5.849950000000001, -0.009204
22, 9.22, -2.654999999999999, 5.8549999999999995, 9.219850000000001, -2.6549500000000004, 5.8553500000000005, -0.009204
22, 9.22, -2.654999999999999, 5.859999999999999, 9.219800000000001, -2.6549500000000004, 5.8601, -0.009199
22, 9.22, -2.654999999999999, 5.864999999999999, 9.21995, -2.655, 5.8648, -0.009188
22, 9.22, -2.654999999999999, 5.869999999999999, 9.2201, -2.6549500000000004, 5.8696, -0.009147
22, 9.22, -2.654999999999999, 5.874999999999999, 9.2201, -2.65505, 5.875, -0.009178
22, 9.22, -2.654999999999999, 5.879999999999999, 9.22005, -2.65505, 5.8796, -0.009183
22, 9.22, -2.654999999999999, 5.884999999999999, 9.22005, -2.6551000000000005, 5.884450000000001, -0.009204
22, 9.22, -2.654999999999999, 5.889999999999999, 9.21995, -2.65505, 5.889450000000001, -0.009199
22, 9.22, -2.654999999999999, 5.894999999999999, 9.219850000000001, -2.65505, 5.8945, -0.009214
22, 9.22, -2.654999999999999, 5.899999999999999, 9.21995, -2.6549500000000004, 5.899850000000001, -0.009188
22, 9.22, -2.654999999999999, 5.9049999999999985, 9.22015, -2.6549500000000004, 5.9041500000000005, -0.009194
23, 9.22, -2.649999999999999, 5.9049999999999985, 9.22025, -2.6504000000000003, 5.904850000000001, -0.009214
23, 9.22, -2.644999999999999, 5.9049999999999985, 9.22005, -2.6448500000000004, 5.90495, -0.009178
23, 9.22, -2.6399999999999992, 5.9049999999999985, 9.219899999999999, -2.64035, 5.9051, -0.009209
23, 9.22, -2.6349999999999993, 5.9049999999999985, 9.21975, -2.6359500000000002, 5.90525, -0.009209
23, 9.22, -2.6299999999999994, 5.9049999999999985, 9.219899999999999, -2.6303, 5.90525, -0.009194
23, 9.22, -2.6249999999999996, 5.9049999999999985, 9.22005, -2.625, 5.905200000000001, -0.009131
23, 9.22, -2.6199999999999997, 5.9049999999999985, 9.22015, -2.62095, 5.905150000000001, -0.009168
23, 9.22, -2.6149999999999998, 5.9049999999999985, 9.2201, -2.6158, 5.90505, -0.009178
23, 9.22, -2.61, 5.9049999999999985, 9.22, -2.61065, 5.905, -0.009204
23, 9.22, -2.605, 5.9049999999999985, 9.219899999999999, -2.6057, 5.905, -0.009194
23, 9.22, -2.6, 5.9049999999999985, 9.21995, -2.6009, 5.905, -0.009131
23, 9.22, -2.595, 5.9049999999999985, 9.21995, -2.5958, 5.905, -0.009126
23, 9.22, -2.5900000000000003, 5.9049999999999985, 9.21995, -2.59075, 5.90505, -0.009121
23, 9.22, -2.5850000000000004, 5.9049999999999985, 9.22, -2.58585, 5.905, -0.009115
23, 9.22, -2.5800000000000005, 5.9049999999999985, 9.22015, -2.58025, 5.90495, -0.009131
23, 9.22, -2.5750000000000006, 5.9049999999999985, 9.2201, -2.5755, 5.90495, -0.009115
23, 9.22, -2.5700000000000007, 5.9049999999999985, 9.22, -2.5701000000000005, 5.905, -0.009168
23, 9.22, -2.565000000000001, 5.9049999999999985, 9.22, -2.56565, 5.905, -0.009157
23, 9.22, -2.560000000000001, 5.9049999999999985, 9.219899999999999, -2.56025, 5.90495, -0.009178
23, 9.22, -2.555000000000001, 5.9049999999999985, 9.219850000000001, -2.5556000000000005, 5.905, -0.009162
23, 9.22, -2.550000000000001, 5.9049999999999985, 9.21995, -2.5506, 5.905, -0.009188
23, 9.22, -2.5450000000000013, 5.9049999999999985, 9.22, -2.54515, 5.90505, -0.009188
23, 9.22, -2.5400000000000014, 5.9049999999999985, 9.21995, -2.5403000000000002, 5.9051, -0.00923
23, 9.22, -2.5400000000000014, 5.899999999999999, 9.22015, -2.53975, 5.900450000000001, -0.009199
23, 9.22, -2.5400000000000014, 5.894999999999999, 9.22015, -2.53955, 5.896, -0.00922
23, 9.22, -2.5400000000000014, 5.889999999999999, 9.21995, -2.54, 5.891, -0.009235
23, 9.22, -2.5400000000000014, 5.884999999999999, 9.219800000000001, -2.54015, 5.885700000000001, -0.00923
23, 9.22, -2.5400000000000014, 5.879999999999999, 9.219800000000001, -2.54015, 5.88075, -0.009214
23, 9.22, -2.5400000000000014, 5.874999999999999, 9.22, -2.5401000000000002, 5.8752, -0.009204
23, 9.22, -2.5400000000000014, 5.869999999999999, 9.22, -2.54, 5.870100000000001, -0.009214
23, 9.22, -2.5400000000000014, 5.864999999999999, 9.2202, -2.5398500000000004, 5.865, -0.00922
23, 9.22, -2.5400000000000014, 5.859999999999999, 9.2201, -2.5399000000000003, 5.86035, -0.009194
23, 9.22, -2.5400000000000014, 5.8549999999999995, 9.22, -2.5399000000000003, 5.8546000000000005, -0.009199
23, 9.22, -2.5400000000000014, 5.85, 9.22, -2.54, 5.84985, -0.009204
23, 9.22, -2.5400000000000014, 5.845, 9.22, -2.54015, 5.8448, -0.009183
23, 9.22, -2.5400000000000014, 5.84, 9.21995, -2.54015, 5.83975, -0.009204
23, 9.22, -2.5400000000000014, 5.835, 9.219850000000001, -2.5401000000000002, 5.834650000000001, -0.009235
23, 9.22, -2.5400000000000014, 5.83, 9.219850000000001, -2.54, 5.8295, -0.00923
23, 9.22, -2.5400000000000014, 5.825, 9.21995, -2.5399000000000003, 5.8243, -0.009209
23, 9.22, -2.5400000000000014, 5.82, 9.22005, -2.5398500000000004, 5.8192, -0.00922
23, 9.22, -2.5400000000000014, 5.815, 9.2202, -2.5399000000000003, 5.8143, -0.009209
23, 9.22, -2.5400000000000014, 5.8100000000000005, 9.22015, -2.54, 5.80965, -0.009241
23, 9.22, -2.5400000000000014, 5.805000000000001, 9.219899999999999, -2.54015, 5.80475, -0.009246
23, 9.22, -2.5400000000000014, 5.800000000000001, 9.219850000000001, -2.54, 5.799600000000001, -0.009199
23, 9.22, -2.5400000000000014, 5.795000000000001, 9.21995, -2.5398500000000004, 5.794700000000001, -0.009204
23, 9.22, -2.5400000000000014, 5.790000000000001, 9.2201, -2.5398500000000004, 5.78925, -0.009246
24, 9.22, -2.5450000000000013, 5.790000000000001, 9.22015, -2.5448500000000003, 5.7890500000000005, -0.009188
24, 9.22, -2.550000000000001, 5.790000000000001, 9.22015, -2.5499, 5.78985, -0.009225
24, 9.22, -2.555000000000001, 5.790000000000001, 9.22, -2.5553000000000003, 5.79, -0.009178
24, 9.22, -2.560000000000001, 5.790000000000001, 9.219899999999999, -2.55975, 5.79005, -0.009209
24, 9.22, -2.565000000000001, 5.790000000000001, 9.219899999999999, -2.5642000000000005, 5.79005, -0.009178
24, 9.22, -2.5700000000000007, 5.790000000000001, 9.219899999999999, -2.56985, 5.79, -0.009188
24, 9.22, -2.5750000000000006, 5.790000000000001, 9.22, -2.5745, 5.79005, -0.009136
24, 9.22, -2.5800000000000005, 5.790000000000001, 9.21995, -2.5798, 5.79005, -0.009162
24, 9.22, -2.5850000000000004, 5.790000000000001, 9.22005, -2.5843000000000003, 5.79005, -0.009168
24, 9.22, -2.5900000000000003, 5.790000000000001, 9.22, -2.5895, 5.79, -0.009168
24, 9.22, -2.595, 5.790000000000001, 9.21995, -2.5943, 5.789950000000001, -0.009183
24, 9.22, -2.6, 5.790000000000001, 9.22005, -2.599, 5.7899, -0.009194
24, 9.22, -2.605, 5.790000000000001, 9.22005, -2.6046000000000005, 5.78985, -0.009204
24, 9.22, -2.61, 5.790000000000001, 9.22005, -2.6101000000000005, 5.78985, -0.009162
24, 9.22, -2.6149999999999998, 5.790000000000001, 9.2201, -2.6147000000000005, 5.7899, -0.009131
24, 9.22, -2.6199999999999997, 5.790000000000001, 9.22, -2.61965, 5.79, -0.009147
24, 9.22, -2.6249999999999996, 5.790000000000001, 9.22, -2.62455, 5.79005, -0.009183
24, 9.22, -2.6299999999999994, 5.790000000000001, 9.22, -2.6293, 5.790100000000001, -0.009178
24, 9.22, -2.6349999999999993, 5.790000000000001, 9.219899999999999, -2.6348500000000006, 5.79005, -0.009178
24, 9.22, -2.6399999999999992, 5.790000000000001, 9.219899999999999, -2.63915, 5.79005, -0.009246
24, 9.22, -2.644999999999999, 5.790000000000001, 9.219899999999999, -2.6444500000000004, 5.79005, -0.009225
24, 9.22, -2.649999999999999, 5.790000000000001, 9.22, -2.6494500000000003, 5.79005, -0.00923
24, 9.22, -2.654999999999999, 5.790000000000001, 9.22, -2.65425, 5.79, -0.00922
24, 9.22, -2.659999999999999, 5.790000000000001, 9.22015, -2.6593, 5.789950000000001, -0.009188
24, 9.22, -2.659999999999999, 5.795000000000001, 9.22015, -2.65965, 5.7946, -0.009214
24, 9.22, -2.659999999999999, 5.800000000000001, 9.22, -2.66035, 5.800700000000001, -0.009183
24, 9.22, -2.659999999999999, 5.805000000000001, 9.21995, -2.6605, 5.80585, -0.009168
24, 9.22, -2.659999999999999, 5.8100000000000005, 9.219850000000001, -2.6599, 5.810950000000001, -0.009157
24, 9.22, -2.659999999999999, 5.815, 9.219850000000001, -2.6598500000000005, 5.815650000000001, -0.009194
24, 9.22, -2.659999999999999, 5.82, 9.219899999999999, -2.6598500000000005, 5.8207, -0.009178
24, 9.22, -2.659999999999999, 5.825, 9.22005, -2.6599, 5.8256000000000006, -0.009194
24, 9.22, -2.659999999999999, 5.83, 9.22015, -2.6601000000000004, 5.830550000000001, -0.009194
24, 9.22, -2.659999999999999, 5.835, 9.22015, -2.6601500000000002, 5.8353, -0.009115
24, 9.22, -2.659999999999999, 5.84, 9.22, -2.6602, 5.84025, -0.009168
24, 9.22, -2.659999999999999, 5.845, 9.22, -2.6601000000000004, 5.845, -0.009168
24, 9.22, -2.659999999999999, 5.85, 9.219850000000001, -2.6599, 5.85, -0.00911
24, 9.22, -2.659999999999999, 5.8549999999999995, 9.219850000000001, -2.6598, 5.855300000000001, -0.009147
24, 9.22, -2.659999999999999, 5.859999999999999, 9.219800000000001, -2.6598, 5.86005, -0.009152
24, 9.22, -2.659999999999999, 5.864999999999999, 9.22, -2.6599, 5.8648, -0.009183
24, 9.22, -2.659999999999999, 5.869999999999999, 9.21995, -2.66, 5.86955, -0.009152
24, 9.22, -2.659999999999999, 5.874999999999999, 9.22015, -2.6601500000000002, 5.875, -0.009157
24, 9.22, -2.659999999999999, 5.879999999999999, 9.22005, -2.6601500000000002, 5.8796, -0.009152
24, 9.22, -2.659999999999999, 5.884999999999999, 9.22005, -2.66005, 5.8847000000000005, -0.009188
24, 9.22, -2.659999999999999, 5.889999999999999, 9.22, -2.6599, 5.88935, -0.009152
24, 9.22, -2.659999999999999, 5.894999999999999, 9.21995, -2.6598, 5.894450000000001, -0.009173
24, 9.22, -2.659999999999999, 5.899999999999999, 9.219899999999999, -2.6598500000000005, 5.899850000000001, -0.009194
24, 9.22, -2.659999999999999, 5.9049999999999985, 9.219899999999999, -2.66, 5.9042, -0.009162
24, 9.22, -2.659999999999999, 5.909999999999998, 9.2201, -2.66025, 5.909050000000001, -0.009199
25, 9.22, -2.654999999999999, 5.909999999999998, 9.22005, -2.655, 5.91, -0.009204
25, 9.22, -2.649999999999999, 5.909999999999998, 9.22, -2.6503500000000004, 5.91, -0.009168
25, 9.22, -2.644999999999999, 5.909999999999998, 9.21995, -2.64575, 5.910150000000001, -0.009199
25, 9.22, -2.6399999999999992, 5.909999999999998, 9.22005, -2.64005, 5.910150000000001, -0.009173
25, 9.22, -2.6349999999999993, 5.909999999999998, 9.219899999999999, -2.6357000000000004, 5.910150000000001, -0.009241
25, 9.22, -2.6299999999999994, 5.909999999999998, 9.219850000000001, -2.63015, 5.910100000000001, -0.009188
25, 9.22, -2.6249999999999996, 5.909999999999998, 9.219850000000001, -2.6256500000000003, 5.91005, -0.009178
25, 9.22, -2.6199999999999997, 5.909999999999998, 9.22, -2.62075, 5.91005, -0.009136
25, 9.22, -2.6149999999999998, 5.909999999999998, 9.21995, -2.6157000000000004, 5.91, -0.009141
25, 9.22, -2.61, 5.909999999999998, 9.2202, -2.61075, 5.909950000000001, -0.009136
25, 9.22, -2.605, 5.909999999999998, 9.21995, -2.60495, 5.91, -0.009162
25, 9.22, -2.6, 5.909999999999998, 9.219899999999999, -2.6006000000000005, 5.91, -0.009157
25, 9.22, -2.595, 5.909999999999998, 9.21995, -2.5958, 5.909950000000001, -0.009173
25, 9.22, -2.5900000000000003, 5.909999999999998, 9.22005, -2.59075, 5.9099, -0.009147
25, 9.22, -2.5850000000000004, 5.909999999999998, 9.22005, -2.5859, 5.909950000000001, -0.009147
25, 9.22, -2.5800000000000005, 5.909999999999998, 9.2201, -2.5800500000000004, 5.91, -0.009178
25, 9.22, -2.5750000000000006, 5.909999999999998, 9.22, -2.5755, 5.909950000000001, -0.009121
25, 9.22, -2.5700000000000007, 5.909999999999998, 9.22005, -2.57, 5.909950000000001, -0.009188
25, 9.22, -2.565000000000001, 5.909999999999998, 9.219899999999999, -2.5657, 5.909950000000001, -0.009162
25, 9.22, -2.560000000000001, 5.909999999999998, 9.219850000000001, -2.5600500000000004, 5.909950000000001, -0.009162
25, 9.22, -2.555000000000001, 5.909999999999998, 9.219850000000001, -2.55555, 5.91, -0.00922
25, 9.22, -2.550000000000001, 5.909999999999998, 9.219899999999999, -2.5503500000000003, 5.910100000000001, -0.00923
25, 9.22, -2.5450000000000013, 5.909999999999998, 9.22, -2.5449, 5.910100000000001, -0.009162
25, 9.22, -2.5400000000000014, 5.909999999999998, 9.2201, -2.54015, 5.910100000000001, -0.009204
25, 9.22, -2.5350000000000015, 5.909999999999998, 9.2202, -2.5348500000000005, 5.910100000000001, -0.009251
25, 9.22, -2.5350000000000015, 5.9049999999999985, 9.22, -2.5348500000000005, 5.9054, -0.009214
25, 9.22, -2.5350000000000015, 5.899999999999999, 9.21995, -2.5349500000000003, 5.900950000000001, -0.009241
25, 9.22, -2.5350000000000015, 5.894999999999999, 9.219800000000001, -2.5352, 5.8953500000000005, -0.009241
25, 9.22, -2.5350000000000015, 5.889999999999999, 9.22, -2.5351500000000002, 5.89075, -0.009214
25, 9.22, -2.5350000000000015, 5.884999999999999, 9.22, -2.5351500000000002, 5.88555, -0.009267
25, 9.22, -2.5350000000000015, 5.879999999999999, 9.22, -2.5349500000000003, 5.88065, -0.009277
25, 9.22, -2.5350000000000015, 5.874999999999999, 9.22015, -2.5348500000000005, 5.8751500000000005, -0.009209
25, 9.22, -2.5350000000000015, 5.869999999999999, 9.22025, -2.5348500000000005, 5.870100000000001, -0.00922
25, 9.22, -2.5350000000000015, 5.864999999999999, 9.2201, -2.5348500000000005, 5.865, -0.009246
25, 9.22, -2.5350000000000015, 5.859999999999999, 9.22, -2.535, 5.8603000000000005, -0.009251
25, 9.22, -2.5350000000000015, 5.8549999999999995, 9.219899999999999, -2.5351500000000002, 5.8545, -0.009214
25, 9.22, -2.5350000000000015, 5.85, 9.219899999999999, -2.53535, 5.849950000000001, -0.009261
25, 9.22, -2.5350000000000015, 5.845, 9.219899999999999, -2.5351500000000002, 5.8447000000000005, -0.009199
25, 9.22, -2.5350000000000015, 5.84, 9.22, -2.5349500000000003, 5.839700000000001, -0.009277
25, 9.22, -2.5350000000000015, 5.835, 9.22, -2.5348500000000005, 5.834650000000001, -0.009225
25, 9.22, -2.5350000000000015, 5.83, 9.2201, -2.5348500000000005, 5.82955, -0.009251
25, 9.22, -2.5350000000000015, 5.825, 9.22025, -2.5348500000000005, 5.82425, -0.009256
25, 9.22, -2.5350000000000015, 5.82, 9.22015, -2.5349, 5.819100000000001, -0.009225
25, 9.22, -2.5350000000000015, 5.815, 9.22, -2.5351000000000004, 5.81475, -0.00922
25, 9.22, -2.5350000000000015, 5.8100000000000005, 9.22, -2.53525, 5.809150000000001, -0.009246
25, 9.22, -2.5350000000000015, 5.805000000000001, 9.22, -2.5349500000000003, 5.80515, -0.009256
25, 9.22, -2.5350000000000015, 5.800000000000001, 9.22005, -2.5348500000000005, 5.79955, -0.009282
25, 9.22, -2.5350000000000015, 5.795000000000001, 9.219850000000001, -2.5348, 5.7944, -0.009225
25, 9.22, -2.5350000000000015, 5.790000000000001, 9.219850000000001, -2.5348500000000005, 5.789200000000001, -0.009199
25, 9.22, -2.5350000000000015, 5.785000000000001, 9.219850000000001, -2.5349500000000003, 5.78425, -0.009194
26, 9.22, -2.5400000000000014, 5.785000000000001, 9.22005, -2.5398500000000004, 5.78415, -0.009235
26, 9.22, -2.5450000000000013, 5.785000000000001, 9.22025, -2.5449500000000005, 5.7849, -0.00923
26, 9.22, -2.550000000000001, 5.785000000000001, 9.2201, -2.5501000000000005, 5.784950000000001, -0.009183
26, 9.22, -2.555000000000001, 5.785000000000001, 9.21995, -2.5551000000000004, 5.785, -0.009188
26, 9.22, -2.560000000000001, 5.785000000000001, 9.219850000000001, -2.5598, 5.785, -0.00922
26, 9.22, -2.565000000000001, 5.785000000000001, 9.219899999999999, -2.56425, 5.785100000000001, -0.009162
26, 9.22, -2.5700000000000007, 5.785000000000001, 9.219850000000001, -2.5698000000000003, 5.785150000000001, -0.009209
26, 9.22, -2.5750000000000006, 5.785000000000001, 9.22005, -2.5746, 5.785150000000001, -0.009147
26, 9.22, -2.5800000000000005, 5.785000000000001, 9.22015, -2.57995, 5.785100000000001, -0.009162
26, 9.22, -2.5850000000000004, 5.785000000000001, 9.22015, -2.5844500000000004, 5.78505, -0.009141
26, 9.22, -2.5900000000000003, 5.785000000000001, 9.22, -2.5895, 5.78505, -0.009131
26, 9.22, -2.595, 5.785000000000001, 9.22, -2.5945, 5.785, -0.009173
26, 9.22, -2.6, 5.785000000000001, 9.219899999999999, -2.5992, 5.785, -0.009178
26, 9.22, -2.605, 5.785000000000001, 9.219850000000001, -2.6044, 5.784950000000001, -0.009188
26, 9.22, -2.61, 5.785000000000001, 9.22, -2.6091, 5.784950000000001, -0.009162
26, 9.22, -2.6149999999999998, 5.785000000000001, 9.22, -2.6149500000000003, 5.784950000000001, -0.009152
26, 9.22, -2.6199999999999997, 5.785000000000001, 9.22, -2.6203000000000003, 5.784950000000001, -0.009147
26, 9.22, -2.6249999999999996, 5.785000000000001, 9.22, -2.62475, 5.784950000000001, -0.009157
26, 9.22, -2.6299999999999994, 5.785000000000001, 9.22005, -2.6294500000000003, 5.784950000000001, -0.009188
26, 9.22, -2.6349999999999993, 5.785000000000001, 9.22015, -2.6348000000000003, 5.784950000000001, -0.009183
26, 9.22, -2.6399999999999992, 5.785000000000001, 9.22015, -2.63925, 5.785, -0.009214
26, 9.22, -2.644999999999999, 5.785000000000001, 9.22, -2.6441000000000003, 5.785, -0.009183
26, 9.22, -2.649999999999999, 5.785000000000001, 9.219899999999999, -2.6493500000000005, 5.785100000000001, -0.009204
26, 9.22, -2.654999999999999, 5.785000000000001, 9.219899999999999, -2.6543, 5.785100000000001, -0.009199
26, 9.22, -2.659999999999999, 5.785000000000001, 9.219899999999999, -2.6597000000000004, 5.785100000000001, -0.00923
26, 9.22, -2.6649999999999987, 5.785000000000001, 9.21995, -2.66475, 5.785100000000001, -0.009157
26, 9.22, -2.6649999999999987, 5.790000000000001, 9.22, -2.6657, 5.789950000000001, -0.009183
26, 9.22, -2.6649999999999987, 5.795000000000001, 9.22005, -2.66555, 5.795700000000001, -0.009188
26, 9.22, -2.6649999999999987, 5.800000000000001, 9.21995, -2.66465, 5.800800000000001, -0.009162
26, 9.22, -2.6649999999999987, 5.805000000000001, 9.22005, -2.6646000000000005, 5.8059, -0.009173
26, 9.22, -2.6649999999999987, 5.8100000000000005, 9.2202, -2.6646000000000005, 5.81075, -0.009173
26, 9.22, -2.6649999999999987, 5.815, 9.22015, -2.6653000000000002, 5.8157000000000005, -0.009183
26, 9.22, -2.6649999999999987, 5.82, 9.22, -2.6655, 5.8206500000000005, -0.009162
26, 9.22, -2.6649999999999987, 5.825, 9.22, -2.6651000000000002, 5.8256000000000006, -0.009136
26, 9.22, -2.6649999999999987, 5.83, 9.22, -2.6646000000000005, 5.830550000000001, -0.009126
26, 9.22, -2.6649999999999987, 5.835, 9.21995, -2.6646000000000005, 5.83525, -0.009157
26, 9.22, -2.6649999999999987, 5.84, 9.219850000000001, -2.6652000000000005, 5.84025, -0.009152
26, 9.22, -2.6649999999999987, 5.845, 9.219850000000001, -2.6654, 5.845, -0.009141
26, 9.22, -2.6649999999999987, 5.85, 9.22, -2.66525, 5.85, -0.009152
26, 9.22, -2.6649999999999987, 5.8549999999999995, 9.22, -2.6646000000000005, 5.8554, -0.009157
26, 9.22, -2.6649999999999987, 5.859999999999999, 9.21995, -2.6645, 5.86, -0.009126
26, 9.22, -2.6649999999999987, 5.864999999999999, 9.2201, -2.66515, 5.864700000000001, -0.009121
26, 9.22, -2.6649999999999987, 5.869999999999999, 9.22015, -2.6653000000000002, 5.8696, -0.009152
26, 9.22, -2.6649999999999987, 5.874999999999999, 9.22015, -2.6652000000000005, 5.874950000000001, -0.009136
26, 9.22, -2.6649999999999987, 5.879999999999999, 9.22, -2.6649000000000003, 5.87955, -0.009115
26, 9.22, -2.6649999999999987, 5.884999999999999, 9.22, -2.6645, 5.88485, -0.009178
26, 9.22, -2.6649999999999987, 5.889999999999999, 9.22, -2.66455, 5.889200000000001, -0.009152
26, 9.22, -2.6649999999999987, 5.894999999999999, 9.21995, -2.6654, 5.894450000000001, -0.009173
26, 9.22, -2.6649999999999987, 5.899999999999999, 9.22, -2.66555, 5.89905, -0.009168
26, 9.22, -2.6649999999999987, 5.9049999999999985, 9.219800000000001, -2.6648, 5.9049000000000005, -0.009214
26, 9.22, -2.6649999999999987, 5.909999999999998, 9.219800000000001, -2.6645, 5.90925, -0.009157
26, 9.22, -2.6649999999999987, 5.914999999999998, 9.22, -2.66515, 5.91475, -0.009162
27, 9.22, -2.659999999999999, 5.914999999999998, 9.21995, -2.6605, 5.915, -0.009168
27, 9.22, -2.654999999999999, 5.914999999999998, 9.2201, -2.65455, 5.915150000000001, -0.009152
27, 9.22, -2.649999999999999, 5.914999999999998, 9.2202, -2.6500500000000002, 5.9153, -0.009209
27, 9.22, -2.644999999999999, 5.914999999999998, 9.22025, -2.6455, 5.9153, -0.009225
27, 9.22, -2.6399999999999992, 5.914999999999998, 9.22005, -2.6398500000000005, 5.915150000000001, -0.009188
27, 9.22, -2.6349999999999993, 5.914999999999998, 9.219899999999999, -2.6355500000000003, 5.915, -0.009188
27, 9.22, -2.6299999999999994, 5.914999999999998, 9.219800000000001, -2.6301000000000005, 5.914950000000001, -0.009188
27, 9.22, -2.6249999999999996, 5.914999999999998, 9.219850000000001, -2.62575, 5.914950000000001, -0.009147
27, 9.22, -2.6199999999999997, 5.914999999999998, 9.22005, -2.6209000000000002, 5.914950000000001, -0.009162
27, 9.22, -2.6149999999999998, 5.914999999999998, 9.2201, -2.6158, 5.914950000000001, -0.009141
27, 9.22, -2.61, 5.914999999999998, 9.2201, -2.6094, 5.915, -0.009178
27, 9.22, -2.605, 5.914999999999998, 9.22005, -2.6056000000000004, 5.914950000000001, -0.009194
27, 9.22, -2.6, 5.914999999999998, 9.22005, -2.59975, 5.9152000000000005, -0.009131
27, 9.22, -2.595, 5.914999999999998, 9.22, -2.5959, 5.9152000000000005, -0.009136
27, 9.22, -2.5900000000000003, 5.914999999999998, 9.22, -2.5904000000000003, 5.9152000000000005, -0.009121
27, 9.22, -2.5850000000000004, 5.914999999999998, 9.219899999999999, -2.5859, 5.915150000000001, -0.009147
27, 9.22, -2.5800000000000005, 5.914999999999998, 9.219850000000001, -2.5800500000000004, 5.91505, -0.009121
27, 9.22, -2.5750000000000006, 5.914999999999998, 9.219899999999999, -2.57465, 5.914950000000001, -0.009173
27, 9.22, -2.5700000000000007, 5.914999999999998, 9.22, -2.5701000000000005, 5.9149, -0.009168
27, 9.22, -2.565000000000001, 5.914999999999998, 9.21995, -2.5657, 5.9149, -0.009152
27, 9.22, -2.560000000000001, 5.914999999999998, 9.22005, -2.5600500000000004, 5.9149, -0.009173
27, 9.22, -2.555000000000001, 5.914999999999998, 9.22015, -2.55555, 5.9149, -0.009178
27, 9.22, -2.550000000000001, 5.914999999999998, 9.2202, -2.5499500000000004, 5.91485, -0.009225
27, 9.22, -2.5450000000000013, 5.914999999999998, 9.22005, -2.5449500000000005, 5.9149, -0.009235
27, 9.22, -2.5400000000000014, 5.914999999999998, 9.219800000000001, -2.5402000000000005, 5.914950000000001, -0.009188
27, 9.22, -2.5350000000000015, 5.914999999999998, 9.219700000000001, -2.5348500000000005, 5.91505, -0.009188
27, 9.22, -2.5300000000000016, 5.914999999999998, 9.219899999999999, -2.53025, 5.915100000000001, -0.009267
27, 9.22, -2.5300000000000016, 5.909999999999998, 9.22015, -2.53005, 5.910450000000001, -0.00922
27, 9.22, -2.5300000000000016, 5.9049999999999985, 9.22005, -2.52985, 5.905600000000001, -0.009261
27, 9.22, -2.5300000000000016, 5.899999999999999, 9.219800000000001, -2.52985, 5.9001, -0.00923
27, 9.22, -2.5300000000000016, 5.894999999999999, 9.22005, -2.53, 5.895200000000001, -0.009225
27, 9.22, -2.5300000000000016, 5.889999999999999, 9.2201, -2.53005, 5.89075, -0.00922
27, 9.22, -2.5300000000000016, 5.884999999999999, 9.22015, -2.53015, 5.8855, -0.009277
27, 9.22, -2.5300000000000016, 5.879999999999999, 9.2201, -2.53015, 5.8802, -0.00922
27, 9.22, -2.5300000000000016, 5.874999999999999, 9.219899999999999, -2.5301000000000005, 5.87525, -0.009199
27, 9.22, -2.5300000000000016, 5.869999999999999, 9.219850000000001, -2.53005, 5.8702000000000005, -0.009267
27, 9.22, -2.5300000000000016, 5.864999999999999, 9.219850000000001, -2.53, 5.8649000000000004, -0.009256
27, 9.22, -2.5300000000000016, 5.859999999999999, 9.21995, -2.5299500000000004, 5.8603000000000005, -0.009256
27, 9.22, -2.5300000000000016, 5.8549999999999995, 9.22005, -2.5299, 5.8546000000000005, -0.009241
27, 9.22, -2.5300000000000016, 5.85, 9.22025, -2.5299, 5.84985, -0.009246
27, 9.22, -2.5300000000000016, 5.845, 9.2201, -2.5299500000000004, 5.8447000000000005, -0.00923
27, 9.22, -2.5300000000000016, 5.84, 9.22, -2.5299500000000004, 5.839700000000001, -0.009282
27, 9.22, -2.5300000000000016, 5.835, 9.22, -2.53, 5.834650000000001, -0.009267
27, 9.22, -2.5300000000000016, 5.83, 9.22, -2.53005, 5.8296, -0.009209
27, 9.22, -2.5300000000000016, 5.825, 9.22, -2.5301000000000005, 5.8243, -0.009256
27, 9.22, -2.5300000000000016, 5.82, 9.22, -2.5301000000000005, 5.8193, -0.009282
27, 9.22, -2.5300000000000016, 5.815, 9.21995, -2.5301000000000005, 5.814700000000001, -0.009261
27, 9.22, -2.5300000000000016, 5.8100000000000005, 9.22005, -2.53, 5.8098, -0.009225
27, 9.22, -2.5300000000000016, 5.805000000000001, 9.22015, -2.5299500000000004, 5.80455, -0.009214
27, 9.22, -2.5300000000000016, 5.800000000000001, 9.22, -2.5299500000000004, 5.7995, -0.009241
27, 9.22, -2.5300000000000016, 5.795000000000001, 9.22, -2.53, 5.7943500000000006, -0.009251
27, 9.22, -2.5300000000000016, 5.790000000000001, 9.22, -2.5299500000000004, 5.7891, -0.009209
27, 9.22, -2.5300000000000016, 5.785000000000001, 9.22005, -2.53, 5.784800000000001, -0.00923
27, 9.22, -2.5300000000000016, 5.780000000000001, 9.219899999999999, -2.5301000000000005, 5.7792, -0.00922
28, 9.22, -2.5350000000000015, 5.780000000000001, 9.219899999999999, -2.5345, 5.779700000000001, -0.009225
28, 9.22, -2.5400000000000014, 5.780000000000001, 9.219899999999999, -2.5392, 5.7799000000000005, -0.009235
28, 9.22, -2.5450000000000013, 5.780000000000001, 9.22, -2.5451000000000006, 5.78005, -0.00922
28, 9.22, -2.550000000000001, 5.780000000000001, 9.22, -2.5506, 5.780150000000001, -0.009209
28, 9.22, -2.555000000000001, 5.780000000000001, 9.22, -2.5545, 5.780200000000001, -0.009178
28, 9.22, -2.560000000000001, 5.780000000000001, 9.22, -2.5600500000000004, 5.780200000000001, -0.009173
28, 9.22, -2.565000000000001, 5.780000000000001, 9.22, -2.56425, 5.7801, -0.009183
28, 9.22, -2.5700000000000007, 5.780000000000001, 9.22005, -2.5699, 5.78005, -0.009152
28, 9.22, -2.5750000000000006, 5.780000000000001, 9.2201, -2.5746, 5.77995, -0.009173
28, 9.22, -2.5800000000000005, 5.780000000000001, 9.2201, -2.5801000000000003, 5.779850000000001, -0.009162
28, 9.22, -2.5850000000000004, 5.780000000000001, 9.22005, -2.58455, 5.7799000000000005, -0.009126
28, 9.22, -2.5900000000000003, 5.780000000000001, 9.22, -2.5896500000000002, 5.779850000000001, -0.009141
28, 9.22, -2.595, 5.780000000000001, 9.22005, -2.5953000000000004, 5.78, -0.009126
28, 9.22, -2.6, 5.780000000000001, 9.219899999999999, -2.5992, 5.7801, -0.009147
28, 9.22, -2.605, 5.780000000000001, 9.219899999999999, -2.6047000000000002, 5.7801, -0.009168
28, 9.22, -2.61, 5.780000000000001, 9.219850000000001, -2.60925, 5.7801, -0.009178
28, 9.22, -2.6149999999999998, 5.780000000000001, 9.22, -2.61505, 5.7801, -0.009162
28, 9.22, -2.6199999999999997, 5.780000000000001, 9.22005, -2.6197000000000004, 5.7801, -0.009152
28, 9.22, -2.6249999999999996, 5.780000000000001, 9.22, -2.6251, 5.7801, -0.00922
28, 9.22, -2.6299999999999994, 5.780000000000001, 9.22005, -2.6294500000000003, 5.78005, -0.009214
28, 9.22, -2.6349999999999993, 5.780000000000001, 9.22005, -2.6348500000000006, 5.78, -0.00923
28, 9.22, -2.6399999999999992, 5.780000000000001, 9.2201, -2.639, 5.7799000000000005, -0.00923
28, 9.22, -2.644999999999999, 5.780000000000001, 9.22005, -2.6444500000000004, 5.7799000000000005, -0.009209
28, 9.22, -2.649999999999999, 5.780000000000001, 9.22, -2.6494500000000003, 5.7799000000000005, -0.009209
28, 9.22, -2.654999999999999, 5.780000000000001, 9.22, -2.6543500000000004, 5.7799000000000005, -0.00923
28, 9.22, -2.659999999999999, 5.780000000000001, 9.22, -2.6598, 5.7798, -0.00922
28, 9.22, -2.6649999999999987, 5.780000000000001, 9.22005, -2.66455, 5.779850000000001, -0.009178
28, 9.22, -2.6699999999999986, 5.780000000000001, 9.219899999999999, -2.6704, 5.78, -0.009173
28, 9.22, -2.6699999999999986, 5.785000000000001, 9.219899999999999, -2.6706000000000003, 5.785400000000001, -0.009188
28, 9.22, -2.6699999999999986, 5.790000000000001, 9.219899999999999, -2.6703, 5.7908, -0.009194
28, 9.22, -2.6699999999999986, 5.795000000000001, 9.219850000000001, -2.67, 5.79565, -0.009209
28, 9.22, -2.6699999999999986, 5.800000000000001, 9.219899999999999, -2.6696500000000003, 5.8008500000000005, -0.009168
28, 9.22, -2.6699999999999986, 5.805000000000001, 9.21995, -2.66955, 5.8059, -0.009199
28, 9.22, -2.6699999999999986, 5.8100000000000005, 9.2201, -2.6699500000000005, 5.8106, -0.009204
28, 9.22, -2.6699999999999986, 5.815, 9.22015, -2.67, 5.81575, -0.009157
28, 9.22, -2.6699999999999986, 5.82, 9.2201, -2.6700500000000003, 5.82055, -0.009178
28, 9.22, -2.6699999999999986, 5.825, 9.22005, -2.6701000000000006, 5.82555, -0.009194
28, 9.22, -2.6699999999999986, 5.83, 9.21995, -2.6700500000000003, 5.8305, -0.009178
28, 9.22, -2.6699999999999986, 5.835, 9.219800000000001, -2.6701000000000006, 5.8353, -0.009152
28, 9.22, -2.6699999999999986, 5.84, 9.219850000000001, -2.6700500000000003, 5.84015, -0.009183
28, 9.22, -2.6699999999999986, 5.845, 9.21995, -2.6699500000000005, 5.845, -0.009136
28, 9.22, -2.6699999999999986, 5.85, 9.22015, -2.6699, 5.8501, -0.009173
28, 9.22, -2.6699999999999986, 5.8549999999999995, 9.2201, -2.66975, 5.8553500000000005, -0.009131
28, 9.22, -2.6699999999999986, 5.859999999999999, 9.21995, -2.6698000000000004, 5.8601, -0.009126
28, 9.22, -2.6699999999999986, 5.864999999999999, 9.219850000000001, -2.6698500000000003, 5.8646, -0.009126
28, 9.22, -2.6699999999999986, 5.869999999999999, 9.219850000000001, -2.6699500000000005, 5.869650000000001, -0.009168
28, 9.22, -2.6699999999999986, 5.874999999999999, 9.21995, -2.6700500000000003, 5.87485, -0.009188
28, 9.22, -2.6699999999999986, 5.879999999999999, 9.2201, -2.6701000000000006, 5.8795, -0.009131
28, 9.22, -2.6699999999999986, 5.884999999999999, 9.22015, -2.6701000000000006, 5.88485, -0.009147
28, 9.22, -2.6699999999999986, 5.889999999999999, 9.2201, -2.6701000000000006, 5.88925, -0.009168
28, 9.22, -2.6699999999999986, 5.894999999999999, 9.22005, -2.6701000000000006, 5.894400000000001, -0.009178
28, 9.22, -2.6699999999999986, 5.899999999999999, 9.219899999999999, -2.6701000000000006, 5.89925, -0.009188
28, 9.22, -2.6699999999999986, 5.9049999999999985, 9.219800000000001, -2.67, 5.9049000000000005, -0.009147
28, 9.22, -2.6699999999999986, 5.909999999999998, 9.219899999999999, -2.6699500000000005, 5.909350000000001, -0.009168
28, 9.22, -2.6699999999999986, 5.914999999999998, 9.22, -2.6698000000000004, 5.91485, -0.009173
28, 9.22, -2.6699999999999986, 5.919999999999998, 9.22, -2.6699, 5.91905, -0.009178
29, 9.22, -2.6649999999999987, 5.919999999999998, 9.22, -2.6653000000000002, 5.91985, -0.009225
29, 9.22, -2.659999999999999, 5.919999999999998, 9.22, -2.6592000000000002, 5.92, -0.009173
29, 9.22, -2.654999999999999, 5.919999999999998, 9.2201, -2.6555, 5.920100000000001, -0.009209
29, 9.22, -2.649999999999999, 5.919999999999998, 9.2201, -2.6497, 5.9202, -0.009199
29, 9.22, -2.644999999999999, 5.919999999999998, 9.22005, -2.6454500000000003, 5.9202, -0.009204
29, 9.22, -2.6399999999999992, 5.919999999999998, 9.22, -2.6398500000000005, 5.9202, -0.009178
29, 9.22, -2.6349999999999993, 5.919999999999998, 9.21995, -2.63545, 5.9201500000000005, -0.009168
29, 9.22, -2.6299999999999994, 5.919999999999998, 9.219800000000001, -2.6299, 5.92, -0.009168
29, 9.22, -2.6249999999999996, 5.919999999999998, 9.22, -2.6257, 5.919950000000001, -0.009178
29, 9.22, -2.6199999999999997, 5.919999999999998, 9.22005, -2.62075, 5.919950000000001, -0.009194
29, 9.22, -2.6149999999999998, 5.919999999999998, 9.2202, -2.6158500000000005, 5.919950000000001, -0.009136
29, 9.22, -2.61, 5.919999999999998, 9.2202, -2.6108000000000002, 5.919950000000001, -0.009147
29, 9.22, -2.605, 5.919999999999998, 9.22005, -2.6047000000000002, 5.919950000000001, -0.009147
29, 9.22, -2.6, 5.919999999999998, 9.21975, -2.5998, 5.92, -0.009168
29, 9.22, -2.595, 5.919999999999998, 9.219800000000001, -2.59595, 5.920100000000001, -0.009131
29, 9.22, -2.5900000000000003, 5.919999999999998, 9.22005, -2.5905, 5.920100000000001, -0.009136
29, 9.22, -2.5850000000000004, 5.919999999999998, 9.22005, -2.5853500000000005, 5.920100000000001, -0.009126
29, 9.22, -2.5800000000000005, 5.919999999999998, 9.2202, -2.58015, 5.920100000000001, -0.009121
29, 9.22, -2.5750000000000006, 5.919999999999998, 9.2202, -2.5749500000000003, 5.920100000000001, -0.009183
29, 9.22, -2.5700000000000007, 5.919999999999998, 9.22005, -2.57015, 5.920100000000001, -0.009194
29, 9.22, -2.565000000000001, 5.919999999999998, 9.219850000000001, -2.5657, 5.920100000000001, -0.009204
29, 9.22, -2.560000000000001, 5.919999999999998, 9.219800000000001, -2.56, 5.92, -0.009225
29, 9.22, -2.555000000000001, 5.919999999999998, 9.219899999999999, -2.5556000000000005, 5.92, -0.00922
29, 9.22, -2.550000000000001, 5.919999999999998, 9.2201, -2.55015, 5.919950000000001, -0.00922
29, 9.22, -2.5450000000000013, 5.919999999999998, 9.22005, -2.5450500000000003, 5.919950000000001, -0.009241
29, 9.22, -2.5400000000000014, 5.919999999999998, 9.2201, -2.5401000000000002, 5.919950000000001, -0.009225
29, 9.22, -2.5350000000000015, 5.919999999999998, 9.21995, -2.5349, 5.919950000000001, -0.00923
29, 9.22, -2.5300000000000016, 5.919999999999998, 9.219800000000001, -2.5303, 5.919950000000001, -0.009241
29, 9.22, -2.5250000000000017, 5.919999999999998, 9.219850000000001, -2.5254000000000003, 5.919950000000001, -0.009267
29, 9.22, -2.5250000000000017, 5.914999999999998, 9.22, -2.5245, 5.91535, -0.009241
29, 9.22, -2.5250000000000017, 5.909999999999998, 9.22025, -2.5252000000000003, 5.9106000000000005, -0.00922
29, 9.22, -2.5250000000000017, 5.9049999999999985, 9.219899999999999, -2.52525, 5.9053, -0.009261
29, 9.22, -2.5250000000000017, 5.899999999999999, 9.219800000000001, -2.5246500000000003, 5.900200000000001, -0.009267
29, 9.22, -2.5250000000000017, 5.894999999999999, 9.22005, -2.52475, 5.896, -0.00922
29, 9.22, -2.5250000000000017, 5.889999999999999, 9.22025, -2.5251000000000006, 5.890650000000001, -0.009256
29, 9.22, -2.5250000000000017, 5.884999999999999, 9.22015, -2.5253, 5.8855, -0.009272
29, 9.22, -2.5250000000000017, 5.879999999999999, 9.21995, -2.52525, 5.88, -0.009241
29, 9.22, -2.5250000000000017, 5.874999999999999, 9.219800000000001, -2.5250500000000002, 5.8753, -0.009251
29, 9.22, -2.5250000000000017, 5.869999999999999, 9.219800000000001, -2.5248000000000004, 5.870150000000001, -0.009272
29, 9.22, -2.5250000000000017, 5.864999999999999, 9.22005, -2.5247, 5.864850000000001, -0.009282
29, 9.22, -2.5250000000000017, 5.859999999999999, 9.2202, -2.52475, 5.860200000000001, -0.009272
29, 9.22, -2.5250000000000017, 5.8549999999999995, 9.2202, -2.5250500000000002, 5.8549500000000005, -0.009267
29, 9.22, -2.5250000000000017, 5.85, 9.22, -2.52525, 5.84935, -0.009272
29, 9.22, -2.5250000000000017, 5.845, 9.22, -2.52525, 5.84485, -0.009241
29, 9.22, -2.5250000000000017, 5.84, 9.22, -2.525, 5.839700000000001, -0.009277
29, 9.22, -2.5250000000000017, 5.835, 9.22005, -2.5248000000000004, 5.834650000000001, -0.009267
29, 9.22, -2.5250000000000017, 5.83, 9.219850000000001, -2.5247, 5.82955, -0.009267
29, 9.22, -2.5250000000000017, 5.825, 9.219800000000001, -2.52475, 5.82425, -0.009256
29, 9.22, -2.5250000000000017, 5.82, 9.219850000000001, -2.5250500000000002, 5.8192, -0.009277
29, 9.22, -2.5250000000000017, 5.815, 9.22, -2.52525, 5.814850000000001, -0.009251
29, 9.22, -2.5250000000000017, 5.8100000000000005, 9.22, -2.5251000000000006, 5.8091, -0.009241
29, 9.22, -2.5250000000000017, 5.805000000000001, 9.22, -2.5249500000000005, 5.8056, -0.009235
29, 9.22, -2.5250000000000017, 5.800000000000001, 9.22, -2.52475, 5.79925, -0.009267
29, 9.22, -2.5250000000000017, 5.795000000000001, 9.22, -2.5248000000000004, 5.794200000000001, -0.009272
29, 9.22, -2.5250000000000017, 5.790000000000001, 9.22005, -2.5249500000000005, 5.7891, -0.009277
29, 9.22, -2.5250000000000017, 5.785000000000001, 9.22015, -2.52515, 5.784800000000001, -0.009298
29, 9.22, -2.5250000000000017, 5.780000000000001, 9.22015, -2.5252000000000003, 5.77905, -0.009261
29, 9.22, -2.5250000000000017, 5.775000000000001, 9.22005, -2.52525, 5.7743, -0.009235
30, 9.22, -2.5300000000000016, 5.775000000000001, 9.219850000000001, -2.53025, 5.7746, -0.009241
30, 9.22, -2.5350000000000015, 5.775000000000001, 9.219850000000001, -2.53465, 5.775200000000001, -0.009256
30, 9.22, -2.5400000000000014, 5.775000000000001, 9.22, -2.53995, 5.77535, -0.009214
30, 9.22, -2.5450000000000013, 5.775000000000001, 9.22005, -2.5450500000000003, 5.7753000000000005, -0.009235
30, 9.22, -2.550000000000001, 5.775000000000001, 9.2202, -2.5499500000000004, 5.7751, -0.009194
30, 9.22, -2.555000000000001, 5.775000000000001, 9.22015, -2.5551500000000003, 5.774850000000001, -0.009204
30, 9.22, -2.560000000000001, 5.775000000000001, 9.22, -2.55995, 5.774700000000001, -0.009188
30, 9.22, -2.565000000000001, 5.775000000000001, 9.21995, -2.5643000000000002, 5.774700000000001, -0.009214
30, 9.22, -2.5700000000000007, 5.775000000000001, 9.22, -2.5699, 5.7749500000000005, -0.009209
30, 9.22, -2.5750000000000006, 5.775000000000001, 9.22005, -2.57475, 5.775150000000001, -0.009136
30, 9.22, -2.5800000000000005, 5.775000000000001, 9.219899999999999, -2.58015, 5.77525, -0.009188
30, 9.22, -2.5850000000000004, 5.775000000000001, 9.219850000000001, -2.5846000000000005, 5.775200000000001, -0.009178
30, 9.22, -2.5900000000000003, 5.775000000000001, 9.22, -2.5904000000000003, 5.7749500000000005, -0.009173
30, 9.22, -2.595, 5.775000000000001, 9.2201, -2.59405, 5.7748, -0.009173
30, 9.22, -2.6, 5.775000000000001, 9.22005, -2.5995, 5.77475, -0.009214
30, 9.22, -2.605, 5.775000000000001, 9.2201, -2.6048, 5.7748, -0.009168
30, 9.22, -2.61, 5.775000000000001, 9.22, -2.6093500000000005, 5.775, -0.009183
30, 9.22, -2.6149999999999998, 5.775000000000001, 9.22, -2.6147000000000005, 5.775150000000001, -0.009194
30, 9.22, -2.6199999999999997, 5.775000000000001, 9.21995, -2.6196, 5.775150000000001, -0.009183
30, 9.22, -2.6249999999999996, 5.775000000000001, 9.219899999999999, -2.625, 5.775150000000001, -0.009162
30, 9.22, -2.6299999999999994, 5.775000000000001, 9.219899999999999, -2.6295, 5.77505, -0.009178
30, 9.22, -2.6349999999999993, 5.775000000000001, 9.219899999999999, -2.63425, 5.774900000000001, -0.009194
30, 9.22, -2.6399999999999992, 5.775000000000001, 9.22, -2.6394, 5.7748, -0.00922
30, 9.22, -2.644999999999999, 5.775000000000001, 9.22, -2.64465, 5.7748, -0.009246
30, 9.22, -2.649999999999999, 5.775000000000001, 9.22, -2.6491000000000002, 5.7748, -0.00923
30, 9.22, -2.654999999999999, 5.775000000000001, 9.22, -2.65455, 5.774900000000001, -0.00922
30, 9.22, -2.659999999999999, 5.775000000000001, 9.22, -2.65975, 5.77505, -0.009246
30, 9.22, -2.6649999999999987, 5.775000000000001, 9.21995, -2.6646000000000005, 5.775150000000001, -0.009209
30, 9.22, -2.6699999999999986, 5.775000000000001, 9.22005, -2.6703500000000004, 5.775150000000001, -0.00922
30, 9.22, -2.6749999999999985, 5.775000000000001, 9.22015, -2.6752000000000002, 5.775200000000001, -0.009194
30, 9.22, -2.6749999999999985, 5.780000000000001, 9.2201, -2.6753, 5.77965, -0.009235
30, 9.22, -2.6749999999999985, 5.785000000000001, 9.22, -2.6753, 5.785950000000001, -0.009225
30, 9.22, -2.6749999999999985, 5.790000000000001, 9.22, -2.6752000000000002, 5.79075, -0.009194
30, 9.22, -2.6749999999999985, 5.795000000000001, 9.22, -2.675, 5.7958, -0.009183
30, 9.22, -2.6749999999999985, 5.800000000000001, 9.22, -2.67465, 5.8009, -0.009194
30, 9.22, -2.6749999999999985, 5.805000000000001, 9.21995, -2.67475, 5.8059, -0.009168
30, 9.22, -2.6749999999999985, 5.8100000000000005, 9.219850000000001, -2.67485, 5.8105, -0.009162
30, 9.22, -2.6749999999999985, 5.815, 9.219850000000001, -2.6749500000000004, 5.81575, -0.009204
30, 9.22, -2.6749999999999985, 5.82, 9.22, -2.6751000000000005, 5.8206500000000005, -0.00922
30, 9.22, -2.6749999999999985, 5.825, 9.22015, -2.6752000000000002, 5.8255, -0.009188
30, 9.22, -2.6749999999999985, 5.83, 9.2201, -2.67515, 5.8305, -0.009209
30, 9.22, -2.6749999999999985, 5.835, 9.22, -2.67515, 5.83525, -0.009183
30, 9.22, -2.6749999999999985, 5.84, 9.22005, -2.6751000000000005, 5.840200000000001, -0.009157
30, 9.22, -2.6749999999999985, 5.845, 9.219899999999999, -2.675, 5.844950000000001, -0.009136
30, 9.22, -2.6749999999999985, 5.85, 9.219800000000001, -2.6749500000000004, 5.8501, -0.009204
30, 9.22, -2.6749999999999985, 5.8549999999999995, 9.21975, -2.67485, 5.8553500000000005, -0.009199
30, 9.22, -2.6749999999999985, 5.859999999999999, 9.219899999999999, -2.6748000000000003, 5.86005, -0.009183
30, 9.22, -2.6749999999999985, 5.864999999999999, 9.2201, -2.6748000000000003, 5.864700000000001, -0.009147
30, 9.22, -2.6749999999999985, 5.869999999999999, 9.22015, -2.67485, 5.869700000000001, -0.009147
30, 9.22, -2.6749999999999985, 5.874999999999999, 9.22015, -2.675, 5.8748000000000005, -0.009178
30, 9.22, -2.6749999999999985, 5.879999999999999, 9.22005, -2.675, 5.87975, -0.009199
30, 9.22, -2.6749999999999985, 5.884999999999999, 9.219899999999999, -2.6751000000000005, 5.884950000000001, -0.009214
30, 9.22, -2.6749999999999985, 5.889999999999999, 9.219850000000001, -2.6751000000000005, 5.8893, -0.009168
30, 9.22, -2.6749999999999985, 5.894999999999999, 9.219850000000001, -2.6751000000000005, 5.8945, -0.009162
30, 9.22, -2.6749999999999985, 5.899999999999999, 9.22, -2.6751000000000005, 5.899150000000001, -0.009199
30, 9.22, -2.6749999999999985, 5.9049999999999985, 9.22005, -2.67505, 5.90495, -0.009209
30, 9.22, -2.6749999999999985, 5.909999999999998, 9.22025, -2.67505, 5.90915, -0.009188
30, 9.22, -2.6749999999999985, 5.914999999999998, 9.219899999999999, -2.6749, 5.91485, -0.009204
30, 9.22, -2.6749999999999985, 5.919999999999998, 9.219800000000001, -2.6749, 5.91905, -0.00922
30, 9.22, -2.6749999999999985, 5.924999999999998, 9.22005, -2.67485, 5.924950000000001, -0.00923
