Voltage = 3.8, Current = 20.3, Pinhole = 10um, Objective = 20x, NA = 0.42 
0, 9.22, -2.6, 6, 9.219700000000001, -2.6002, 5.999950000000001, -0.009214
1, 9.22, -2.5900000000000003, 6, 9.21925, -2.5904000000000003, 6.0, -0.009168
1, 9.22, -2.5900000000000003, 5.99, 9.21995, -2.5905500000000004, 5.9908, -0.009136
2, 9.22, -2.6, 5.99, 9.22025, -2.60035, 5.9896, -0.00922
2, 9.22, -2.61, 5.99, 9.2194, -2.60975, 5.98965, -0.009188
2, 9.22, -2.61, 6.0, 9.2202, -2.6103, 6.0001500000000005, -0.009204
2, 9.22, -2.61, 6.01, 9.2202, -2.6105, 6.0103, -0.009209
3, 9.22, -2.6, 6.01, 9.2189, -2.5997000000000003, 6.010400000000001, -0.009235
3, 9.22, -2.5900000000000003, 6.01, 9.22015, -2.58955, 6.0097000000000005, -0.009141
3, 9.22, -2.5800000000000005, 6.01, 9.22165, -2.58035, 6.0097000000000005, -0.009188
3, 9.22, -2.5800000000000005, 6.0, 9.2192, -2.57975, 6.00025, -0.009209
3, 9.22, -2.5800000000000005, 5.99, 9.2193, -2.57975, 5.9904, -0.009168
3, 9.22, -2.5800000000000005, 5.98, 9.22, -2.5801000000000003, 5.98005, -0.009162
4, 9.22, -2.5900000000000003, 5.98, 9.219050000000001, -2.59045, 5.98, -0.009141
4, 9.22, -2.6, 5.98, 9.22035, -2.5993500000000003, 5.9799500000000005, -0.009152
4, 9.22, -2.61, 5.98, 9.22025, -2.61025, 5.979850000000001, -0.009168
4, 9.22, -2.6199999999999997, 5.98, 9.22, -2.6204500000000004, 5.979850000000001, -0.009209
4, 9.22, -2.6199999999999997, 5.99, 9.2201, -2.62025, 5.9892, -0.009214
4, 9.22, -2.6199999999999997, 6.0, 9.21975, -2.6199, 5.999950000000001, -0.009204
4, 9.22, -2.6199999999999997, 6.01, 9.21945, -2.6196, 6.01055, -0.009188
4, 9.22, -2.6199999999999997, 6.02, 9.22015, -2.6198500000000005, 6.019900000000001, -0.009209
5, 9.22, -2.61, 6.02, 9.22115, -2.6098500000000002, 6.02, -0.009183
5, 9.22, -2.6, 6.02, 9.21995, -2.60015, 6.02, -0.009183
5, 9.22, -2.5900000000000003, 6.02, 9.219850000000001, -2.58985, 6.02, -0.009173
5, 9.22, -2.5800000000000005, 6.02, 9.21975, -2.5802000000000005, 6.02, -0.009168
5, 9.22, -2.5700000000000007, 6.02, 9.22035, -2.57005, 6.02, -0.009157
5, 9.22, -2.5700000000000007, 6.01, 9.21975, -2.57005, 6.01075, -0.009157
5, 9.22, -2.5700000000000007, 6.0, 9.219899999999999, -2.57005, 5.9996, -0.009168
5, 9.22, -2.5700000000000007, 5.99, 9.2201, -2.57005, 5.990200000000001, -0.009183
5, 9.22, -2.5700000000000007, 5.98, 9.22005, -2.57, 5.9801, -0.009204
5, 9.22, -2.5700000000000007, 5.970000000000001, 9.22005, -2.57, 5.96975, -0.009168
6, 9.22, -2.5800000000000005, 5.970000000000001, 9.22065, -2.5798, 5.96975, -0.009178
6, 9.22, -2.5900000000000003, 5.970000000000001, 9.2187, -2.5904000000000003, 5.96985, -0.009178
6, 9.22, -2.6, 5.970000000000001, 9.21885, -2.59965, 5.9700500000000005, -0.009199
6, 9.22, -2.61, 5.970000000000001, 9.22025, -2.6103, 5.97015, -0.009209
6, 9.22, -2.6199999999999997, 5.970000000000001, 9.22, -2.61905, 5.97015, -0.009173
6, 9.22, -2.6299999999999994, 5.970000000000001, 9.221350000000001, -2.6293500000000005, 5.970200000000001, -0.009204
6, 9.22, -2.6299999999999994, 5.98, 9.2194, -2.63025, 5.979550000000001, -0.009173
6, 9.22, -2.6299999999999994, 5.99, 9.21975, -2.6299, 5.98995, -0.009214
6, 9.22, -2.6299999999999994, 6.0, 9.2201, -2.6296500000000003, 6.000100000000001, -0.00923
6, 9.22, -2.6299999999999994, 6.01, 9.2204, -2.6298000000000004, 6.0105, -0.009235
6, 9.22, -2.6299999999999994, 6.02, 9.2202, -2.63, 6.02005, -0.009235
6, 9.22, -2.6299999999999994, 6.029999999999999, 9.219850000000001, -2.6301000000000005, 6.0308, -0.009188
7, 9.22, -2.6199999999999997, 6.029999999999999, 9.2204, -2.6202, 6.03055, -0.009183
7, 9.22, -2.61, 6.029999999999999, 9.219850000000001, -2.6105, 6.0298, -0.00923
7, 9.22, -2.6, 6.029999999999999, 9.22035, -2.60015, 6.029700000000001, -0.009204
7, 9.22, -2.5900000000000003, 6.029999999999999, 9.2208, -2.58985, 6.029700000000001, -0.009214
7, 9.22, -2.5800000000000005, 6.029999999999999, 9.219550000000002, -2.57995, 6.0299000000000005, -0.009204
7, 9.22, -2.5700000000000007, 6.029999999999999, 9.22145, -2.5703500000000004, 6.030150000000001, -0.009183
7, 9.22, -2.560000000000001, 6.029999999999999, 9.22025, -2.5603000000000002, 6.030200000000001, -0.009235
7, 9.22, -2.560000000000001, 6.02, 9.219899999999999, -2.56015, 6.01985, -0.009235
7, 9.22, -2.560000000000001, 6.01, 9.219700000000001, -2.56015, 6.01, -0.00922
7, 9.22, -2.560000000000001, 6.0, 9.219899999999999, -2.56015, 5.99945, -0.009209
7, 9.22, -2.560000000000001, 5.99, 9.2201, -2.56015, 5.990200000000001, -0.009225
7, 9.22, -2.560000000000001, 5.98, 9.220300000000002, -2.5601000000000003, 5.98005, -0.00922
7, 9.22, -2.560000000000001, 5.970000000000001, 9.22025, -2.5595, 5.969900000000001, -0.009188
7, 9.22, -2.560000000000001, 5.960000000000001, 9.21995, -2.5598500000000004, 5.960700000000001, -0.009204
8, 9.22, -2.5700000000000007, 5.960000000000001, 9.2187, -2.5693, 5.959950000000001, -0.009204
8, 9.22, -2.5800000000000005, 5.960000000000001, 9.22035, -2.5806000000000004, 5.9598, -0.009194
8, 9.22, -2.5900000000000003, 5.960000000000001, 9.22095, -2.5897, 5.9598, -0.009152
8, 9.22, -2.6, 5.960000000000001, 9.2215, -2.60015, 5.960100000000001, -0.009152
8, 9.22, -2.61, 5.960000000000001, 9.219850000000001, -2.61045, 5.9603, -0.009214
8, 9.22, -2.6199999999999997, 5.960000000000001, 9.2185, -2.6191000000000004, 5.96035, -0.009199
8, 9.22, -2.6299999999999994, 5.960000000000001, 9.219899999999999, -2.6293, 5.9602, -0.00923
8, 9.22, -2.6399999999999992, 5.960000000000001, 9.22015, -2.63945, 5.9599, -0.009241
8, 9.22, -2.6399999999999992, 5.970000000000001, 9.220450000000001, -2.64015, 5.969450000000001, -0.00922
8, 9.22, -2.6399999999999992, 5.98, 9.21995, -2.6402, 5.9795, -0.009241
8, 9.22, -2.6399999999999992, 5.99, 9.219700000000001, -2.64015, 5.9895, -0.009194
8, 9.22, -2.6399999999999992, 6.0, 9.21965, -2.6399500000000002, 5.99985, -0.00923
8, 9.22, -2.6399999999999992, 6.01, 9.2202, -2.6397000000000004, 6.0106, -0.009199
8, 9.22, -2.6399999999999992, 6.02, 9.220450000000001, -2.63975, 6.019900000000001, -0.009225
8, 9.22, -2.6399999999999992, 6.029999999999999, 9.219899999999999, -2.64, 6.030900000000001, -0.009225
8, 9.22, -2.6399999999999992, 6.039999999999999, 9.21975, -2.64005, 6.0402000000000005, -0.00923
9, 9.22, -2.6299999999999994, 6.039999999999999, 9.22075, -2.63015, 6.0402000000000005, -0.00922
9, 9.22, -2.6199999999999997, 6.039999999999999, 9.220450000000001, -2.62095, 6.04025, -0.00922
9, 9.22, -2.61, 6.039999999999999, 9.21975, -2.6103500000000004, 6.040150000000001, -0.009209
9, 9.22, -2.6, 6.039999999999999, 9.21875, -2.60005, 6.04005, -0.009183
9, 9.22, -2.5900000000000003, 6.039999999999999, 9.22235, -2.5903500000000004, 6.0399, -0.009162
9, 9.22, -2.5800000000000005, 6.039999999999999, 9.219899999999999, -2.5798, 6.039700000000001, -0.009183
9, 9.22, -2.5700000000000007, 6.039999999999999, 9.2209, -2.5708, 6.04, -0.009168
9, 9.22, -2.560000000000001, 6.039999999999999, 9.22035, -2.56065, 6.040100000000001, -0.009204
9, 9.22, -2.550000000000001, 6.039999999999999, 9.2216, -2.55015, 6.040150000000001, -0.00923
9, 9.22, -2.550000000000001, 6.029999999999999, 9.218800000000002, -2.55005, 6.0299000000000005, -0.009235
9, 9.22, -2.550000000000001, 6.02, 9.219550000000002, -2.55005, 6.019900000000001, -0.00922
9, 9.22, -2.550000000000001, 6.01, 9.220450000000001, -2.55, 6.00925, -0.009188
9, 9.22, -2.550000000000001, 6.0, 9.22035, -2.5499500000000004, 6.000100000000001, -0.009204
9, 9.22, -2.550000000000001, 5.99, 9.21975, -2.5499500000000004, 5.990200000000001, -0.009199
9, 9.22, -2.550000000000001, 5.98, 9.219700000000001, -2.5499500000000004, 5.9801, -0.009188
9, 9.22, -2.550000000000001, 5.970000000000001, 9.22005, -2.5499500000000004, 5.969900000000001, -0.009204
9, 9.22, -2.550000000000001, 5.960000000000001, 9.22015, -2.55005, 5.960850000000001, -0.009188
9, 9.22, -2.550000000000001, 5.950000000000001, 9.2202, -2.5501000000000005, 5.9505, -0.009194
10, 9.22, -2.560000000000001, 5.950000000000001, 9.2195, -2.5598500000000004, 5.94975, -0.009204
10, 9.22, -2.5700000000000007, 5.950000000000001, 9.219100000000001, -2.5697, 5.949700000000001, -0.009209
10, 9.22, -2.5800000000000005, 5.950000000000001, 9.219800000000001, -2.58075, 5.94975, -0.009147
10, 9.22, -2.5900000000000003, 5.950000000000001, 9.22035, -2.5897, 5.95005, -0.009147
10, 9.22, -2.6, 5.950000000000001, 9.21935, -2.6, 5.95025, -0.009147
10, 9.22, -2.61, 5.950000000000001, 9.22, -2.6094, 5.95025, -0.009152
10, 9.22, -2.6199999999999997, 5.950000000000001, 9.22065, -2.6191500000000003, 5.950150000000001, -0.009188
10, 9.22, -2.6299999999999994, 5.950000000000001, 9.2192, -2.62915, 5.9499, -0.009173
10, 9.22, -2.6399999999999992, 5.950000000000001, 9.22015, -2.63945, 5.9498, -0.009204
10, 9.22, -2.649999999999999, 5.950000000000001, 9.22085, -2.6500500000000002, 5.9498, -0.009225
10, 9.22, -2.649999999999999, 5.960000000000001, 9.2204, -2.6499500000000005, 5.95985, -0.009241
10, 9.22, -2.649999999999999, 5.970000000000001, 9.220300000000002, -2.6498000000000004, 5.96985, -0.009188
10, 9.22, -2.649999999999999, 5.98, 9.219850000000001, -2.64975, 5.97935, -0.009204
10, 9.22, -2.649999999999999, 5.99, 9.219700000000001, -2.6503500000000004, 5.9895, -0.00923
10, 9.22, -2.649999999999999, 6.0, 9.219850000000001, -2.6504000000000003, 5.99985, -0.00923
10, 9.22, -2.649999999999999, 6.01, 9.2201, -2.64975, 6.0105, -0.009235
10, 9.22, -2.649999999999999, 6.02, 9.2201, -2.6496500000000003, 6.02005, -0.009241
10, 9.22, -2.649999999999999, 6.029999999999999, 9.22015, -2.6498500000000003, 6.030600000000001, -0.009235
10, 9.22, -2.649999999999999, 6.039999999999999, 9.22, -2.6501000000000006, 6.040100000000001, -0.009241
10, 9.22, -2.649999999999999, 6.049999999999999, 9.21995, -2.65025, 6.0504500000000005, -0.009235
11, 9.22, -2.6399999999999992, 6.049999999999999, 9.2201, -2.64035, 6.0505, -0.009199
11, 9.22, -2.6299999999999994, 6.049999999999999, 9.220550000000001, -2.6308000000000002, 6.0501000000000005, -0.009194
11, 9.22, -2.6199999999999997, 6.049999999999999, 9.22015, -2.62075, 6.050050000000001, -0.009188
11, 9.22, -2.61, 6.049999999999999, 9.22025, -2.61065, 6.05, -0.009209
11, 9.22, -2.6, 6.049999999999999, 9.2208, -2.60065, 6.05, -0.009183
11, 9.22, -2.5900000000000003, 6.049999999999999, 9.221950000000001, -2.59065, 6.049900000000001, -0.009178
11, 9.22, -2.5800000000000005, 6.049999999999999, 9.221800000000002, -2.58015, 6.049900000000001, -0.009199
11, 9.22, -2.5700000000000007, 6.049999999999999, 9.2214, -2.5702000000000003, 6.049950000000001, -0.009178
11, 9.22, -2.560000000000001, 6.049999999999999, 9.2193, -2.5609, 6.049950000000001, -0.009199
11, 9.22, -2.550000000000001, 6.049999999999999, 9.2193, -2.5501000000000005, 6.049900000000001, -0.009204
11, 9.22, -2.5400000000000014, 6.049999999999999, 9.2217, -2.5398, 6.05, -0.009209
11, 9.22, -2.5400000000000014, 6.039999999999999, 9.2195, -2.5397000000000003, 6.0406, -0.009188
11, 9.22, -2.5400000000000014, 6.029999999999999, 9.21965, -2.5398500000000004, 6.02975, -0.009241
11, 9.22, -2.5400000000000014, 6.02, 9.21965, -2.53995, 6.01935, -0.009183
11, 9.22, -2.5400000000000014, 6.01, 9.219899999999999, -2.54, 6.0098, -0.009225
11, 9.22, -2.5400000000000014, 6.0, 9.2202, -2.5400500000000004, 5.999700000000001, -0.009204
11, 9.22, -2.5400000000000014, 5.99, 9.22, -2.5400500000000004, 5.99025, -0.009199
11, 9.22, -2.5400000000000014, 5.98, 9.2201, -2.5401000000000002, 5.98005, -0.009178
11, 9.22, -2.5400000000000014, 5.970000000000001, 9.219899999999999, -2.5400500000000004, 5.969900000000001, -0.009235
11, 9.22, -2.5400000000000014, 5.960000000000001, 9.219800000000001, -2.5400500000000004, 5.960850000000001, -0.009241
11, 9.22, -2.5400000000000014, 5.950000000000001, 9.219850000000001, -2.5401000000000002, 5.95055, -0.00923
11, 9.22, -2.5400000000000014, 5.940000000000001, 9.22, -2.5400500000000004, 5.940450000000001, -0.009241
12, 9.22, -2.550000000000001, 5.940000000000001, 9.219899999999999, -2.5496000000000003, 5.939850000000001, -0.009199
12, 9.22, -2.560000000000001, 5.940000000000001, 9.2192, -2.5601000000000003, 5.93975, -0.009199
12, 9.22, -2.5700000000000007, 5.940000000000001, 9.220300000000002, -2.5696000000000003, 5.9398, -0.009194
12, 9.22, -2.5800000000000005, 5.940000000000001, 9.22, -2.5804500000000004, 5.939900000000001, -0.009209
12, 9.22, -2.5900000000000003, 5.940000000000001, 9.22115, -2.5899500000000004, 5.94005, -0.009136
12, 9.22, -2.6, 5.940000000000001, 9.219100000000001, -2.5991500000000003, 5.940150000000001, -0.009131
12, 9.22, -2.61, 5.940000000000001, 9.21845, -2.6099500000000004, 5.940150000000001, -0.009147
12, 9.22, -2.6199999999999997, 5.940000000000001, 9.2205, -2.6193, 5.94005, -0.009147
12, 9.22, -2.6299999999999994, 5.940000000000001, 9.220450000000001, -2.63045, 5.939900000000001, -0.009204
12, 9.22, -2.6399999999999992, 5.940000000000001, 9.21995, -2.6391000000000004, 5.939900000000001, -0.009225
12, 9.22, -2.649999999999999, 5.940000000000001, 9.219850000000001, -2.6486000000000005, 5.939900000000001, -0.009214
12, 9.22, -2.659999999999999, 5.940000000000001, 9.21925, -2.65925, 5.939900000000001, -0.009183
12, 9.22, -2.659999999999999, 5.950000000000001, 9.218950000000001, -2.6593, 5.9499, -0.009204
12, 9.22, -2.659999999999999, 5.960000000000001, 9.22095, -2.6604, 5.9594000000000005, -0.009199
12, 9.22, -2.659999999999999, 5.970000000000001, 9.22, -2.6603000000000003, 5.969650000000001, -0.009209
12, 9.22, -2.659999999999999, 5.98, 9.219800000000001, -2.6599500000000003, 5.9795, -0.009209
12, 9.22, -2.659999999999999, 5.99, 9.219700000000001, -2.6596, 5.9895, -0.009241
12, 9.22, -2.659999999999999, 6.0, 9.219800000000001, -2.6598, 5.99985, -0.009241
12, 9.22, -2.659999999999999, 6.01, 9.2202, -2.66, 6.0105, -0.009209
12, 9.22, -2.659999999999999, 6.02, 9.22025, -2.66005, 6.019900000000001, -0.009235
12, 9.22, -2.659999999999999, 6.029999999999999, 9.219800000000001, -2.6601000000000004, 6.030450000000001, -0.009199
12, 9.22, -2.659999999999999, 6.039999999999999, 9.219700000000001, -2.66005, 6.040400000000001, -0.009225
12, 9.22, -2.659999999999999, 6.049999999999999, 9.21975, -2.6601000000000004, 6.05025, -0.009204
12, 9.22, -2.659999999999999, 6.059999999999999, 9.2201, -2.66005, 6.0604000000000005, -0.009204
13, 9.22, -2.649999999999999, 6.059999999999999, 9.2211, -2.65, 6.06055, -0.009173
13, 9.22, -2.6399999999999992, 6.059999999999999, 9.22, -2.64055, 6.06, -0.009183
13, 9.22, -2.6299999999999994, 6.059999999999999, 9.220550000000001, -2.6309, 6.059950000000001, -0.009194
13, 9.22, -2.6199999999999997, 6.059999999999999, 9.220450000000001, -2.62035, 6.05985, -0.009214
13, 9.22, -2.61, 6.059999999999999, 9.2205, -2.61065, 6.059900000000001, -0.009214
13, 9.22, -2.6, 6.059999999999999, 9.22015, -2.60065, 6.059950000000001, -0.009209
13, 9.22, -2.5900000000000003, 6.059999999999999, 9.2189, -2.59065, 6.06, -0.009173
13, 9.22, -2.5800000000000005, 6.059999999999999, 9.220600000000001, -2.5802000000000005, 6.06005, -0.009188
13, 9.22, -2.5700000000000007, 6.059999999999999, 9.219550000000002, -2.5699500000000004, 6.0601, -0.009225
13, 9.22, -2.560000000000001, 6.059999999999999, 9.2211, -2.5612000000000004, 6.06005, -0.009251
13, 9.22, -2.550000000000001, 6.059999999999999, 9.2202, -2.55045, 6.0601, -0.009251
13, 9.22, -2.5400000000000014, 6.059999999999999, 9.21865, -2.53965, 6.0601, -0.009209
13, 9.22, -2.5300000000000016, 6.059999999999999, 9.22125, -2.5305, 6.06005, -0.009225
13, 9.22, -2.5300000000000016, 6.049999999999999, 9.22025, -2.5299, 6.0501000000000005, -0.009225
13, 9.22, -2.5300000000000016, 6.039999999999999, 9.2195, -2.5298000000000003, 6.0393, -0.009209
13, 9.22, -2.5300000000000016, 6.029999999999999, 9.21975, -2.52985, 6.0301, -0.009246
13, 9.22, -2.5300000000000016, 6.02, 9.22015, -2.53, 6.019100000000001, -0.00922
13, 9.22, -2.5300000000000016, 6.01, 9.22025, -2.53005, 6.0097000000000005, -0.00922
13, 9.22, -2.5300000000000016, 6.0, 9.22, -2.5301000000000005, 5.99985, -0.00922
13, 9.22, -2.5300000000000016, 5.99, 9.22005, -2.53015, 5.98965, -0.009225
13, 9.22, -2.5300000000000016, 5.98, 9.219800000000001, -2.5301000000000005, 5.980300000000001, -0.009225
13, 9.22, -2.5300000000000016, 5.970000000000001, 9.219800000000001, -2.53005, 5.970200000000001, -0.009241
13, 9.22, -2.5300000000000016, 5.960000000000001, 9.219800000000001, -2.53, 5.961, -0.009225
13, 9.22, -2.5300000000000016, 5.950000000000001, 9.22005, -2.5299500000000004, 5.95, -0.009251
13, 9.22, -2.5300000000000016, 5.940000000000001, 9.2201, -2.52985, 5.9407000000000005, -0.009225
13, 9.22, -2.5300000000000016, 5.9300000000000015, 9.2201, -2.5299, 5.93055, -0.009225
14, 9.22, -2.5400000000000014, 5.9300000000000015, 9.21925, -2.53905, 5.93025, -0.009209
14, 9.22, -2.550000000000001, 5.9300000000000015, 9.22025, -2.55005, 5.9298, -0.009173
14, 9.22, -2.560000000000001, 5.9300000000000015, 9.2192, -2.55965, 5.9298, -0.009162
14, 9.22, -2.5700000000000007, 5.9300000000000015, 9.2192, -2.5692000000000004, 5.92985, -0.009183
14, 9.22, -2.5800000000000005, 5.9300000000000015, 9.2214, -2.5803000000000003, 5.9300500000000005, -0.009136
14, 9.22, -2.5900000000000003, 5.9300000000000015, 9.221050000000002, -2.5901000000000005, 5.93015, -0.009141
14, 9.22, -2.6, 5.9300000000000015, 9.2214, -2.6004, 5.9300500000000005, -0.009152
14, 9.22, -2.61, 5.9300000000000015, 9.21825, -2.60925, 5.929950000000001, -0.009131
14, 9.22, -2.6199999999999997, 5.9300000000000015, 9.2201, -2.6191500000000003, 5.92985, -0.009141
14, 9.22, -2.6299999999999994, 5.9300000000000015, 9.22025, -2.6290500000000003, 5.929900000000001, -0.009178
14, 9.22, -2.6399999999999992, 5.9300000000000015, 9.219850000000001, -2.6393, 5.929900000000001, -0.009178
14, 9.22, -2.649999999999999, 5.9300000000000015, 9.2195, -2.6488500000000004, 5.929900000000001, -0.009194
14, 9.22, -2.659999999999999, 5.9300000000000015, 9.21945, -2.6595500000000003, 5.929900000000001, -0.009162
14, 9.22, -2.6699999999999986, 5.9300000000000015, 9.219850000000001, -2.6695, 5.929950000000001, -0.009194
14, 9.22, -2.6699999999999986, 5.940000000000001, 9.2208, -2.6697, 5.9401, -0.009178
14, 9.22, -2.6699999999999986, 5.950000000000001, 9.220550000000001, -2.6696000000000004, 5.94965, -0.009199
14, 9.22, -2.6699999999999986, 5.960000000000001, 9.219700000000001, -2.6699, 5.9594000000000005, -0.009204
14, 9.22, -2.6699999999999986, 5.970000000000001, 9.2196, -2.67045, 5.969650000000001, -0.009241
14, 9.22, -2.6699999999999986, 5.98, 9.219800000000001, -2.6702000000000004, 5.979550000000001, -0.009209
14, 9.22, -2.6699999999999986, 5.99, 9.219899999999999, -2.6698000000000004, 5.9895, -0.009209
14, 9.22, -2.6699999999999986, 6.0, 9.22015, -2.66955, 5.99975, -0.009204
14, 9.22, -2.6699999999999986, 6.01, 9.220300000000002, -2.6700500000000003, 6.010050000000001, -0.009214
14, 9.22, -2.6699999999999986, 6.02, 9.22005, -2.6702000000000004, 6.02005, -0.009214
14, 9.22, -2.6699999999999986, 6.029999999999999, 9.22005, -2.6702000000000004, 6.03035, -0.009246
14, 9.22, -2.6699999999999986, 6.039999999999999, 9.22, -2.67, 6.0403, -0.009214
14, 9.22, -2.6699999999999986, 6.049999999999999, 9.21975, -2.6696500000000003, 6.0503, -0.009225
14, 9.22, -2.6699999999999986, 6.059999999999999, 9.22, -2.6696000000000004, 6.0608, -0.009225
14, 9.22, -2.6699999999999986, 6.0699999999999985, 9.22005, -2.6701000000000006, 6.0706500000000005, -0.009246
15, 9.22, -2.659999999999999, 6.0699999999999985, 9.2211, -2.6597000000000004, 6.0706500000000005, -0.009241
15, 9.22, -2.649999999999999, 6.0699999999999985, 9.218800000000002, -2.65, 6.0699000000000005, -0.00922
15, 9.22, -2.6399999999999992, 6.0699999999999985, 9.2216, -2.64115, 6.0698, -0.009209
15, 9.22, -2.6299999999999994, 6.0699999999999985, 9.22, -2.6303500000000004, 6.0698, -0.009194
15, 9.22, -2.6199999999999997, 6.0699999999999985, 9.22015, -2.6211, 6.0699000000000005, -0.009225
15, 9.22, -2.61, 6.0699999999999985, 9.219550000000002, -2.61065, 6.07, -0.009178
15, 9.22, -2.6, 6.0699999999999985, 9.22115, -2.6008500000000003, 6.0701, -0.009173
15, 9.22, -2.5900000000000003, 6.0699999999999985, 9.220450000000001, -2.5908, 6.0701, -0.009194
15, 9.22, -2.5800000000000005, 6.0699999999999985, 9.22, -2.58025, 6.0701, -0.009209
15, 9.22, -2.5700000000000007, 6.0699999999999985, 9.219800000000001, -2.5699, 6.0701, -0.00923
15, 9.22, -2.560000000000001, 6.0699999999999985, 9.21995, -2.55995, 6.07005, -0.009246
15, 9.22, -2.550000000000001, 6.0699999999999985, 9.2211, -2.55065, 6.07, -0.009241
15, 9.22, -2.5400000000000014, 6.0699999999999985, 9.22085, -2.54015, 6.06995, -0.009251
15, 9.22, -2.5300000000000016, 6.0699999999999985, 9.2216, -2.53025, 6.06995, -0.00923
15, 9.22, -2.520000000000002, 6.0699999999999985, 9.2202, -2.5207, 6.06995, -0.009251
15, 9.22, -2.520000000000002, 6.059999999999999, 9.219050000000001, -2.5196000000000005, 6.0603, -0.009251
15, 9.22, -2.520000000000002, 6.049999999999999, 9.2196, -2.5196000000000005, 6.0495, -0.009256
15, 9.22, -2.520000000000002, 6.039999999999999, 9.2201, -2.52, 6.03975, -0.009241
15, 9.22, -2.520000000000002, 6.029999999999999, 9.2204, -2.52025, 6.0301, -0.009235
15, 9.22, -2.520000000000002, 6.02, 9.219700000000001, -2.52015, 6.019, -0.009251
15, 9.22, -2.520000000000002, 6.01, 9.219700000000001, -2.5199000000000003, 6.009650000000001, -0.00923
15, 9.22, -2.520000000000002, 6.0, 9.22005, -2.5197000000000003, 5.99985, -0.009261
15, 9.22, -2.520000000000002, 5.99, 9.22, -2.51975, 5.9895, -0.009214
15, 9.22, -2.520000000000002, 5.98, 9.22005, -2.52015, 5.9803500000000005, -0.009261
15, 9.22, -2.520000000000002, 5.970000000000001, 9.22035, -2.5204, 5.9700500000000005, -0.009251
15, 9.22, -2.520000000000002, 5.960000000000001, 9.21995, -2.5201000000000002, 5.96095, -0.009251
15, 9.22, -2.520000000000002, 5.950000000000001, 9.219850000000001, -2.5198500000000004, 5.95005, -0.009214
15, 9.22, -2.520000000000002, 5.940000000000001, 9.219850000000001, -2.51975, 5.94075, -0.009251
15, 9.22, -2.520000000000002, 5.9300000000000015, 9.22005, -2.5198500000000004, 5.930650000000001, -0.009272
15, 9.22, -2.520000000000002, 5.920000000000002, 9.22015, -2.5204, 5.919950000000001, -0.009267
16, 9.22, -2.5300000000000016, 5.920000000000002, 9.21925, -2.5299, 5.92, -0.009256
16, 9.22, -2.5400000000000014, 5.920000000000002, 9.2193, -2.5389500000000003, 5.92, -0.009214
16, 9.22, -2.550000000000001, 5.920000000000002, 9.21885, -2.5499500000000004, 5.919950000000001, -0.009173
16, 9.22, -2.560000000000001, 5.920000000000002, 9.22155, -2.56015, 5.919950000000001, -0.009209
16, 9.22, -2.5700000000000007, 5.920000000000002, 9.22065, -2.5699, 5.92, -0.009194
16, 9.22, -2.5800000000000005, 5.920000000000002, 9.21935, -2.5799000000000003, 5.920100000000001, -0.009178
16, 9.22, -2.5900000000000003, 5.920000000000002, 9.22075, -2.58985, 5.920100000000001, -0.009147
16, 9.22, -2.6, 5.920000000000002, 9.2196, -2.6004500000000004, 5.920100000000001, -0.009183
16, 9.22, -2.61, 5.920000000000002, 9.21945, -2.6093, 5.920100000000001, -0.009183
16, 9.22, -2.6199999999999997, 5.920000000000002, 9.2193, -2.6193, 5.920100000000001, -0.009183
16, 9.22, -2.6299999999999994, 5.920000000000002, 9.22035, -2.6293, 5.920100000000001, -0.00922
16, 9.22, -2.6399999999999992, 5.920000000000002, 9.2205, -2.6392, 5.92005, -0.009225
16, 9.22, -2.649999999999999, 5.920000000000002, 9.2193, -2.6491000000000002, 5.92, -0.009214
16, 9.22, -2.659999999999999, 5.920000000000002, 9.2208, -2.6595, 5.919950000000001, -0.009183
16, 9.22, -2.6699999999999986, 5.920000000000002, 9.21995, -2.6695, 5.92, -0.009194
16, 9.22, -2.6799999999999984, 5.920000000000002, 9.218950000000001, -2.6796, 5.92005, -0.009209
16, 9.22, -2.6799999999999984, 5.9300000000000015, 9.21965, -2.6799, 5.92975, -0.009246
16, 9.22, -2.6799999999999984, 5.940000000000001, 9.2196, -2.6799500000000003, 5.939900000000001, -0.009241
16, 9.22, -2.6799999999999984, 5.950000000000001, 9.21965, -2.6799, 5.94975, -0.009246
16, 9.22, -2.6799999999999984, 5.960000000000001, 9.219899999999999, -2.6799500000000003, 5.9595, -0.009235
16, 9.22, -2.6799999999999984, 5.970000000000001, 9.220300000000002, -2.68005, 5.96975, -0.009261
16, 9.22, -2.6799999999999984, 5.98, 9.21995, -2.6804500000000004, 5.979550000000001, -0.009267
16, 9.22, -2.6799999999999984, 5.99, 9.219800000000001, -2.68, 5.98935, -0.009277
16, 9.22, -2.6799999999999984, 6.0, 9.219700000000001, -2.6799500000000003, 5.999650000000001, -0.009241
16, 9.22, -2.6799999999999984, 6.01, 9.21995, -2.6799500000000003, 6.009900000000001, -0.009272
16, 9.22, -2.6799999999999984, 6.02, 9.22015, -2.6799500000000003, 6.019900000000001, -0.009272
16, 9.22, -2.6799999999999984, 6.029999999999999, 9.2202, -2.68005, 6.03055, -0.009261
16, 9.22, -2.6799999999999984, 6.039999999999999, 9.2202, -2.68, 6.04, -0.009241
16, 9.22, -2.6799999999999984, 6.049999999999999, 9.21995, -2.6799500000000003, 6.0505, -0.009251
16, 9.22, -2.6799999999999984, 6.059999999999999, 9.219899999999999, -2.6799500000000003, 6.06075, -0.00922
16, 9.22, -2.6799999999999984, 6.0699999999999985, 9.219899999999999, -2.6799500000000003, 6.0704, -0.009246
16, 9.22, -2.6799999999999984, 6.079999999999998, 9.21995, -2.6802, 6.080900000000001, -0.009267
17, 9.22, -2.6699999999999986, 6.079999999999998, 9.219050000000001, -2.6701000000000006, 6.08065, -0.009188
17, 9.22, -2.659999999999999, 6.079999999999998, 9.219, -2.6594, 6.079650000000001, -0.009225
17, 9.22, -2.649999999999999, 6.079999999999998, 9.219850000000001, -2.65055, 6.0796, -0.009235
17, 9.22, -2.6399999999999992, 6.079999999999998, 9.221, -2.64065, 6.07985, -0.009256
17, 9.22, -2.6299999999999994, 6.079999999999998, 9.22005, -2.6308000000000002, 6.0803, -0.009251
17, 9.22, -2.6199999999999997, 6.079999999999998, 9.22015, -2.6198500000000005, 6.07975, -0.009214
17, 9.22, -2.61, 6.079999999999998, 9.2209, -2.6104000000000003, 6.0799, -0.009241
17, 9.22, -2.6, 6.079999999999998, 9.219050000000001, -2.60065, 6.080100000000001, -0.009214
17, 9.22, -2.5900000000000003, 6.079999999999998, 9.22115, -2.5908500000000005, 6.08025, -0.009178
17, 9.22, -2.5800000000000005, 6.079999999999998, 9.221300000000001, -2.5804, 6.08025, -0.009178
17, 9.22, -2.5700000000000007, 6.079999999999998, 9.21975, -2.5699500000000004, 6.0799, -0.00923
17, 9.22, -2.560000000000001, 6.079999999999998, 9.22085, -2.5598, 6.07985, -0.009173
17, 9.22, -2.550000000000001, 6.079999999999998, 9.220300000000002, -2.5505, 6.07985, -0.009183
17, 9.22, -2.5400000000000014, 6.079999999999998, 9.219800000000001, -2.53975, 6.0799, -0.009194
17, 9.22, -2.5300000000000016, 6.079999999999998, 9.219899999999999, -2.53015, 6.08005, -0.009256
17, 9.22, -2.520000000000002, 6.079999999999998, 9.221200000000001, -2.51995, 6.080150000000001, -0.00922
17, 9.22, -2.510000000000002, 6.079999999999998, 9.22155, -2.5103500000000003, 6.080150000000001, -0.009246
17, 9.22, -2.510000000000002, 6.0699999999999985, 9.2202, -2.5097000000000005, 6.069850000000001, -0.009282
17, 9.22, -2.510000000000002, 6.059999999999999, 9.220300000000002, -2.5099500000000003, 6.0605, -0.009235
17, 9.22, -2.510000000000002, 6.049999999999999, 9.22005, -2.5101000000000004, 6.0495, -0.009261
17, 9.22, -2.510000000000002, 6.039999999999999, 9.219850000000001, -2.51015, 6.039200000000001, -0.009272
17, 9.22, -2.510000000000002, 6.029999999999999, 9.219700000000001, -2.51015, 6.02975, -0.009277
17, 9.22, -2.510000000000002, 6.02, 9.219850000000001, -2.51005, 6.0192000000000005, -0.009267
17, 9.22, -2.510000000000002, 6.01, 9.2201, -2.5099, 6.009650000000001, -0.009235
17, 9.22, -2.510000000000002, 6.0, 9.22015, -2.50975, 5.99985, -0.009261
17, 9.22, -2.510000000000002, 5.99, 9.22, -2.5098000000000003, 5.98935, -0.009256
17, 9.22, -2.510000000000002, 5.98, 9.21995, -2.5099500000000003, 5.980600000000001, -0.009277
17, 9.22, -2.510000000000002, 5.970000000000001, 9.219800000000001, -2.51, 5.969950000000001, -0.009241
17, 9.22, -2.510000000000002, 5.960000000000001, 9.219850000000001, -2.5101000000000004, 5.961, -0.009246
17, 9.22, -2.510000000000002, 5.950000000000001, 9.2201, -2.5101000000000004, 5.95005, -0.009246
17, 9.22, -2.510000000000002, 5.940000000000001, 9.22025, -2.5101000000000004, 5.94075, -0.009251
17, 9.22, -2.510000000000002, 5.9300000000000015, 9.2202, -2.51, 5.930650000000001, -0.009241
17, 9.22, -2.510000000000002, 5.920000000000002, 9.219850000000001, -2.5098500000000006, 5.92, -0.009261
17, 9.22, -2.510000000000002, 5.910000000000002, 9.219899999999999, -2.5098500000000006, 5.910900000000001, -0.009261
18, 9.22, -2.520000000000002, 5.910000000000002, 9.21935, -2.5195, 5.9106000000000005, -0.009225
18, 9.22, -2.5300000000000016, 5.910000000000002, 9.2194, -2.53015, 5.9105, -0.009241
18, 9.22, -2.5400000000000014, 5.910000000000002, 9.22095, -2.5401000000000002, 5.90975, -0.009188
18, 9.22, -2.550000000000001, 5.910000000000002, 9.219100000000001, -2.5499500000000004, 5.909650000000001, -0.009168
18, 9.22, -2.560000000000001, 5.910000000000002, 9.2205, -2.56025, 5.9098500000000005, -0.009173
18, 9.22, -2.5700000000000007, 5.910000000000002, 9.21935, -2.5693, 5.91005, -0.009157
18, 9.22, -2.5800000000000005, 5.910000000000002, 9.21925, -2.58025, 5.91025, -0.009157
18, 9.22, -2.5900000000000003, 5.910000000000002, 9.2208, -2.5902000000000003, 5.91025, -0.009147
18, 9.22, -2.6, 5.910000000000002, 9.219149999999999, -2.5994500000000005, 5.910100000000001, -0.009183
18, 9.22, -2.61, 5.910000000000002, 9.2185, -2.60975, 5.91005, -0.009178
18, 9.22, -2.6199999999999997, 5.910000000000002, 9.22125, -2.6198, 5.91, -0.009157
18, 9.22, -2.6299999999999994, 5.910000000000002, 9.2196, -2.629, 5.91, -0.009178
18, 9.22, -2.6399999999999992, 5.910000000000002, 9.2216, -2.6398500000000005, 5.910100000000001, -0.009214
18, 9.22, -2.649999999999999, 5.910000000000002, 9.21945, -2.6493, 5.91005, -0.00922
18, 9.22, -2.659999999999999, 5.910000000000002, 9.21925, -2.6589, 5.910100000000001, -0.009214
18, 9.22, -2.6699999999999986, 5.910000000000002, 9.220600000000001, -2.6700500000000003, 5.910100000000001, -0.00922
18, 9.22, -2.6799999999999984, 5.910000000000002, 9.218800000000002, -2.6788000000000003, 5.910200000000001, -0.009194
18, 9.22, -2.689999999999998, 5.910000000000002, 9.2205, -2.69075, 5.910200000000001, -0.009267
18, 9.22, -2.689999999999998, 5.920000000000002, 9.219899999999999, -2.6898, 5.919700000000001, -0.009214
18, 9.22, -2.689999999999998, 5.9300000000000015, 9.219700000000001, -2.6897, 5.92955, -0.009241
18, 9.22, -2.689999999999998, 5.940000000000001, 9.219550000000002, -2.6898500000000003, 5.93965, -0.009235
18, 9.22, -2.689999999999998, 5.950000000000001, 9.219899999999999, -2.6899, 5.949400000000001, -0.009235
18, 9.22, -2.689999999999998, 5.960000000000001, 9.22035, -2.6903, 5.95955, -0.009214
18, 9.22, -2.689999999999998, 5.970000000000001, 9.219899999999999, -2.6900500000000003, 5.969150000000001, -0.00922
18, 9.22, -2.689999999999998, 5.98, 9.219850000000001, -2.6898, 5.979700000000001, -0.009272
18, 9.22, -2.689999999999998, 5.99, 9.22005, -2.6898, 5.989450000000001, -0.00923
18, 9.22, -2.689999999999998, 6.0, 9.2202, -2.6899, 5.9995, -0.00923
18, 9.22, -2.689999999999998, 6.01, 9.22015, -2.69015, 6.01, -0.009277
18, 9.22, -2.689999999999998, 6.02, 9.22, -2.69025, 6.01965, -0.009235
18, 9.22, -2.689999999999998, 6.029999999999999, 9.22, -2.69, 6.03035, -0.00923
18, 9.22, -2.689999999999998, 6.039999999999999, 9.219800000000001, -2.6898500000000003, 6.040150000000001, -0.009235
18, 9.22, -2.689999999999998, 6.049999999999999, 9.219899999999999, -2.68975, 6.0506, -0.009209
18, 9.22, -2.689999999999998, 6.059999999999999, 9.22005, -2.6899, 6.060200000000001, -0.009235
18, 9.22, -2.689999999999998, 6.0699999999999985, 9.22005, -2.6900500000000003, 6.07085, -0.009272
18, 9.22, -2.689999999999998, 6.079999999999998, 9.22005, -2.6902000000000004, 6.0808, -0.009272
18, 9.22, -2.689999999999998, 6.089999999999998, 9.21995, -2.69, 6.0906, -0.00923
19, 9.22, -2.6799999999999984, 6.089999999999998, 9.2211, -2.6799, 6.090200000000001, -0.009235
19, 9.22, -2.6699999999999986, 6.089999999999998, 9.21875, -2.66915, 6.09, -0.009256
19, 9.22, -2.659999999999999, 6.089999999999998, 9.2196, -2.6595, 6.09, -0.00922
19, 9.22, -2.649999999999999, 6.089999999999998, 9.219899999999999, -2.65025, 6.089950000000001, -0.009214
19, 9.22, -2.6399999999999992, 6.089999999999998, 9.221050000000002, -2.64055, 6.089950000000001, -0.009214
19, 9.22, -2.6299999999999994, 6.089999999999998, 9.2193, -2.6308000000000002, 6.09, -0.009241
19, 9.22, -2.6199999999999997, 6.089999999999998, 9.220450000000001, -2.62075, 6.09005, -0.009225
19, 9.22, -2.61, 6.089999999999998, 9.22155, -2.611, 6.09005, -0.009199
19, 9.22, -2.6, 6.089999999999998, 9.22065, -2.601, 6.09, -0.009194
19, 9.22, -2.5900000000000003, 6.089999999999998, 9.220300000000002, -2.59065, 6.089950000000001, -0.009204
19, 9.22, -2.5800000000000005, 6.089999999999998, 9.220600000000001, -2.58035, 6.08985, -0.009199
19, 9.22, -2.5700000000000007, 6.089999999999998, 9.220550000000001, -2.5698000000000003, 6.08985, -0.009214
19, 9.22, -2.560000000000001, 6.089999999999998, 9.221, -2.5601000000000003, 6.089950000000001, -0.009188
19, 9.22, -2.550000000000001, 6.089999999999998, 9.221200000000001, -2.55075, 6.089950000000001, -0.009214
19, 9.22, -2.5400000000000014, 6.089999999999998, 9.2209, -2.5399000000000003, 6.0901000000000005, -0.009214
19, 9.22, -2.5300000000000016, 6.089999999999998, 9.22015, -2.5304, 6.09015, -0.009241
19, 9.22, -2.520000000000002, 6.089999999999998, 9.219100000000001, -2.5197000000000003, 6.09005, -0.009235
19, 9.22, -2.510000000000002, 6.089999999999998, 9.221, -2.5103500000000003, 6.089900000000001, -0.009225
19, 9.22, -2.500000000000002, 6.089999999999998, 9.2189, -2.49975, 6.0898, -0.009267
19, 9.22, -2.500000000000002, 6.079999999999998, 9.22115, -2.4998500000000003, 6.0798000000000005, -0.009267
19, 9.22, -2.500000000000002, 6.0699999999999985, 9.22075, -2.4998500000000003, 6.070150000000001, -0.009272
19, 9.22, -2.500000000000002, 6.059999999999999, 9.21945, -2.49995, 6.05935, -0.009272
19, 9.22, -2.500000000000002, 6.049999999999999, 9.219550000000002, -2.5000500000000003, 6.0501000000000005, -0.009303
19, 9.22, -2.500000000000002, 6.039999999999999, 9.220300000000002, -2.50025, 6.0391, -0.009261
19, 9.22, -2.500000000000002, 6.029999999999999, 9.2204, -2.5002000000000004, 6.02965, -0.009287
19, 9.22, -2.500000000000002, 6.02, 9.219850000000001, -2.5001, 6.019400000000001, -0.009277
19, 9.22, -2.500000000000002, 6.01, 9.219700000000001, -2.49995, 6.009650000000001, -0.009287
19, 9.22, -2.500000000000002, 6.0, 9.219899999999999, -2.4998500000000003, 5.999350000000001, -0.009241
19, 9.22, -2.500000000000002, 5.99, 9.2201, -2.4999000000000002, 5.989700000000001, -0.009282
19, 9.22, -2.500000000000002, 5.98, 9.2202, -2.49995, 5.980300000000001, -0.00922
19, 9.22, -2.500000000000002, 5.970000000000001, 9.22035, -2.49995, 5.96975, -0.00923
19, 9.22, -2.500000000000002, 5.960000000000001, 9.219899999999999, -2.5000500000000003, 5.960850000000001, -0.009235
19, 9.22, -2.500000000000002, 5.950000000000001, 9.219850000000001, -2.5001, 5.95065, -0.009246
19, 9.22, -2.500000000000002, 5.940000000000001, 9.219850000000001, -2.5001, 5.9405, -0.009272
19, 9.22, -2.500000000000002, 5.9300000000000015, 9.22, -2.5, 5.9305, -0.009277
19, 9.22, -2.500000000000002, 5.920000000000002, 9.2202, -2.5000500000000003, 5.9211, -0.009235
19, 9.22, -2.500000000000002, 5.910000000000002, 9.22005, -2.49995, 5.9107, -0.009261
19, 9.22, -2.500000000000002, 5.900000000000002, 9.219800000000001, -2.4998500000000003, 5.90055, -0.009261
20, 9.22, -2.510000000000002, 5.900000000000002, 9.21885, -2.5102, 5.9, -0.00923
20, 9.22, -2.520000000000002, 5.900000000000002, 9.219050000000001, -2.5194, 5.9001, -0.009241
20, 9.22, -2.5300000000000016, 5.900000000000002, 9.2201, -2.5301000000000005, 5.900150000000001, -0.009241
20, 9.22, -2.5400000000000014, 5.900000000000002, 9.2216, -2.5401000000000002, 5.900200000000001, -0.009188
20, 9.22, -2.550000000000001, 5.900000000000002, 9.21885, -2.5499500000000004, 5.90025, -0.009183
20, 9.22, -2.560000000000001, 5.900000000000002, 9.219100000000001, -2.5604, 5.90035, -0.009168
20, 9.22, -2.5700000000000007, 5.900000000000002, 9.221300000000001, -2.5695, 5.900450000000001, -0.009188
20, 9.22, -2.5800000000000005, 5.900000000000002, 9.21885, -2.58015, 5.899900000000001, -0.009183
20, 9.22, -2.5900000000000003, 5.900000000000002, 9.2215, -2.5907000000000004, 5.899900000000001, -0.009173
20, 9.22, -2.6, 5.900000000000002, 9.219800000000001, -2.59975, 5.899900000000001, -0.009147
20, 9.22, -2.61, 5.900000000000002, 9.218399999999999, -2.61005, 5.8999500000000005, -0.009183
20, 9.22, -2.6199999999999997, 5.900000000000002, 9.22065, -2.6195500000000003, 5.9001, -0.009157
20, 9.22, -2.6299999999999994, 5.900000000000002, 9.2193, -2.6291, 5.90025, -0.009183
20, 9.22, -2.6399999999999992, 5.900000000000002, 9.21995, -2.6402, 5.90025, -0.009225
20, 9.22, -2.649999999999999, 5.900000000000002, 9.21935, -2.64975, 5.90035, -0.009183
20, 9.22, -2.659999999999999, 5.900000000000002, 9.219899999999999, -2.6589500000000004, 5.9004, -0.009152
20, 9.22, -2.6699999999999986, 5.900000000000002, 9.219550000000002, -2.6689000000000003, 5.900200000000001, -0.009168
20, 9.22, -2.6799999999999984, 5.900000000000002, 9.219800000000001, -2.67915, 5.9, -0.009214
20, 9.22, -2.689999999999998, 5.900000000000002, 9.2205, -2.6893500000000006, 5.900150000000001, -0.009256
20, 9.22, -2.699999999999998, 5.900000000000002, 9.219550000000002, -2.7001000000000004, 5.90025, -0.009209
20, 9.22, -2.699999999999998, 5.910000000000002, 9.21995, -2.7004500000000005, 5.910150000000001, -0.009261
20, 9.22, -2.699999999999998, 5.920000000000002, 9.22, -2.6999, 5.919950000000001, -0.009235
20, 9.22, -2.699999999999998, 5.9300000000000015, 9.2201, -2.6999500000000003, 5.92935, -0.009209
20, 9.22, -2.699999999999998, 5.940000000000001, 9.21995, -2.7, 5.93975, -0.009214
20, 9.22, -2.699999999999998, 5.950000000000001, 9.219899999999999, -2.7001000000000004, 5.94955, -0.009277
20, 9.22, -2.699999999999998, 5.960000000000001, 9.21995, -2.7001000000000004, 5.9595, -0.009261
20, 9.22, -2.699999999999998, 5.970000000000001, 9.22025, -2.6999, 5.9697000000000005, -0.009251
20, 9.22, -2.699999999999998, 5.98, 9.22, -2.6998, 5.979100000000001, -0.00923
20, 9.22, -2.699999999999998, 5.99, 9.22005, -2.6999, 5.989700000000001, -0.009277
20, 9.22, -2.699999999999998, 6.0, 9.22015, -2.70005, 5.99955, -0.009256
20, 9.22, -2.699999999999998, 6.01, 9.2201, -2.70005, 6.00985, -0.00923
20, 9.22, -2.699999999999998, 6.02, 9.22, -2.70005, 6.01975, -0.009267
20, 9.22, -2.699999999999998, 6.029999999999999, 9.219850000000001, -2.70005, 6.0303, -0.009277
20, 9.22, -2.699999999999998, 6.039999999999999, 9.21975, -2.70005, 6.04, -0.009267
20, 9.22, -2.699999999999998, 6.049999999999999, 9.219899999999999, -2.6999500000000003, 6.05055, -0.009277
20, 9.22, -2.699999999999998, 6.059999999999999, 9.2201, -2.6998500000000005, 6.0601, -0.009251
20, 9.22, -2.699999999999998, 6.0699999999999985, 9.22025, -2.6998500000000005, 6.07075, -0.009251
20, 9.22, -2.699999999999998, 6.079999999999998, 9.22015, -2.6999500000000003, 6.080550000000001, -0.00923
20, 9.22, -2.699999999999998, 6.089999999999998, 9.21975, -2.7001000000000004, 6.090700000000001, -0.009214
20, 9.22, -2.699999999999998, 6.099999999999998, 9.219899999999999, -2.7001000000000004, 6.100200000000001, -0.009251
