Voltage = 3.6, Current = 18.2, Pinhole = 10um, Objective = 20x, NA = 0.42 
0, 10.325, -1.525, -0.141, 10.324800000000002, -1.52575, -0.1409, -0.008427
1, 10.334999999999999, -1.525, -0.141, 10.33425, -1.5251000000000001, -0.1409, -0.009512
1, 10.334999999999999, -1.535, -0.141, 10.33445, -1.53525, -0.1409, -0.009491
2, 10.325, -1.535, -0.141, 10.325400000000002, -1.53475, -0.1409, -0.008479
2, 10.315, -1.535, -0.141, 10.3156, -1.53465, -0.14095000000000002, -0.008787
2, 10.315, -1.525, -0.141, 10.315700000000001, -1.52525, -0.14095000000000002, -0.009126
2, 10.315, -1.515, -0.141, 10.3145, -1.5153500000000002, -0.141, -0.00934
3, 10.325, -1.515, -0.141, 10.3237, -1.51415, -0.14095000000000002, -0.008109
3, 10.334999999999999, -1.515, -0.141, 10.335450000000002, -1.5150500000000002, -0.141, -0.009475
3, 10.344999999999999, -1.515, -0.141, 10.34435, -1.5150500000000002, -0.14095000000000002, -0.009548
3, 10.344999999999999, -1.525, -0.141, 10.3442, -1.524, -0.1411, -0.009564
3, 10.344999999999999, -1.535, -0.141, 10.3461, -1.53575, -0.1415, -0.009501
3, 10.344999999999999, -1.545, -0.141, 10.3457, -1.5441, -0.1414, -0.009559
4, 10.334999999999999, -1.545, -0.141, 10.335300000000002, -1.5457, -0.1409, -0.009512
4, 10.325, -1.545, -0.141, 10.32535, -1.5457, -0.14085, -0.0091
4, 10.315, -1.545, -0.141, 10.3153, -1.5450500000000003, -0.14085, -0.008834
4, 10.305, -1.545, -0.141, 10.30535, -1.54495, -0.1408, -0.009548
4, 10.305, -1.535, -0.141, 10.306, -1.5353500000000002, -0.14085, -0.009506
4, 10.305, -1.525, -0.141, 10.3047, -1.5246000000000002, -0.14095000000000002, -0.009496
4, 10.305, -1.515, -0.141, 10.3051, -1.51465, -0.141, -0.009533
4, 10.305, -1.505, -0.141, 10.30475, -1.5054, -0.141, -0.009512
5, 10.315, -1.505, -0.141, 10.314950000000001, -1.50545, -0.141, -0.009246
5, 10.325, -1.505, -0.141, 10.324300000000001, -1.50525, -0.141, -0.008328
5, 10.334999999999999, -1.505, -0.141, 10.3343, -1.5050500000000002, -0.141, -0.009501
5, 10.344999999999999, -1.505, -0.141, 10.345400000000001, -1.505, -0.14115, -0.009538
5, 10.354999999999999, -1.505, -0.141, 10.354650000000001, -1.50495, -0.14125, -0.009543
5, 10.354999999999999, -1.515, -0.141, 10.35435, -1.5148000000000001, -0.14125, -0.009533
5, 10.354999999999999, -1.525, -0.141, 10.3561, -1.52515, -0.141, -0.00948
5, 10.354999999999999, -1.535, -0.141, 10.3537, -1.53455, -0.141, -0.009533
5, 10.354999999999999, -1.545, -0.141, 10.3557, -1.54545, -0.1409, -0.009527
5, 10.354999999999999, -1.555, -0.141, 10.354400000000002, -1.55495, -0.14085, -0.009501
6, 10.344999999999999, -1.555, -0.141, 10.34535, -1.55545, -0.1409, -0.009512
6, 10.334999999999999, -1.555, -0.141, 10.335450000000002, -1.5551000000000001, -0.1409, -0.009501
6, 10.325, -1.555, -0.141, 10.32535, -1.55495, -0.14095000000000002, -0.009413
6, 10.315, -1.555, -0.141, 10.3155, -1.55485, -0.14105, -0.009272
6, 10.305, -1.555, -0.141, 10.30575, -1.5549000000000002, -0.14115, -0.009506
6, 10.295, -1.555, -0.141, 10.295200000000001, -1.55495, -0.14115, -0.009491
6, 10.295, -1.545, -0.141, 10.295650000000002, -1.5457, -0.14115, -0.009522
6, 10.295, -1.535, -0.141, 10.295, -1.5350500000000002, -0.1411, -0.009533
6, 10.295, -1.525, -0.141, 10.29495, -1.5241500000000001, -0.141, -0.009506
6, 10.295, -1.515, -0.141, 10.2946, -1.5141000000000002, -0.141, -0.009538
6, 10.295, -1.505, -0.141, 10.295150000000001, -1.5046000000000002, -0.141, -0.009527
6, 10.295, -1.4949999999999999, -0.141, 10.2962, -1.4944000000000002, -0.141, -0.009548
7, 10.305, -1.4949999999999999, -0.141, 10.30485, -1.4952, -0.14105, -0.009491
7, 10.315, -1.4949999999999999, -0.141, 10.314800000000002, -1.49525, -0.1409, -0.009074
7, 10.325, -1.4949999999999999, -0.141, 10.324050000000002, -1.4951500000000002, -0.1408, -0.008182
7, 10.334999999999999, -1.4949999999999999, -0.141, 10.33445, -1.495, -0.1408, -0.009496
7, 10.344999999999999, -1.4949999999999999, -0.141, 10.345400000000001, -1.4947000000000001, -0.14085, -0.009506
7, 10.354999999999999, -1.4949999999999999, -0.141, 10.354650000000001, -1.49475, -0.14095000000000002, -0.009543
7, 10.364999999999998, -1.4949999999999999, -0.141, 10.3645, -1.4951, -0.14105, -0.009543
7, 10.364999999999998, -1.505, -0.141, 10.364, -1.5048500000000002, -0.14125, -0.009517
7, 10.364999999999998, -1.515, -0.141, 10.36555, -1.5153, -0.14120000000000002, -0.009527
7, 10.364999999999998, -1.525, -0.141, 10.366100000000001, -1.5254, -0.141, -0.009548
7, 10.364999999999998, -1.535, -0.141, 10.3633, -1.5353500000000002, -0.141, -0.009506
7, 10.364999999999998, -1.545, -0.141, 10.36555, -1.5456, -0.141, -0.009517
7, 10.364999999999998, -1.555, -0.141, 10.365150000000002, -1.55465, -0.14095000000000002, -0.009522
7, 10.364999999999998, -1.565, -0.141, 10.3657, -1.5659, -0.14085, -0.009491
8, 10.354999999999999, -1.565, -0.141, 10.35445, -1.5658500000000002, -0.14085, -0.009538
8, 10.344999999999999, -1.565, -0.141, 10.34585, -1.565, -0.14085, -0.009496
8, 10.334999999999999, -1.565, -0.141, 10.335550000000001, -1.565, -0.1409, -0.009522
8, 10.325, -1.565, -0.141, 10.32515, -1.565, -0.141, -0.009178
8, 10.315, -1.565, -0.141, 10.315550000000002, -1.565, -0.14095000000000002, -0.008583
8, 10.305, -1.565, -0.141, 10.306, -1.5648000000000002, -0.1411, -0.009512
8, 10.295, -1.565, -0.141, 10.294900000000002, -1.5648000000000002, -0.14120000000000002, -0.009538
8, 10.285, -1.565, -0.141, 10.2856, -1.56495, -0.14120000000000002, -0.009553
8, 10.285, -1.555, -0.141, 10.283650000000002, -1.5553500000000002, -0.14120000000000002, -0.009506
8, 10.285, -1.545, -0.141, 10.285950000000001, -1.5448000000000002, -0.14085, -0.009548
8, 10.285, -1.535, -0.141, 10.2857, -1.5353, -0.1408, -0.009543
8, 10.285, -1.525, -0.141, 10.283550000000002, -1.5240500000000001, -0.14085, -0.009506
8, 10.285, -1.515, -0.141, 10.28525, -1.5142, -0.14105, -0.009512
8, 10.285, -1.505, -0.141, 10.285200000000001, -1.50415, -0.14120000000000002, -0.009522
8, 10.285, -1.4949999999999999, -0.141, 10.28495, -1.49465, -0.14120000000000002, -0.009501
8, 10.285, -1.4849999999999999, -0.141, 10.285150000000002, -1.48525, -0.14120000000000002, -0.009501
9, 10.295, -1.4849999999999999, -0.141, 10.294450000000001, -1.48495, -0.14115, -0.009533
9, 10.305, -1.4849999999999999, -0.141, 10.305150000000001, -1.4849, -0.1409, -0.009548
9, 10.315, -1.4849999999999999, -0.141, 10.315150000000001, -1.4849, -0.1408, -0.009152
9, 10.325, -1.4849999999999999, -0.141, 10.324900000000001, -1.485, -0.1408, -0.008119
9, 10.334999999999999, -1.4849999999999999, -0.141, 10.3337, -1.4850500000000002, -0.14085, -0.009543
9, 10.344999999999999, -1.4849999999999999, -0.141, 10.34535, -1.4851, -0.141, -0.009501
9, 10.354999999999999, -1.4849999999999999, -0.141, 10.355300000000002, -1.485, -0.141, -0.009533
9, 10.364999999999998, -1.4849999999999999, -0.141, 10.364150000000002, -1.485, -0.141, -0.009527
9, 10.374999999999998, -1.4849999999999999, -0.141, 10.37475, -1.48495, -0.141, -0.009527
9, 10.374999999999998, -1.4949999999999999, -0.141, 10.374300000000002, -1.4941000000000002, -0.141, -0.009548
9, 10.374999999999998, -1.505, -0.141, 10.375200000000001, -1.50525, -0.141, -0.009506
9, 10.374999999999998, -1.515, -0.141, 10.37555, -1.5151000000000001, -0.141, -0.009517
9, 10.374999999999998, -1.525, -0.141, 10.3741, -1.52515, -0.141, -0.009548
9, 10.374999999999998, -1.535, -0.141, 10.37425, -1.53575, -0.141, -0.009517
9, 10.374999999999998, -1.545, -0.141, 10.37555, -1.5458500000000002, -0.141, -0.009538
9, 10.374999999999998, -1.555, -0.141, 10.37495, -1.5548000000000002, -0.141, -0.009475
9, 10.374999999999998, -1.565, -0.141, 10.37575, -1.5658, -0.141, -0.009543
9, 10.374999999999998, -1.575, -0.141, 10.375650000000002, -1.5746000000000002, -0.141, -0.009522
10, 10.364999999999998, -1.575, -0.141, 10.365300000000001, -1.57545, -0.141, -0.009506
10, 10.354999999999999, -1.575, -0.141, 10.35575, -1.5755500000000002, -0.141, -0.009501
10, 10.344999999999999, -1.575, -0.141, 10.34505, -1.5749000000000002, -0.141, -0.009527
10, 10.334999999999999, -1.575, -0.141, 10.335150000000002, -1.57475, -0.141, -0.009527
10, 10.325, -1.575, -0.141, 10.3259, -1.5748000000000002, -0.141, -0.009533
10, 10.315, -1.575, -0.141, 10.315, -1.575, -0.141, -0.008709
10, 10.305, -1.575, -0.141, 10.305800000000001, -1.575, -0.141, -0.00948
10, 10.295, -1.575, -0.141, 10.2962, -1.575, -0.141, -0.009538
10, 10.285, -1.575, -0.141, 10.28435, -1.5750500000000003, -0.141, -0.009538
10, 10.275, -1.575, -0.141, 10.2752, -1.57525, -0.141, -0.00948
10, 10.275, -1.565, -0.141, 10.27575, -1.5654000000000001, -0.141, -0.009522
10, 10.275, -1.555, -0.141, 10.2751, -1.55485, -0.141, -0.009548
10, 10.275, -1.545, -0.141, 10.274700000000001, -1.545, -0.14105, -0.009501
10, 10.275, -1.535, -0.141, 10.27495, -1.5344, -0.14115, -0.009491
10, 10.275, -1.525, -0.141, 10.275, -1.524, -0.1411, -0.009486
10, 10.275, -1.515, -0.141, 10.2749, -1.5146000000000002, -0.14115, -0.00886
10, 10.275, -1.505, -0.141, 10.27595, -1.5045500000000003, -0.141, -0.009308
10, 10.275, -1.4949999999999999, -0.141, 10.27535, -1.49475, -0.141, -0.009506
10, 10.275, -1.4849999999999999, -0.141, 10.27475, -1.48425, -0.141, -0.009538
10, 10.275, -1.4749999999999999, -0.141, 10.274400000000002, -1.4752, -0.141, -0.009506
11, 10.285, -1.4749999999999999, -0.141, 10.28485, -1.4751500000000002, -0.14105, -0.00948
11, 10.295, -1.4749999999999999, -0.141, 10.29485, -1.4751500000000002, -0.1409, -0.009538
11, 10.305, -1.4749999999999999, -0.141, 10.304650000000002, -1.4750500000000002, -0.1408, -0.009501
11, 10.315, -1.4749999999999999, -0.141, 10.3152, -1.47495, -0.1408, -0.009418
11, 10.325, -1.4749999999999999, -0.141, 10.3241, -1.47475, -0.1408, -0.007989
11, 10.334999999999999, -1.4749999999999999, -0.141, 10.334100000000001, -1.4748, -0.14085, -0.009517
11, 10.344999999999999, -1.4749999999999999, -0.141, 10.34425, -1.475, -0.14095000000000002, -0.009506
11, 10.354999999999999, -1.4749999999999999, -0.141, 10.35535, -1.4751500000000002, -0.14115, -0.009538
11, 10.364999999999998, -1.4749999999999999, -0.141, 10.3645, -1.4750500000000002, -0.14120000000000002, -0.009496
11, 10.374999999999998, -1.4749999999999999, -0.141, 10.37495, -1.4750500000000002, -0.14115, -0.009522
11, 10.384999999999998, -1.4749999999999999, -0.141, 10.3854, -1.4750500000000002, -0.1411, -0.009538
11, 10.384999999999998, -1.4849999999999999, -0.141, 10.384900000000002, -1.4838000000000002, -0.14095000000000002, -0.009538
11, 10.384999999999998, -1.4949999999999999, -0.141, 10.384400000000001, -1.4944000000000002, -0.14085, -0.009506
11, 10.384999999999998, -1.505, -0.141, 10.385150000000001, -1.5052, -0.1408, -0.009506
11, 10.384999999999998, -1.515, -0.141, 10.38385, -1.51525, -0.1409, -0.009543
11, 10.384999999999998, -1.525, -0.141, 10.383300000000002, -1.5248000000000002, -0.141, -0.009506
11, 10.384999999999998, -1.535, -0.141, 10.3865, -1.5356500000000002, -0.141, -0.009527
11, 10.384999999999998, -1.545, -0.141, 10.385, -1.5447, -0.141, -0.009496
11, 10.384999999999998, -1.555, -0.141, 10.3863, -1.556, -0.14105, -0.009501
11, 10.384999999999998, -1.565, -0.141, 10.38525, -1.5649000000000002, -0.1411, -0.009538
11, 10.384999999999998, -1.575, -0.141, 10.3857, -1.57575, -0.14115, -0.009501
11, 10.384999999999998, -1.585, -0.141, 10.3842, -1.5853000000000002, -0.1411, -0.009533
12, 10.374999999999998, -1.585, -0.141, 10.375150000000001, -1.58535, -0.1411, -0.009496
12, 10.364999999999998, -1.585, -0.141, 10.36495, -1.5851000000000002, -0.1411, -0.009517
12, 10.354999999999999, -1.585, -0.141, 10.355450000000001, -1.58495, -0.141, -0.009533
12, 10.344999999999999, -1.585, -0.141, 10.345300000000002, -1.5848000000000002, -0.14105, -0.009527
12, 10.334999999999999, -1.585, -0.141, 10.33525, -1.5848000000000002, -0.141, -0.009496
12, 10.325, -1.585, -0.141, 10.3251, -1.58515, -0.14085, -0.008943
12, 10.315, -1.585, -0.141, 10.3152, -1.58525, -0.1409, -0.008865
12, 10.305, -1.585, -0.141, 10.305050000000001, -1.5851000000000002, -0.1409, -0.009496
12, 10.295, -1.585, -0.141, 10.296050000000001, -1.58495, -0.14095000000000002, -0.00948
12, 10.285, -1.585, -0.141, 10.28525, -1.5848000000000002, -0.14105, -0.009533
12, 10.275, -1.585, -0.141, 10.2757, -1.585, -0.1411, -0.009553
12, 10.265, -1.585, -0.141, 10.2649, -1.58495, -0.1411, -0.009496
12, 10.265, -1.575, -0.141, 10.265600000000001, -1.57535, -0.1411, -0.009543
12, 10.265, -1.565, -0.141, 10.2655, -1.56525, -0.1411, -0.009543
12, 10.265, -1.555, -0.141, 10.264100000000001, -1.5549000000000002, -0.14105, -0.009501
12, 10.265, -1.545, -0.141, 10.26595, -1.5442, -0.1411, -0.009491
12, 10.265, -1.535, -0.141, 10.2646, -1.5340500000000001, -0.14105, -0.009501
12, 10.265, -1.525, -0.141, 10.264850000000001, -1.52455, -0.141, -0.009548
12, 10.265, -1.515, -0.141, 10.26585, -1.5152, -0.14095000000000002, -0.00936
12, 10.265, -1.505, -0.141, 10.2645, -1.5047000000000001, -0.1409, -0.009418
12, 10.265, -1.4949999999999999, -0.141, 10.26575, -1.49545, -0.1409, -0.009533
12, 10.265, -1.4849999999999999, -0.141, 10.265450000000001, -1.4845, -0.1409, -0.009506
12, 10.265, -1.4749999999999999, -0.141, 10.2643, -1.4754, -0.1409, -0.009486
12, 10.265, -1.4649999999999999, -0.141, 10.26415, -1.4652, -0.14095000000000002, -0.009517
13, 10.275, -1.4649999999999999, -0.141, 10.275400000000001, -1.4653000000000003, -0.14095000000000002, -0.009506
13, 10.285, -1.4649999999999999, -0.141, 10.28555, -1.465, -0.14105, -0.009517
13, 10.295, -1.4649999999999999, -0.141, 10.295, -1.4644000000000001, -0.141, -0.009501
13, 10.305, -1.4649999999999999, -0.141, 10.304450000000001, -1.46465, -0.141, -0.009486
13, 10.315, -1.4649999999999999, -0.141, 10.315, -1.465, -0.14105, -0.009465
13, 10.325, -1.4649999999999999, -0.141, 10.32385, -1.4650500000000002, -0.14105, -0.007968
13, 10.334999999999999, -1.4649999999999999, -0.141, 10.33535, -1.4650500000000002, -0.14105, -0.009486
13, 10.344999999999999, -1.4649999999999999, -0.141, 10.34475, -1.465, -0.141, -0.009543
13, 10.354999999999999, -1.4649999999999999, -0.141, 10.3552, -1.46495, -0.14105, -0.009486
13, 10.364999999999998, -1.4649999999999999, -0.141, 10.364900000000002, -1.4648500000000002, -0.14105, -0.009491
13, 10.374999999999998, -1.4649999999999999, -0.141, 10.37475, -1.4648500000000002, -0.141, -0.009527
13, 10.384999999999998, -1.4649999999999999, -0.141, 10.3855, -1.4649, -0.141, -0.009527
13, 10.394999999999998, -1.4649999999999999, -0.141, 10.39525, -1.4649, -0.141, -0.00948
13, 10.394999999999998, -1.4749999999999999, -0.141, 10.394900000000002, -1.47385, -0.141, -0.009506
13, 10.394999999999998, -1.4849999999999999, -0.141, 10.39455, -1.484, -0.141, -0.009517
13, 10.394999999999998, -1.4949999999999999, -0.141, 10.39475, -1.4957, -0.141, -0.009496
13, 10.394999999999998, -1.505, -0.141, 10.395400000000002, -1.50475, -0.141, -0.009533
13, 10.394999999999998, -1.515, -0.141, 10.395850000000001, -1.5155, -0.141, -0.009491
13, 10.394999999999998, -1.525, -0.141, 10.394150000000002, -1.5246000000000002, -0.141, -0.009522
13, 10.394999999999998, -1.535, -0.141, 10.3945, -1.53525, -0.14095000000000002, -0.009486
13, 10.394999999999998, -1.545, -0.141, 10.39395, -1.54495, -0.14095000000000002, -0.009486
13, 10.394999999999998, -1.555, -0.141, 10.39475, -1.55525, -0.14095000000000002, -0.009548
13, 10.394999999999998, -1.565, -0.141, 10.3941, -1.5652000000000001, -0.141, -0.009501
13, 10.394999999999998, -1.575, -0.141, 10.395650000000002, -1.5750500000000003, -0.141, -0.009506
13, 10.394999999999998, -1.585, -0.141, 10.395850000000001, -1.5856000000000001, -0.141, -0.009538
13, 10.394999999999998, -1.595, -0.141, 10.394050000000002, -1.5949, -0.14095000000000002, -0.00948
14, 10.384999999999998, -1.595, -0.141, 10.38495, -1.59515, -0.141, -0.009501
14, 10.374999999999998, -1.595, -0.141, 10.374900000000002, -1.5952, -0.141, -0.00948
14, 10.364999999999998, -1.595, -0.141, 10.365050000000002, -1.59515, -0.141, -0.009491
14, 10.354999999999999, -1.595, -0.141, 10.355450000000001, -1.5951000000000002, -0.141, -0.009538
14, 10.344999999999999, -1.595, -0.141, 10.345300000000002, -1.59505, -0.141, -0.009522
14, 10.334999999999999, -1.595, -0.141, 10.33535, -1.59505, -0.141, -0.009501
14, 10.325, -1.595, -0.141, 10.3251, -1.59495, -0.141, -0.009454
14, 10.315, -1.595, -0.141, 10.3156, -1.59485, -0.141, -0.008891
14, 10.305, -1.595, -0.141, 10.30585, -1.59485, -0.141, -0.009298
14, 10.295, -1.595, -0.141, 10.2951, -1.59495, -0.141, -0.009298
14, 10.285, -1.595, -0.141, 10.285650000000002, -1.595, -0.141, -0.009376
14, 10.275, -1.595, -0.141, 10.274700000000001, -1.595, -0.141, -0.009376
14, 10.265, -1.595, -0.141, 10.26495, -1.59505, -0.141, -0.009465
14, 10.255, -1.595, -0.141, 10.256050000000002, -1.5951000000000002, -0.141, -0.009345
14, 10.255, -1.585, -0.141, 10.255450000000002, -1.5855500000000002, -0.141, -0.009517
14, 10.255, -1.575, -0.141, 10.254900000000001, -1.5754000000000001, -0.1411, -0.009533
14, 10.255, -1.565, -0.141, 10.255, -1.56495, -0.1411, -0.009527
14, 10.255, -1.555, -0.141, 10.254150000000001, -1.55425, -0.14105, -0.009517
14, 10.255, -1.545, -0.141, 10.25505, -1.54425, -0.14105, -0.009491
14, 10.255, -1.535, -0.141, 10.2552, -1.53485, -0.1411, -0.009527
14, 10.255, -1.525, -0.141, 10.2545, -1.5247, -0.141, -0.009486
14, 10.255, -1.515, -0.141, 10.2545, -1.5148000000000001, -0.1409, -0.009527
14, 10.255, -1.505, -0.141, 10.254150000000001, -1.50435, -0.14085, -0.009506
14, 10.255, -1.4949999999999999, -0.141, 10.254950000000001, -1.495, -0.1409, -0.009527
14, 10.255, -1.4849999999999999, -0.141, 10.2558, -1.4846000000000001, -0.14095000000000002, -0.009527
14, 10.255, -1.4749999999999999, -0.141, 10.255450000000002, -1.47575, -0.141, -0.009486
14, 10.255, -1.4649999999999999, -0.141, 10.25505, -1.46525, -0.141, -0.009501
14, 10.255, -1.4549999999999998, -0.141, 10.254950000000001, -1.4555500000000001, -0.141, -0.009527
15, 10.265, -1.4549999999999998, -0.141, 10.263950000000001, -1.4553000000000003, -0.141, -0.009491
15, 10.275, -1.4549999999999998, -0.141, 10.275300000000001, -1.45525, -0.141, -0.009496
15, 10.285, -1.4549999999999998, -0.141, 10.284450000000001, -1.4551, -0.141, -0.009517
15, 10.295, -1.4549999999999998, -0.141, 10.29465, -1.4548500000000002, -0.141, -0.009533
15, 10.305, -1.4549999999999998, -0.141, 10.3051, -1.45465, -0.141, -0.009496
15, 10.315, -1.4549999999999998, -0.141, 10.314150000000001, -1.45495, -0.141, -0.009423
15, 10.325, -1.4549999999999998, -0.141, 10.3245, -1.45495, -0.141, -0.008005
15, 10.334999999999999, -1.4549999999999998, -0.141, 10.334100000000001, -1.455, -0.141, -0.009512
15, 10.344999999999999, -1.4549999999999998, -0.141, 10.345400000000001, -1.4551, -0.141, -0.009486
15, 10.354999999999999, -1.4549999999999998, -0.141, 10.355450000000001, -1.4551, -0.141, -0.009533
15, 10.364999999999998, -1.4549999999999998, -0.141, 10.3645, -1.4550500000000002, -0.141, -0.009543
15, 10.374999999999998, -1.4549999999999998, -0.141, 10.3747, -1.4550500000000002, -0.141, -0.009501
15, 10.384999999999998, -1.4549999999999998, -0.141, 10.385650000000002, -1.45495, -0.14105, -0.00948
15, 10.394999999999998, -1.4549999999999998, -0.141, 10.395100000000001, -1.4549, -0.141, -0.009501
15, 10.404999999999998, -1.4549999999999998, -0.141, 10.4053, -1.45495, -0.141, -0.009501
15, 10.404999999999998, -1.4649999999999999, -0.141, 10.4038, -1.46415, -0.141, -0.009517
15, 10.404999999999998, -1.4749999999999999, -0.141, 10.404650000000002, -1.4741000000000002, -0.14105, -0.009522
15, 10.404999999999998, -1.4849999999999999, -0.141, 10.4056, -1.48545, -0.141, -0.009506
15, 10.404999999999998, -1.4949999999999999, -0.141, 10.4053, -1.4946000000000002, -0.141, -0.009533
15, 10.404999999999998, -1.505, -0.141, 10.404300000000001, -1.50545, -0.141, -0.009553
15, 10.404999999999998, -1.515, -0.141, 10.404950000000001, -1.5158000000000003, -0.141, -0.009496
15, 10.404999999999998, -1.525, -0.141, 10.4056, -1.5257, -0.141, -0.009538
15, 10.404999999999998, -1.535, -0.141, 10.404800000000002, -1.5356, -0.141, -0.009538
15, 10.404999999999998, -1.545, -0.141, 10.404900000000001, -1.54575, -0.141, -0.009512
15, 10.404999999999998, -1.555, -0.141, 10.405050000000001, -1.5557, -0.141, -0.00948
15, 10.404999999999998, -1.565, -0.141, 10.40515, -1.56455, -0.141, -0.009538
15, 10.404999999999998, -1.575, -0.141, 10.40515, -1.5753000000000001, -0.141, -0.009496
15, 10.404999999999998, -1.585, -0.141, 10.4035, -1.58475, -0.141, -0.009486
15, 10.404999999999998, -1.595, -0.141, 10.40475, -1.59525, -0.141, -0.009517
15, 10.404999999999998, -1.605, -0.141, 10.40485, -1.60505, -0.141, -0.009543
16, 10.394999999999998, -1.605, -0.141, 10.395950000000001, -1.6052, -0.141, -0.009496
16, 10.384999999999998, -1.605, -0.141, 10.3847, -1.6051000000000002, -0.14105, -0.009501
16, 10.374999999999998, -1.605, -0.141, 10.3756, -1.605, -0.141, -0.009522
16, 10.364999999999998, -1.605, -0.141, 10.364900000000002, -1.605, -0.141, -0.009543
16, 10.354999999999999, -1.605, -0.141, 10.354400000000002, -1.605, -0.141, -0.009491
16, 10.344999999999999, -1.605, -0.141, 10.34535, -1.605, -0.141, -0.009512
16, 10.334999999999999, -1.605, -0.141, 10.335300000000002, -1.60505, -0.141, -0.009491
16, 10.325, -1.605, -0.141, 10.32515, -1.60495, -0.141, -0.009512
16, 10.315, -1.605, -0.141, 10.3153, -1.60495, -0.141, -0.009475
16, 10.305, -1.605, -0.141, 10.305800000000001, -1.6049, -0.141, -0.009371
16, 10.295, -1.605, -0.141, 10.295350000000001, -1.6049, -0.141, -0.009241
16, 10.285, -1.605, -0.141, 10.285950000000001, -1.60495, -0.141, -0.009418
16, 10.275, -1.605, -0.141, 10.275400000000001, -1.60495, -0.141, -0.009251
16, 10.265, -1.605, -0.141, 10.266650000000002, -1.60505, -0.141, -0.009225
16, 10.255, -1.605, -0.141, 10.254650000000002, -1.60505, -0.141, -0.009293
16, 10.245000000000001, -1.605, -0.141, 10.2451, -1.6051000000000002, -0.141, -0.009277
16, 10.245000000000001, -1.595, -0.141, 10.24395, -1.5955, -0.141, -0.009496
16, 10.245000000000001, -1.585, -0.141, 10.2444, -1.58545, -0.141, -0.009501
16, 10.245000000000001, -1.575, -0.141, 10.24595, -1.5750500000000003, -0.141, -0.009548
16, 10.245000000000001, -1.565, -0.141, 10.2441, -1.5642, -0.141, -0.009517
16, 10.245000000000001, -1.555, -0.141, 10.244950000000001, -1.55475, -0.141, -0.009543
16, 10.245000000000001, -1.545, -0.141, 10.246, -1.54495, -0.141, -0.009486
16, 10.245000000000001, -1.535, -0.141, 10.24475, -1.5342, -0.141, -0.009465
16, 10.245000000000001, -1.525, -0.141, 10.244900000000001, -1.5243000000000002, -0.141, -0.009501
16, 10.245000000000001, -1.515, -0.141, 10.24505, -1.5144000000000002, -0.141, -0.009543
16, 10.245000000000001, -1.505, -0.141, 10.24505, -1.5041000000000002, -0.141, -0.009475
16, 10.245000000000001, -1.4949999999999999, -0.141, 10.2451, -1.4948000000000001, -0.141, -0.009491
16, 10.245000000000001, -1.4849999999999999, -0.141, 10.2459, -1.48445, -0.141, -0.009512
16, 10.245000000000001, -1.4749999999999999, -0.141, 10.2443, -1.4755, -0.14105, -0.009538
16, 10.245000000000001, -1.4649999999999999, -0.141, 10.24395, -1.4652, -0.141, -0.00947
16, 10.245000000000001, -1.4549999999999998, -0.141, 10.246, -1.4550500000000002, -0.141, -0.009517
16, 10.245000000000001, -1.4449999999999998, -0.141, 10.2451, -1.44525, -0.141, -0.009496
17, 10.255, -1.4449999999999998, -0.141, 10.253800000000002, -1.4451500000000002, -0.141, -0.00948
17, 10.265, -1.4449999999999998, -0.141, 10.264850000000001, -1.4451, -0.141, -0.009517
17, 10.275, -1.4449999999999998, -0.141, 10.27495, -1.44495, -0.14095000000000002, -0.009506
17, 10.285, -1.4449999999999998, -0.141, 10.284400000000002, -1.4448500000000002, -0.1409, -0.009491
17, 10.295, -1.4449999999999998, -0.141, 10.29495, -1.4448, -0.1409, -0.009522
17, 10.305, -1.4449999999999998, -0.141, 10.3051, -1.44495, -0.1409, -0.009533
17, 10.315, -1.4449999999999998, -0.141, 10.314, -1.4451, -0.1409, -0.009475
17, 10.325, -1.4449999999999998, -0.141, 10.3247, -1.4451, -0.1409, -0.007999
17, 10.334999999999999, -1.4449999999999998, -0.141, 10.33435, -1.4451, -0.14095000000000002, -0.009517
17, 10.344999999999999, -1.4449999999999998, -0.141, 10.34415, -1.4451, -0.141, -0.009522
17, 10.354999999999999, -1.4449999999999998, -0.141, 10.35445, -1.4450500000000002, -0.14095000000000002, -0.009543
17, 10.364999999999998, -1.4449999999999998, -0.141, 10.3655, -1.445, -0.141, -0.00947
17, 10.374999999999998, -1.4449999999999998, -0.141, 10.3747, -1.44495, -0.141, -0.009491
17, 10.384999999999998, -1.4449999999999998, -0.141, 10.38545, -1.44475, -0.141, -0.009506
17, 10.394999999999998, -1.4449999999999998, -0.141, 10.39525, -1.44495, -0.14105, -0.009533
17, 10.404999999999998, -1.4449999999999998, -0.141, 10.405100000000001, -1.4451500000000002, -0.14105, -0.009506
17, 10.414999999999997, -1.4449999999999998, -0.141, 10.415650000000001, -1.4451500000000002, -0.14105, -0.009491
17, 10.414999999999997, -1.4549999999999998, -0.141, 10.414550000000002, -1.4543000000000001, -0.14105, -0.009496
17, 10.414999999999997, -1.4649999999999999, -0.141, 10.4151, -1.4645, -0.14105, -0.009543
17, 10.414999999999997, -1.4749999999999999, -0.141, 10.414950000000001, -1.4743000000000002, -0.14105, -0.009496
17, 10.414999999999997, -1.4849999999999999, -0.141, 10.41475, -1.48425, -0.14105, -0.009496
17, 10.414999999999997, -1.4949999999999999, -0.141, 10.415550000000001, -1.4948000000000001, -0.141, -0.00948
17, 10.414999999999997, -1.505, -0.141, 10.41635, -1.5058000000000002, -0.14105, -0.009538
17, 10.414999999999997, -1.515, -0.141, 10.414200000000001, -1.5155, -0.141, -0.009501
17, 10.414999999999997, -1.525, -0.141, 10.41535, -1.5248000000000002, -0.1409, -0.009527
17, 10.414999999999997, -1.535, -0.141, 10.4155, -1.5348000000000002, -0.1409, -0.009486
17, 10.414999999999997, -1.545, -0.141, 10.4156, -1.545, -0.141, -0.009522
17, 10.414999999999997, -1.555, -0.141, 10.4137, -1.5552000000000001, -0.141, -0.009496
17, 10.414999999999997, -1.565, -0.141, 10.41505, -1.5650500000000003, -0.141, -0.009475
17, 10.414999999999997, -1.575, -0.141, 10.4162, -1.575, -0.141, -0.009533
17, 10.414999999999997, -1.585, -0.141, 10.41285, -1.5845500000000001, -0.141, -0.009538
17, 10.414999999999997, -1.595, -0.141, 10.4158, -1.59475, -0.141, -0.009486
17, 10.414999999999997, -1.605, -0.141, 10.41435, -1.6055, -0.141, -0.009486
17, 10.414999999999997, -1.615, -0.141, 10.4155, -1.61505, -0.141, -0.009491
18, 10.404999999999998, -1.615, -0.141, 10.405050000000001, -1.61535, -0.14105, -0.009512
18, 10.394999999999998, -1.615, -0.141, 10.395150000000001, -1.61505, -0.14115, -0.009548
18, 10.384999999999998, -1.615, -0.141, 10.386, -1.61495, -0.14115, -0.009496
18, 10.374999999999998, -1.615, -0.141, 10.374900000000002, -1.6149, -0.14105, -0.00948
18, 10.364999999999998, -1.615, -0.141, 10.3665, -1.6149, -0.14095000000000002, -0.009527
18, 10.354999999999999, -1.615, -0.141, 10.35535, -1.6149, -0.1409, -0.009506
18, 10.344999999999999, -1.615, -0.141, 10.346300000000001, -1.61495, -0.1409, -0.009486
18, 10.334999999999999, -1.615, -0.141, 10.335, -1.615, -0.1409, -0.009512
18, 10.325, -1.615, -0.141, 10.32535, -1.615, -0.14095000000000002, -0.009517
18, 10.315, -1.615, -0.141, 10.31535, -1.615, -0.141, -0.009517
18, 10.305, -1.615, -0.141, 10.305650000000002, -1.615, -0.14095000000000002, -0.009486
18, 10.295, -1.615, -0.141, 10.29635, -1.615, -0.141, -0.009475
18, 10.285, -1.615, -0.141, 10.285, -1.615, -0.14115, -0.009517
18, 10.275, -1.615, -0.141, 10.2757, -1.61505, -0.1411, -0.009506
18, 10.265, -1.615, -0.141, 10.2651, -1.6151000000000002, -0.14105, -0.009501
18, 10.255, -1.615, -0.141, 10.254550000000002, -1.615, -0.14105, -0.009517
18, 10.245000000000001, -1.615, -0.141, 10.245, -1.615, -0.141, -0.009439
18, 10.235000000000001, -1.615, -0.141, 10.23625, -1.615, -0.141, -0.009475
18, 10.235000000000001, -1.605, -0.141, 10.23635, -1.6056000000000001, -0.141, -0.009277
18, 10.235000000000001, -1.595, -0.141, 10.2345, -1.5949, -0.141, -0.009512
18, 10.235000000000001, -1.585, -0.141, 10.2347, -1.58475, -0.141, -0.00948
18, 10.235000000000001, -1.575, -0.141, 10.2362, -1.5755, -0.141, -0.009496
18, 10.235000000000001, -1.565, -0.141, 10.2352, -1.5645, -0.141, -0.009517
18, 10.235000000000001, -1.555, -0.141, 10.234950000000001, -1.55465, -0.141, -0.009538
18, 10.235000000000001, -1.545, -0.141, 10.23525, -1.54495, -0.141, -0.009491
18, 10.235000000000001, -1.535, -0.141, 10.2347, -1.5347, -0.1409, -0.009475
18, 10.235000000000001, -1.525, -0.141, 10.23535, -1.52425, -0.1409, -0.009553
18, 10.235000000000001, -1.515, -0.141, 10.23425, -1.51445, -0.1409, -0.009506
18, 10.235000000000001, -1.505, -0.141, 10.234900000000001, -1.5043000000000002, -0.1409, -0.009486
18, 10.235000000000001, -1.4949999999999999, -0.141, 10.234950000000001, -1.4951500000000002, -0.14095000000000002, -0.009501
18, 10.235000000000001, -1.4849999999999999, -0.141, 10.23515, -1.48525, -0.141, -0.009491
18, 10.235000000000001, -1.4749999999999999, -0.141, 10.2355, -1.4754500000000002, -0.141, -0.009522
18, 10.235000000000001, -1.4649999999999999, -0.141, 10.235100000000001, -1.4650500000000002, -0.141, -0.009512
18, 10.235000000000001, -1.4549999999999998, -0.141, 10.235700000000001, -1.45525, -0.141, -0.009486
18, 10.235000000000001, -1.4449999999999998, -0.141, 10.2345, -1.4461000000000002, -0.141, -0.009501
18, 10.235000000000001, -1.4349999999999998, -0.141, 10.234900000000001, -1.43525, -0.141, -0.009522
19, 10.245000000000001, -1.4349999999999998, -0.141, 10.2441, -1.4351, -0.141, -0.009501
19, 10.255, -1.4349999999999998, -0.141, 10.255400000000002, -1.4350500000000002, -0.141, -0.00948
19, 10.265, -1.4349999999999998, -0.141, 10.265, -1.435, -0.141, -0.009506
19, 10.275, -1.4349999999999998, -0.141, 10.2743, -1.435, -0.141, -0.009491
19, 10.285, -1.4349999999999998, -0.141, 10.284650000000001, -1.43495, -0.141, -0.009512
19, 10.295, -1.4349999999999998, -0.141, 10.29465, -1.4349, -0.141, -0.009527
19, 10.305, -1.4349999999999998, -0.141, 10.3051, -1.43495, -0.141, -0.009475
19, 10.315, -1.4349999999999998, -0.141, 10.314200000000001, -1.435, -0.141, -0.009486
19, 10.325, -1.4349999999999998, -0.141, 10.324200000000001, -1.435, -0.141, -0.008505
19, 10.334999999999999, -1.4349999999999998, -0.141, 10.335400000000002, -1.4351, -0.141, -0.009543
19, 10.344999999999999, -1.4349999999999998, -0.141, 10.34445, -1.4351, -0.141, -0.009486
19, 10.354999999999999, -1.4349999999999998, -0.141, 10.354550000000001, -1.4351, -0.141, -0.009465
19, 10.364999999999998, -1.4349999999999998, -0.141, 10.364550000000001, -1.4351, -0.141, -0.009517
19, 10.374999999999998, -1.4349999999999998, -0.141, 10.374900000000002, -1.4350500000000002, -0.141, -0.009548
19, 10.384999999999998, -1.4349999999999998, -0.141, 10.384300000000001, -1.4350500000000002, -0.141, -0.009475
19, 10.394999999999998, -1.4349999999999998, -0.141, 10.3953, -1.4349, -0.141, -0.009517
19, 10.404999999999998, -1.4349999999999998, -0.141, 10.405100000000001, -1.43495, -0.141, -0.009533
19, 10.414999999999997, -1.4349999999999998, -0.141, 10.414550000000002, -1.43495, -0.141, -0.009491
19, 10.424999999999997, -1.4349999999999998, -0.141, 10.4257, -1.435, -0.141, -0.009512
19, 10.424999999999997, -1.4449999999999998, -0.141, 10.424650000000002, -1.44415, -0.141, -0.009522
19, 10.424999999999997, -1.4549999999999998, -0.141, 10.424900000000001, -1.4549, -0.141, -0.009522
19, 10.424999999999997, -1.4649999999999999, -0.141, 10.424900000000001, -1.4645500000000002, -0.141, -0.00948
19, 10.424999999999997, -1.4749999999999999, -0.141, 10.424850000000001, -1.47435, -0.141, -0.00948
19, 10.424999999999997, -1.4849999999999999, -0.141, 10.425450000000001, -1.4843000000000002, -0.141, -0.009522
19, 10.424999999999997, -1.4949999999999999, -0.141, 10.423800000000002, -1.4951, -0.141, -0.009491
19, 10.424999999999997, -1.505, -0.141, 10.4251, -1.5048500000000002, -0.141, -0.00948
19, 10.424999999999997, -1.515, -0.141, 10.425550000000001, -1.51575, -0.141, -0.009506
19, 10.424999999999997, -1.525, -0.141, 10.425550000000001, -1.5248000000000002, -0.141, -0.009486
19, 10.424999999999997, -1.535, -0.141, 10.424150000000001, -1.5351000000000001, -0.141, -0.009527
19, 10.424999999999997, -1.545, -0.141, 10.42445, -1.5455500000000002, -0.14095000000000002, -0.009543
19, 10.424999999999997, -1.555, -0.141, 10.425650000000001, -1.5559, -0.141, -0.009512
19, 10.424999999999997, -1.565, -0.141, 10.425650000000001, -1.5657, -0.141, -0.00948
19, 10.424999999999997, -1.575, -0.141, 10.424650000000002, -1.5754000000000001, -0.14105, -0.009543
19, 10.424999999999997, -1.585, -0.141, 10.4255, -1.5845500000000001, -0.1411, -0.009486
19, 10.424999999999997, -1.595, -0.141, 10.4231, -1.59485, -0.1411, -0.009486
19, 10.424999999999997, -1.605, -0.141, 10.424150000000001, -1.6049, -0.1411, -0.009475
19, 10.424999999999997, -1.615, -0.141, 10.4235, -1.6146, -0.14105, -0.009475
19, 10.424999999999997, -1.625, -0.141, 10.425450000000001, -1.62515, -0.141, -0.009512
20, 10.414999999999997, -1.625, -0.141, 10.4156, -1.6252, -0.141, -0.009527
20, 10.404999999999998, -1.625, -0.141, 10.404900000000001, -1.62505, -0.14095000000000002, -0.009486
20, 10.394999999999998, -1.625, -0.141, 10.39535, -1.6248000000000002, -0.1409, -0.009486
20, 10.384999999999998, -1.625, -0.141, 10.38455, -1.6249, -0.14095000000000002, -0.009527
20, 10.374999999999998, -1.625, -0.141, 10.3748, -1.62505, -0.14095000000000002, -0.009491
20, 10.364999999999998, -1.625, -0.141, 10.365050000000002, -1.6252, -0.14095000000000002, -0.009491
20, 10.354999999999999, -1.625, -0.141, 10.35475, -1.6252, -0.141, -0.009506
20, 10.344999999999999, -1.625, -0.141, 10.345900000000002, -1.6251000000000002, -0.141, -0.009501
20, 10.334999999999999, -1.625, -0.141, 10.33535, -1.625, -0.141, -0.009475
20, 10.325, -1.625, -0.141, 10.32535, -1.6251000000000002, -0.141, -0.009512
20, 10.315, -1.625, -0.141, 10.3152, -1.625, -0.141, -0.009522
20, 10.305, -1.625, -0.141, 10.30545, -1.6249500000000001, -0.141, -0.009496
20, 10.295, -1.625, -0.141, 10.29425, -1.6248000000000002, -0.1411, -0.009486
20, 10.285, -1.625, -0.141, 10.285050000000002, -1.6249, -0.1411, -0.009533
20, 10.275, -1.625, -0.141, 10.27495, -1.625, -0.1411, -0.009506
20, 10.265, -1.625, -0.141, 10.2651, -1.6249500000000001, -0.1411, -0.009491
20, 10.255, -1.625, -0.141, 10.2546, -1.6252, -0.14105, -0.009512
20, 10.245000000000001, -1.625, -0.141, 10.24475, -1.6252, -0.14105, -0.009527
20, 10.235000000000001, -1.625, -0.141, 10.2355, -1.6252, -0.14095000000000002, -0.00948
20, 10.225000000000001, -1.625, -0.141, 10.225400000000002, -1.625, -0.1409, -0.009486
20, 10.225000000000001, -1.615, -0.141, 10.225700000000002, -1.6151000000000002, -0.1409, -0.009282
20, 10.225000000000001, -1.605, -0.141, 10.22525, -1.6046, -0.14095000000000002, -0.009376
20, 10.225000000000001, -1.595, -0.141, 10.2245, -1.59505, -0.14095000000000002, -0.009402
20, 10.225000000000001, -1.585, -0.141, 10.224900000000002, -1.5845500000000001, -0.14095000000000002, -0.009418
20, 10.225000000000001, -1.575, -0.141, 10.2247, -1.5751000000000002, -0.14095000000000002, -0.009486
20, 10.225000000000001, -1.565, -0.141, 10.225400000000002, -1.5644, -0.141, -0.009506
20, 10.225000000000001, -1.555, -0.141, 10.224950000000002, -1.5547, -0.14095000000000002, -0.00948
20, 10.225000000000001, -1.545, -0.141, 10.22525, -1.54485, -0.14105, -0.009418
20, 10.225000000000001, -1.535, -0.141, 10.2245, -1.5351000000000001, -0.1411, -0.009449
20, 10.225000000000001, -1.525, -0.141, 10.226400000000002, -1.52455, -0.1411, -0.009423
20, 10.225000000000001, -1.515, -0.141, 10.22425, -1.515, -0.1411, -0.009319
20, 10.225000000000001, -1.505, -0.141, 10.225700000000002, -1.5049000000000001, -0.14105, -0.00934
20, 10.225000000000001, -1.4949999999999999, -0.141, 10.224800000000002, -1.49415, -0.141, -0.009366
20, 10.225000000000001, -1.4849999999999999, -0.141, 10.224150000000002, -1.4846000000000001, -0.141, -0.009204
20, 10.225000000000001, -1.4749999999999999, -0.141, 10.225650000000002, -1.4756500000000001, -0.141, -0.009407
20, 10.225000000000001, -1.4649999999999999, -0.141, 10.22545, -1.4652, -0.141, -0.009433
20, 10.225000000000001, -1.4549999999999998, -0.141, 10.22535, -1.45525, -0.141, -0.009418
20, 10.225000000000001, -1.4449999999999998, -0.141, 10.22475, -1.4460500000000003, -0.141, -0.00935
20, 10.225000000000001, -1.4349999999999998, -0.141, 10.224650000000002, -1.4351500000000001, -0.14095000000000002, -0.009381
20, 10.225000000000001, -1.4249999999999998, -0.141, 10.225150000000001, -1.4250500000000001, -0.14095000000000002, -0.009168
0, 10.325, -1.525, -0.04099999999999998, 10.22525, -1.42495, -0.14095000000000002, -0.009381
