Voltage = 4.4, Current = 20.5, Pinhole = 15um, Objective = 20x, NA = 0.42, blue LED 
0, 11, 1.5, 0.5, 11.000350000000001, 1.5001000000000002, 0.50005, -0.009303
1, 11.05, 1.5, 0.5, 11.0511, 1.50015, 0.50005, -0.009246
1, 11.05, 1.45, 0.5, 11.050600000000001, 1.45035, 0.50005, -0.009272
2, 11.0, 1.45, 0.5, 10.99975, 1.4495500000000001, 0.50005, -0.009282
2, 10.95, 1.45, 0.5, 10.9502, 1.45015, 0.50015, -0.009293
2, 10.95, 1.5, 0.5, 10.94885, 1.4995, 0.50015, -0.009298
2, 10.95, 1.55, 0.5, 10.9502, 1.5494, 0.49970000000000003, -0.009308
3, 11.0, 1.55, 0.5, 10.9997, 1.5502, 0.50005, -0.009282
3, 11.05, 1.55, 0.5, 11.05, 1.5498000000000003, 0.50015, -0.009241
3, 11.100000000000001, 1.55, 0.5, 11.099800000000002, 1.5498000000000003, 0.50015, -0.009246
3, 11.100000000000001, 1.5, 0.5, 11.10035, 1.5001000000000002, 0.4999, -0.009251
3, 11.100000000000001, 1.45, 0.5, 11.101400000000002, 1.45025, 0.5, -0.009293
3, 11.100000000000001, 1.4, 0.5, 11.100850000000001, 1.39945, 0.50005, -0.009303
4, 11.05, 1.4, 0.5, 11.05, 1.39985, 0.50015, -0.009267
4, 11.0, 1.4, 0.5, 10.9992, 1.3999000000000001, 0.5001, -0.009293
4, 10.95, 1.4, 0.5, 10.950800000000001, 1.39995, 0.5, -0.009277
4, 10.899999999999999, 1.4, 0.5, 10.9001, 1.4000500000000002, 0.49985, -0.009293
4, 10.899999999999999, 1.45, 0.5, 10.8986, 1.4503000000000001, 0.49975, -0.009298
4, 10.899999999999999, 1.5, 0.5, 10.9006, 1.5008000000000001, 0.49975, -0.009272
4, 10.899999999999999, 1.55, 0.5, 10.89925, 1.5503000000000002, 0.5002000000000001, -0.00922
4, 10.899999999999999, 1.6, 0.5, 10.898150000000001, 1.5995500000000002, 0.5002000000000001, -0.009293
5, 10.95, 1.6, 0.5, 10.9495, 1.5997000000000001, 0.4999, -0.009308
5, 11.0, 1.6, 0.5, 11.00025, 1.6005, 0.49985, -0.009298
5, 11.05, 1.6, 0.5, 11.049900000000001, 1.5996000000000001, 0.49985, -0.009261
5, 11.100000000000001, 1.6, 0.5, 11.1, 1.6002, 0.5, -0.009251
5, 11.150000000000002, 1.6, 0.5, 11.15095, 1.6003000000000003, 0.5, -0.009241
5, 11.150000000000002, 1.55, 0.5, 11.151150000000001, 1.5504, 0.5, -0.009241
5, 11.150000000000002, 1.5, 0.5, 11.14935, 1.4993, 0.5, -0.009287
5, 11.150000000000002, 1.45, 0.5, 11.15075, 1.44975, 0.5, -0.009293
5, 11.150000000000002, 1.4, 0.5, 11.15075, 1.39975, 0.5, -0.009308
5, 11.150000000000002, 1.3499999999999999, 0.5, 11.150150000000002, 1.3496000000000001, 0.5, -0.009241
6, 11.100000000000001, 1.3499999999999999, 0.5, 11.099900000000002, 1.34935, 0.50005, -0.009235
6, 11.05, 1.3499999999999999, 0.5, 11.049700000000001, 1.3497000000000001, 0.5001, -0.009241
6, 11.0, 1.3499999999999999, 0.5, 10.99905, 1.3503500000000002, 0.5001, -0.009287
6, 10.95, 1.3499999999999999, 0.5, 10.949800000000002, 1.3497000000000001, 0.50005, -0.009267
6, 10.899999999999999, 1.3499999999999999, 0.5, 10.8998, 1.3503500000000002, 0.5, -0.009308
6, 10.849999999999998, 1.3499999999999999, 0.5, 10.849450000000001, 1.3499, 0.4999, -0.009256
6, 10.849999999999998, 1.4, 0.5, 10.84825, 1.3998000000000002, 0.4999, -0.009251
6, 10.849999999999998, 1.45, 0.5, 10.850850000000001, 1.4502000000000002, 0.4999, -0.00923
6, 10.849999999999998, 1.5, 0.5, 10.8497, 1.50015, 0.4999, -0.009272
6, 10.849999999999998, 1.55, 0.5, 10.852450000000001, 1.5494, 0.5001, -0.009293
6, 10.849999999999998, 1.6, 0.5, 10.8495, 1.60085, 0.5002000000000001, -0.009287
6, 10.849999999999998, 1.6500000000000001, 0.5, 10.850150000000001, 1.6497, 0.5002000000000001, -0.009246
7, 10.899999999999999, 1.6500000000000001, 0.5, 10.900450000000001, 1.6496000000000002, 0.4999, -0.009287
7, 10.95, 1.6500000000000001, 0.5, 10.9495, 1.65045, 0.49985, -0.009287
7, 11.0, 1.6500000000000001, 0.5, 11.0001, 1.64995, 0.4999, -0.009272
7, 11.05, 1.6500000000000001, 0.5, 11.050650000000001, 1.64975, 0.5, -0.009293
7, 11.100000000000001, 1.6500000000000001, 0.5, 11.10025, 1.6501000000000001, 0.5, -0.009303
7, 11.150000000000002, 1.6500000000000001, 0.5, 11.1499, 1.6502000000000001, 0.5, -0.009261
7, 11.200000000000003, 1.6500000000000001, 0.5, 11.20095, 1.6501000000000001, 0.50005, -0.009314
7, 11.200000000000003, 1.6, 0.5, 11.20095, 1.6005, 0.5002000000000001, -0.009272
7, 11.200000000000003, 1.55, 0.5, 11.200550000000002, 1.54945, 0.5002000000000001, -0.009235
7, 11.200000000000003, 1.5, 0.5, 11.199950000000001, 1.50035, 0.4999, -0.009246
7, 11.200000000000003, 1.45, 0.5, 11.2006, 1.4496000000000002, 0.4999, -0.009251
7, 11.200000000000003, 1.4, 0.5, 11.201550000000001, 1.3998000000000002, 0.4999, -0.009287
7, 11.200000000000003, 1.3499999999999999, 0.5, 11.19985, 1.3496000000000001, 0.50005, -0.009277
7, 11.200000000000003, 1.2999999999999998, 0.5, 11.199950000000001, 1.3, 0.50015, -0.009251
8, 11.150000000000002, 1.2999999999999998, 0.5, 11.14985, 1.2998500000000002, 0.5001, -0.009282
8, 11.100000000000001, 1.2999999999999998, 0.5, 11.0997, 1.2998500000000002, 0.5, -0.009298
8, 11.05, 1.2999999999999998, 0.5, 11.0496, 1.29995, 0.5, -0.009303
8, 11.0, 1.2999999999999998, 0.5, 10.999600000000001, 1.3001, 0.49995000000000006, -0.009272
8, 10.95, 1.2999999999999998, 0.5, 10.95025, 1.3001, 0.49995000000000006, -0.009308
8, 10.899999999999999, 1.2999999999999998, 0.5, 10.89985, 1.3001, 0.49995000000000006, -0.009241
8, 10.849999999999998, 1.2999999999999998, 0.5, 10.8491, 1.3000500000000001, 0.5, -0.009287
8, 10.799999999999997, 1.2999999999999998, 0.5, 10.8011, 1.3, 0.49995000000000006, -0.009246
8, 10.799999999999997, 1.3499999999999999, 0.5, 10.8011, 1.3493000000000002, 0.49995000000000006, -0.009298
8, 10.799999999999997, 1.4, 0.5, 10.7996, 1.39995, 0.50005, -0.009308
8, 10.799999999999997, 1.45, 0.5, 10.7986, 1.45, 0.50005, -0.009298
8, 10.799999999999997, 1.5, 0.5, 10.79885, 1.5, 0.5, -0.009256
8, 10.799999999999997, 1.55, 0.5, 10.799800000000001, 1.5511000000000001, 0.5, -0.009303
8, 10.799999999999997, 1.6, 0.5, 10.798650000000002, 1.5999, 0.5, -0.009272
8, 10.799999999999997, 1.6500000000000001, 0.5, 10.800600000000001, 1.6498000000000002, 0.5, -0.009261
8, 10.799999999999997, 1.7000000000000002, 0.5, 10.801050000000002, 1.7004000000000001, 0.49995000000000006, -0.009293
9, 10.849999999999998, 1.7000000000000002, 0.5, 10.850200000000001, 1.69995, 0.4999, -0.009287
9, 10.899999999999999, 1.7000000000000002, 0.5, 10.900400000000001, 1.69995, 0.4999, -0.009308
9, 10.95, 1.7000000000000002, 0.5, 10.9496, 1.69985, 0.49995000000000006, -0.009241
9, 11.0, 1.7000000000000002, 0.5, 11.000300000000001, 1.69985, 0.5, -0.009277
9, 11.05, 1.7000000000000002, 0.5, 11.05085, 1.7000500000000003, 0.50005, -0.009308
9, 11.100000000000001, 1.7000000000000002, 0.5, 11.100150000000001, 1.7000500000000003, 0.50015, -0.009298
9, 11.150000000000002, 1.7000000000000002, 0.5, 11.1506, 1.7000500000000003, 0.5002000000000001, -0.009277
9, 11.200000000000003, 1.7000000000000002, 0.5, 11.20085, 1.69995, 0.5002000000000001, -0.009256
9, 11.250000000000004, 1.7000000000000002, 0.5, 11.24985, 1.6999000000000002, 0.5, -0.009251
9, 11.250000000000004, 1.6500000000000001, 0.5, 11.25115, 1.64965, 0.5, -0.009235
9, 11.250000000000004, 1.6, 0.5, 11.2491, 1.6006500000000001, 0.5, -0.009246
9, 11.250000000000004, 1.55, 0.5, 11.250300000000001, 1.5492000000000001, 0.5, -0.009256
9, 11.250000000000004, 1.5, 0.5, 11.249400000000001, 1.4990500000000002, 0.49995000000000006, -0.00923
9, 11.250000000000004, 1.45, 0.5, 11.251, 1.44975, 0.49985, -0.009256
9, 11.250000000000004, 1.4, 0.5, 11.25115, 1.3997, 0.49985, -0.009287
9, 11.250000000000004, 1.3499999999999999, 0.5, 11.2497, 1.3496000000000001, 0.50005, -0.009293
9, 11.250000000000004, 1.2999999999999998, 0.5, 11.25025, 1.3002, 0.5001, -0.009293
9, 11.250000000000004, 1.2499999999999998, 0.5, 11.25115, 1.25005, 0.50015, -0.009282
10, 11.200000000000003, 1.2499999999999998, 0.5, 11.2005, 1.25005, 0.50015, -0.009293
10, 11.150000000000002, 1.2499999999999998, 0.5, 11.1498, 1.25, 0.50005, -0.009246
10, 11.100000000000001, 1.2499999999999998, 0.5, 11.099650000000002, 1.2499500000000001, 0.5, -0.009298
10, 11.05, 1.2499999999999998, 0.5, 11.04935, 1.2499, 0.5, -0.009298
10, 11.0, 1.2499999999999998, 0.5, 10.99925, 1.2499, 0.49995000000000006, -0.00923
10, 10.95, 1.2499999999999998, 0.5, 10.950650000000001, 1.25005, 0.4999, -0.009261
10, 10.899999999999999, 1.2499999999999998, 0.5, 10.8993, 1.25005, 0.4999, -0.009314
10, 10.849999999999998, 1.2499999999999998, 0.5, 10.84955, 1.2501000000000002, 0.4999, -0.009298
10, 10.799999999999997, 1.2499999999999998, 0.5, 10.80075, 1.25005, 0.49995000000000006, -0.009308
10, 10.749999999999996, 1.2499999999999998, 0.5, 10.75075, 1.2499, 0.5001, -0.009298
10, 10.749999999999996, 1.2999999999999998, 0.5, 10.74895, 1.3007, 0.5001, -0.009256
10, 10.749999999999996, 1.3499999999999999, 0.5, 10.748400000000002, 1.3499, 0.5001, -0.009246
10, 10.749999999999996, 1.4, 0.5, 10.74875, 1.4, 0.50005, -0.009287
10, 10.749999999999996, 1.45, 0.5, 10.75025, 1.4500500000000003, 0.5, -0.009256
10, 10.749999999999996, 1.5, 0.5, 10.749550000000001, 1.5003000000000002, 0.49995000000000006, -0.009225
10, 10.749999999999996, 1.55, 0.5, 10.7501, 1.54975, 0.4999, -0.009241
10, 10.749999999999996, 1.6, 0.5, 10.74755, 1.59965, 0.50005, -0.009225
10, 10.749999999999996, 1.6500000000000001, 0.5, 10.751, 1.6493000000000002, 0.5001, -0.009235
10, 10.749999999999996, 1.7000000000000002, 0.5, 10.748400000000002, 1.6998000000000002, 0.50005, -0.009241
10, 10.749999999999996, 1.7500000000000002, 0.5, 10.75025, 1.75025, 0.5001, -0.009298
11, 10.799999999999997, 1.7500000000000002, 0.5, 10.800550000000001, 1.75045, 0.5001, -0.009293
11, 10.849999999999998, 1.7500000000000002, 0.5, 10.850100000000001, 1.7497, 0.5, -0.009256
11, 10.899999999999999, 1.7500000000000002, 0.5, 10.89995, 1.75, 0.5, -0.009241
11, 10.95, 1.7500000000000002, 0.5, 10.949050000000002, 1.75015, 0.49995000000000006, -0.009235
11, 11.0, 1.7500000000000002, 0.5, 10.99935, 1.75005, 0.49995000000000006, -0.009272
11, 11.05, 1.7500000000000002, 0.5, 11.05, 1.74975, 0.49995000000000006, -0.009303
11, 11.100000000000001, 1.7500000000000002, 0.5, 11.1003, 1.7499, 0.4999, -0.009293
11, 11.150000000000002, 1.7500000000000002, 0.5, 11.15005, 1.75015, 0.5, -0.009241
11, 11.200000000000003, 1.7500000000000002, 0.5, 11.20085, 1.75015, 0.5, -0.009251
11, 11.250000000000004, 1.7500000000000002, 0.5, 11.25055, 1.7499, 0.50005, -0.009246
11, 11.300000000000004, 1.7500000000000002, 0.5, 11.299550000000002, 1.74975, 0.5001, -0.009235
11, 11.300000000000004, 1.7000000000000002, 0.5, 11.30185, 1.7006000000000001, 0.5001, -0.009287
11, 11.300000000000004, 1.6500000000000001, 0.5, 11.301300000000001, 1.65075, 0.5001, -0.009293
11, 11.300000000000004, 1.6, 0.5, 11.300600000000001, 1.60095, 0.5, -0.009241
11, 11.300000000000004, 1.55, 0.5, 11.30125, 1.5496500000000002, 0.5, -0.009246
11, 11.300000000000004, 1.5, 0.5, 11.300600000000001, 1.4997, 0.5, -0.009256
11, 11.300000000000004, 1.45, 0.5, 11.3001, 1.44985, 0.4999, -0.009287
11, 11.300000000000004, 1.4, 0.5, 11.301800000000002, 1.40075, 0.4999, -0.009287
11, 11.300000000000004, 1.3499999999999999, 0.5, 11.3011, 1.3493000000000002, 0.4999, -0.009256
11, 11.300000000000004, 1.2999999999999998, 0.5, 11.30035, 1.2997, 0.49995000000000006, -0.009241
11, 11.300000000000004, 1.2499999999999998, 0.5, 11.299800000000001, 1.2495500000000002, 0.5001, -0.009282
11, 11.300000000000004, 1.1999999999999997, 0.5, 11.3011, 1.20015, 0.5001, -0.009282
12, 11.250000000000004, 1.1999999999999997, 0.5, 11.250950000000001, 1.19975, 0.50015, -0.009282
12, 11.200000000000003, 1.1999999999999997, 0.5, 11.199300000000001, 1.19995, 0.50005, -0.009235
12, 11.150000000000002, 1.1999999999999997, 0.5, 11.14995, 1.20005, 0.4999, -0.009251
12, 11.100000000000001, 1.1999999999999997, 0.5, 11.0988, 1.20015, 0.49985, -0.009246
12, 11.05, 1.1999999999999997, 0.5, 11.04925, 1.2001000000000002, 0.49985, -0.009277
12, 11.0, 1.1999999999999997, 0.5, 11.00025, 1.19985, 0.49995000000000006, -0.009287
12, 10.95, 1.1999999999999997, 0.5, 10.9502, 1.1999000000000002, 0.50015, -0.009293
12, 10.899999999999999, 1.1999999999999997, 0.5, 10.90025, 1.20005, 0.50015, -0.009298
12, 10.849999999999998, 1.1999999999999997, 0.5, 10.84885, 1.20005, 0.50005, -0.009293
12, 10.799999999999997, 1.1999999999999997, 0.5, 10.80085, 1.20005, 0.50005, -0.009277
12, 10.749999999999996, 1.1999999999999997, 0.5, 10.74995, 1.2, 0.49995000000000006, -0.009287
12, 10.699999999999996, 1.1999999999999997, 0.5, 10.699150000000001, 1.19995, 0.49985, -0.009225
12, 10.699999999999996, 1.2499999999999998, 0.5, 10.698450000000001, 1.2518500000000001, 0.49985, -0.009225
12, 10.699999999999996, 1.2999999999999998, 0.5, 10.7, 1.3012000000000001, 0.5, -0.009251
12, 10.699999999999996, 1.3499999999999999, 0.5, 10.700800000000001, 1.3495500000000002, 0.5, -0.009298
12, 10.699999999999996, 1.4, 0.5, 10.69795, 1.4001000000000001, 0.5, -0.009298
12, 10.699999999999996, 1.45, 0.5, 10.69945, 1.4500500000000003, 0.5, -0.009287
12, 10.699999999999996, 1.5, 0.5, 10.70025, 1.50035, 0.5, -0.00922
12, 10.699999999999996, 1.55, 0.5, 10.699200000000001, 1.55, 0.50015, -0.009256
12, 10.699999999999996, 1.6, 0.5, 10.6976, 1.6000500000000002, 0.5001, -0.009235
12, 10.699999999999996, 1.6500000000000001, 0.5, 10.7005, 1.64995, 0.5, -0.009241
12, 10.699999999999996, 1.7000000000000002, 0.5, 10.70255, 1.70065, 0.5, -0.009287
12, 10.699999999999996, 1.7500000000000002, 0.5, 10.6991, 1.7499, 0.4999, -0.009251
12, 10.699999999999996, 1.8000000000000003, 0.5, 10.698550000000001, 1.80055, 0.4999, -0.009256
13, 10.749999999999996, 1.8000000000000003, 0.5, 10.7498, 1.8, 0.4999, -0.009293
13, 10.799999999999997, 1.8000000000000003, 0.5, 10.799800000000001, 1.7998000000000003, 0.4999, -0.009267
13, 10.849999999999998, 1.8000000000000003, 0.5, 10.8497, 1.8000500000000001, 0.50005, -0.00923
13, 10.899999999999999, 1.8000000000000003, 0.5, 10.9014, 1.8001500000000001, 0.5001, -0.009272
13, 10.95, 1.8000000000000003, 0.5, 10.9494, 1.8001500000000001, 0.5001, -0.009241
13, 11.0, 1.8000000000000003, 0.5, 10.999300000000002, 1.7998500000000002, 0.5001, -0.009298
13, 11.05, 1.8000000000000003, 0.5, 11.05035, 1.7998000000000003, 0.50005, -0.009277
13, 11.100000000000001, 1.8000000000000003, 0.5, 11.100200000000001, 1.8, 0.5, -0.009303
13, 11.150000000000002, 1.8000000000000003, 0.5, 11.1501, 1.8002, 0.5, -0.009303
13, 11.200000000000003, 1.8000000000000003, 0.5, 11.200800000000001, 1.8000500000000001, 0.49995000000000006, -0.009267
13, 11.250000000000004, 1.8000000000000003, 0.5, 11.249900000000002, 1.7998000000000003, 0.4999, -0.009246
13, 11.300000000000004, 1.8000000000000003, 0.5, 11.3001, 1.8000500000000001, 0.4999, -0.009241
13, 11.350000000000005, 1.8000000000000003, 0.5, 11.350800000000001, 1.8001500000000001, 0.49995000000000006, -0.009251
13, 11.350000000000005, 1.7500000000000002, 0.5, 11.3515, 1.7495, 0.50005, -0.00923
13, 11.350000000000005, 1.7000000000000002, 0.5, 11.3503, 1.69995, 0.50005, -0.009303
13, 11.350000000000005, 1.6500000000000001, 0.5, 11.35135, 1.6504, 0.5001, -0.009277
13, 11.350000000000005, 1.6, 0.5, 11.350550000000002, 1.59945, 0.49995000000000006, -0.009298
13, 11.350000000000005, 1.55, 0.5, 11.349900000000002, 1.54975, 0.49995000000000006, -0.009246
13, 11.350000000000005, 1.5, 0.5, 11.351700000000001, 1.5, 0.50005, -0.009235
13, 11.350000000000005, 1.45, 0.5, 11.3497, 1.44895, 0.50005, -0.009293
13, 11.350000000000005, 1.4, 0.5, 11.35, 1.40045, 0.5001, -0.009293
13, 11.350000000000005, 1.3499999999999999, 0.5, 11.35025, 1.3493000000000002, 0.5001, -0.009282
13, 11.350000000000005, 1.2999999999999998, 0.5, 11.35045, 1.3003500000000001, 0.50005, -0.009272
13, 11.350000000000005, 1.2499999999999998, 0.5, 11.35195, 1.25045, 0.49995000000000006, -0.009251
13, 11.350000000000005, 1.1999999999999997, 0.5, 11.350650000000002, 1.19905, 0.4999, -0.009246
13, 11.350000000000005, 1.1499999999999997, 0.5, 11.350650000000002, 1.1497, 0.4999, -0.00923
14, 11.300000000000004, 1.1499999999999997, 0.5, 11.298900000000001, 1.1502000000000001, 0.4999, -0.009267
14, 11.250000000000004, 1.1499999999999997, 0.5, 11.250800000000002, 1.1501000000000001, 0.5, -0.009246
14, 11.200000000000003, 1.1499999999999997, 0.5, 11.199900000000001, 1.14965, 0.5001, -0.009251
14, 11.150000000000002, 1.1499999999999997, 0.5, 11.14995, 1.14995, 0.50005, -0.009282
14, 11.100000000000001, 1.1499999999999997, 0.5, 11.09895, 1.15015, 0.50005, -0.009303
14, 11.05, 1.1499999999999997, 0.5, 11.04925, 1.1502000000000001, 0.50005, -0.009308
14, 11.0, 1.1499999999999997, 0.5, 11.000150000000001, 1.1499000000000001, 0.50005, -0.009256
14, 10.95, 1.1499999999999997, 0.5, 10.950800000000001, 1.1499000000000001, 0.5, -0.009287
14, 10.899999999999999, 1.1499999999999997, 0.5, 10.899150000000002, 1.15005, 0.49995000000000006, -0.009256
14, 10.849999999999998, 1.1499999999999997, 0.5, 10.84895, 1.1502000000000001, 0.4999, -0.009241
14, 10.799999999999997, 1.1499999999999997, 0.5, 10.80095, 1.15015, 0.49985, -0.009251
14, 10.749999999999996, 1.1499999999999997, 0.5, 10.75055, 1.15, 0.4999, -0.009246
14, 10.699999999999996, 1.1499999999999997, 0.5, 10.7, 1.14995, 0.5, -0.009256
14, 10.649999999999995, 1.1499999999999997, 0.5, 10.6511, 1.15, 0.5, -0.009261
14, 10.649999999999995, 1.1999999999999997, 0.5, 10.648700000000002, 1.2005, 0.49995000000000006, -0.009256
14, 10.649999999999995, 1.2499999999999998, 0.5, 10.65095, 1.24925, 0.50015, -0.009303
14, 10.649999999999995, 1.2999999999999998, 0.5, 10.650900000000002, 1.2998500000000002, 0.50005, -0.009261
14, 10.649999999999995, 1.3499999999999999, 0.5, 10.65085, 1.34995, 0.4999, -0.009303
14, 10.649999999999995, 1.4, 0.5, 10.64875, 1.40015, 0.4999, -0.009267
14, 10.649999999999995, 1.45, 0.5, 10.64945, 1.4497, 0.4999, -0.009308
14, 10.649999999999995, 1.5, 0.5, 10.650900000000002, 1.4996, 0.5, -0.009293
14, 10.649999999999995, 1.55, 0.5, 10.65085, 1.5504, 0.5, -0.009272
14, 10.649999999999995, 1.6, 0.5, 10.6475, 1.5998, 0.5, -0.009298
14, 10.649999999999995, 1.6500000000000001, 0.5, 10.65185, 1.6499000000000001, 0.50005, -0.009251
14, 10.649999999999995, 1.7000000000000002, 0.5, 10.6461, 1.6997, 0.50005, -0.009256
14, 10.649999999999995, 1.7500000000000002, 0.5, 10.653900000000002, 1.74925, 0.50005, -0.009277
14, 10.649999999999995, 1.8000000000000003, 0.5, 10.65155, 1.7998000000000003, 0.50005, -0.009246
14, 10.649999999999995, 1.8500000000000003, 0.5, 10.649400000000002, 1.8498500000000002, 0.49985, -0.009256
15, 10.699999999999996, 1.8500000000000003, 0.5, 10.700050000000001, 1.8507, 0.49985, -0.009246
15, 10.749999999999996, 1.8500000000000003, 0.5, 10.7513, 1.8496000000000001, 0.5, -0.009282
15, 10.799999999999997, 1.8500000000000003, 0.5, 10.799650000000002, 1.8501500000000002, 0.49995000000000006, -0.009298
15, 10.849999999999998, 1.8500000000000003, 0.5, 10.84955, 1.8498500000000002, 0.50005, -0.009282
15, 10.899999999999999, 1.8500000000000003, 0.5, 10.9, 1.85, 0.50015, -0.009303
15, 10.95, 1.8500000000000003, 0.5, 10.949150000000001, 1.8502, 0.5001, -0.009235
15, 11.0, 1.8500000000000003, 0.5, 10.99985, 1.8499, 0.50005, -0.009303
15, 11.05, 1.8500000000000003, 0.5, 11.0496, 1.8498, 0.5, -0.009267
15, 11.100000000000001, 1.8500000000000003, 0.5, 11.100200000000001, 1.8502, 0.5, -0.009256
15, 11.150000000000002, 1.8500000000000003, 0.5, 11.14975, 1.84995, 0.5, -0.00923
15, 11.200000000000003, 1.8500000000000003, 0.5, 11.20105, 1.8498, 0.5, -0.009261
15, 11.250000000000004, 1.8500000000000003, 0.5, 11.249400000000001, 1.8500500000000002, 0.4999, -0.009287
15, 11.300000000000004, 1.8500000000000003, 0.5, 11.30025, 1.85025, 0.4999, -0.009241
15, 11.350000000000005, 1.8500000000000003, 0.5, 11.351, 1.8498, 0.49985, -0.009246
15, 11.400000000000006, 1.8500000000000003, 0.5, 11.40025, 1.8500500000000002, 0.4999, -0.009298
15, 11.400000000000006, 1.8000000000000003, 0.5, 11.4011, 1.80025, 0.5, -0.009293
15, 11.400000000000006, 1.7500000000000002, 0.5, 11.39875, 1.7498000000000002, 0.5001, -0.009256
15, 11.400000000000006, 1.7000000000000002, 0.5, 11.39985, 1.7, 0.50005, -0.009314
15, 11.400000000000006, 1.6500000000000001, 0.5, 11.401800000000001, 1.64995, 0.5001, -0.009261
15, 11.400000000000006, 1.6, 0.5, 11.3986, 1.6007, 0.50005, -0.009287
15, 11.400000000000006, 1.55, 0.5, 11.398050000000001, 1.54945, 0.50005, -0.009246
15, 11.400000000000006, 1.5, 0.5, 11.4017, 1.49945, 0.5, -0.009293
15, 11.400000000000006, 1.45, 0.5, 11.399700000000001, 1.4500500000000003, 0.4999, -0.009256
15, 11.400000000000006, 1.4, 0.5, 11.40085, 1.39945, 0.49995000000000006, -0.009241
15, 11.400000000000006, 1.3499999999999999, 0.5, 11.40125, 1.3501500000000002, 0.4999, -0.009235
15, 11.400000000000006, 1.2999999999999998, 0.5, 11.3991, 1.30025, 0.49995000000000006, -0.009287
15, 11.400000000000006, 1.2499999999999998, 0.5, 11.401200000000001, 1.2505500000000003, 0.49995000000000006, -0.009298
15, 11.400000000000006, 1.1999999999999997, 0.5, 11.40145, 1.19955, 0.50005, -0.009298
15, 11.400000000000006, 1.1499999999999997, 0.5, 11.4015, 1.14965, 0.5001, -0.009251
15, 11.400000000000006, 1.0999999999999996, 0.5, 11.401050000000001, 1.10005, 0.5001, -0.009251
16, 11.350000000000005, 1.0999999999999996, 0.5, 11.349300000000001, 1.10005, 0.5001, -0.009256
16, 11.300000000000004, 1.0999999999999996, 0.5, 11.2993, 1.1, 0.50005, -0.009241
16, 11.250000000000004, 1.0999999999999996, 0.5, 11.2495, 1.09995, 0.49995000000000006, -0.009282
16, 11.200000000000003, 1.0999999999999996, 0.5, 11.1996, 1.0999, 0.4999, -0.009241
16, 11.150000000000002, 1.0999999999999996, 0.5, 11.15005, 1.0999, 0.4999, -0.009251
16, 11.100000000000001, 1.0999999999999996, 0.5, 11.098700000000001, 1.0999, 0.4999, -0.009251
16, 11.05, 1.0999999999999996, 0.5, 11.04925, 1.0998500000000002, 0.49995000000000006, -0.009256
16, 11.0, 1.0999999999999996, 0.5, 11.00055, 1.1001, 0.5001, -0.009251
16, 10.95, 1.0999999999999996, 0.5, 10.94985, 1.10005, 0.5001, -0.009241
16, 10.899999999999999, 1.0999999999999996, 0.5, 10.90005, 1.1, 0.50005, -0.009293
16, 10.849999999999998, 1.0999999999999996, 0.5, 10.849050000000002, 1.1, 0.5, -0.009293
16, 10.799999999999997, 1.0999999999999996, 0.5, 10.7995, 1.09995, 0.4999, -0.009293
16, 10.749999999999996, 1.0999999999999996, 0.5, 10.7498, 1.09995, 0.4999, -0.009293
16, 10.699999999999996, 1.0999999999999996, 0.5, 10.7, 1.10005, 0.4999, -0.009298
16, 10.649999999999995, 1.0999999999999996, 0.5, 10.651150000000001, 1.10005, 0.4999, -0.009246
16, 10.599999999999994, 1.0999999999999996, 0.5, 10.59975, 1.10005, 0.5, -0.009277
16, 10.599999999999994, 1.1499999999999997, 0.5, 10.59795, 1.1496000000000002, 0.5, -0.009251
16, 10.599999999999994, 1.1999999999999997, 0.5, 10.59875, 1.19985, 0.5001, -0.009272
16, 10.599999999999994, 1.2499999999999998, 0.5, 10.602300000000001, 1.2506000000000002, 0.50005, -0.00923
16, 10.599999999999994, 1.2999999999999998, 0.5, 10.597900000000001, 1.3002, 0.5, -0.009287
16, 10.599999999999994, 1.3499999999999999, 0.5, 10.600900000000001, 1.3494000000000002, 0.5, -0.009272
16, 10.599999999999994, 1.4, 0.5, 10.598600000000001, 1.3999000000000001, 0.4999, -0.009251
16, 10.599999999999994, 1.45, 0.5, 10.599450000000001, 1.4502000000000002, 0.4999, -0.009298
16, 10.599999999999994, 1.5, 0.5, 10.597100000000001, 1.50045, 0.4999, -0.009303
16, 10.599999999999994, 1.55, 0.5, 10.59835, 1.5504, 0.5, -0.009251
16, 10.599999999999994, 1.6, 0.5, 10.6003, 1.6001, 0.5001, -0.009246
16, 10.599999999999994, 1.6500000000000001, 0.5, 10.60045, 1.64975, 0.5, -0.009282
16, 10.599999999999994, 1.7000000000000002, 0.5, 10.5981, 1.6998000000000002, 0.5, -0.009293
16, 10.599999999999994, 1.7500000000000002, 0.5, 10.60255, 1.7501000000000002, 0.50005, -0.009241
16, 10.599999999999994, 1.8000000000000003, 0.5, 10.59725, 1.80085, 0.49995000000000006, -0.009235
16, 10.599999999999994, 1.8500000000000003, 0.5, 10.60285, 1.8504, 0.4999, -0.009303
16, 10.599999999999994, 1.9000000000000004, 0.5, 10.60175, 1.89995, 0.5, -0.009256
17, 10.649999999999995, 1.9000000000000004, 0.5, 10.6491, 1.89995, 0.5001, -0.009251
17, 10.699999999999996, 1.9000000000000004, 0.5, 10.700400000000002, 1.8999000000000001, 0.50015, -0.009251
17, 10.749999999999996, 1.9000000000000004, 0.5, 10.7498, 1.9001000000000001, 0.50005, -0.009282
17, 10.799999999999997, 1.9000000000000004, 0.5, 10.800400000000002, 1.9001000000000001, 0.49995000000000006, -0.009246
17, 10.849999999999998, 1.9000000000000004, 0.5, 10.850050000000001, 1.9001000000000001, 0.4999, -0.009287
17, 10.899999999999999, 1.9000000000000004, 0.5, 10.9006, 1.9, 0.4999, -0.009293
17, 10.95, 1.9000000000000004, 0.5, 10.94885, 1.9, 0.4999, -0.009241
17, 11.0, 1.9000000000000004, 0.5, 11.00045, 1.89995, 0.49985, -0.009256
17, 11.05, 1.9000000000000004, 0.5, 11.051, 1.89995, 0.50005, -0.009303
17, 11.100000000000001, 1.9000000000000004, 0.5, 11.10035, 1.9000500000000002, 0.5002000000000001, -0.009251
17, 11.150000000000002, 1.9000000000000004, 0.5, 11.1498, 1.9000500000000002, 0.50015, -0.009261
17, 11.200000000000003, 1.9000000000000004, 0.5, 11.200650000000001, 1.9000500000000002, 0.5001, -0.009261
17, 11.250000000000004, 1.9000000000000004, 0.5, 11.2497, 1.89995, 0.49995000000000006, -0.00923
17, 11.300000000000004, 1.9000000000000004, 0.5, 11.2995, 1.8999000000000001, 0.4999, -0.009241
17, 11.350000000000005, 1.9000000000000004, 0.5, 11.350700000000002, 1.89995, 0.4999, -0.009314
17, 11.400000000000006, 1.9000000000000004, 0.5, 11.4002, 1.9, 0.4999, -0.009272
17, 11.450000000000006, 1.9000000000000004, 0.5, 11.4496, 1.9001000000000001, 0.4999, -0.009293
17, 11.450000000000006, 1.8500000000000003, 0.5, 11.449, 1.8495500000000002, 0.50005, -0.009267
17, 11.450000000000006, 1.8000000000000003, 0.5, 11.447650000000001, 1.8002, 0.5001, -0.009293
17, 11.450000000000006, 1.7500000000000002, 0.5, 11.448150000000002, 1.7498000000000002, 0.50005, -0.009235
17, 11.450000000000006, 1.7000000000000002, 0.5, 11.4512, 1.69975, 0.5, -0.009293
17, 11.450000000000006, 1.6500000000000001, 0.5, 11.449950000000001, 1.6498000000000002, 0.50005, -0.009298
17, 11.450000000000006, 1.6, 0.5, 11.44935, 1.6005500000000001, 0.5, -0.009298
17, 11.450000000000006, 1.55, 0.5, 11.449300000000001, 1.54995, 0.49985, -0.009256
17, 11.450000000000006, 1.5, 0.5, 11.4486, 1.4994, 0.49985, -0.009261
17, 11.450000000000006, 1.45, 0.5, 11.44985, 1.44985, 0.49995000000000006, -0.009287
17, 11.450000000000006, 1.4, 0.5, 11.44955, 1.39955, 0.50005, -0.009246
17, 11.450000000000006, 1.3499999999999999, 0.5, 11.4509, 1.35025, 0.50015, -0.009256
17, 11.450000000000006, 1.2999999999999998, 0.5, 11.45, 1.3003000000000002, 0.5001, -0.009303
17, 11.450000000000006, 1.2499999999999998, 0.5, 11.450800000000001, 1.2504000000000002, 0.5001, -0.009298
17, 11.450000000000006, 1.1999999999999997, 0.5, 11.449950000000001, 1.1998, 0.5, -0.009287
17, 11.450000000000006, 1.1499999999999997, 0.5, 11.450650000000001, 1.14945, 0.4999, -0.009282
17, 11.450000000000006, 1.0999999999999996, 0.5, 11.450700000000001, 1.0999, 0.4999, -0.009272
17, 11.450000000000006, 1.0499999999999996, 0.5, 11.450550000000002, 1.0493, 0.49985, -0.009267
18, 11.400000000000006, 1.0499999999999996, 0.5, 11.4, 1.0502, 0.4999, -0.009246
18, 11.350000000000005, 1.0499999999999996, 0.5, 11.34975, 1.0501500000000001, 0.49995000000000006, -0.009241
18, 11.300000000000004, 1.0499999999999996, 0.5, 11.300550000000001, 1.0496500000000002, 0.50015, -0.009303
18, 11.250000000000004, 1.0499999999999996, 0.5, 11.251, 1.05005, 0.5001, -0.009287
18, 11.200000000000003, 1.0499999999999996, 0.5, 11.2002, 1.0501, 0.5, -0.009287
18, 11.150000000000002, 1.0499999999999996, 0.5, 11.1501, 1.0501, 0.5, -0.009277
18, 11.100000000000001, 1.0499999999999996, 0.5, 11.0991, 1.05005, 0.50005, -0.009246
18, 11.05, 1.0499999999999996, 0.5, 11.0492, 1.05005, 0.4999, -0.009293
18, 11.0, 1.0499999999999996, 0.5, 10.999400000000001, 1.0498500000000002, 0.4999, -0.009298
18, 10.95, 1.0499999999999996, 0.5, 10.950800000000001, 1.0498500000000002, 0.4999, -0.009225
18, 10.899999999999999, 1.0499999999999996, 0.5, 10.8996, 1.0501500000000001, 0.49995000000000006, -0.009308
18, 10.849999999999998, 1.0499999999999996, 0.5, 10.8491, 1.05, 0.50005, -0.009246
18, 10.799999999999997, 1.0499999999999996, 0.5, 10.799850000000001, 1.0498500000000002, 0.50005, -0.009251
18, 10.749999999999996, 1.0499999999999996, 0.5, 10.7497, 1.0498500000000002, 0.50005, -0.009277
18, 10.699999999999996, 1.0499999999999996, 0.5, 10.6996, 1.0501, 0.5, -0.009287
18, 10.649999999999995, 1.0499999999999996, 0.5, 10.650450000000001, 1.05, 0.5, -0.009251
18, 10.599999999999994, 1.0499999999999996, 0.5, 10.60025, 1.05005, 0.5, -0.009241
18, 10.549999999999994, 1.0499999999999996, 0.5, 10.550550000000001, 1.04995, 0.5, -0.009241
18, 10.549999999999994, 1.0999999999999996, 0.5, 10.5477, 1.1004500000000002, 0.49995000000000006, -0.009246
18, 10.549999999999994, 1.1499999999999997, 0.5, 10.54875, 1.1502000000000001, 0.4999, -0.009251
18, 10.549999999999994, 1.1999999999999997, 0.5, 10.54945, 1.20045, 0.4999, -0.009308
18, 10.549999999999994, 1.2499999999999998, 0.5, 10.553300000000002, 1.2498000000000002, 0.4999, -0.009256
18, 10.549999999999994, 1.2999999999999998, 0.5, 10.5478, 1.30025, 0.49995000000000006, -0.009225
18, 10.549999999999994, 1.3499999999999999, 0.5, 10.549850000000001, 1.3505500000000001, 0.5001, -0.009287
18, 10.549999999999994, 1.4, 0.5, 10.548350000000001, 1.39955, 0.50005, -0.009272
18, 10.549999999999994, 1.45, 0.5, 10.551050000000002, 1.4501000000000002, 0.4999, -0.009246
18, 10.549999999999994, 1.5, 0.5, 10.5487, 1.5003000000000002, 0.4999, -0.009282
18, 10.549999999999994, 1.55, 0.5, 10.5502, 1.5498500000000002, 0.4999, -0.009293
18, 10.549999999999994, 1.6, 0.5, 10.549150000000001, 1.6005, 0.49995000000000006, -0.009261
18, 10.549999999999994, 1.6500000000000001, 0.5, 10.55145, 1.64975, 0.50005, -0.009287
18, 10.549999999999994, 1.7000000000000002, 0.5, 10.54585, 1.6998000000000002, 0.50005, -0.009293
18, 10.549999999999994, 1.7500000000000002, 0.5, 10.5477, 1.7499500000000001, 0.5001, -0.009256
18, 10.549999999999994, 1.8000000000000003, 0.5, 10.5472, 1.80115, 0.50005, -0.009256
18, 10.549999999999994, 1.8500000000000003, 0.5, 10.5511, 1.8503000000000003, 0.50005, -0.009293
18, 10.549999999999994, 1.9000000000000004, 0.5, 10.55185, 1.9001000000000001, 0.5, -0.009293
18, 10.549999999999994, 1.9500000000000004, 0.5, 10.5515, 1.9506000000000001, 0.5, -0.009241
19, 10.599999999999994, 1.9500000000000004, 0.5, 10.599150000000002, 1.9498000000000002, 0.4999, -0.009241
19, 10.649999999999995, 1.9500000000000004, 0.5, 10.64905, 1.94985, 0.49985, -0.009251
19, 10.699999999999996, 1.9500000000000004, 0.5, 10.6997, 1.9498000000000002, 0.4999, -0.009251
19, 10.749999999999996, 1.9500000000000004, 0.5, 10.750300000000001, 1.9501000000000002, 0.49995000000000006, -0.009246
19, 10.799999999999997, 1.9500000000000004, 0.5, 10.799900000000001, 1.9501000000000002, 0.5, -0.009261
19, 10.849999999999998, 1.9500000000000004, 0.5, 10.850550000000002, 1.9498000000000002, 0.50005, -0.009241
19, 10.899999999999999, 1.9500000000000004, 0.5, 10.9001, 1.94995, 0.50005, -0.009261
19, 10.95, 1.9500000000000004, 0.5, 10.95, 1.95015, 0.50005, -0.009303
19, 11.0, 1.9500000000000004, 0.5, 11.000350000000001, 1.95, 0.50005, -0.009235
19, 11.05, 1.9500000000000004, 0.5, 11.0507, 1.94975, 0.5, -0.009251
19, 11.100000000000001, 1.9500000000000004, 0.5, 11.100700000000002, 1.94985, 0.49995000000000006, -0.009241
19, 11.150000000000002, 1.9500000000000004, 0.5, 11.15, 1.9501000000000002, 0.4999, -0.009235
19, 11.200000000000003, 1.9500000000000004, 0.5, 11.201150000000002, 1.9503000000000001, 0.4999, -0.009251
19, 11.250000000000004, 1.9500000000000004, 0.5, 11.250050000000002, 1.9498000000000002, 0.4999, -0.009287
19, 11.300000000000004, 1.9500000000000004, 0.5, 11.299900000000001, 1.9498000000000002, 0.49995000000000006, -0.009261
19, 11.350000000000005, 1.9500000000000004, 0.5, 11.35075, 1.95015, 0.49995000000000006, -0.009303
19, 11.400000000000006, 1.9500000000000004, 0.5, 11.4006, 1.95, 0.5001, -0.009293
19, 11.450000000000006, 1.9500000000000004, 0.5, 11.4497, 1.9498000000000002, 0.5001, -0.009256
19, 11.500000000000007, 1.9500000000000004, 0.5, 11.49925, 1.9497, 0.50015, -0.009261
19, 11.500000000000007, 1.9000000000000004, 0.5, 11.500150000000001, 1.9003, 0.5001, -0.009256
19, 11.500000000000007, 1.8500000000000003, 0.5, 11.5001, 1.8512, 0.5001, -0.009235
19, 11.500000000000007, 1.8000000000000003, 0.5, 11.50115, 1.7997, 0.49995000000000006, -0.009277
19, 11.500000000000007, 1.7500000000000002, 0.5, 11.499450000000001, 1.7495500000000002, 0.4999, -0.009293
19, 11.500000000000007, 1.7000000000000002, 0.5, 11.5012, 1.69975, 0.4999, -0.009293
19, 11.500000000000007, 1.6500000000000001, 0.5, 11.501100000000001, 1.64995, 0.4999, -0.009251
19, 11.500000000000007, 1.6, 0.5, 11.49875, 1.6006500000000001, 0.4999, -0.009256
19, 11.500000000000007, 1.55, 0.5, 11.499900000000002, 1.5502, 0.49995000000000006, -0.009303
19, 11.500000000000007, 1.5, 0.5, 11.500900000000001, 1.4990500000000002, 0.5, -0.009241
19, 11.500000000000007, 1.45, 0.5, 11.497900000000001, 1.45, 0.5001, -0.009287
19, 11.500000000000007, 1.4, 0.5, 11.5004, 1.4005, 0.5001, -0.009261
19, 11.500000000000007, 1.3499999999999999, 0.5, 11.498700000000001, 1.3495, 0.50005, -0.009267
19, 11.500000000000007, 1.2999999999999998, 0.5, 11.4989, 1.3004, 0.4999, -0.009241
19, 11.500000000000007, 1.2499999999999998, 0.5, 11.501400000000002, 1.2505500000000003, 0.4999, -0.009251
19, 11.500000000000007, 1.1999999999999997, 0.5, 11.50225, 1.19995, 0.4999, -0.009267
19, 11.500000000000007, 1.1499999999999997, 0.5, 11.500800000000002, 1.15025, 0.4999, -0.009308
19, 11.500000000000007, 1.0999999999999996, 0.5, 11.50055, 1.09975, 0.49995000000000006, -0.009287
19, 11.500000000000007, 1.0499999999999996, 0.5, 11.500200000000001, 1.0493, 0.5, -0.009241
19, 11.500000000000007, 0.9999999999999996, 0.5, 11.50045, 0.99995, 0.5, -0.009251
20, 11.450000000000006, 0.9999999999999996, 0.5, 11.44935, 0.99985, 0.50005, -0.009256
20, 11.400000000000006, 0.9999999999999996, 0.5, 11.40035, 0.9999000000000001, 0.50005, -0.009235
20, 11.350000000000005, 0.9999999999999996, 0.5, 11.349400000000001, 1.00015, 0.5001, -0.009256
20, 11.300000000000004, 0.9999999999999996, 0.5, 11.3002, 0.99975, 0.5001, -0.009256
20, 11.250000000000004, 0.9999999999999996, 0.5, 11.249900000000002, 1.00015, 0.50005, -0.009241
20, 11.200000000000003, 0.9999999999999996, 0.5, 11.2001, 1.0001, 0.49995000000000006, -0.00922
20, 11.150000000000002, 0.9999999999999996, 0.5, 11.150150000000002, 1.0001, 0.4999, -0.009261
20, 11.100000000000001, 0.9999999999999996, 0.5, 11.099150000000002, 1.00005, 0.4999, -0.009261
20, 11.05, 0.9999999999999996, 0.5, 11.050150000000002, 0.99995, 0.4999, -0.009241
20, 11.0, 0.9999999999999996, 0.5, 10.99895, 1.0, 0.49995000000000006, -0.009261
20, 10.95, 0.9999999999999996, 0.5, 10.9503, 1.0, 0.5, -0.00923
20, 10.899999999999999, 0.9999999999999996, 0.5, 10.89925, 1.00015, 0.50005, -0.009267
20, 10.849999999999998, 0.9999999999999996, 0.5, 10.84895, 1.00025, 0.50015, -0.009287
20, 10.799999999999997, 0.9999999999999996, 0.5, 10.79975, 1.00005, 0.50015, -0.009287
20, 10.749999999999996, 0.9999999999999996, 0.5, 10.750050000000002, 1.00005, 0.5001, -0.009246
20, 10.699999999999996, 0.9999999999999996, 0.5, 10.69935, 0.99985, 0.49995000000000006, -0.009298
20, 10.649999999999995, 0.9999999999999996, 0.5, 10.65025, 0.9999000000000001, 0.4999, -0.009282
20, 10.599999999999994, 0.9999999999999996, 0.5, 10.6005, 1.0, 0.4999, -0.009303
20, 10.549999999999994, 0.9999999999999996, 0.5, 10.549900000000001, 1.0001, 0.49985, -0.009314
20, 10.499999999999993, 0.9999999999999996, 0.5, 10.49935, 1.0001, 0.5, -0.009277
20, 10.499999999999993, 1.0499999999999996, 0.5, 10.499900000000002, 1.0501500000000001, 0.49995000000000006, -0.009293
20, 10.499999999999993, 1.0999999999999996, 0.5, 10.4977, 1.1003, 0.5001, -0.009267
20, 10.499999999999993, 1.1499999999999997, 0.5, 10.497, 1.15045, 0.5001, -0.009256
20, 10.499999999999993, 1.1999999999999997, 0.5, 10.5016, 1.20015, 0.5001, -0.009303
20, 10.499999999999993, 1.2499999999999998, 0.5, 10.497200000000001, 1.2507000000000001, 0.5001, -0.009256
20, 10.499999999999993, 1.2999999999999998, 0.5, 10.49785, 1.3007, 0.50005, -0.009251
20, 10.499999999999993, 1.3499999999999999, 0.5, 10.500950000000001, 1.35, 0.5, -0.009298
20, 10.499999999999993, 1.4, 0.5, 10.49925, 1.3997, 0.5, -0.009298
20, 10.499999999999993, 1.45, 0.5, 10.500300000000001, 1.4501000000000002, 0.50005, -0.009277
20, 10.499999999999993, 1.5, 0.5, 10.500150000000001, 1.5001000000000002, 0.4999, -0.009272
20, 10.499999999999993, 1.55, 0.5, 10.501850000000001, 1.5495500000000002, 0.4999, -0.009235
20, 10.499999999999993, 1.6, 0.5, 10.49725, 1.60075, 0.4999, -0.009287
20, 10.499999999999993, 1.6500000000000001, 0.5, 10.501900000000001, 1.64995, 0.49995000000000006, -0.009282
20, 10.499999999999993, 1.7000000000000002, 0.5, 10.498, 1.6997, 0.5, -0.009303
20, 10.499999999999993, 1.7500000000000002, 0.5, 10.498800000000001, 1.7496, 0.5, -0.009303
20, 10.499999999999993, 1.8000000000000003, 0.5, 10.500350000000001, 1.79975, 0.5001, -0.009246
20, 10.499999999999993, 1.8500000000000003, 0.5, 10.503400000000001, 1.8505500000000001, 0.50005, -0.009261
20, 10.499999999999993, 1.9000000000000004, 0.5, 10.498, 1.9001000000000001, 0.49995000000000006, -0.009298
20, 10.499999999999993, 1.9500000000000004, 0.5, 10.5013, 1.94975, 0.4999, -0.009225
20, 10.499999999999993, 2.0000000000000004, 0.5, 10.49835, 2.0, 0.4999, -0.009225
0, 11, 1.5, 0.6, 10.5005, 1.9999500000000001, 0.4999, -0.009246
