Voltage = 4.4, Current = 20.5, Pinhole = 15um, Objective = 20x, NA = 0.42, blue LED 
0, 10.35, 1.87, 0.5, 10.350100000000001, 1.87, 0.5002000000000001, -0.007979
1, 10.35, 1.875, 0.5, 10.350200000000001, 1.87505, 0.5002000000000001, -0.008344
1, 10.35, 1.875, 0.495, 10.35025, 1.87505, 0.49570000000000003, -0.008302
2, 10.35, 1.87, 0.495, 10.350100000000001, 1.8706500000000001, 0.49460000000000004, -0.007916
2, 10.35, 1.8650000000000002, 0.495, 10.349950000000002, 1.86495, 0.49460000000000004, -0.007921
2, 10.35, 1.8650000000000002, 0.5, 10.349900000000002, 1.8648000000000002, 0.49975, -0.007932
2, 10.35, 1.8650000000000002, 0.505, 10.349900000000002, 1.8648000000000002, 0.50465, -0.007932
3, 10.35, 1.87, 0.505, 10.349900000000002, 1.87, 0.505, -0.007926
3, 10.35, 1.875, 0.505, 10.34985, 1.875, 0.505, -0.008276
3, 10.35, 1.88, 0.505, 10.349900000000002, 1.8798500000000002, 0.505, -0.008683
3, 10.35, 1.88, 0.5, 10.350150000000001, 1.8803, 0.49985, -0.008641
3, 10.35, 1.88, 0.495, 10.350200000000001, 1.8802, 0.49520000000000003, -0.008615
3, 10.35, 1.88, 0.49, 10.350150000000001, 1.88, 0.49040000000000006, -0.008589
4, 10.35, 1.875, 0.49, 10.35, 1.87515, 0.49025, -0.008323
4, 10.35, 1.87, 0.49, 10.35, 1.87025, 0.49015000000000003, -0.007989
4, 10.35, 1.8650000000000002, 0.49, 10.35, 1.86475, 0.48975, -0.007911
4, 10.35, 1.8600000000000003, 0.49, 10.350050000000001, 1.8597000000000001, 0.48935, -0.008182
4, 10.35, 1.8600000000000003, 0.495, 10.349900000000002, 1.85945, 0.49445000000000006, -0.008171
4, 10.35, 1.8600000000000003, 0.5, 10.349800000000002, 1.8598000000000001, 0.49960000000000004, -0.008104
4, 10.35, 1.8600000000000003, 0.505, 10.349800000000002, 1.8601, 0.5048, -0.008036
4, 10.35, 1.8600000000000003, 0.51, 10.349800000000002, 1.86045, 0.5098, -0.008015
5, 10.35, 1.8650000000000002, 0.51, 10.35, 1.86445, 0.5101, -0.007932
5, 10.35, 1.87, 0.51, 10.349950000000002, 1.8703500000000002, 0.51025, -0.00801
5, 10.35, 1.875, 0.51, 10.350100000000001, 1.8751000000000002, 0.51025, -0.008505
5, 10.35, 1.88, 0.51, 10.350200000000001, 1.87995, 0.51015, -0.008677
5, 10.35, 1.8849999999999998, 0.51, 10.350200000000001, 1.8855500000000003, 0.50995, -0.008187
5, 10.35, 1.8849999999999998, 0.505, 10.350150000000001, 1.88545, 0.5052000000000001, -0.008198
5, 10.35, 1.8849999999999998, 0.5, 10.35, 1.88445, 0.5003, -0.008307
5, 10.35, 1.8849999999999998, 0.495, 10.35, 1.8845, 0.49495000000000006, -0.008375
5, 10.35, 1.8849999999999998, 0.49, 10.35, 1.8855, 0.49060000000000004, -0.008307
5, 10.35, 1.8849999999999998, 0.485, 10.35, 1.88545, 0.486, -0.008318
6, 10.35, 1.88, 0.485, 10.35, 1.8799000000000001, 0.4847, -0.008516
6, 10.35, 1.875, 0.485, 10.350050000000001, 1.8751000000000002, 0.48460000000000003, -0.008469
6, 10.35, 1.87, 0.485, 10.349900000000002, 1.8698500000000002, 0.48465, -0.008031
6, 10.35, 1.8650000000000002, 0.485, 10.349800000000002, 1.8648000000000002, 0.48490000000000005, -0.007958
6, 10.35, 1.8600000000000003, 0.485, 10.349800000000002, 1.8598000000000001, 0.48495000000000005, -0.008192
6, 10.35, 1.8550000000000004, 0.485, 10.349800000000002, 1.8546, 0.485, -0.00874
6, 10.35, 1.8550000000000004, 0.49, 10.35, 1.8544, 0.48955, -0.008672
6, 10.35, 1.8550000000000004, 0.495, 10.35, 1.85475, 0.4948, -0.008615
6, 10.35, 1.8550000000000004, 0.5, 10.35, 1.85535, 0.49955, -0.008677
6, 10.35, 1.8550000000000004, 0.505, 10.35, 1.8555, 0.5048, -0.008677
6, 10.35, 1.8550000000000004, 0.51, 10.35, 1.8549, 0.50975, -0.008735
6, 10.35, 1.8550000000000004, 0.515, 10.35, 1.8546, 0.51485, -0.008688
7, 10.35, 1.8600000000000003, 0.515, 10.35, 1.8605, 0.515, -0.008088
7, 10.35, 1.8650000000000002, 0.515, 10.349950000000002, 1.8647, 0.515, -0.007958
7, 10.35, 1.87, 0.515, 10.350150000000001, 1.87025, 0.51495, -0.00802
7, 10.35, 1.875, 0.515, 10.350150000000001, 1.87505, 0.5150500000000001, -0.008375
7, 10.35, 1.88, 0.515, 10.350200000000001, 1.88025, 0.5150500000000001, -0.00863
7, 10.35, 1.8849999999999998, 0.515, 10.350050000000001, 1.8853000000000002, 0.5151, -0.008234
7, 10.35, 1.8899999999999997, 0.515, 10.349800000000002, 1.88935, 0.5151, -0.008015
7, 10.35, 1.8899999999999997, 0.51, 10.34985, 1.8900500000000002, 0.5107, -0.008005
7, 10.35, 1.8899999999999997, 0.505, 10.349800000000002, 1.8900500000000002, 0.5051, -0.007942
7, 10.35, 1.8899999999999997, 0.5, 10.349900000000002, 1.8900500000000002, 0.5004000000000001, -0.007916
7, 10.35, 1.8899999999999997, 0.495, 10.350050000000001, 1.8900500000000002, 0.49510000000000004, -0.007937
7, 10.35, 1.8899999999999997, 0.49, 10.350150000000001, 1.89, 0.49065000000000003, -0.007952
7, 10.35, 1.8899999999999997, 0.485, 10.350150000000001, 1.88995, 0.4852, -0.008025
7, 10.35, 1.8899999999999997, 0.48, 10.350150000000001, 1.88995, 0.4808, -0.008093
8, 10.35, 1.8849999999999998, 0.48, 10.350100000000001, 1.8858000000000001, 0.47975, -0.008443
8, 10.35, 1.88, 0.48, 10.349900000000002, 1.8799000000000001, 0.47970000000000007, -0.008516
8, 10.35, 1.875, 0.48, 10.34985, 1.8752, 0.47975, -0.008458
8, 10.35, 1.87, 0.48, 10.34985, 1.86965, 0.48, -0.007952
8, 10.35, 1.8650000000000002, 0.48, 10.34985, 1.8648500000000001, 0.48, -0.007994
8, 10.35, 1.8600000000000003, 0.48, 10.350100000000001, 1.8597000000000001, 0.48, -0.008328
8, 10.35, 1.8550000000000004, 0.48, 10.35025, 1.8547, 0.48, -0.008808
8, 10.35, 1.8500000000000005, 0.48, 10.3503, 1.8494000000000002, 0.47995000000000004, -0.009084
8, 10.35, 1.8500000000000005, 0.485, 10.350100000000001, 1.84925, 0.48490000000000005, -0.009089
8, 10.35, 1.8500000000000005, 0.49, 10.349950000000002, 1.8499, 0.4895, -0.009105
8, 10.35, 1.8500000000000005, 0.495, 10.349800000000002, 1.8502, 0.49475, -0.009016
8, 10.35, 1.8500000000000005, 0.5, 10.34985, 1.8503000000000003, 0.49945000000000006, -0.009063
8, 10.35, 1.8500000000000005, 0.505, 10.34985, 1.85025, 0.5048, -0.009048
8, 10.35, 1.8500000000000005, 0.51, 10.35, 1.84995, 0.50965, -0.009048
8, 10.35, 1.8500000000000005, 0.515, 10.35, 1.8498, 0.51485, -0.009037
8, 10.35, 1.8500000000000005, 0.52, 10.35, 1.84975, 0.51925, -0.009037
9, 10.35, 1.8550000000000004, 0.52, 10.35, 1.8555, 0.51965, -0.008552
9, 10.35, 1.8600000000000003, 0.52, 10.349950000000002, 1.8605500000000001, 0.5200500000000001, -0.008088
9, 10.35, 1.8650000000000002, 0.52, 10.350150000000001, 1.86515, 0.52025, -0.007937
9, 10.35, 1.87, 0.52, 10.350200000000001, 1.8701, 0.5203000000000001, -0.007947
9, 10.35, 1.875, 0.52, 10.350200000000001, 1.8749500000000001, 0.5203000000000001, -0.008391
9, 10.35, 1.88, 0.52, 10.350050000000001, 1.8800500000000002, 0.52015, -0.008599
9, 10.35, 1.8849999999999998, 0.52, 10.349950000000002, 1.8855, 0.51985, -0.008229
9, 10.35, 1.8899999999999997, 0.52, 10.349950000000002, 1.89015, 0.51975, -0.008005
9, 10.35, 1.8949999999999996, 0.52, 10.349800000000002, 1.8943, 0.5199, -0.008072
9, 10.35, 1.8949999999999996, 0.515, 10.350100000000001, 1.8953000000000002, 0.5151, -0.008062
9, 10.35, 1.8949999999999996, 0.51, 10.35025, 1.8953000000000002, 0.5104000000000001, -0.008052
9, 10.35, 1.8949999999999996, 0.505, 10.3503, 1.8951500000000001, 0.50495, -0.008041
9, 10.35, 1.8949999999999996, 0.5, 10.350150000000001, 1.89475, 0.5003500000000001, -0.008036
9, 10.35, 1.8949999999999996, 0.495, 10.349950000000002, 1.8946500000000002, 0.49505, -0.007984
9, 10.35, 1.8949999999999996, 0.49, 10.349800000000002, 1.8950500000000001, 0.49075, -0.007968
9, 10.35, 1.8949999999999996, 0.485, 10.349800000000002, 1.8951500000000001, 0.4852, -0.007958
9, 10.35, 1.8949999999999996, 0.48, 10.349800000000002, 1.8951500000000001, 0.4808, -0.008025
9, 10.35, 1.8949999999999996, 0.475, 10.35, 1.8950500000000001, 0.47540000000000004, -0.008098
10, 10.35, 1.8899999999999997, 0.475, 10.35, 1.8904, 0.4753, -0.00814
10, 10.35, 1.8849999999999998, 0.475, 10.35, 1.8857000000000002, 0.4746, -0.008406
10, 10.35, 1.88, 0.475, 10.35, 1.8798500000000002, 0.47445000000000004, -0.008437
10, 10.35, 1.875, 0.475, 10.350100000000001, 1.8751000000000002, 0.47505000000000003, -0.008411
10, 10.35, 1.87, 0.475, 10.350200000000001, 1.86975, 0.47515, -0.007989
10, 10.35, 1.8650000000000002, 0.475, 10.350200000000001, 1.86475, 0.47515, -0.008067
10, 10.35, 1.8600000000000003, 0.475, 10.35025, 1.85965, 0.47515, -0.008391
10, 10.35, 1.8550000000000004, 0.475, 10.35, 1.8546500000000001, 0.4751, -0.008625
10, 10.35, 1.8500000000000005, 0.475, 10.35, 1.8494000000000002, 0.475, -0.009126
10, 10.35, 1.8450000000000006, 0.475, 10.349950000000002, 1.8445, 0.475, -0.009199
10, 10.35, 1.8450000000000006, 0.48, 10.349900000000002, 1.845, 0.47995000000000004, -0.009235
10, 10.35, 1.8450000000000006, 0.485, 10.349800000000002, 1.8451000000000002, 0.48445000000000005, -0.009209
10, 10.35, 1.8450000000000006, 0.49, 10.35, 1.84515, 0.48975, -0.009173
10, 10.35, 1.8450000000000006, 0.495, 10.350050000000001, 1.8451000000000002, 0.49445000000000006, -0.009183
10, 10.35, 1.8450000000000006, 0.5, 10.350200000000001, 1.8451000000000002, 0.49960000000000004, -0.009204
10, 10.35, 1.8450000000000006, 0.505, 10.350200000000001, 1.84505, 0.5048, -0.009287
10, 10.35, 1.8450000000000006, 0.51, 10.350150000000001, 1.845, 0.5096, -0.009246
10, 10.35, 1.8450000000000006, 0.515, 10.350050000000001, 1.8449, 0.51475, -0.009204
10, 10.35, 1.8450000000000006, 0.52, 10.349950000000002, 1.8449, 0.51935, -0.009183
10, 10.35, 1.8450000000000006, 0.525, 10.34985, 1.8449, 0.5248999999999999, -0.009178
11, 10.35, 1.8500000000000005, 0.525, 10.34985, 1.8502, 0.5248999999999999, -0.009037
11, 10.35, 1.8550000000000004, 0.525, 10.34985, 1.85565, 0.525, -0.008479
11, 10.35, 1.8600000000000003, 0.525, 10.350050000000001, 1.8605500000000001, 0.525, -0.008093
11, 10.35, 1.8650000000000002, 0.525, 10.349950000000002, 1.86525, 0.525, -0.007885
11, 10.35, 1.87, 0.525, 10.350050000000001, 1.8701, 0.525, -0.00801
11, 10.35, 1.875, 0.525, 10.350200000000001, 1.8749500000000001, 0.52495, -0.008364
11, 10.35, 1.88, 0.525, 10.350150000000001, 1.8802, 0.52505, -0.008563
11, 10.35, 1.8849999999999998, 0.525, 10.350200000000001, 1.8853000000000002, 0.5251, -0.008318
11, 10.35, 1.8899999999999997, 0.525, 10.349950000000002, 1.8893000000000002, 0.5251, -0.008114
11, 10.35, 1.8949999999999996, 0.525, 10.34975, 1.89415, 0.5251, -0.008098
11, 10.35, 1.8999999999999995, 0.525, 10.34975, 1.89925, 0.5251, -0.008083
11, 10.35, 1.8999999999999995, 0.52, 10.349950000000002, 1.9001000000000001, 0.52065, -0.00801
11, 10.35, 1.8999999999999995, 0.515, 10.350150000000001, 1.9002000000000001, 0.51525, -0.008015
11, 10.35, 1.8999999999999995, 0.51, 10.35025, 1.9002000000000001, 0.5105500000000001, -0.008046
11, 10.35, 1.8999999999999995, 0.505, 10.350200000000001, 1.90015, 0.50505, -0.00802
11, 10.35, 1.8999999999999995, 0.5, 10.350050000000001, 1.89995, 0.5004000000000001, -0.008036
11, 10.35, 1.8999999999999995, 0.495, 10.349900000000002, 1.89975, 0.495, -0.00801
11, 10.35, 1.8999999999999995, 0.49, 10.349800000000002, 1.89975, 0.4908, -0.007989
11, 10.35, 1.8999999999999995, 0.485, 10.349800000000002, 1.9001000000000001, 0.48525, -0.007937
11, 10.35, 1.8999999999999995, 0.48, 10.349800000000002, 1.90015, 0.48085, -0.008025
11, 10.35, 1.8999999999999995, 0.475, 10.35, 1.90015, 0.4755, -0.008031
11, 10.35, 1.8999999999999995, 0.47, 10.35, 1.90015, 0.47005, -0.008151
12, 10.35, 1.8949999999999996, 0.47, 10.35, 1.8956000000000002, 0.47, -0.008177
12, 10.35, 1.8899999999999997, 0.47, 10.349900000000002, 1.88985, 0.47005, -0.008255
12, 10.35, 1.8849999999999998, 0.47, 10.350200000000001, 1.8855500000000003, 0.47, -0.008417
12, 10.35, 1.88, 0.47, 10.35035, 1.87975, 0.47, -0.008359
12, 10.35, 1.875, 0.47, 10.35025, 1.875, 0.47, -0.008354
12, 10.35, 1.87, 0.47, 10.349950000000002, 1.8700500000000002, 0.47005, -0.008067
12, 10.35, 1.8650000000000002, 0.47, 10.349800000000002, 1.8646, 0.47, -0.008046
12, 10.35, 1.8600000000000003, 0.47, 10.34975, 1.86025, 0.47, -0.008297
12, 10.35, 1.8550000000000004, 0.47, 10.349900000000002, 1.8542, 0.47, -0.008829
12, 10.35, 1.8500000000000005, 0.47, 10.350050000000001, 1.84935, 0.47, -0.009131
12, 10.35, 1.8450000000000006, 0.47, 10.350200000000001, 1.8443500000000002, 0.47, -0.009214
12, 10.35, 1.8400000000000007, 0.47, 10.350200000000001, 1.8404500000000001, 0.47, -0.009235
12, 10.35, 1.8400000000000007, 0.475, 10.349900000000002, 1.8399, 0.47470000000000007, -0.009261
12, 10.35, 1.8400000000000007, 0.48, 10.34975, 1.84, 0.47995000000000004, -0.009287
12, 10.35, 1.8400000000000007, 0.485, 10.349800000000002, 1.8400500000000002, 0.48440000000000005, -0.009214
12, 10.35, 1.8400000000000007, 0.49, 10.349800000000002, 1.8400500000000002, 0.48975, -0.009287
12, 10.35, 1.8400000000000007, 0.495, 10.349950000000002, 1.8400500000000002, 0.49445000000000006, -0.009235
12, 10.35, 1.8400000000000007, 0.5, 10.350100000000001, 1.8401, 0.49965000000000004, -0.00922
12, 10.35, 1.8400000000000007, 0.505, 10.350200000000001, 1.8401500000000002, 0.5044500000000001, -0.009251
12, 10.35, 1.8400000000000007, 0.51, 10.350200000000001, 1.8402, 0.50965, -0.009246
12, 10.35, 1.8400000000000007, 0.515, 10.350150000000001, 1.8402, 0.5145, -0.009225
12, 10.35, 1.8400000000000007, 0.52, 10.350050000000001, 1.83915, 0.5194, -0.00922
12, 10.35, 1.8400000000000007, 0.525, 10.349800000000002, 1.8400500000000002, 0.5248999999999999, -0.009241
12, 10.35, 1.8400000000000007, 0.53, 10.34975, 1.8400500000000002, 0.5297000000000001, -0.009235
13, 10.35, 1.8450000000000006, 0.53, 10.3497, 1.845, 0.52995, -0.009157
13, 10.35, 1.8500000000000005, 0.53, 10.35, 1.8504, 0.5301, -0.00899
13, 10.35, 1.8550000000000004, 0.53, 10.35, 1.85565, 0.5302, -0.008443
13, 10.35, 1.8600000000000003, 0.53, 10.349950000000002, 1.8606, 0.53025, -0.008192
13, 10.35, 1.8650000000000002, 0.53, 10.350150000000001, 1.8652, 0.5302, -0.00789
13, 10.35, 1.87, 0.53, 10.350150000000001, 1.8701, 0.53005, -0.008036
13, 10.35, 1.875, 0.53, 10.350200000000001, 1.875, 0.53, -0.008448
13, 10.35, 1.88, 0.53, 10.350150000000001, 1.8800500000000002, 0.53, -0.008604
13, 10.35, 1.8849999999999998, 0.53, 10.349950000000002, 1.8855, 0.52995, -0.008318
13, 10.35, 1.8899999999999997, 0.53, 10.349800000000002, 1.8900500000000002, 0.52985, -0.008119
13, 10.35, 1.8949999999999996, 0.53, 10.34985, 1.8943500000000002, 0.52985, -0.008109
13, 10.35, 1.8999999999999995, 0.53, 10.350150000000001, 1.8993000000000002, 0.5298999999999999, -0.008067
13, 10.35, 1.9049999999999994, 0.53, 10.35025, 1.90415, 0.52995, -0.008182
13, 10.35, 1.9049999999999994, 0.525, 10.350050000000001, 1.9051000000000002, 0.5248999999999999, -0.008125
13, 10.35, 1.9049999999999994, 0.52, 10.34985, 1.90525, 0.52035, -0.008125
13, 10.35, 1.9049999999999994, 0.515, 10.34975, 1.90525, 0.51515, -0.008125
13, 10.35, 1.9049999999999994, 0.51, 10.349800000000002, 1.9052, 0.5105, -0.00802
13, 10.35, 1.9049999999999994, 0.505, 10.349950000000002, 1.905, 0.505, -0.007984
13, 10.35, 1.9049999999999994, 0.5, 10.350150000000001, 1.9048000000000003, 0.5004500000000001, -0.007937
13, 10.35, 1.9049999999999994, 0.495, 10.350150000000001, 1.90475, 0.49515000000000003, -0.007994
13, 10.35, 1.9049999999999994, 0.49, 10.350100000000001, 1.9048000000000003, 0.49075, -0.008083
13, 10.35, 1.9049999999999994, 0.485, 10.35, 1.9049500000000001, 0.48525, -0.008078
13, 10.35, 1.9049999999999994, 0.48, 10.35, 1.9050500000000001, 0.48090000000000005, -0.008177
13, 10.35, 1.9049999999999994, 0.475, 10.349950000000002, 1.9051000000000002, 0.47545000000000004, -0.008271
13, 10.35, 1.9049999999999994, 0.47, 10.349900000000002, 1.9051500000000001, 0.47025, -0.008323
13, 10.35, 1.9049999999999994, 0.46499999999999997, 10.34985, 1.9051500000000001, 0.46565, -0.008432
14, 10.35, 1.8999999999999995, 0.46499999999999997, 10.349900000000002, 1.9003500000000002, 0.46495000000000003, -0.008229
14, 10.35, 1.8949999999999996, 0.46499999999999997, 10.350150000000001, 1.8955, 0.46490000000000004, -0.008203
14, 10.35, 1.8899999999999997, 0.46499999999999997, 10.35045, 1.88965, 0.46495000000000003, -0.008417
14, 10.35, 1.8849999999999998, 0.46499999999999997, 10.349900000000002, 1.88545, 0.46495000000000003, -0.008474
14, 10.35, 1.88, 0.46499999999999997, 10.3497, 1.8798000000000001, 0.46495000000000003, -0.008396
14, 10.35, 1.875, 0.46499999999999997, 10.34975, 1.8748500000000001, 0.46495000000000003, -0.008312
14, 10.35, 1.87, 0.46499999999999997, 10.35, 1.8701, 0.465, -0.008072
14, 10.35, 1.8650000000000002, 0.46499999999999997, 10.350150000000001, 1.8651000000000002, 0.4651, -0.008078
14, 10.35, 1.8600000000000003, 0.46499999999999997, 10.350150000000001, 1.85935, 0.4651, -0.008396
14, 10.35, 1.8550000000000004, 0.46499999999999997, 10.35025, 1.85525, 0.4651, -0.008615
14, 10.35, 1.8500000000000005, 0.46499999999999997, 10.349900000000002, 1.84905, 0.4651, -0.009063
14, 10.35, 1.8450000000000006, 0.46499999999999997, 10.349800000000002, 1.8457000000000001, 0.46505, -0.009162
14, 10.35, 1.8400000000000007, 0.46499999999999997, 10.349800000000002, 1.84, 0.465, -0.009272
14, 10.35, 1.8350000000000009, 0.46499999999999997, 10.349800000000002, 1.83535, 0.465, -0.009241
14, 10.35, 1.8350000000000009, 0.47, 10.350150000000001, 1.83495, 0.47, -0.00923
14, 10.35, 1.8350000000000009, 0.475, 10.350200000000001, 1.8348000000000002, 0.47465, -0.009214
14, 10.35, 1.8350000000000009, 0.48, 10.350200000000001, 1.8347, 0.4795, -0.009298
14, 10.35, 1.8350000000000009, 0.485, 10.350050000000001, 1.8346500000000001, 0.48460000000000003, -0.009282
14, 10.35, 1.8350000000000009, 0.49, 10.34985, 1.83475, 0.48975, -0.009277
14, 10.35, 1.8350000000000009, 0.495, 10.34975, 1.83495, 0.49445000000000006, -0.009246
14, 10.35, 1.8350000000000009, 0.5, 10.34975, 1.8350500000000003, 0.49960000000000004, -0.009225
14, 10.35, 1.8350000000000009, 0.505, 10.35, 1.83515, 0.5043500000000001, -0.00923
14, 10.35, 1.8350000000000009, 0.51, 10.35, 1.83515, 0.5097, -0.009235
14, 10.35, 1.8350000000000009, 0.515, 10.350200000000001, 1.83515, 0.5142, -0.009235
14, 10.35, 1.8350000000000009, 0.52, 10.350200000000001, 1.8350500000000003, 0.5194, -0.009287
14, 10.35, 1.8350000000000009, 0.525, 10.350150000000001, 1.83495, 0.5248999999999999, -0.00923
14, 10.35, 1.8350000000000009, 0.53, 10.349950000000002, 1.8349000000000002, 0.52965, -0.009267
14, 10.35, 1.8350000000000009, 0.535, 10.349800000000002, 1.83495, 0.535, -0.009225
15, 10.35, 1.8400000000000007, 0.535, 10.349800000000002, 1.84, 0.535, -0.009256
15, 10.35, 1.8450000000000006, 0.535, 10.34985, 1.8455500000000002, 0.535, -0.009194
15, 10.35, 1.8500000000000005, 0.535, 10.35, 1.8505, 0.535, -0.008938
15, 10.35, 1.8550000000000004, 0.535, 10.35, 1.85575, 0.53495, -0.008484
15, 10.35, 1.8600000000000003, 0.535, 10.35, 1.8607, 0.5351, -0.008078
15, 10.35, 1.8650000000000002, 0.535, 10.350100000000001, 1.86525, 0.53515, -0.007958
15, 10.35, 1.87, 0.535, 10.350150000000001, 1.8701, 0.53515, -0.008119
15, 10.35, 1.875, 0.535, 10.350200000000001, 1.875, 0.53515, -0.008469
15, 10.35, 1.88, 0.535, 10.350150000000001, 1.8800500000000002, 0.5351, -0.008573
15, 10.35, 1.8849999999999998, 0.535, 10.35, 1.8855500000000003, 0.53505, -0.008406
15, 10.35, 1.8899999999999997, 0.535, 10.3496, 1.89015, 0.535, -0.008145
15, 10.35, 1.8949999999999996, 0.535, 10.349650000000002, 1.89425, 0.535, -0.008161
15, 10.35, 1.8999999999999995, 0.535, 10.349950000000002, 1.89935, 0.535, -0.008052
15, 10.35, 1.9049999999999994, 0.535, 10.350100000000001, 1.9041000000000001, 0.53505, -0.008234
15, 10.35, 1.9099999999999993, 0.535, 10.350200000000001, 1.9090500000000001, 0.53495, -0.008516
15, 10.35, 1.9099999999999993, 0.53, 10.350200000000001, 1.90945, 0.53005, -0.0085
15, 10.35, 1.9099999999999993, 0.525, 10.350150000000001, 1.9103, 0.52505, -0.008641
15, 10.35, 1.9099999999999993, 0.52, 10.35, 1.9103500000000002, 0.5204500000000001, -0.00862
15, 10.35, 1.9099999999999993, 0.515, 10.35, 1.91025, 0.51525, -0.008625
15, 10.35, 1.9099999999999993, 0.51, 10.35, 1.9099000000000002, 0.5105, -0.008583
15, 10.35, 1.9099999999999993, 0.505, 10.35, 1.9097, 0.5051, -0.008594
15, 10.35, 1.9099999999999993, 0.5, 10.350050000000001, 1.90975, 0.5004000000000001, -0.008568
15, 10.35, 1.9099999999999993, 0.495, 10.34985, 1.91, 0.49515000000000003, -0.00861
15, 10.35, 1.9099999999999993, 0.49, 10.34975, 1.9102000000000001, 0.4908, -0.008641
15, 10.35, 1.9099999999999993, 0.485, 10.34975, 1.9102000000000001, 0.48535, -0.008531
15, 10.35, 1.9099999999999993, 0.48, 10.350050000000001, 1.91015, 0.48090000000000005, -0.008563
15, 10.35, 1.9099999999999993, 0.475, 10.35025, 1.90985, 0.4755, -0.008516
15, 10.35, 1.9099999999999993, 0.47, 10.350200000000001, 1.9098000000000002, 0.47020000000000006, -0.008526
15, 10.35, 1.9099999999999993, 0.46499999999999997, 10.350100000000001, 1.9098000000000002, 0.46570000000000006, -0.008516
15, 10.35, 1.9099999999999993, 0.45999999999999996, 10.349950000000002, 1.91, 0.46055, -0.008578
16, 10.35, 1.9049999999999994, 0.45999999999999996, 10.349900000000002, 1.9050500000000001, 0.45985000000000004, -0.008526
16, 10.35, 1.8999999999999995, 0.45999999999999996, 10.34985, 1.9009, 0.4598, -0.008338
16, 10.35, 1.8949999999999996, 0.45999999999999996, 10.349950000000002, 1.8955500000000003, 0.45975, -0.00825
16, 10.35, 1.8899999999999997, 0.45999999999999996, 10.350200000000001, 1.88975, 0.46, -0.008453
16, 10.35, 1.8849999999999998, 0.45999999999999996, 10.35025, 1.8855500000000003, 0.4601, -0.008422
16, 10.35, 1.88, 0.45999999999999996, 10.350050000000001, 1.8805500000000002, 0.46015000000000006, -0.008406
16, 10.35, 1.875, 0.45999999999999996, 10.349900000000002, 1.87445, 0.46015000000000006, -0.008281
16, 10.35, 1.87, 0.45999999999999996, 10.349800000000002, 1.86975, 0.4601, -0.008078
16, 10.35, 1.8650000000000002, 0.45999999999999996, 10.34975, 1.8648000000000002, 0.46005, -0.008067
16, 10.35, 1.8600000000000003, 0.45999999999999996, 10.349900000000002, 1.8601500000000002, 0.46, -0.008333
16, 10.35, 1.8550000000000004, 0.45999999999999996, 10.35, 1.85525, 0.45990000000000003, -0.008646
16, 10.35, 1.8500000000000005, 0.45999999999999996, 10.35, 1.84905, 0.45995, -0.009095
16, 10.35, 1.8450000000000006, 0.45999999999999996, 10.35, 1.8449, 0.45995, -0.009162
16, 10.35, 1.8400000000000007, 0.45999999999999996, 10.350150000000001, 1.83995, 0.45995, -0.009256
16, 10.35, 1.8350000000000009, 0.45999999999999996, 10.350150000000001, 1.8343000000000003, 0.46, -0.009272
16, 10.35, 1.830000000000001, 0.45999999999999996, 10.350150000000001, 1.8301500000000002, 0.46, -0.009235
16, 10.35, 1.830000000000001, 0.46499999999999997, 10.349900000000002, 1.8298500000000002, 0.4648, -0.009214
16, 10.35, 1.830000000000001, 0.47, 10.349800000000002, 1.82975, 0.4696, -0.009235
16, 10.35, 1.830000000000001, 0.475, 10.34975, 1.82975, 0.47490000000000004, -0.009251
16, 10.35, 1.830000000000001, 0.48, 10.34985, 1.8299, 0.4796, -0.009225
16, 10.35, 1.830000000000001, 0.485, 10.350050000000001, 1.8300500000000002, 0.48445000000000005, -0.00923
16, 10.35, 1.830000000000001, 0.49, 10.350200000000001, 1.8302, 0.48945000000000005, -0.009214
16, 10.35, 1.830000000000001, 0.495, 10.350200000000001, 1.8301500000000002, 0.49455, -0.009277
16, 10.35, 1.830000000000001, 0.5, 10.350200000000001, 1.8301, 0.49925, -0.009251
16, 10.35, 1.830000000000001, 0.505, 10.35, 1.83, 0.5044000000000001, -0.009251
16, 10.35, 1.830000000000001, 0.51, 10.34985, 1.82995, 0.5097, -0.009235
16, 10.35, 1.830000000000001, 0.515, 10.34985, 1.8299, 0.5141, -0.009298
16, 10.35, 1.830000000000001, 0.52, 10.34985, 1.82995, 0.5193000000000001, -0.009287
16, 10.35, 1.830000000000001, 0.525, 10.350050000000001, 1.8299, 0.5247, -0.00923
16, 10.35, 1.830000000000001, 0.53, 10.350200000000001, 1.83, 0.5295, -0.009235
16, 10.35, 1.830000000000001, 0.535, 10.350200000000001, 1.8301, 0.5348999999999999, -0.00922
16, 10.35, 1.830000000000001, 0.54, 10.350200000000001, 1.8301, 0.54, -0.00922
17, 10.35, 1.8350000000000009, 0.54, 10.349950000000002, 1.8347, 0.54, -0.009287
17, 10.35, 1.8400000000000007, 0.54, 10.34985, 1.84075, 0.54, -0.009199
17, 10.35, 1.8450000000000006, 0.54, 10.34985, 1.84485, 0.54, -0.009204
17, 10.35, 1.8500000000000005, 0.54, 10.35, 1.8503500000000002, 0.54, -0.00899
17, 10.35, 1.8550000000000004, 0.54, 10.35, 1.8557000000000001, 0.54, -0.008479
17, 10.35, 1.8600000000000003, 0.54, 10.35, 1.8606500000000001, 0.54, -0.008239
17, 10.35, 1.8650000000000002, 0.54, 10.349950000000002, 1.8653000000000002, 0.54, -0.007979
17, 10.35, 1.87, 0.54, 10.350050000000001, 1.8702, 0.54005, -0.00813
17, 10.35, 1.875, 0.54, 10.350200000000001, 1.875, 0.54, -0.008396
17, 10.35, 1.88, 0.54, 10.350150000000001, 1.8800500000000002, 0.54, -0.008526
17, 10.35, 1.8849999999999998, 0.54, 10.350200000000001, 1.8855500000000003, 0.54, -0.008401
17, 10.35, 1.8899999999999997, 0.54, 10.3496, 1.8901000000000001, 0.54, -0.008218
17, 10.35, 1.8949999999999996, 0.54, 10.349650000000002, 1.8943, 0.54, -0.008166
17, 10.35, 1.8999999999999995, 0.54, 10.349950000000002, 1.89935, 0.54, -0.00814
17, 10.35, 1.9049999999999994, 0.54, 10.350100000000001, 1.90415, 0.54005, -0.008187
17, 10.35, 1.9099999999999993, 0.54, 10.35025, 1.9090500000000001, 0.5401, -0.008526
17, 10.35, 1.9149999999999991, 0.54, 10.350100000000001, 1.9145500000000002, 0.5401, -0.008724
17, 10.35, 1.9149999999999991, 0.535, 10.35, 1.9153000000000002, 0.53535, -0.008776
17, 10.35, 1.9149999999999991, 0.53, 10.349900000000002, 1.91535, 0.5303000000000001, -0.008782
17, 10.35, 1.9149999999999991, 0.525, 10.34985, 1.91525, 0.5248999999999999, -0.008813
17, 10.35, 1.9149999999999991, 0.52, 10.34985, 1.9149, 0.52035, -0.008823
17, 10.35, 1.9149999999999991, 0.515, 10.34985, 1.9147, 0.51575, -0.008844
17, 10.35, 1.9149999999999991, 0.51, 10.350050000000001, 1.9147, 0.5104000000000001, -0.008823
17, 10.35, 1.9149999999999991, 0.505, 10.350200000000001, 1.9151000000000002, 0.5052000000000001, -0.008849
17, 10.35, 1.9149999999999991, 0.5, 10.350200000000001, 1.91525, 0.5004500000000001, -0.008787
17, 10.35, 1.9149999999999991, 0.495, 10.350150000000001, 1.9152, 0.49525, -0.008761
17, 10.35, 1.9149999999999991, 0.49, 10.35, 1.9150500000000001, 0.49085, -0.008729
17, 10.35, 1.9149999999999991, 0.485, 10.350050000000001, 1.9148500000000002, 0.48545000000000005, -0.008662
17, 10.35, 1.9149999999999991, 0.48, 10.34985, 1.9148000000000003, 0.48095000000000004, -0.008636
17, 10.35, 1.9149999999999991, 0.475, 10.3497, 1.9149, 0.47575, -0.00861
17, 10.35, 1.9149999999999991, 0.47, 10.34975, 1.9150500000000001, 0.47035000000000005, -0.008604
17, 10.35, 1.9149999999999991, 0.46499999999999997, 10.35, 1.9151000000000002, 0.46555, -0.008531
17, 10.35, 1.9149999999999991, 0.45999999999999996, 10.35, 1.9151000000000002, 0.4608, -0.008516
17, 10.35, 1.9149999999999991, 0.45499999999999996, 10.350050000000001, 1.9151500000000001, 0.4556, -0.008552
18, 10.35, 1.9099999999999993, 0.45499999999999996, 10.350050000000001, 1.9109500000000001, 0.45535000000000003, -0.008583
18, 10.35, 1.9049999999999994, 0.45499999999999996, 10.350200000000001, 1.90545, 0.45470000000000005, -0.008547
18, 10.35, 1.8999999999999995, 0.45499999999999996, 10.35025, 1.9008000000000003, 0.45475, -0.008448
18, 10.35, 1.8949999999999996, 0.45499999999999996, 10.349950000000002, 1.8955, 0.455, -0.008318
18, 10.35, 1.8899999999999997, 0.45499999999999996, 10.349900000000002, 1.88975, 0.45520000000000005, -0.008479
18, 10.35, 1.8849999999999998, 0.45499999999999996, 10.349800000000002, 1.88525, 0.45520000000000005, -0.008448
18, 10.35, 1.88, 0.45499999999999996, 10.349900000000002, 1.8803, 0.45525, -0.008359
18, 10.35, 1.875, 0.45499999999999996, 10.35, 1.8743500000000002, 0.45505, -0.008203
18, 10.35, 1.87, 0.45499999999999996, 10.350050000000001, 1.8697000000000001, 0.45495, -0.00802
18, 10.35, 1.8650000000000002, 0.45499999999999996, 10.350200000000001, 1.86495, 0.4549, -0.008093
18, 10.35, 1.8600000000000003, 0.45499999999999996, 10.350200000000001, 1.86, 0.45485000000000003, -0.008396
18, 10.35, 1.8550000000000004, 0.45499999999999996, 10.35025, 1.85475, 0.4549, -0.008667
18, 10.35, 1.8500000000000005, 0.45499999999999996, 10.3497, 1.8493000000000002, 0.45495, -0.008995
18, 10.35, 1.8450000000000006, 0.45499999999999996, 10.349950000000002, 1.84525, 0.455, -0.009199
18, 10.35, 1.8400000000000007, 0.45499999999999996, 10.349900000000002, 1.8402, 0.45505, -0.009225
18, 10.35, 1.8350000000000009, 0.45499999999999996, 10.350100000000001, 1.8347, 0.45505, -0.009235
18, 10.35, 1.830000000000001, 0.45499999999999996, 10.350200000000001, 1.8295, 0.4551, -0.009272
18, 10.35, 1.825000000000001, 0.45499999999999996, 10.350100000000001, 1.826, 0.4551, -0.009267
18, 10.35, 1.825000000000001, 0.45999999999999996, 10.34975, 1.8243000000000003, 0.4591, -0.009277
18, 10.35, 1.825000000000001, 0.46499999999999997, 10.349800000000002, 1.8242, 0.46465, -0.009272
18, 10.35, 1.825000000000001, 0.47, 10.349800000000002, 1.82485, 0.46970000000000006, -0.009287
18, 10.35, 1.825000000000001, 0.475, 10.349950000000002, 1.8250500000000003, 0.47440000000000004, -0.009282
18, 10.35, 1.825000000000001, 0.48, 10.350100000000001, 1.82525, 0.47975, -0.00923
18, 10.35, 1.825000000000001, 0.485, 10.350200000000001, 1.82525, 0.48425, -0.009241
18, 10.35, 1.825000000000001, 0.49, 10.350200000000001, 1.82485, 0.4895, -0.009241
18, 10.35, 1.825000000000001, 0.495, 10.350200000000001, 1.8246000000000002, 0.4945, -0.009272
18, 10.35, 1.825000000000001, 0.5, 10.35, 1.8249000000000002, 0.49920000000000003, -0.009272
18, 10.35, 1.825000000000001, 0.505, 10.35, 1.8250500000000003, 0.5043500000000001, -0.009267
18, 10.35, 1.825000000000001, 0.51, 10.35, 1.8252000000000002, 0.5095500000000001, -0.009298
18, 10.35, 1.825000000000001, 0.515, 10.35, 1.8250500000000003, 0.5150500000000001, -0.009241
18, 10.35, 1.825000000000001, 0.52, 10.35, 1.8247, 0.5191, -0.009209
18, 10.35, 1.825000000000001, 0.525, 10.35, 1.8246000000000002, 0.5245, -0.009214
18, 10.35, 1.825000000000001, 0.53, 10.35, 1.8250500000000003, 0.52985, -0.009235
18, 10.35, 1.825000000000001, 0.535, 10.35, 1.8252000000000002, 0.5345, -0.009225
18, 10.35, 1.825000000000001, 0.54, 10.35, 1.8252000000000002, 0.5401, -0.009293
18, 10.35, 1.825000000000001, 0.545, 10.349950000000002, 1.82515, 0.54475, -0.009287
19, 10.35, 1.830000000000001, 0.545, 10.34975, 1.82915, 0.54495, -0.009298
19, 10.35, 1.8350000000000009, 0.545, 10.34975, 1.8359, 0.545, -0.009261
19, 10.35, 1.8400000000000007, 0.545, 10.349950000000002, 1.841, 0.545, -0.009261
19, 10.35, 1.8450000000000006, 0.545, 10.350200000000001, 1.8446000000000002, 0.545, -0.009152
19, 10.35, 1.8500000000000005, 0.545, 10.350200000000001, 1.8504, 0.545, -0.008928
19, 10.35, 1.8550000000000004, 0.545, 10.350200000000001, 1.8557000000000001, 0.545, -0.008547
19, 10.35, 1.8600000000000003, 0.545, 10.350100000000001, 1.8607, 0.545, -0.008135
19, 10.35, 1.8650000000000002, 0.545, 10.349950000000002, 1.8653000000000002, 0.545, -0.008072
19, 10.35, 1.87, 0.545, 10.34985, 1.8701500000000002, 0.545, -0.008198
19, 10.35, 1.875, 0.545, 10.349800000000002, 1.875, 0.545, -0.008469
19, 10.35, 1.88, 0.545, 10.349800000000002, 1.8801, 0.545, -0.008505
19, 10.35, 1.8849999999999998, 0.545, 10.35, 1.88535, 0.545, -0.008411
19, 10.35, 1.8899999999999997, 0.545, 10.349950000000002, 1.8894000000000002, 0.545, -0.008281
19, 10.35, 1.8949999999999996, 0.545, 10.350100000000001, 1.8942, 0.54505, -0.00814
19, 10.35, 1.8999999999999995, 0.545, 10.35025, 1.8993000000000002, 0.5451, -0.008187
19, 10.35, 1.9049999999999994, 0.545, 10.3503, 1.9040500000000002, 0.54505, -0.008297
19, 10.35, 1.9099999999999993, 0.545, 10.350100000000001, 1.9090500000000001, 0.54505, -0.008615
19, 10.35, 1.9149999999999991, 0.545, 10.349800000000002, 1.9146, 0.54505, -0.008683
19, 10.35, 1.919999999999999, 0.545, 10.349800000000002, 1.9193500000000001, 0.54505, -0.008568
19, 10.35, 1.919999999999999, 0.54, 10.349950000000002, 1.91965, 0.5405500000000001, -0.008578
19, 10.35, 1.919999999999999, 0.535, 10.350050000000001, 1.9203000000000001, 0.5348999999999999, -0.008552
19, 10.35, 1.919999999999999, 0.53, 10.350200000000001, 1.9204, 0.53015, -0.008578
19, 10.35, 1.919999999999999, 0.525, 10.350200000000001, 1.9202000000000001, 0.5255500000000001, -0.008636
19, 10.35, 1.919999999999999, 0.52, 10.350200000000001, 1.9199000000000002, 0.5200500000000001, -0.008557
19, 10.35, 1.919999999999999, 0.515, 10.35, 1.9198000000000002, 0.5156499999999999, -0.008615
19, 10.35, 1.919999999999999, 0.51, 10.350050000000001, 1.9198000000000002, 0.51035, -0.008599
19, 10.35, 1.919999999999999, 0.505, 10.34985, 1.9199000000000002, 0.5057, -0.008583
19, 10.35, 1.919999999999999, 0.5, 10.3497, 1.9201000000000001, 0.5003, -0.008521
19, 10.35, 1.919999999999999, 0.495, 10.34975, 1.92015, 0.4953, -0.00851
19, 10.35, 1.919999999999999, 0.49, 10.35, 1.9202000000000001, 0.49085, -0.008427
19, 10.35, 1.919999999999999, 0.485, 10.350050000000001, 1.92015, 0.4855, -0.00837
19, 10.35, 1.919999999999999, 0.48, 10.350200000000001, 1.91985, 0.48065, -0.008422
19, 10.35, 1.919999999999999, 0.475, 10.350200000000001, 1.91975, 0.47585, -0.008484
19, 10.35, 1.919999999999999, 0.47, 10.350200000000001, 1.91985, 0.4705, -0.008448
19, 10.35, 1.919999999999999, 0.46499999999999997, 10.35, 1.9200500000000003, 0.4655, -0.008469
19, 10.35, 1.919999999999999, 0.45999999999999996, 10.35, 1.9202000000000001, 0.46085000000000004, -0.008443
19, 10.35, 1.919999999999999, 0.45499999999999996, 10.35, 1.9202000000000001, 0.45570000000000005, -0.008443
19, 10.35, 1.919999999999999, 0.44999999999999996, 10.35, 1.9201000000000001, 0.45035000000000003, -0.008349
20, 10.35, 1.9149999999999991, 0.44999999999999996, 10.350050000000001, 1.9158000000000002, 0.45020000000000004, -0.0085
20, 10.35, 1.9099999999999993, 0.44999999999999996, 10.3497, 1.9107, 0.45, -0.008583
20, 10.35, 1.9049999999999994, 0.44999999999999996, 10.349950000000002, 1.9051500000000001, 0.44980000000000003, -0.00861
20, 10.35, 1.8999999999999995, 0.44999999999999996, 10.350150000000001, 1.9008500000000002, 0.44980000000000003, -0.008453
20, 10.35, 1.8949999999999996, 0.44999999999999996, 10.35025, 1.8955, 0.44980000000000003, -0.008401
20, 10.35, 1.8899999999999997, 0.44999999999999996, 10.35035, 1.8909, 0.44985, -0.008484
20, 10.35, 1.8849999999999998, 0.44999999999999996, 10.34985, 1.8850500000000001, 0.45, -0.008437
20, 10.35, 1.88, 0.44999999999999996, 10.349800000000002, 1.8805, 0.4501, -0.00838
20, 10.35, 1.875, 0.44999999999999996, 10.3497, 1.87445, 0.4501, -0.008234
20, 10.35, 1.87, 0.44999999999999996, 10.349950000000002, 1.8699000000000001, 0.4501, -0.00813
20, 10.35, 1.8650000000000002, 0.44999999999999996, 10.34985, 1.8648500000000001, 0.4501, -0.008072
20, 10.35, 1.8600000000000003, 0.44999999999999996, 10.3503, 1.8598500000000002, 0.4501, -0.008344
20, 10.35, 1.8550000000000004, 0.44999999999999996, 10.3505, 1.8546, 0.4501, -0.008677
20, 10.35, 1.8500000000000005, 0.44999999999999996, 10.350050000000001, 1.8494000000000002, 0.45, -0.008907
20, 10.35, 1.8450000000000006, 0.44999999999999996, 10.349650000000002, 1.8444500000000001, 0.44985, -0.009131
20, 10.35, 1.8400000000000007, 0.44999999999999996, 10.35025, 1.8398500000000002, 0.44985, -0.009199
20, 10.35, 1.8350000000000009, 0.44999999999999996, 10.35035, 1.8344, 0.4499, -0.009256
20, 10.35, 1.830000000000001, 0.44999999999999996, 10.349950000000002, 1.8293000000000001, 0.44995000000000007, -0.009241
20, 10.35, 1.825000000000001, 0.44999999999999996, 10.35, 1.825, 0.45, -0.00923
20, 10.35, 1.8200000000000012, 0.44999999999999996, 10.349900000000002, 1.8199, 0.45005, -0.00923
20, 10.35, 1.8200000000000012, 0.45499999999999996, 10.349950000000002, 1.81965, 0.45475, -0.009282
20, 10.35, 1.8200000000000012, 0.45999999999999996, 10.349900000000002, 1.8197, 0.45945, -0.009287
20, 10.35, 1.8200000000000012, 0.46499999999999997, 10.349950000000002, 1.82, 0.46465, -0.009261
20, 10.35, 1.8200000000000012, 0.47, 10.350100000000001, 1.8201500000000002, 0.46925, -0.009251
20, 10.35, 1.8200000000000012, 0.475, 10.350150000000001, 1.8201500000000002, 0.47455, -0.009277
20, 10.35, 1.8200000000000012, 0.48, 10.350150000000001, 1.8201, 0.47965, -0.009225
20, 10.35, 1.8200000000000012, 0.485, 10.350150000000001, 1.82, 0.48425, -0.009225
20, 10.35, 1.8200000000000012, 0.49, 10.35, 1.8198500000000002, 0.4895, -0.009225
20, 10.35, 1.8200000000000012, 0.495, 10.35, 1.8198500000000002, 0.49435, -0.009277
20, 10.35, 1.8200000000000012, 0.5, 10.35, 1.8199, 0.49915000000000004, -0.009287
20, 10.35, 1.8200000000000012, 0.505, 10.350050000000001, 1.8200500000000002, 0.5043, -0.009241
20, 10.35, 1.8200000000000012, 0.51, 10.349900000000002, 1.8201500000000002, 0.5095500000000001, -0.009261
20, 10.35, 1.8200000000000012, 0.515, 10.34985, 1.8200500000000002, 0.51495, -0.009272
20, 10.35, 1.8200000000000012, 0.52, 10.34975, 1.81995, 0.51915, -0.009277
20, 10.35, 1.8200000000000012, 0.525, 10.350100000000001, 1.8198, 0.5244, -0.009272
20, 10.35, 1.8200000000000012, 0.53, 10.35025, 1.8198, 0.5297000000000001, -0.009298
20, 10.35, 1.8200000000000012, 0.535, 10.3503, 1.8198500000000002, 0.5345500000000001, -0.009293
20, 10.35, 1.8200000000000012, 0.54, 10.35, 1.8201, 0.54, -0.009272
20, 10.35, 1.8200000000000012, 0.545, 10.350050000000001, 1.8202, 0.54465, -0.009225
20, 10.35, 1.8200000000000012, 0.55, 10.349900000000002, 1.82025, 0.55015, -0.00923
21, 10.35, 1.825000000000001, 0.55, 10.34975, 1.82465, 0.5502, -0.009241
21, 10.35, 1.830000000000001, 0.55, 10.34975, 1.8301500000000002, 0.5502, -0.009256
21, 10.35, 1.8350000000000009, 0.55, 10.349950000000002, 1.8357, 0.55025, -0.009214
21, 10.35, 1.8400000000000007, 0.55, 10.350150000000001, 1.84025, 0.54975, -0.009241
21, 10.35, 1.8450000000000006, 0.55, 10.34985, 1.84545, 0.5498500000000001, -0.009063
21, 10.35, 1.8500000000000005, 0.55, 10.3497, 1.8505, 0.55005, -0.008855
21, 10.35, 1.8550000000000004, 0.55, 10.3497, 1.8557000000000001, 0.55015, -0.008521
21, 10.35, 1.8600000000000003, 0.55, 10.349950000000002, 1.8606500000000001, 0.5502, -0.00825
21, 10.35, 1.8650000000000002, 0.55, 10.350100000000001, 1.86535, 0.55015, -0.008093
21, 10.35, 1.87, 0.55, 10.350200000000001, 1.8702, 0.55015, -0.008244
21, 10.35, 1.875, 0.55, 10.35025, 1.87505, 0.54995, -0.008458
21, 10.35, 1.88, 0.55, 10.350100000000001, 1.88015, 0.5498000000000001, -0.00851
21, 10.35, 1.8849999999999998, 0.55, 10.349950000000002, 1.88545, 0.5498000000000001, -0.008406
21, 10.35, 1.8899999999999997, 0.55, 10.349950000000002, 1.89015, 0.5498999999999999, -0.008281
21, 10.35, 1.8949999999999996, 0.55, 10.34975, 1.89425, 0.55, -0.008213
21, 10.35, 1.8999999999999995, 0.55, 10.349950000000002, 1.89935, 0.55, -0.008234
21, 10.35, 1.9049999999999994, 0.55, 10.350100000000001, 1.90395, 0.55, -0.008338
21, 10.35, 1.9099999999999993, 0.55, 10.350200000000001, 1.9091000000000002, 0.55, -0.008563
21, 10.35, 1.9149999999999991, 0.55, 10.35025, 1.9141000000000001, 0.55, -0.008625
21, 10.35, 1.919999999999999, 0.55, 10.349900000000002, 1.9196000000000002, 0.55005, -0.008484
21, 10.35, 1.924999999999999, 0.55, 10.349800000000002, 1.9243500000000002, 0.5501, -0.008427
21, 10.35, 1.924999999999999, 0.545, 10.34985, 1.9245500000000002, 0.54575, -0.008406
21, 10.35, 1.924999999999999, 0.54, 10.34985, 1.9254, 0.54025, -0.008443
21, 10.35, 1.924999999999999, 0.535, 10.350050000000001, 1.9254, 0.5348, -0.008422
21, 10.35, 1.924999999999999, 0.53, 10.35025, 1.9251, 0.5302, -0.008396
21, 10.35, 1.924999999999999, 0.525, 10.35025, 1.9248000000000003, 0.5254, -0.008427
21, 10.35, 1.924999999999999, 0.52, 10.35, 1.9247, 0.52, -0.008495
21, 10.35, 1.924999999999999, 0.515, 10.35, 1.9248500000000002, 0.5156499999999999, -0.0085
21, 10.35, 1.924999999999999, 0.51, 10.350050000000001, 1.9251, 0.5104000000000001, -0.008557
21, 10.35, 1.924999999999999, 0.505, 10.35, 1.92525, 0.5057, -0.008474
21, 10.35, 1.924999999999999, 0.5, 10.35, 1.9252, 0.5003, -0.008417
21, 10.35, 1.924999999999999, 0.495, 10.35, 1.9250500000000001, 0.49555, -0.008307
21, 10.35, 1.924999999999999, 0.49, 10.350050000000001, 1.92475, 0.4908, -0.008271
21, 10.35, 1.924999999999999, 0.485, 10.34985, 1.9247, 0.48545000000000005, -0.008229
21, 10.35, 1.924999999999999, 0.48, 10.34975, 1.925, 0.48075, -0.008224
21, 10.35, 1.924999999999999, 0.475, 10.34975, 1.9251500000000001, 0.47590000000000005, -0.008171
21, 10.35, 1.924999999999999, 0.47, 10.350050000000001, 1.9252, 0.4705, -0.008119
21, 10.35, 1.924999999999999, 0.46499999999999997, 10.350200000000001, 1.9251500000000001, 0.46535000000000004, -0.008171
21, 10.35, 1.924999999999999, 0.45999999999999996, 10.350200000000001, 1.9250500000000001, 0.46090000000000003, -0.008192
21, 10.35, 1.924999999999999, 0.45499999999999996, 10.350150000000001, 1.9248000000000003, 0.45570000000000005, -0.008203
21, 10.35, 1.924999999999999, 0.44999999999999996, 10.35, 1.9247, 0.4504, -0.008276
21, 10.35, 1.924999999999999, 0.44499999999999995, 10.35, 1.9248500000000002, 0.44555, -0.008302
22, 10.35, 1.919999999999999, 0.44499999999999995, 10.349950000000002, 1.9209, 0.445, -0.008344
22, 10.35, 1.9149999999999991, 0.44499999999999995, 10.34985, 1.9155, 0.44495000000000007, -0.008516
22, 10.35, 1.9099999999999993, 0.44499999999999995, 10.35, 1.9101000000000001, 0.44495000000000007, -0.008599
22, 10.35, 1.9049999999999994, 0.44499999999999995, 10.350100000000001, 1.905, 0.44495000000000007, -0.008604
22, 10.35, 1.8999999999999995, 0.44499999999999995, 10.350150000000001, 1.9008500000000002, 0.445, -0.008464
22, 10.35, 1.8949999999999996, 0.44499999999999995, 10.350150000000001, 1.8956000000000002, 0.4451, -0.008458
22, 10.35, 1.8899999999999997, 0.44499999999999995, 10.35025, 1.8908500000000001, 0.44505, -0.008547
22, 10.35, 1.8849999999999998, 0.44499999999999995, 10.349900000000002, 1.8848500000000001, 0.4451, -0.008417
22, 10.35, 1.88, 0.44499999999999995, 10.349800000000002, 1.88015, 0.4451, -0.008364
22, 10.35, 1.875, 0.44499999999999995, 10.3497, 1.87445, 0.4451, -0.008234
22, 10.35, 1.87, 0.44499999999999995, 10.34985, 1.86975, 0.44505, -0.00813
22, 10.35, 1.8650000000000002, 0.44499999999999995, 10.35, 1.8648500000000001, 0.44505, -0.008171
22, 10.35, 1.8600000000000003, 0.44499999999999995, 10.350050000000001, 1.8597000000000001, 0.44505, -0.008458
22, 10.35, 1.8550000000000004, 0.44499999999999995, 10.35025, 1.8546, 0.44495000000000007, -0.008662
22, 10.35, 1.8500000000000005, 0.44499999999999995, 10.3503, 1.8494000000000002, 0.4449, -0.008917
22, 10.35, 1.8450000000000006, 0.44499999999999995, 10.350100000000001, 1.8446000000000002, 0.44495000000000007, -0.009141
22, 10.35, 1.8400000000000007, 0.44499999999999995, 10.349900000000002, 1.83965, 0.44495000000000007, -0.00922
22, 10.35, 1.8350000000000009, 0.44499999999999995, 10.34975, 1.8343500000000001, 0.44495000000000007, -0.009256
22, 10.35, 1.830000000000001, 0.44499999999999995, 10.349800000000002, 1.8293000000000001, 0.44495000000000007, -0.009267
22, 10.35, 1.825000000000001, 0.44499999999999995, 10.349900000000002, 1.8245, 0.44495000000000007, -0.00923
22, 10.35, 1.8200000000000012, 0.44499999999999995, 10.350050000000001, 1.8198500000000002, 0.445, -0.009277
22, 10.35, 1.8150000000000013, 0.44499999999999995, 10.350200000000001, 1.81495, 0.445, -0.009235
22, 10.35, 1.8150000000000013, 0.44999999999999996, 10.350150000000001, 1.8147, 0.44965000000000005, -0.009267
22, 10.35, 1.8150000000000013, 0.45499999999999996, 10.350150000000001, 1.81475, 0.45495, -0.009303
22, 10.35, 1.8150000000000013, 0.45999999999999996, 10.349950000000002, 1.8150500000000003, 0.4595, -0.009277
22, 10.35, 1.8150000000000013, 0.46499999999999997, 10.34985, 1.81525, 0.46465, -0.009209
22, 10.35, 1.8150000000000013, 0.47, 10.349800000000002, 1.8152000000000001, 0.46925, -0.00923
22, 10.35, 1.8150000000000013, 0.475, 10.349800000000002, 1.8150500000000003, 0.47455, -0.009282
22, 10.35, 1.8150000000000013, 0.48, 10.349950000000002, 1.8149000000000002, 0.47940000000000005, -0.009261
22, 10.35, 1.8150000000000013, 0.485, 10.350150000000001, 1.8148000000000002, 0.48435, -0.00922
22, 10.35, 1.8150000000000013, 0.49, 10.35025, 1.8148000000000002, 0.48945000000000005, -0.009256
22, 10.35, 1.8150000000000013, 0.495, 10.35025, 1.8149000000000002, 0.4943, -0.00923
22, 10.35, 1.8150000000000013, 0.5, 10.35, 1.8150500000000003, 0.49920000000000003, -0.009256
22, 10.35, 1.8150000000000013, 0.505, 10.35, 1.81515, 0.5043, -0.009272
22, 10.35, 1.8150000000000013, 0.51, 10.349950000000002, 1.8152000000000001, 0.5094500000000001, -0.009241
22, 10.35, 1.8150000000000013, 0.515, 10.349800000000002, 1.81495, 0.51495, -0.009272
22, 10.35, 1.8150000000000013, 0.52, 10.349800000000002, 1.8148000000000002, 0.51915, -0.00922
22, 10.35, 1.8150000000000013, 0.525, 10.35, 1.81475, 0.5243000000000001, -0.009287
22, 10.35, 1.8150000000000013, 0.53, 10.350050000000001, 1.815, 0.52965, -0.009272
22, 10.35, 1.8150000000000013, 0.535, 10.350150000000001, 1.81515, 0.53485, -0.009298
22, 10.35, 1.8150000000000013, 0.54, 10.350150000000001, 1.81515, 0.5398000000000001, -0.009282
22, 10.35, 1.8150000000000013, 0.545, 10.350100000000001, 1.8150500000000003, 0.54465, -0.009303
22, 10.35, 1.8150000000000013, 0.55, 10.35, 1.8149000000000002, 0.5501, -0.009241
22, 10.35, 1.8150000000000013, 0.555, 10.349950000000002, 1.8148000000000002, 0.55495, -0.009241
23, 10.35, 1.8200000000000012, 0.555, 10.34985, 1.82, 0.55505, -0.00923
23, 10.35, 1.825000000000001, 0.555, 10.34985, 1.8250500000000003, 0.55515, -0.009246
23, 10.35, 1.830000000000001, 0.555, 10.34985, 1.83025, 0.55515, -0.009272
23, 10.35, 1.8350000000000009, 0.555, 10.349950000000002, 1.83575, 0.55515, -0.009277
23, 10.35, 1.8400000000000007, 0.555, 10.35025, 1.8404, 0.55505, -0.009225
23, 10.35, 1.8450000000000006, 0.555, 10.34985, 1.84525, 0.555, -0.009011
23, 10.35, 1.8500000000000005, 0.555, 10.3497, 1.8505500000000001, 0.55505, -0.008865
23, 10.35, 1.8550000000000004, 0.555, 10.35, 1.8557000000000001, 0.555, -0.008484
23, 10.35, 1.8600000000000003, 0.555, 10.349950000000002, 1.86075, 0.555, -0.00825
23, 10.35, 1.8650000000000002, 0.555, 10.350100000000001, 1.8653000000000002, 0.555, -0.008177
23, 10.35, 1.87, 0.555, 10.350200000000001, 1.8701500000000002, 0.555, -0.008203
23, 10.35, 1.875, 0.555, 10.350150000000001, 1.8751000000000002, 0.555, -0.00838
23, 10.35, 1.88, 0.555, 10.350100000000001, 1.8800500000000002, 0.555, -0.008495
23, 10.35, 1.8849999999999998, 0.555, 10.35, 1.88545, 0.55505, -0.008443
23, 10.35, 1.8899999999999997, 0.555, 10.350050000000001, 1.889, 0.555, -0.008354
23, 10.35, 1.8949999999999996, 0.555, 10.349900000000002, 1.8943, 0.55505, -0.008213
23, 10.35, 1.8999999999999995, 0.555, 10.34975, 1.89935, 0.555, -0.008208
23, 10.35, 1.9049999999999994, 0.555, 10.3497, 1.9040500000000002, 0.555, -0.00838
23, 10.35, 1.9099999999999993, 0.555, 10.349950000000002, 1.9090500000000001, 0.555, -0.008594
23, 10.35, 1.9149999999999991, 0.555, 10.350150000000001, 1.9146, 0.555, -0.008557
23, 10.35, 1.919999999999999, 0.555, 10.350200000000001, 1.91945, 0.555, -0.008505
23, 10.35, 1.924999999999999, 0.555, 10.350150000000001, 1.9242000000000001, 0.555, -0.008432
23, 10.35, 1.9299999999999988, 0.555, 10.34985, 1.92985, 0.555, -0.00838
23, 10.35, 1.9299999999999988, 0.55, 10.349800000000002, 1.9304000000000001, 0.5505500000000001, -0.008396
23, 10.35, 1.9299999999999988, 0.545, 10.349800000000002, 1.9303500000000002, 0.54505, -0.008437
23, 10.35, 1.9299999999999988, 0.54, 10.35, 1.92985, 0.54, -0.008432
23, 10.35, 1.9299999999999988, 0.535, 10.35, 1.9298000000000002, 0.53485, -0.008448
23, 10.35, 1.9299999999999988, 0.53, 10.35, 1.9298000000000002, 0.53015, -0.008474
23, 10.35, 1.9299999999999988, 0.525, 10.35, 1.9299000000000002, 0.5255, -0.00851
23, 10.35, 1.9299999999999988, 0.52, 10.35, 1.93015, 0.51995, -0.00851
23, 10.35, 1.9299999999999988, 0.515, 10.350050000000001, 1.93025, 0.5156000000000001, -0.008505
23, 10.35, 1.9299999999999988, 0.51, 10.350150000000001, 1.9301000000000001, 0.5103, -0.008469
23, 10.35, 1.9299999999999988, 0.505, 10.350200000000001, 1.92995, 0.5057, -0.008443
23, 10.35, 1.9299999999999988, 0.5, 10.350150000000001, 1.9298000000000002, 0.5003, -0.008448
23, 10.35, 1.9299999999999988, 0.495, 10.349950000000002, 1.9298000000000002, 0.4953, -0.008385
23, 10.35, 1.9299999999999988, 0.49, 10.349800000000002, 1.9299000000000002, 0.4908, -0.008359
23, 10.35, 1.9299999999999988, 0.485, 10.349800000000002, 1.9300500000000003, 0.48545000000000005, -0.008328
23, 10.35, 1.9299999999999988, 0.48, 10.349800000000002, 1.9302000000000001, 0.481, -0.008323
23, 10.35, 1.9299999999999988, 0.475, 10.35, 1.9302000000000001, 0.4758, -0.008255
23, 10.35, 1.9299999999999988, 0.47, 10.350150000000001, 1.9300500000000003, 0.47040000000000004, -0.008318
23, 10.35, 1.9299999999999988, 0.46499999999999997, 10.350150000000001, 1.9299000000000002, 0.46535000000000004, -0.008218
23, 10.35, 1.9299999999999988, 0.45999999999999996, 10.350150000000001, 1.92975, 0.4608, -0.008203
23, 10.35, 1.9299999999999988, 0.45499999999999996, 10.349950000000002, 1.9298000000000002, 0.45570000000000005, -0.00825
23, 10.35, 1.9299999999999988, 0.44999999999999996, 10.34985, 1.9300500000000003, 0.45035000000000003, -0.008213
23, 10.35, 1.9299999999999988, 0.44499999999999995, 10.349800000000002, 1.93015, 0.44585, -0.008218
23, 10.35, 1.9299999999999988, 0.43999999999999995, 10.34985, 1.93015, 0.4404, -0.008318
24, 10.35, 1.924999999999999, 0.43999999999999995, 10.35, 1.9255, 0.44025, -0.008354
24, 10.35, 1.919999999999999, 0.43999999999999995, 10.35025, 1.92015, 0.4395, -0.008391
24, 10.35, 1.9149999999999991, 0.43999999999999995, 10.350150000000001, 1.9153000000000002, 0.43995000000000006, -0.008479
24, 10.35, 1.9099999999999993, 0.43999999999999995, 10.3497, 1.91015, 0.44020000000000004, -0.008516
24, 10.35, 1.9049999999999994, 0.43999999999999995, 10.34985, 1.9048500000000002, 0.44025, -0.008641
24, 10.35, 1.8999999999999995, 0.43999999999999995, 10.350100000000001, 1.90075, 0.44005, -0.008521
24, 10.35, 1.8949999999999996, 0.43999999999999995, 10.3503, 1.8952, 0.43995000000000006, -0.00849
24, 10.35, 1.8899999999999997, 0.43999999999999995, 10.35035, 1.8906, 0.4398, -0.008495
24, 10.35, 1.8849999999999998, 0.43999999999999995, 10.35, 1.8847, 0.4398, -0.008406
24, 10.35, 1.88, 0.43999999999999995, 10.349950000000002, 1.8801, 0.4398, -0.008375
24, 10.35, 1.875, 0.43999999999999995, 10.34985, 1.87475, 0.43995000000000006, -0.00825
24, 10.35, 1.87, 0.43999999999999995, 10.34985, 1.8697000000000001, 0.44005, -0.008224
24, 10.35, 1.8650000000000002, 0.43999999999999995, 10.349900000000002, 1.86535, 0.44015000000000004, -0.008239
24, 10.35, 1.8600000000000003, 0.43999999999999995, 10.349950000000002, 1.8593000000000002, 0.44020000000000004, -0.008422
24, 10.35, 1.8550000000000004, 0.43999999999999995, 10.350100000000001, 1.8543500000000002, 0.44015000000000004, -0.008729
24, 10.35, 1.8500000000000005, 0.43999999999999995, 10.3503, 1.8493000000000002, 0.44005, -0.009001
24, 10.35, 1.8450000000000006, 0.43999999999999995, 10.3503, 1.8446500000000001, 0.44, -0.009147
24, 10.35, 1.8400000000000007, 0.43999999999999995, 10.350100000000001, 1.8404, 0.4399, -0.009241
24, 10.35, 1.8350000000000009, 0.43999999999999995, 10.349900000000002, 1.8341, 0.43975, -0.009225
24, 10.35, 1.830000000000001, 0.43999999999999995, 10.3497, 1.82915, 0.4398, -0.009282
24, 10.35, 1.825000000000001, 0.43999999999999995, 10.3497, 1.8253000000000001, 0.4398, -0.009225
24, 10.35, 1.8200000000000012, 0.43999999999999995, 10.350050000000001, 1.8196, 0.44005, -0.009272
24, 10.35, 1.8150000000000013, 0.43999999999999995, 10.350100000000001, 1.8153000000000001, 0.44015000000000004, -0.009282
24, 10.35, 1.8100000000000014, 0.43999999999999995, 10.350150000000001, 1.8097, 0.44020000000000004, -0.009225
24, 10.35, 1.8100000000000014, 0.44499999999999995, 10.350100000000001, 1.8096, 0.4444, -0.009241
24, 10.35, 1.8100000000000014, 0.44999999999999996, 10.35, 1.80995, 0.44970000000000004, -0.009287
24, 10.35, 1.8100000000000014, 0.45499999999999996, 10.35, 1.8101, 0.455, -0.009282
24, 10.35, 1.8100000000000014, 0.45999999999999996, 10.349950000000002, 1.8103000000000002, 0.45955, -0.009293
24, 10.35, 1.8100000000000014, 0.46499999999999997, 10.350050000000001, 1.81025, 0.46420000000000006, -0.009241
24, 10.35, 1.8100000000000014, 0.47, 10.349900000000002, 1.80995, 0.46940000000000004, -0.009277
24, 10.35, 1.8100000000000014, 0.475, 10.349800000000002, 1.80975, 0.4746, -0.009251
24, 10.35, 1.8100000000000014, 0.48, 10.349800000000002, 1.8098, 0.47955000000000003, -0.009277
24, 10.35, 1.8100000000000014, 0.485, 10.349800000000002, 1.81, 0.48425, -0.009293
24, 10.35, 1.8100000000000014, 0.49, 10.349950000000002, 1.8101500000000001, 0.48945000000000005, -0.009235
24, 10.35, 1.8100000000000014, 0.495, 10.350100000000001, 1.81025, 0.49425, -0.009251
24, 10.35, 1.8100000000000014, 0.5, 10.350200000000001, 1.8101500000000001, 0.49910000000000004, -0.009251
24, 10.35, 1.8100000000000014, 0.505, 10.350200000000001, 1.8099, 0.50425, -0.009277
24, 10.35, 1.8100000000000014, 0.51, 10.350200000000001, 1.80975, 0.5094000000000001, -0.009282
24, 10.35, 1.8100000000000014, 0.515, 10.35, 1.8098, 0.5140500000000001, -0.009241
24, 10.35, 1.8100000000000014, 0.52, 10.34985, 1.8101, 0.52, -0.009261
24, 10.35, 1.8100000000000014, 0.525, 10.349900000000002, 1.8103000000000002, 0.5244, -0.009241
24, 10.35, 1.8100000000000014, 0.53, 10.34985, 1.8101500000000001, 0.5295500000000001, -0.009272
24, 10.35, 1.8100000000000014, 0.535, 10.349950000000002, 1.80995, 0.53495, -0.009261
24, 10.35, 1.8100000000000014, 0.54, 10.350100000000001, 1.8098, 0.53965, -0.009241
24, 10.35, 1.8100000000000014, 0.545, 10.350200000000001, 1.8098, 0.54465, -0.00922
24, 10.35, 1.8100000000000014, 0.55, 10.350200000000001, 1.8099, 0.55, -0.009256
24, 10.35, 1.8100000000000014, 0.555, 10.350200000000001, 1.8100500000000002, 0.5549, -0.009277
24, 10.35, 1.8100000000000014, 0.56, 10.35, 1.8101500000000001, 0.5601499999999999, -0.009277
25, 10.35, 1.8150000000000013, 0.56, 10.349950000000002, 1.8144, 0.5603, -0.009272
25, 10.35, 1.8200000000000012, 0.56, 10.34985, 1.8204500000000001, 0.56035, -0.009277
25, 10.35, 1.825000000000001, 0.56, 10.34985, 1.82545, 0.56025, -0.009282
25, 10.35, 1.830000000000001, 0.56, 10.34985, 1.8304, 0.56, -0.00922
25, 10.35, 1.8350000000000009, 0.56, 10.35, 1.83595, 0.56, -0.009282
25, 10.35, 1.8400000000000007, 0.56, 10.34985, 1.8409, 0.56, -0.009199
25, 10.35, 1.8450000000000006, 0.56, 10.350200000000001, 1.8447, 0.56, -0.009141
25, 10.35, 1.8500000000000005, 0.56, 10.350200000000001, 1.8505, 0.56, -0.008943
25, 10.35, 1.8550000000000004, 0.56, 10.350200000000001, 1.8557000000000001, 0.56, -0.008568
25, 10.35, 1.8600000000000003, 0.56, 10.350150000000001, 1.8606, 0.5599500000000001, -0.008234
25, 10.35, 1.8650000000000002, 0.56, 10.349900000000002, 1.8653000000000002, 0.56, -0.008229
25, 10.35, 1.87, 0.56, 10.349800000000002, 1.8701500000000002, 0.56, -0.008291
25, 10.35, 1.875, 0.56, 10.34975, 1.87515, 0.56, -0.008417
25, 10.35, 1.88, 0.56, 10.349900000000002, 1.88, 0.56, -0.008437
25, 10.35, 1.8849999999999998, 0.56, 10.35, 1.8850500000000001, 0.56, -0.008396
25, 10.35, 1.8899999999999997, 0.56, 10.349950000000002, 1.88995, 0.56, -0.008318
25, 10.35, 1.8949999999999996, 0.56, 10.350100000000001, 1.89415, 0.56, -0.008229
25, 10.35, 1.8999999999999995, 0.56, 10.350200000000001, 1.899, 0.56, -0.008229
25, 10.35, 1.9049999999999994, 0.56, 10.350200000000001, 1.9045, 0.56, -0.008391
25, 10.35, 1.9099999999999993, 0.56, 10.349950000000002, 1.9092, 0.56, -0.008526
25, 10.35, 1.9149999999999991, 0.56, 10.349800000000002, 1.91415, 0.56, -0.008583
25, 10.35, 1.919999999999999, 0.56, 10.349800000000002, 1.9191500000000001, 0.56, -0.00851
25, 10.35, 1.924999999999999, 0.56, 10.350150000000001, 1.9245, 0.56, -0.008406
25, 10.35, 1.9299999999999988, 0.56, 10.350200000000001, 1.92945, 0.56, -0.008354
25, 10.35, 1.9349999999999987, 0.56, 10.350200000000001, 1.9342000000000001, 0.56, -0.008318
25, 10.35, 1.9349999999999987, 0.555, 10.349950000000002, 1.9348, 0.555, -0.008396
25, 10.35, 1.9349999999999987, 0.55, 10.349900000000002, 1.93495, 0.55025, -0.008474
25, 10.35, 1.9349999999999987, 0.545, 10.34985, 1.9351500000000001, 0.5453000000000001, -0.008537
25, 10.35, 1.9349999999999987, 0.54, 10.34985, 1.9353500000000001, 0.5398000000000001, -0.008604
25, 10.35, 1.9349999999999987, 0.535, 10.349950000000002, 1.935, 0.53495, -0.008625
25, 10.35, 1.9349999999999987, 0.53, 10.350050000000001, 1.93495, 0.53025, -0.008583
25, 10.35, 1.9349999999999987, 0.525, 10.350100000000001, 1.9349, 0.5254, -0.008646
25, 10.35, 1.9349999999999987, 0.52, 10.350150000000001, 1.9349, 0.52, -0.008672
25, 10.35, 1.9349999999999987, 0.515, 10.350150000000001, 1.9349, 0.5156000000000001, -0.008709
25, 10.35, 1.9349999999999987, 0.51, 10.350050000000001, 1.9349, 0.51025, -0.008703
25, 10.35, 1.9349999999999987, 0.505, 10.349900000000002, 1.93495, 0.5055, -0.008714
25, 10.35, 1.9349999999999987, 0.5, 10.34985, 1.9350500000000002, 0.5003, -0.008688
25, 10.35, 1.9349999999999987, 0.495, 10.349800000000002, 1.9351500000000001, 0.4953, -0.008599
25, 10.35, 1.9349999999999987, 0.49, 10.349800000000002, 1.9351, 0.49075, -0.008552
25, 10.35, 1.9349999999999987, 0.485, 10.35, 1.9351, 0.48540000000000005, -0.008484
25, 10.35, 1.9349999999999987, 0.48, 10.350100000000001, 1.93495, 0.47990000000000005, -0.008437
25, 10.35, 1.9349999999999987, 0.475, 10.350100000000001, 1.9348500000000002, 0.47575, -0.008338
25, 10.35, 1.9349999999999987, 0.47, 10.350150000000001, 1.9348, 0.47040000000000004, -0.008364
25, 10.35, 1.9349999999999987, 0.46499999999999997, 10.350150000000001, 1.9348500000000002, 0.46545000000000003, -0.008333
25, 10.35, 1.9349999999999987, 0.45999999999999996, 10.350050000000001, 1.935, 0.46085000000000004, -0.008312
25, 10.35, 1.9349999999999987, 0.45499999999999996, 10.34985, 1.93525, 0.45565000000000005, -0.008281
25, 10.35, 1.9349999999999987, 0.44999999999999996, 10.349800000000002, 1.9352, 0.4505, -0.008229
25, 10.35, 1.9349999999999987, 0.44499999999999995, 10.349800000000002, 1.93495, 0.44580000000000003, -0.00826
25, 10.35, 1.9349999999999987, 0.43999999999999995, 10.34985, 1.9349, 0.4404, -0.00825
25, 10.35, 1.9349999999999987, 0.43499999999999994, 10.350050000000001, 1.9348500000000002, 0.43515000000000004, -0.008255
26, 10.35, 1.9299999999999988, 0.43499999999999994, 10.350200000000001, 1.9306500000000002, 0.43495000000000006, -0.008375
26, 10.35, 1.924999999999999, 0.43499999999999994, 10.350100000000001, 1.9249, 0.4349, -0.008458
26, 10.35, 1.919999999999999, 0.43499999999999994, 10.350050000000001, 1.92095, 0.4349, -0.008422
26, 10.35, 1.9149999999999991, 0.43499999999999994, 10.349800000000002, 1.9157, 0.4349, -0.008537
26, 10.35, 1.9099999999999993, 0.43499999999999994, 10.349900000000002, 1.91015, 0.435, -0.008573
26, 10.35, 1.9049999999999994, 0.43499999999999994, 10.350100000000001, 1.905, 0.43505, -0.008662
26, 10.35, 1.8999999999999995, 0.43499999999999994, 10.350150000000001, 1.90075, 0.43505, -0.008604
26, 10.35, 1.8949999999999996, 0.43499999999999994, 10.350200000000001, 1.89525, 0.43505, -0.008568
26, 10.35, 1.8899999999999997, 0.43499999999999994, 10.35025, 1.8905500000000002, 0.43505, -0.008505
26, 10.35, 1.8849999999999998, 0.43499999999999994, 10.349950000000002, 1.88565, 0.43505, -0.008443
26, 10.35, 1.88, 0.43499999999999994, 10.34985, 1.87975, 0.435, -0.008344
26, 10.35, 1.875, 0.43499999999999994, 10.34985, 1.87525, 0.435, -0.008198
26, 10.35, 1.87, 0.43499999999999994, 10.349900000000002, 1.8698500000000002, 0.435, -0.008265
26, 10.35, 1.8650000000000002, 0.43499999999999994, 10.350100000000001, 1.8653000000000002, 0.435, -0.008291
26, 10.35, 1.8600000000000003, 0.43499999999999994, 10.35035, 1.8593000000000002, 0.43495000000000006, -0.008578
26, 10.35, 1.8550000000000004, 0.43499999999999994, 10.350200000000001, 1.8543000000000003, 0.43495000000000006, -0.008735
26, 10.35, 1.8500000000000005, 0.43499999999999994, 10.350050000000001, 1.84935, 0.43495000000000006, -0.008954
26, 10.35, 1.8450000000000006, 0.43499999999999994, 10.34985, 1.8454000000000002, 0.435, -0.009115
26, 10.35, 1.8400000000000007, 0.43499999999999994, 10.349900000000002, 1.8405500000000001, 0.43510000000000004, -0.009188
26, 10.35, 1.8350000000000009, 0.43499999999999994, 10.349800000000002, 1.8340500000000002, 0.43510000000000004, -0.00923
26, 10.35, 1.830000000000001, 0.43499999999999994, 10.349900000000002, 1.8305500000000001, 0.43510000000000004, -0.009267
26, 10.35, 1.825000000000001, 0.43499999999999994, 10.350150000000001, 1.8249000000000002, 0.43510000000000004, -0.009277
26, 10.35, 1.8200000000000012, 0.43499999999999994, 10.350200000000001, 1.8201500000000002, 0.435, -0.009277
26, 10.35, 1.8150000000000013, 0.43499999999999994, 10.350200000000001, 1.81485, 0.435, -0.009282
26, 10.35, 1.8100000000000014, 0.43499999999999994, 10.350050000000001, 1.81065, 0.43495000000000006, -0.009277
26, 10.35, 1.8050000000000015, 0.43499999999999994, 10.349900000000002, 1.8047, 0.43495000000000006, -0.009194
26, 10.35, 1.8050000000000015, 0.43999999999999995, 10.349800000000002, 1.8046000000000002, 0.4394, -0.009261
26, 10.35, 1.8050000000000015, 0.44499999999999995, 10.349800000000002, 1.80475, 0.445, -0.00923
26, 10.35, 1.8050000000000015, 0.44999999999999996, 10.349800000000002, 1.80495, 0.4496, -0.009235
26, 10.35, 1.8050000000000015, 0.45499999999999996, 10.349950000000002, 1.8050500000000003, 0.45470000000000005, -0.00922
26, 10.35, 1.8050000000000015, 0.45999999999999996, 10.350150000000001, 1.80515, 0.4596, -0.009241
26, 10.35, 1.8050000000000015, 0.46499999999999997, 10.350200000000001, 1.8051000000000001, 0.46465, -0.009225
26, 10.35, 1.8050000000000015, 0.47, 10.35025, 1.8051000000000001, 0.46925, -0.009261
26, 10.35, 1.8050000000000015, 0.475, 10.35, 1.805, 0.4745, -0.009209
26, 10.35, 1.8050000000000015, 0.48, 10.35, 1.8049000000000002, 0.47945000000000004, -0.009261
26, 10.35, 1.8050000000000015, 0.485, 10.349950000000002, 1.80485, 0.4843, -0.009282
26, 10.35, 1.8050000000000015, 0.49, 10.349900000000002, 1.8049000000000002, 0.48945000000000005, -0.009277
26, 10.35, 1.8050000000000015, 0.495, 10.349900000000002, 1.80495, 0.49415000000000003, -0.009277
26, 10.35, 1.8050000000000015, 0.5, 10.34985, 1.8050500000000003, 0.49905, -0.009235
26, 10.35, 1.8050000000000015, 0.505, 10.34985, 1.8051000000000001, 0.50415, -0.009251
26, 10.35, 1.8050000000000015, 0.51, 10.350050000000001, 1.8051000000000001, 0.50935, -0.009293
26, 10.35, 1.8050000000000015, 0.515, 10.350200000000001, 1.8051000000000001, 0.51425, -0.009282
26, 10.35, 1.8050000000000015, 0.52, 10.350200000000001, 1.8050500000000003, 0.5198, -0.009272
26, 10.35, 1.8050000000000015, 0.525, 10.35, 1.805, 0.5248, -0.009272
26, 10.35, 1.8050000000000015, 0.53, 10.35, 1.8049000000000002, 0.52935, -0.009256
26, 10.35, 1.8050000000000015, 0.535, 10.35, 1.80485, 0.5348, -0.00922
26, 10.35, 1.8050000000000015, 0.54, 10.349950000000002, 1.8049000000000002, 0.53965, -0.00923
26, 10.35, 1.8050000000000015, 0.545, 10.34985, 1.80495, 0.5448999999999999, -0.009225
26, 10.35, 1.8050000000000015, 0.55, 10.34985, 1.8050500000000003, 0.5498500000000001, -0.009282
26, 10.35, 1.8050000000000015, 0.555, 10.34985, 1.8051000000000001, 0.55515, -0.009267
26, 10.35, 1.8050000000000015, 0.56, 10.350050000000001, 1.8051000000000001, 0.5601499999999999, -0.009235
26, 10.35, 1.8050000000000015, 0.5650000000000001, 10.350150000000001, 1.8051000000000001, 0.5651499999999999, -0.00922
27, 10.35, 1.8100000000000014, 0.5650000000000001, 10.350150000000001, 1.8095500000000002, 0.5653, -0.009267
27, 10.35, 1.8150000000000013, 0.5650000000000001, 10.350150000000001, 1.8153000000000001, 0.56535, -0.009282
27, 10.35, 1.8200000000000012, 0.5650000000000001, 10.349950000000002, 1.8201, 0.56535, -0.009246
27, 10.35, 1.825000000000001, 0.5650000000000001, 10.34975, 1.82525, 0.5653, -0.009214
27, 10.35, 1.830000000000001, 0.5650000000000001, 10.349800000000002, 1.8305, 0.5648500000000001, -0.009277
27, 10.35, 1.8350000000000009, 0.5650000000000001, 10.350200000000001, 1.83535, 0.5649, -0.009241
27, 10.35, 1.8400000000000007, 0.5650000000000001, 10.350200000000001, 1.84, 0.565, -0.009162
27, 10.35, 1.8450000000000006, 0.5650000000000001, 10.350050000000001, 1.8454000000000002, 0.5651, -0.009115
27, 10.35, 1.8500000000000005, 0.5650000000000001, 10.349900000000002, 1.8505500000000001, 0.5651499999999999, -0.008818
27, 10.35, 1.8550000000000004, 0.5650000000000001, 10.349800000000002, 1.85565, 0.5651, -0.00862
27, 10.35, 1.8600000000000003, 0.5650000000000001, 10.349800000000002, 1.86075, 0.5651499999999999, -0.008333
27, 10.35, 1.8650000000000002, 0.5650000000000001, 10.34985, 1.8648000000000002, 0.5652, -0.008302
27, 10.35, 1.87, 0.5650000000000001, 10.349950000000002, 1.87045, 0.5651499999999999, -0.008271
27, 10.35, 1.875, 0.5650000000000001, 10.350100000000001, 1.8752, 0.5651, -0.00838
27, 10.35, 1.88, 0.5650000000000001, 10.350200000000001, 1.8799000000000001, 0.56505, -0.008474
27, 10.35, 1.8849999999999998, 0.5650000000000001, 10.350150000000001, 1.885, 0.565, -0.008484
27, 10.35, 1.8899999999999997, 0.5650000000000001, 10.35, 1.88965, 0.565, -0.008396
27, 10.35, 1.8949999999999996, 0.5650000000000001, 10.35, 1.89415, 0.565, -0.008318
27, 10.35, 1.8999999999999995, 0.5650000000000001, 10.349950000000002, 1.8990500000000001, 0.565, -0.00837
27, 10.35, 1.9049999999999994, 0.5650000000000001, 10.349800000000002, 1.9046500000000002, 0.56505, -0.008495
27, 10.35, 1.9099999999999993, 0.5650000000000001, 10.350050000000001, 1.90995, 0.565, -0.00849
27, 10.35, 1.9149999999999991, 0.5650000000000001, 10.350150000000001, 1.91415, 0.565, -0.008537
27, 10.35, 1.919999999999999, 0.5650000000000001, 10.350200000000001, 1.9190500000000001, 0.565, -0.008458
27, 10.35, 1.924999999999999, 0.5650000000000001, 10.349900000000002, 1.9246, 0.5648000000000001, -0.008432
27, 10.35, 1.9299999999999988, 0.5650000000000001, 10.34975, 1.9294, 0.5648000000000001, -0.008349
27, 10.35, 1.9349999999999987, 0.5650000000000001, 10.3497, 1.9342000000000001, 0.5648000000000001, -0.008364
27, 10.35, 1.9399999999999986, 0.5650000000000001, 10.35, 1.9402000000000001, 0.56505, -0.00825
27, 10.35, 1.9399999999999986, 0.56, 10.350150000000001, 1.9403000000000001, 0.5599, -0.008323
27, 10.35, 1.9399999999999986, 0.555, 10.350150000000001, 1.94015, 0.5553, -0.008265
27, 10.35, 1.9399999999999986, 0.55, 10.350150000000001, 1.94, 0.5495500000000001, -0.00838
27, 10.35, 1.9399999999999986, 0.545, 10.35, 1.9399000000000002, 0.545, -0.008458
27, 10.35, 1.9399999999999986, 0.54, 10.35, 1.9398000000000002, 0.54015, -0.008458
27, 10.35, 1.9399999999999986, 0.535, 10.35, 1.9398000000000002, 0.5347000000000001, -0.00851
27, 10.35, 1.9399999999999986, 0.53, 10.35, 1.9398000000000002, 0.52995, -0.008526
27, 10.35, 1.9399999999999986, 0.525, 10.35, 1.93985, 0.5251, -0.008578
27, 10.35, 1.9399999999999986, 0.52, 10.35, 1.94, 0.5204, -0.008625
27, 10.35, 1.9399999999999986, 0.515, 10.349800000000002, 1.9401000000000002, 0.5150500000000001, -0.008615
27, 10.35, 1.9399999999999986, 0.51, 10.349800000000002, 1.9401000000000002, 0.5104500000000001, -0.008656
27, 10.35, 1.9399999999999986, 0.505, 10.34975, 1.9401000000000002, 0.5051, -0.008604
27, 10.35, 1.9399999999999986, 0.5, 10.350100000000001, 1.9400500000000003, 0.5003500000000001, -0.008557
27, 10.35, 1.9399999999999986, 0.495, 10.350200000000001, 1.94, 0.49545000000000006, -0.008448
27, 10.35, 1.9399999999999986, 0.49, 10.350200000000001, 1.93995, 0.49065000000000003, -0.0085
27, 10.35, 1.9399999999999986, 0.485, 10.350200000000001, 1.9399000000000002, 0.48525, -0.008406
27, 10.35, 1.9399999999999986, 0.48, 10.350050000000001, 1.93985, 0.48090000000000005, -0.00838
27, 10.35, 1.9399999999999986, 0.475, 10.349900000000002, 1.9399000000000002, 0.47555000000000003, -0.008255
27, 10.35, 1.9399999999999986, 0.47, 10.349800000000002, 1.93995, 0.47025, -0.008276
27, 10.35, 1.9399999999999986, 0.46499999999999997, 10.34975, 1.94, 0.46575, -0.00826
27, 10.35, 1.9399999999999986, 0.45999999999999996, 10.349800000000002, 1.94, 0.46065000000000006, -0.008224
27, 10.35, 1.9399999999999986, 0.45499999999999996, 10.35, 1.9400500000000003, 0.4556, -0.008218
27, 10.35, 1.9399999999999986, 0.44999999999999996, 10.35, 1.9400500000000003, 0.4509500000000001, -0.008218
27, 10.35, 1.9399999999999986, 0.44499999999999995, 10.35, 1.94, 0.44565000000000005, -0.008177
27, 10.35, 1.9399999999999986, 0.43999999999999995, 10.35, 1.94, 0.4404, -0.008198
27, 10.35, 1.9399999999999986, 0.43499999999999994, 10.35, 1.9399000000000002, 0.43565000000000004, -0.008182
27, 10.35, 1.9399999999999986, 0.42999999999999994, 10.35, 1.9399000000000002, 0.43035, -0.00825
28, 10.35, 1.9349999999999987, 0.42999999999999994, 10.35, 1.9356000000000002, 0.4302, -0.008276
28, 10.35, 1.9299999999999988, 0.42999999999999994, 10.350050000000001, 1.9303000000000001, 0.42960000000000004, -0.008359
28, 10.35, 1.924999999999999, 0.42999999999999994, 10.350150000000001, 1.92585, 0.42945000000000005, -0.0085
28, 10.35, 1.919999999999999, 0.42999999999999994, 10.350200000000001, 1.9208000000000003, 0.42995000000000005, -0.008469
28, 10.35, 1.9149999999999991, 0.42999999999999994, 10.35, 1.91565, 0.4302, -0.008495
28, 10.35, 1.9099999999999993, 0.42999999999999994, 10.34985, 1.9105, 0.4302, -0.008537
28, 10.35, 1.9049999999999994, 0.42999999999999994, 10.34975, 1.90585, 0.43015000000000003, -0.008651
28, 10.35, 1.8999999999999995, 0.42999999999999994, 10.34985, 1.90045, 0.42995000000000005, -0.008589
28, 10.35, 1.8949999999999996, 0.42999999999999994, 10.349950000000002, 1.89595, 0.42985, -0.008583
28, 10.35, 1.8899999999999997, 0.42999999999999994, 10.350200000000001, 1.8902, 0.42985, -0.00849
28, 10.35, 1.8849999999999998, 0.42999999999999994, 10.350200000000001, 1.8846500000000002, 0.42985, -0.008417
28, 10.35, 1.88, 0.42999999999999994, 10.35035, 1.87995, 0.42990000000000006, -0.008338
28, 10.35, 1.875, 0.42999999999999994, 10.350050000000001, 1.8749, 0.43, -0.008281
28, 10.35, 1.87, 0.42999999999999994, 10.34985, 1.8701500000000002, 0.43010000000000004, -0.008239
28, 10.35, 1.8650000000000002, 0.42999999999999994, 10.349800000000002, 1.8652, 0.43010000000000004, -0.008312
28, 10.35, 1.8600000000000003, 0.42999999999999994, 10.34985, 1.8592, 0.43010000000000004, -0.008432
28, 10.35, 1.8550000000000004, 0.42999999999999994, 10.350100000000001, 1.8544500000000002, 0.43010000000000004, -0.008745
28, 10.35, 1.8500000000000005, 0.42999999999999994, 10.35025, 1.84935, 0.43010000000000004, -0.008881
28, 10.35, 1.8450000000000006, 0.42999999999999994, 10.3503, 1.84535, 0.43010000000000004, -0.009121
28, 10.35, 1.8400000000000007, 0.42999999999999994, 10.350150000000001, 1.83915, 0.43005, -0.009225
28, 10.35, 1.8350000000000009, 0.42999999999999994, 10.349900000000002, 1.8340500000000002, 0.42995000000000005, -0.009235
28, 10.35, 1.830000000000001, 0.42999999999999994, 10.34975, 1.8298, 0.42990000000000006, -0.009272
28, 10.35, 1.825000000000001, 0.42999999999999994, 10.349800000000002, 1.8241500000000002, 0.42985, -0.009277
28, 10.35, 1.8200000000000012, 0.42999999999999994, 10.34985, 1.8200500000000002, 0.42990000000000006, -0.009225
28, 10.35, 1.8150000000000013, 0.42999999999999994, 10.35, 1.8142, 0.42990000000000006, -0.009251
28, 10.35, 1.8100000000000014, 0.42999999999999994, 10.349950000000002, 1.81055, 0.42990000000000006, -0.009282
28, 10.35, 1.8050000000000015, 0.42999999999999994, 10.350150000000001, 1.80465, 0.42990000000000006, -0.009141
28, 10.35, 1.8000000000000016, 0.42999999999999994, 10.35025, 1.8000500000000001, 0.43005, -0.009152
28, 10.35, 1.8000000000000016, 0.43499999999999994, 10.35025, 1.8000500000000001, 0.4348, -0.009141
28, 10.35, 1.8000000000000016, 0.43999999999999995, 10.349950000000002, 1.8, 0.43965000000000004, -0.00911
28, 10.35, 1.8000000000000016, 0.44499999999999995, 10.349800000000002, 1.8, 0.44505, -0.009131
28, 10.35, 1.8000000000000016, 0.44999999999999996, 10.349800000000002, 1.79995, 0.4496, -0.009188
28, 10.35, 1.8000000000000016, 0.45499999999999996, 10.349800000000002, 1.79995, 0.45455, -0.00923
28, 10.35, 1.8000000000000016, 0.45999999999999996, 10.349950000000002, 1.7999, 0.45965000000000006, -0.009277
28, 10.35, 1.8000000000000016, 0.46499999999999997, 10.350100000000001, 1.7999, 0.46445000000000003, -0.009282
28, 10.35, 1.8000000000000016, 0.47, 10.350200000000001, 1.79995, 0.46935000000000004, -0.009293
28, 10.35, 1.8000000000000016, 0.475, 10.35025, 1.79995, 0.4745, -0.009287
28, 10.35, 1.8000000000000016, 0.48, 10.350100000000001, 1.79995, 0.47935, -0.009214
28, 10.35, 1.8000000000000016, 0.485, 10.349950000000002, 1.79995, 0.48425, -0.009235
28, 10.35, 1.8000000000000016, 0.49, 10.349900000000002, 1.8, 0.48935, -0.009251
28, 10.35, 1.8000000000000016, 0.495, 10.349900000000002, 1.8000500000000001, 0.49425, -0.009277
28, 10.35, 1.8000000000000016, 0.5, 10.34985, 1.8001500000000001, 0.4998, -0.009293
28, 10.35, 1.8000000000000016, 0.505, 10.350050000000001, 1.8001500000000001, 0.5044000000000001, -0.009282
28, 10.35, 1.8000000000000016, 0.51, 10.35, 1.8000500000000001, 0.5092000000000001, -0.009293
28, 10.35, 1.8000000000000016, 0.515, 10.350200000000001, 1.8, 0.5142, -0.009293
28, 10.35, 1.8000000000000016, 0.52, 10.350200000000001, 1.8, 0.51925, -0.009246
28, 10.35, 1.8000000000000016, 0.525, 10.350150000000001, 1.8, 0.5244, -0.009225
28, 10.35, 1.8000000000000016, 0.53, 10.349950000000002, 1.79995, 0.5293000000000001, -0.009272
28, 10.35, 1.8000000000000016, 0.535, 10.34985, 1.79995, 0.5347000000000001, -0.009241
28, 10.35, 1.8000000000000016, 0.54, 10.34985, 1.79995, 0.53985, -0.009225
28, 10.35, 1.8000000000000016, 0.545, 10.34985, 1.8, 0.5448500000000001, -0.009267
28, 10.35, 1.8000000000000016, 0.55, 10.349900000000002, 1.8, 0.55005, -0.009261
28, 10.35, 1.8000000000000016, 0.555, 10.349950000000002, 1.8, 0.5555, -0.009204
28, 10.35, 1.8000000000000016, 0.56, 10.35, 1.8, 0.5599500000000001, -0.00922
28, 10.35, 1.8000000000000016, 0.5650000000000001, 10.350200000000001, 1.8000500000000001, 0.5657000000000001, -0.009173
28, 10.35, 1.8000000000000016, 0.5700000000000001, 10.350200000000001, 1.8001500000000001, 0.5701, -0.009204
29, 10.35, 1.8050000000000015, 0.5700000000000001, 10.350150000000001, 1.8048000000000002, 0.5703, -0.009298
29, 10.35, 1.8100000000000014, 0.5700000000000001, 10.349950000000002, 1.81, 0.57035, -0.009298
29, 10.35, 1.8150000000000013, 0.5700000000000001, 10.349800000000002, 1.8152000000000001, 0.5704, -0.009293
29, 10.35, 1.8200000000000012, 0.5700000000000001, 10.34975, 1.82025, 0.5702, -0.009261
29, 10.35, 1.825000000000001, 0.5700000000000001, 10.34985, 1.8255, 0.5701, -0.00923
29, 10.35, 1.830000000000001, 0.5700000000000001, 10.350050000000001, 1.83065, 0.5700500000000001, -0.009287
29, 10.35, 1.8350000000000009, 0.5700000000000001, 10.350200000000001, 1.83575, 0.57, -0.009251
29, 10.35, 1.8400000000000007, 0.5700000000000001, 10.350100000000001, 1.8403500000000002, 0.57, -0.009188
29, 10.35, 1.8450000000000006, 0.5700000000000001, 10.35, 1.8455, 0.5700500000000001, -0.008995
29, 10.35, 1.8500000000000005, 0.5700000000000001, 10.349950000000002, 1.8505, 0.5700500000000001, -0.00887
29, 10.35, 1.8550000000000004, 0.5700000000000001, 10.349900000000002, 1.85565, 0.5700500000000001, -0.00862
29, 10.35, 1.8600000000000003, 0.5700000000000001, 10.34985, 1.8606, 0.57, -0.008375
29, 10.35, 1.8650000000000002, 0.5700000000000001, 10.34985, 1.8645500000000002, 0.5700500000000001, -0.008391
29, 10.35, 1.87, 0.5700000000000001, 10.35, 1.8704, 0.57, -0.008359
29, 10.35, 1.875, 0.5700000000000001, 10.349950000000002, 1.8751000000000002, 0.5699500000000001, -0.008417
29, 10.35, 1.88, 0.5700000000000001, 10.350150000000001, 1.8799000000000001, 0.56975, -0.008443
29, 10.35, 1.8849999999999998, 0.5700000000000001, 10.350150000000001, 1.8843500000000002, 0.56975, -0.008453
29, 10.35, 1.8899999999999997, 0.5700000000000001, 10.350200000000001, 1.88985, 0.56985, -0.008422
29, 10.35, 1.8949999999999996, 0.5700000000000001, 10.349950000000002, 1.895, 0.5700500000000001, -0.008323
29, 10.35, 1.8999999999999995, 0.5700000000000001, 10.349800000000002, 1.89995, 0.5701499999999999, -0.00837
29, 10.35, 1.9049999999999994, 0.5700000000000001, 10.349950000000002, 1.9049, 0.5701499999999999, -0.008484
29, 10.35, 1.9099999999999993, 0.5700000000000001, 10.350150000000001, 1.9094, 0.5700500000000001, -0.008578
29, 10.35, 1.9149999999999991, 0.5700000000000001, 10.35025, 1.9150500000000001, 0.56985, -0.008531
29, 10.35, 1.919999999999999, 0.5700000000000001, 10.35, 1.919, 0.56985, -0.008495
29, 10.35, 1.924999999999999, 0.5700000000000001, 10.349950000000002, 1.9241000000000001, 0.56985, -0.008453
29, 10.35, 1.9299999999999988, 0.5700000000000001, 10.349800000000002, 1.92925, 0.5699, -0.008375
29, 10.35, 1.9349999999999987, 0.5700000000000001, 10.349800000000002, 1.9344000000000001, 0.5699500000000001, -0.00826
29, 10.35, 1.9399999999999986, 0.5700000000000001, 10.350100000000001, 1.9402000000000001, 0.5701499999999999, -0.008192
29, 10.35, 1.9449999999999985, 0.5700000000000001, 10.350150000000001, 1.9443500000000002, 0.5701499999999999, -0.008297
29, 10.35, 1.9449999999999985, 0.5650000000000001, 10.350200000000001, 1.9455, 0.5658500000000001, -0.008265
29, 10.35, 1.9449999999999985, 0.56, 10.350150000000001, 1.9453500000000001, 0.56025, -0.00825
29, 10.35, 1.9449999999999985, 0.555, 10.349950000000002, 1.94495, 0.5547000000000001, -0.008265
29, 10.35, 1.9449999999999985, 0.55, 10.349800000000002, 1.9447, 0.5498999999999999, -0.008281
29, 10.35, 1.9449999999999985, 0.545, 10.349800000000002, 1.94475, 0.54515, -0.008218
29, 10.35, 1.9449999999999985, 0.54, 10.34985, 1.9451500000000002, 0.5401, -0.008286
29, 10.35, 1.9449999999999985, 0.535, 10.350050000000001, 1.94525, 0.5344500000000001, -0.008281
29, 10.35, 1.9449999999999985, 0.53, 10.350200000000001, 1.9451500000000002, 0.5298999999999999, -0.008291
29, 10.35, 1.9449999999999985, 0.525, 10.350200000000001, 1.9448500000000002, 0.5251, -0.008297
29, 10.35, 1.9449999999999985, 0.52, 10.350200000000001, 1.9447, 0.5204, -0.008213
29, 10.35, 1.9449999999999985, 0.515, 10.35, 1.9448500000000002, 0.515, -0.008234
29, 10.35, 1.9449999999999985, 0.51, 10.35, 1.9451, 0.5104000000000001, -0.008213
29, 10.35, 1.9449999999999985, 0.505, 10.35, 1.9452, 0.5051, -0.008135
29, 10.35, 1.9449999999999985, 0.5, 10.350050000000001, 1.9452, 0.5003, -0.008119
29, 10.35, 1.9449999999999985, 0.495, 10.34985, 1.9451, 0.4954, -0.008114
29, 10.35, 1.9449999999999985, 0.49, 10.34975, 1.94495, 0.49055, -0.008031
29, 10.35, 1.9449999999999985, 0.485, 10.34975, 1.9448, 0.4853, -0.008078
29, 10.35, 1.9449999999999985, 0.48, 10.350050000000001, 1.9448, 0.48085, -0.008067
29, 10.35, 1.9449999999999985, 0.475, 10.350150000000001, 1.94495, 0.4755, -0.008062
29, 10.35, 1.9449999999999985, 0.47, 10.350200000000001, 1.9451, 0.4703, -0.008125
29, 10.35, 1.9449999999999985, 0.46499999999999997, 10.350150000000001, 1.9451500000000002, 0.46570000000000006, -0.008093
29, 10.35, 1.9449999999999985, 0.45999999999999996, 10.35, 1.9451, 0.4605, -0.008187
29, 10.35, 1.9449999999999985, 0.45499999999999996, 10.35, 1.9450500000000002, 0.45575, -0.008145
29, 10.35, 1.9449999999999985, 0.44999999999999996, 10.35, 1.945, 0.4509, -0.008093
29, 10.35, 1.9449999999999985, 0.44499999999999995, 10.35, 1.9449, 0.44565000000000005, -0.008161
29, 10.35, 1.9449999999999985, 0.43999999999999995, 10.35, 1.94475, 0.44035, -0.008198
29, 10.35, 1.9449999999999985, 0.43499999999999994, 10.35, 1.9448, 0.43585, -0.008297
29, 10.35, 1.9449999999999985, 0.42999999999999994, 10.35, 1.9450500000000002, 0.4303, -0.008333
29, 10.35, 1.9449999999999985, 0.42499999999999993, 10.35, 1.9451, 0.42510000000000003, -0.008349
30, 10.35, 1.9399999999999986, 0.42499999999999993, 10.350050000000001, 1.9408, 0.425, -0.008281
30, 10.35, 1.9349999999999987, 0.42499999999999993, 10.34985, 1.9355, 0.42495000000000005, -0.008234
30, 10.35, 1.9299999999999988, 0.42499999999999993, 10.34985, 1.9309, 0.42490000000000006, -0.008323
30, 10.35, 1.924999999999999, 0.42499999999999993, 10.349900000000002, 1.92555, 0.42490000000000006, -0.008474
30, 10.35, 1.919999999999999, 0.42499999999999993, 10.35, 1.9206500000000002, 0.42490000000000006, -0.00851
30, 10.35, 1.9149999999999991, 0.42499999999999993, 10.349950000000002, 1.9155, 0.42490000000000006, -0.008521
30, 10.35, 1.9099999999999993, 0.42499999999999993, 10.350200000000001, 1.9106500000000002, 0.42495000000000005, -0.008594
30, 10.35, 1.9049999999999994, 0.42499999999999993, 10.35025, 1.90555, 0.425, -0.008573
30, 10.35, 1.8999999999999995, 0.42499999999999993, 10.350150000000001, 1.9005, 0.42510000000000003, -0.00862
30, 10.35, 1.8949999999999996, 0.42499999999999993, 10.349950000000002, 1.8959000000000001, 0.42510000000000003, -0.008578
30, 10.35, 1.8899999999999997, 0.42499999999999993, 10.34985, 1.89015, 0.42505000000000004, -0.008537
30, 10.35, 1.8849999999999998, 0.42499999999999993, 10.349800000000002, 1.8855500000000003, 0.42505000000000004, -0.008484
30, 10.35, 1.88, 0.42499999999999993, 10.34985, 1.8796000000000002, 0.42505000000000004, -0.008302
30, 10.35, 1.875, 0.42499999999999993, 10.35, 1.87475, 0.42510000000000003, -0.008354
30, 10.35, 1.87, 0.42499999999999993, 10.350050000000001, 1.86995, 0.42505000000000004, -0.008338
30, 10.35, 1.8650000000000002, 0.42499999999999993, 10.350200000000001, 1.8653000000000002, 0.425, -0.00838
30, 10.35, 1.8600000000000003, 0.42499999999999993, 10.350200000000001, 1.8607, 0.42495000000000005, -0.008537
30, 10.35, 1.8550000000000004, 0.42499999999999993, 10.35025, 1.8542, 0.42490000000000006, -0.008735
30, 10.35, 1.8500000000000005, 0.42499999999999993, 10.35, 1.8493000000000002, 0.42490000000000006, -0.008948
30, 10.35, 1.8450000000000006, 0.42499999999999993, 10.35, 1.84535, 0.42490000000000006, -0.009053
30, 10.35, 1.8400000000000007, 0.42499999999999993, 10.349950000000002, 1.83915, 0.42490000000000006, -0.009157
30, 10.35, 1.8350000000000009, 0.42499999999999993, 10.349900000000002, 1.8343000000000003, 0.42490000000000006, -0.009246
30, 10.35, 1.830000000000001, 0.42499999999999993, 10.34985, 1.8305, 0.42495000000000005, -0.009282
30, 10.35, 1.825000000000001, 0.42499999999999993, 10.349950000000002, 1.82425, 0.425, -0.009235
30, 10.35, 1.8200000000000012, 0.42499999999999993, 10.35025, 1.8201, 0.42505000000000004, -0.009267
30, 10.35, 1.8150000000000013, 0.42499999999999993, 10.350150000000001, 1.8141500000000002, 0.42505000000000004, -0.009256
30, 10.35, 1.8100000000000014, 0.42499999999999993, 10.350100000000001, 1.81055, 0.42505000000000004, -0.009267
30, 10.35, 1.8050000000000015, 0.42499999999999993, 10.35, 1.8046000000000002, 0.42505000000000004, -0.009136
30, 10.35, 1.8000000000000016, 0.42499999999999993, 10.34985, 1.8000500000000001, 0.42505000000000004, -0.009136
30, 10.35, 1.7950000000000017, 0.42499999999999993, 10.349800000000002, 1.7951000000000001, 0.42505000000000004, -0.009048
30, 10.35, 1.7950000000000017, 0.42999999999999994, 10.349800000000002, 1.79485, 0.42925, -0.009048
30, 10.35, 1.7950000000000017, 0.43499999999999994, 10.349800000000002, 1.79465, 0.43485, -0.009068
30, 10.35, 1.7950000000000017, 0.43999999999999995, 10.349950000000002, 1.7948000000000002, 0.43965000000000004, -0.009042
30, 10.35, 1.7950000000000017, 0.44499999999999995, 10.350100000000001, 1.7950500000000003, 0.44505, -0.009063
30, 10.35, 1.7950000000000017, 0.44999999999999996, 10.350200000000001, 1.79515, 0.44965000000000005, -0.009053
30, 10.35, 1.7950000000000017, 0.45499999999999996, 10.35025, 1.79515, 0.4545, -0.009021
30, 10.35, 1.7950000000000017, 0.45999999999999996, 10.350100000000001, 1.7951000000000001, 0.45965000000000006, -0.009021
30, 10.35, 1.7950000000000017, 0.46499999999999997, 10.35, 1.7950500000000003, 0.46440000000000003, -0.009037
30, 10.35, 1.7950000000000017, 0.47, 10.349950000000002, 1.79495, 0.46935000000000004, -0.009105
30, 10.35, 1.7950000000000017, 0.475, 10.349900000000002, 1.7949000000000002, 0.4745, -0.009157
30, 10.35, 1.7950000000000017, 0.48, 10.34985, 1.7949000000000002, 0.47935, -0.009173
30, 10.35, 1.7950000000000017, 0.485, 10.34985, 1.7949000000000002, 0.48415, -0.009209
30, 10.35, 1.7950000000000017, 0.49, 10.349950000000002, 1.7949000000000002, 0.4893, -0.009261
30, 10.35, 1.7950000000000017, 0.495, 10.350100000000001, 1.7949000000000002, 0.49425, -0.009282
30, 10.35, 1.7950000000000017, 0.5, 10.35025, 1.79495, 0.49905, -0.009246
30, 10.35, 1.7950000000000017, 0.505, 10.350050000000001, 1.79515, 0.50485, -0.009272
30, 10.35, 1.7950000000000017, 0.51, 10.349900000000002, 1.79515, 0.5093, -0.009293
30, 10.35, 1.7950000000000017, 0.515, 10.349800000000002, 1.7951000000000001, 0.5140500000000001, -0.009267
30, 10.35, 1.7950000000000017, 0.52, 10.34975, 1.7950500000000003, 0.5191, -0.00923
30, 10.35, 1.7950000000000017, 0.525, 10.34985, 1.795, 0.5244, -0.009235
30, 10.35, 1.7950000000000017, 0.53, 10.35, 1.7949000000000002, 0.52985, -0.009261
30, 10.35, 1.7950000000000017, 0.535, 10.35, 1.7949000000000002, 0.5345500000000001, -0.009267
30, 10.35, 1.7950000000000017, 0.54, 10.350050000000001, 1.79495, 0.5401, -0.009204
30, 10.35, 1.7950000000000017, 0.545, 10.350150000000001, 1.79495, 0.54465, -0.009157
30, 10.35, 1.7950000000000017, 0.55, 10.350150000000001, 1.79495, 0.5498500000000001, -0.009136
30, 10.35, 1.7950000000000017, 0.555, 10.350150000000001, 1.79495, 0.5554, -0.00911
30, 10.35, 1.7950000000000017, 0.56, 10.349950000000002, 1.7950500000000003, 0.5601499999999999, -0.009105
30, 10.35, 1.7950000000000017, 0.5650000000000001, 10.349800000000002, 1.79515, 0.5651499999999999, -0.009084
30, 10.35, 1.7950000000000017, 0.5700000000000001, 10.349800000000002, 1.79515, 0.57025, -0.009084
30, 10.35, 1.7950000000000017, 0.5750000000000001, 10.34985, 1.79515, 0.5754, -0.009089
