Voltage = 4.4, Current = 20.5, Pinhole = 15um, Objective = 20x, NA = 0.42, blue LED 
0, 10.35, 1.85, 0.5, 10.349350000000001, 1.8501500000000002, 0.5, -0.00546
1, 10.35, 1.855, 0.5, 10.349900000000002, 1.85565, 0.5, -0.005528
1, 10.35, 1.855, 0.495, 10.350150000000001, 1.85515, 0.49555, -0.005533
2, 10.35, 1.85, 0.495, 10.350200000000001, 1.8498, 0.49455, -0.005465
2, 10.35, 1.8450000000000002, 0.495, 10.350150000000001, 1.8448000000000002, 0.4945, -0.005434
2, 10.35, 1.8450000000000002, 0.5, 10.349950000000002, 1.8446000000000002, 0.49975, -0.005402
2, 10.35, 1.8450000000000002, 0.505, 10.349900000000002, 1.84475, 0.5046, -0.005486
3, 10.35, 1.85, 0.505, 10.349900000000002, 1.84975, 0.5049, -0.005455
3, 10.35, 1.855, 0.505, 10.34985, 1.8558000000000001, 0.505, -0.005575
3, 10.35, 1.8599999999999999, 0.505, 10.34985, 1.8607, 0.505, -0.005606
3, 10.35, 1.8599999999999999, 0.5, 10.350200000000001, 1.8598000000000001, 0.5, -0.005517
3, 10.35, 1.8599999999999999, 0.495, 10.35025, 1.8596000000000001, 0.49515000000000003, -0.005606
3, 10.35, 1.8599999999999999, 0.49, 10.350200000000001, 1.8597000000000001, 0.4907, -0.005543
4, 10.35, 1.855, 0.49, 10.350050000000001, 1.8555, 0.4905, -0.005522
4, 10.35, 1.85, 0.49, 10.349950000000002, 1.8496000000000001, 0.48960000000000004, -0.005496
4, 10.35, 1.8450000000000002, 0.49, 10.349900000000002, 1.8448000000000002, 0.4895, -0.005418
4, 10.35, 1.8400000000000003, 0.49, 10.35, 1.84, 0.48975, -0.005382
4, 10.35, 1.8400000000000003, 0.495, 10.349900000000002, 1.8399, 0.49495000000000006, -0.005366
4, 10.35, 1.8400000000000003, 0.5, 10.34985, 1.8396000000000001, 0.49945000000000006, -0.005303
4, 10.35, 1.8400000000000003, 0.505, 10.349950000000002, 1.8395500000000002, 0.5048, -0.005298
4, 10.35, 1.8400000000000003, 0.51, 10.349900000000002, 1.8395, 0.5095, -0.005366
5, 10.35, 1.8450000000000002, 0.51, 10.350050000000001, 1.8457000000000001, 0.50995, -0.005439
5, 10.35, 1.85, 0.51, 10.350150000000001, 1.8494000000000002, 0.5101, -0.005434
5, 10.35, 1.855, 0.51, 10.350150000000001, 1.85565, 0.5102000000000001, -0.005512
5, 10.35, 1.8599999999999999, 0.51, 10.35, 1.85965, 0.5102000000000001, -0.005569
5, 10.35, 1.8649999999999998, 0.51, 10.35, 1.86575, 0.5101, -0.00655
5, 10.35, 1.8649999999999998, 0.505, 10.349950000000002, 1.8658000000000001, 0.5052000000000001, -0.006524
5, 10.35, 1.8649999999999998, 0.5, 10.349900000000002, 1.8646, 0.5004500000000001, -0.006331
5, 10.35, 1.8649999999999998, 0.495, 10.349900000000002, 1.8645, 0.49515000000000003, -0.0062
5, 10.35, 1.8649999999999998, 0.49, 10.349900000000002, 1.86475, 0.49090000000000006, -0.00596
5, 10.35, 1.8649999999999998, 0.485, 10.349950000000002, 1.865, 0.48560000000000003, -0.006346
6, 10.35, 1.8599999999999999, 0.485, 10.349900000000002, 1.8599, 0.48455000000000004, -0.005496
6, 10.35, 1.855, 0.485, 10.350150000000001, 1.8549, 0.48445000000000005, -0.005444
6, 10.35, 1.85, 0.485, 10.35025, 1.8491000000000002, 0.485, -0.00547
6, 10.35, 1.8450000000000002, 0.485, 10.35, 1.8455500000000002, 0.485, -0.005356
6, 10.35, 1.8400000000000003, 0.485, 10.350050000000001, 1.8403000000000003, 0.485, -0.005371
6, 10.35, 1.8350000000000004, 0.485, 10.34985, 1.8345, 0.485, -0.005309
6, 10.35, 1.8350000000000004, 0.49, 10.349800000000002, 1.8347, 0.48995000000000005, -0.005298
6, 10.35, 1.8350000000000004, 0.495, 10.349800000000002, 1.83495, 0.49435, -0.005272
6, 10.35, 1.8350000000000004, 0.5, 10.349900000000002, 1.8350500000000003, 0.49965000000000004, -0.005262
6, 10.35, 1.8350000000000004, 0.505, 10.350100000000001, 1.8350500000000003, 0.5043, -0.005293
6, 10.35, 1.8350000000000004, 0.51, 10.350150000000001, 1.8350500000000003, 0.50965, -0.005283
6, 10.35, 1.8350000000000004, 0.515, 10.350150000000001, 1.8350500000000003, 0.5145, -0.005366
7, 10.35, 1.8400000000000003, 0.515, 10.350200000000001, 1.8397000000000001, 0.51495, -0.005298
7, 10.35, 1.8450000000000002, 0.515, 10.35, 1.846, 0.5150500000000001, -0.005413
7, 10.35, 1.85, 0.515, 10.350050000000001, 1.8497000000000001, 0.51515, -0.005543
7, 10.35, 1.855, 0.515, 10.34975, 1.8555500000000003, 0.5151, -0.005611
7, 10.35, 1.8599999999999999, 0.515, 10.3497, 1.85975, 0.5151, -0.005611
7, 10.35, 1.8649999999999998, 0.515, 10.349950000000002, 1.86515, 0.5151, -0.006378
7, 10.35, 1.8699999999999997, 0.515, 10.350050000000001, 1.8702, 0.5150500000000001, -0.008192
7, 10.35, 1.8699999999999997, 0.51, 10.350150000000001, 1.87045, 0.5104000000000001, -0.008052
7, 10.35, 1.8699999999999997, 0.505, 10.35025, 1.8701, 0.5051, -0.00778
7, 10.35, 1.8699999999999997, 0.5, 10.350050000000001, 1.87, 0.50055, -0.007827
7, 10.35, 1.8699999999999997, 0.495, 10.35, 1.86995, 0.49525, -0.007911
7, 10.35, 1.8699999999999997, 0.49, 10.350050000000001, 1.8698500000000002, 0.49105, -0.007874
7, 10.35, 1.8699999999999997, 0.485, 10.35, 1.8698000000000001, 0.48565, -0.007806
7, 10.35, 1.8699999999999997, 0.48, 10.35, 1.8699000000000001, 0.48055000000000003, -0.00777
8, 10.35, 1.8649999999999998, 0.48, 10.35, 1.8643500000000002, 0.47955000000000003, -0.006138
8, 10.35, 1.8599999999999999, 0.48, 10.349950000000002, 1.8604, 0.47955000000000003, -0.005502
8, 10.35, 1.855, 0.48, 10.349950000000002, 1.8543500000000002, 0.47995000000000004, -0.005491
8, 10.35, 1.85, 0.48, 10.349950000000002, 1.84935, 0.48005000000000003, -0.005397
8, 10.35, 1.8450000000000002, 0.48, 10.349950000000002, 1.8445, 0.48020000000000007, -0.005392
8, 10.35, 1.8400000000000003, 0.48, 10.34985, 1.8406000000000002, 0.48020000000000007, -0.005329
8, 10.35, 1.8350000000000004, 0.48, 10.350100000000001, 1.8341500000000002, 0.48015, -0.005236
8, 10.35, 1.8300000000000005, 0.48, 10.350150000000001, 1.8291000000000002, 0.47995000000000004, -0.005178
8, 10.35, 1.8300000000000005, 0.485, 10.349950000000002, 1.83025, 0.4852, -0.00522
8, 10.35, 1.8300000000000005, 0.49, 10.349950000000002, 1.83, 0.48940000000000006, -0.005241
8, 10.35, 1.8300000000000005, 0.495, 10.349950000000002, 1.8299, 0.49465000000000003, -0.005272
8, 10.35, 1.8300000000000005, 0.5, 10.349900000000002, 1.8298, 0.49925, -0.005251
8, 10.35, 1.8300000000000005, 0.505, 10.349900000000002, 1.8298, 0.5044000000000001, -0.00523
8, 10.35, 1.8300000000000005, 0.51, 10.349900000000002, 1.8299, 0.50975, -0.00523
8, 10.35, 1.8300000000000005, 0.515, 10.349950000000002, 1.8300500000000002, 0.51425, -0.005272
8, 10.35, 1.8300000000000005, 0.52, 10.350050000000001, 1.8301500000000002, 0.5195500000000001, -0.005303
9, 10.35, 1.8350000000000004, 0.52, 10.350150000000001, 1.8349000000000002, 0.51975, -0.005397
9, 10.35, 1.8400000000000003, 0.52, 10.350150000000001, 1.8405, 0.5200500000000001, -0.005491
9, 10.35, 1.8450000000000002, 0.52, 10.350050000000001, 1.8454000000000002, 0.52015, -0.005512
9, 10.35, 1.85, 0.52, 10.349950000000002, 1.8503500000000002, 0.52015, -0.005564
9, 10.35, 1.855, 0.52, 10.34985, 1.8555500000000003, 0.52015, -0.005559
9, 10.35, 1.8599999999999999, 0.52, 10.34985, 1.8605, 0.5200500000000001, -0.005679
9, 10.35, 1.8649999999999998, 0.52, 10.34985, 1.86495, 0.52, -0.006425
9, 10.35, 1.8699999999999997, 0.52, 10.35, 1.8702, 0.52, -0.007869
9, 10.35, 1.8749999999999996, 0.52, 10.35, 1.8752, 0.52, -0.00899
9, 10.35, 1.8749999999999996, 0.515, 10.349950000000002, 1.87525, 0.5153000000000001, -0.009037
9, 10.35, 1.8749999999999996, 0.51, 10.350150000000001, 1.87515, 0.5105500000000001, -0.009131
9, 10.35, 1.8749999999999996, 0.505, 10.3503, 1.8749500000000001, 0.50525, -0.009048
9, 10.35, 1.8749999999999996, 0.5, 10.35025, 1.87475, 0.5007, -0.009032
9, 10.35, 1.8749999999999996, 0.495, 10.349950000000002, 1.8748000000000002, 0.4954, -0.009037
9, 10.35, 1.8749999999999996, 0.49, 10.34985, 1.875, 0.49035, -0.008959
9, 10.35, 1.8749999999999996, 0.485, 10.349900000000002, 1.8751000000000002, 0.48490000000000005, -0.00898
9, 10.35, 1.8749999999999996, 0.48, 10.34985, 1.8751000000000002, 0.48090000000000005, -0.008808
9, 10.35, 1.8749999999999996, 0.475, 10.349950000000002, 1.87505, 0.4756, -0.00862
10, 10.35, 1.8699999999999997, 0.475, 10.350100000000001, 1.8701500000000002, 0.47545000000000004, -0.007478
10, 10.35, 1.8649999999999998, 0.475, 10.350200000000001, 1.8652, 0.47455, -0.006591
10, 10.35, 1.8599999999999999, 0.475, 10.35025, 1.8605, 0.4745, -0.005621
10, 10.35, 1.855, 0.475, 10.350150000000001, 1.8544500000000002, 0.475, -0.005413
10, 10.35, 1.85, 0.475, 10.35, 1.84945, 0.475, -0.005423
10, 10.35, 1.8450000000000002, 0.475, 10.35, 1.8445, 0.475, -0.005356
10, 10.35, 1.8400000000000003, 0.475, 10.350050000000001, 1.8396000000000001, 0.475, -0.005283
10, 10.35, 1.8350000000000004, 0.475, 10.349950000000002, 1.83475, 0.475, -0.00521
10, 10.35, 1.8300000000000005, 0.475, 10.349800000000002, 1.8293000000000001, 0.475, -0.005142
10, 10.35, 1.8250000000000006, 0.475, 10.349800000000002, 1.8243500000000001, 0.475, -0.005137
10, 10.35, 1.8250000000000006, 0.48, 10.34985, 1.8245500000000001, 0.47995000000000004, -0.005173
10, 10.35, 1.8250000000000006, 0.485, 10.35, 1.8252000000000002, 0.4843, -0.005173
10, 10.35, 1.8250000000000006, 0.49, 10.349950000000002, 1.82525, 0.48965000000000003, -0.005173
10, 10.35, 1.8250000000000006, 0.495, 10.350100000000001, 1.8250500000000003, 0.49415000000000003, -0.005183
10, 10.35, 1.8250000000000006, 0.5, 10.350200000000001, 1.82495, 0.49935, -0.005157
10, 10.35, 1.8250000000000006, 0.505, 10.350200000000001, 1.8248000000000002, 0.5045, -0.005251
10, 10.35, 1.8250000000000006, 0.51, 10.350200000000001, 1.8248000000000002, 0.5095500000000001, -0.005272
10, 10.35, 1.8250000000000006, 0.515, 10.35, 1.8249000000000002, 0.5144, -0.005277
10, 10.35, 1.8250000000000006, 0.52, 10.35, 1.8250500000000003, 0.5195, -0.005236
10, 10.35, 1.8250000000000006, 0.525, 10.35, 1.8251000000000002, 0.52425, -0.005288
11, 10.35, 1.8300000000000005, 0.525, 10.349950000000002, 1.8298500000000002, 0.52515, -0.005324
11, 10.35, 1.8350000000000004, 0.525, 10.34985, 1.83515, 0.5253000000000001, -0.005387
11, 10.35, 1.8400000000000003, 0.525, 10.34985, 1.8407, 0.5253000000000001, -0.005449
11, 10.35, 1.8450000000000002, 0.525, 10.34985, 1.8455, 0.5252, -0.005439
11, 10.35, 1.85, 0.525, 10.349950000000002, 1.8504, 0.5251, -0.005569
11, 10.35, 1.855, 0.525, 10.350100000000001, 1.85545, 0.52505, -0.005564
11, 10.35, 1.8599999999999999, 0.525, 10.35025, 1.8601500000000002, 0.52495, -0.005726
11, 10.35, 1.8649999999999998, 0.525, 10.350150000000001, 1.8649, 0.5248999999999999, -0.006372
11, 10.35, 1.8699999999999997, 0.525, 10.350050000000001, 1.8703, 0.52485, -0.008088
11, 10.35, 1.8749999999999996, 0.525, 10.349950000000002, 1.875, 0.5248999999999999, -0.009105
11, 10.35, 1.8799999999999994, 0.525, 10.349800000000002, 1.8798500000000002, 0.5248999999999999, -0.009235
11, 10.35, 1.8799999999999994, 0.52, 10.34985, 1.8799000000000001, 0.5207, -0.00923
11, 10.35, 1.8799999999999994, 0.515, 10.34985, 1.8799000000000001, 0.51515, -0.009261
11, 10.35, 1.8799999999999994, 0.51, 10.35, 1.8799000000000001, 0.5105, -0.009261
11, 10.35, 1.8799999999999994, 0.505, 10.350050000000001, 1.87995, 0.5053, -0.009251
11, 10.35, 1.8799999999999994, 0.5, 10.350200000000001, 1.88, 0.5004000000000001, -0.009267
11, 10.35, 1.8799999999999994, 0.495, 10.350200000000001, 1.88, 0.49565000000000003, -0.009287
11, 10.35, 1.8799999999999994, 0.49, 10.350100000000001, 1.8800500000000002, 0.49040000000000006, -0.009267
11, 10.35, 1.8799999999999994, 0.485, 10.34985, 1.8802, 0.48495000000000005, -0.00922
11, 10.35, 1.8799999999999994, 0.48, 10.34985, 1.88015, 0.48090000000000005, -0.009277
11, 10.35, 1.8799999999999994, 0.475, 10.349900000000002, 1.8800500000000002, 0.4756, -0.00922
11, 10.35, 1.8799999999999994, 0.47, 10.35, 1.87995, 0.47040000000000004, -0.009199
12, 10.35, 1.8749999999999996, 0.47, 10.350050000000001, 1.8753000000000002, 0.47035000000000005, -0.008698
12, 10.35, 1.8699999999999997, 0.47, 10.350150000000001, 1.8702, 0.4701, -0.007567
12, 10.35, 1.8649999999999998, 0.47, 10.350150000000001, 1.86515, 0.46995000000000003, -0.006492
12, 10.35, 1.8599999999999999, 0.47, 10.350150000000001, 1.8605, 0.46965, -0.0057
12, 10.35, 1.855, 0.47, 10.35, 1.8544500000000002, 0.4696, -0.005402
12, 10.35, 1.85, 0.47, 10.35, 1.8496000000000001, 0.46995000000000003, -0.005465
12, 10.35, 1.8450000000000002, 0.47, 10.35, 1.8446000000000002, 0.47005, -0.005329
12, 10.35, 1.8400000000000003, 0.47, 10.35, 1.8396000000000001, 0.47020000000000006, -0.005262
12, 10.35, 1.8350000000000004, 0.47, 10.35, 1.8347, 0.47020000000000006, -0.005225
12, 10.35, 1.8300000000000005, 0.47, 10.350050000000001, 1.82935, 0.47020000000000006, -0.005178
12, 10.35, 1.8250000000000006, 0.47, 10.349950000000002, 1.8243000000000003, 0.47015, -0.005121
12, 10.35, 1.8200000000000007, 0.47, 10.34985, 1.8205500000000001, 0.46995000000000003, -0.005105
12, 10.35, 1.8200000000000007, 0.475, 10.34985, 1.8194000000000001, 0.475, -0.005053
12, 10.35, 1.8200000000000007, 0.48, 10.35, 1.8203000000000003, 0.47965, -0.005105
12, 10.35, 1.8200000000000007, 0.485, 10.35, 1.82025, 0.48455000000000004, -0.005121
12, 10.35, 1.8200000000000007, 0.49, 10.35, 1.8203000000000003, 0.4893, -0.005131
12, 10.35, 1.8200000000000007, 0.495, 10.35, 1.8202, 0.49425, -0.005178
12, 10.35, 1.8200000000000007, 0.5, 10.349950000000002, 1.8190500000000003, 0.49945000000000006, -0.005131
12, 10.35, 1.8200000000000007, 0.505, 10.350100000000001, 1.8201500000000002, 0.5044000000000001, -0.005163
12, 10.35, 1.8200000000000007, 0.51, 10.35025, 1.8201500000000002, 0.5094000000000001, -0.00523
12, 10.35, 1.8200000000000007, 0.515, 10.35025, 1.8201500000000002, 0.5145, -0.005215
12, 10.35, 1.8200000000000007, 0.52, 10.350050000000001, 1.8201500000000002, 0.51935, -0.00521
12, 10.35, 1.8200000000000007, 0.525, 10.349900000000002, 1.8200500000000002, 0.52425, -0.005303
12, 10.35, 1.8200000000000007, 0.53, 10.349800000000002, 1.8191000000000002, 0.5298, -0.005309
13, 10.35, 1.8250000000000006, 0.53, 10.349800000000002, 1.8248000000000002, 0.5298999999999999, -0.005345
13, 10.35, 1.8300000000000005, 0.53, 10.34975, 1.8300500000000002, 0.52995, -0.00534
13, 10.35, 1.8350000000000004, 0.53, 10.35, 1.83565, 0.53, -0.005376
13, 10.35, 1.8400000000000003, 0.53, 10.350150000000001, 1.84085, 0.53005, -0.005434
13, 10.35, 1.8450000000000002, 0.53, 10.350200000000001, 1.8442, 0.53015, -0.005528
13, 10.35, 1.85, 0.53, 10.3503, 1.8506000000000002, 0.53015, -0.005517
13, 10.35, 1.855, 0.53, 10.35, 1.8555, 0.5301, -0.005616
13, 10.35, 1.8599999999999999, 0.53, 10.349950000000002, 1.8602, 0.53015, -0.005721
13, 10.35, 1.8649999999999998, 0.53, 10.34985, 1.8647, 0.53005, -0.006425
13, 10.35, 1.8699999999999997, 0.53, 10.34985, 1.8700500000000002, 0.53, -0.007947
13, 10.35, 1.8749999999999996, 0.53, 10.349900000000002, 1.87505, 0.53, -0.008933
13, 10.35, 1.8799999999999994, 0.53, 10.35, 1.8798500000000002, 0.53, -0.009272
13, 10.35, 1.8849999999999993, 0.53, 10.349950000000002, 1.885, 0.53, -0.009267
13, 10.35, 1.8849999999999993, 0.525, 10.350050000000001, 1.88525, 0.52535, -0.009272
13, 10.35, 1.8849999999999993, 0.52, 10.350200000000001, 1.88525, 0.5204, -0.009214
13, 10.35, 1.8849999999999993, 0.515, 10.350200000000001, 1.8847, 0.5152, -0.009199
13, 10.35, 1.8849999999999993, 0.51, 10.350150000000001, 1.88445, 0.5105, -0.00922
13, 10.35, 1.8849999999999993, 0.505, 10.35, 1.88525, 0.5054000000000001, -0.009272
13, 10.35, 1.8849999999999993, 0.5, 10.350050000000001, 1.88525, 0.50015, -0.009214
13, 10.35, 1.8849999999999993, 0.495, 10.34985, 1.88525, 0.49585, -0.009214
13, 10.35, 1.8849999999999993, 0.49, 10.349800000000002, 1.8851000000000002, 0.49055, -0.009267
13, 10.35, 1.8849999999999993, 0.485, 10.349950000000002, 1.8848000000000003, 0.48505000000000004, -0.009293
13, 10.35, 1.8849999999999993, 0.48, 10.350100000000001, 1.8851000000000002, 0.4806, -0.009261
13, 10.35, 1.8849999999999993, 0.475, 10.350150000000001, 1.8852, 0.47585, -0.009277
13, 10.35, 1.8849999999999993, 0.47, 10.350200000000001, 1.8852, 0.47055, -0.009261
13, 10.35, 1.8849999999999993, 0.46499999999999997, 10.350200000000001, 1.88515, 0.46565, -0.00922
14, 10.35, 1.8799999999999994, 0.46499999999999997, 10.35, 1.8799000000000001, 0.4653, -0.009194
14, 10.35, 1.8749999999999996, 0.46499999999999997, 10.350050000000001, 1.8753000000000002, 0.46520000000000006, -0.008641
14, 10.35, 1.8699999999999997, 0.46499999999999997, 10.349900000000002, 1.8701500000000002, 0.46515, -0.007593
14, 10.35, 1.8649999999999998, 0.46499999999999997, 10.34985, 1.8652, 0.46465, -0.006539
14, 10.35, 1.8599999999999999, 0.46499999999999997, 10.349900000000002, 1.86045, 0.46445000000000003, -0.005757
14, 10.35, 1.855, 0.46499999999999997, 10.34985, 1.8545, 0.465, -0.005429
14, 10.35, 1.85, 0.46499999999999997, 10.349900000000002, 1.84975, 0.46505, -0.00534
14, 10.35, 1.8450000000000002, 0.46499999999999997, 10.350100000000001, 1.8447, 0.4651, -0.005288
14, 10.35, 1.8400000000000003, 0.46499999999999997, 10.350200000000001, 1.8396000000000001, 0.4651, -0.005236
14, 10.35, 1.8350000000000004, 0.46499999999999997, 10.350200000000001, 1.8346500000000001, 0.4651, -0.00521
14, 10.35, 1.8300000000000005, 0.46499999999999997, 10.35025, 1.8293000000000001, 0.4651, -0.005116
14, 10.35, 1.8250000000000006, 0.46499999999999997, 10.350050000000001, 1.8243500000000001, 0.46505, -0.005173
14, 10.35, 1.8200000000000007, 0.46499999999999997, 10.349800000000002, 1.8204500000000001, 0.46505, -0.005069
14, 10.35, 1.8150000000000008, 0.46499999999999997, 10.3497, 1.8141, 0.46505, -0.005069
14, 10.35, 1.8150000000000008, 0.47, 10.35, 1.8151000000000002, 0.46995000000000003, -0.005058
14, 10.35, 1.8150000000000008, 0.475, 10.349950000000002, 1.8151000000000002, 0.47485000000000005, -0.005095
14, 10.35, 1.8150000000000008, 0.48, 10.350050000000001, 1.81515, 0.47955000000000003, -0.005084
14, 10.35, 1.8150000000000008, 0.485, 10.350150000000001, 1.8151000000000002, 0.48425, -0.005074
14, 10.35, 1.8150000000000008, 0.49, 10.350150000000001, 1.815, 0.48915000000000003, -0.005147
14, 10.35, 1.8150000000000008, 0.495, 10.350100000000001, 1.81495, 0.4943, -0.005084
14, 10.35, 1.8150000000000008, 0.5, 10.35, 1.81495, 0.49945000000000006, -0.005131
14, 10.35, 1.8150000000000008, 0.505, 10.35, 1.81495, 0.50425, -0.005147
14, 10.35, 1.8150000000000008, 0.51, 10.35, 1.815, 0.5094000000000001, -0.005178
14, 10.35, 1.8150000000000008, 0.515, 10.35, 1.81495, 0.5145500000000001, -0.005241
14, 10.35, 1.8150000000000008, 0.52, 10.35, 1.815, 0.5190500000000001, -0.005241
14, 10.35, 1.8150000000000008, 0.525, 10.35, 1.81515, 0.5245, -0.00521
14, 10.35, 1.8150000000000008, 0.53, 10.349950000000002, 1.8151000000000002, 0.5297000000000001, -0.005288
14, 10.35, 1.8150000000000008, 0.535, 10.349900000000002, 1.8151000000000002, 0.5348999999999999, -0.005329
15, 10.35, 1.8200000000000007, 0.535, 10.349900000000002, 1.81975, 0.5351, -0.005371
15, 10.35, 1.8250000000000006, 0.535, 10.349900000000002, 1.82475, 0.5352, -0.005397
15, 10.35, 1.8300000000000005, 0.535, 10.349900000000002, 1.8307, 0.5352, -0.005366
15, 10.35, 1.8350000000000004, 0.535, 10.349900000000002, 1.83535, 0.5352, -0.005397
15, 10.35, 1.8400000000000003, 0.535, 10.35, 1.841, 0.535, -0.00546
15, 10.35, 1.8450000000000002, 0.535, 10.350050000000001, 1.8441500000000002, 0.53495, -0.005496
15, 10.35, 1.85, 0.535, 10.350100000000001, 1.8505, 0.5348, -0.005538
15, 10.35, 1.855, 0.535, 10.350150000000001, 1.85545, 0.5348, -0.005611
15, 10.35, 1.8599999999999999, 0.535, 10.350050000000001, 1.8601500000000002, 0.5348, -0.005778
15, 10.35, 1.8649999999999998, 0.535, 10.350050000000001, 1.86475, 0.53485, -0.006367
15, 10.35, 1.8699999999999997, 0.535, 10.349900000000002, 1.86965, 0.5351, -0.00801
15, 10.35, 1.8749999999999996, 0.535, 10.349800000000002, 1.8752, 0.5352, -0.008902
15, 10.35, 1.8799999999999994, 0.535, 10.349800000000002, 1.8799000000000001, 0.5352, -0.009241
15, 10.35, 1.8849999999999993, 0.535, 10.349900000000002, 1.88525, 0.5352, -0.009256
15, 10.35, 1.8899999999999992, 0.535, 10.350050000000001, 1.8893000000000002, 0.53515, -0.009287
15, 10.35, 1.8899999999999992, 0.53, 10.350050000000001, 1.8895500000000003, 0.5298999999999999, -0.009277
15, 10.35, 1.8899999999999992, 0.525, 10.350150000000001, 1.89, 0.52525, -0.009272
15, 10.35, 1.8899999999999992, 0.52, 10.350150000000001, 1.8903, 0.5204500000000001, -0.009246
15, 10.35, 1.8899999999999992, 0.515, 10.350150000000001, 1.8902, 0.5152, -0.00923
15, 10.35, 1.8899999999999992, 0.51, 10.350050000000001, 1.88985, 0.5106, -0.009272
15, 10.35, 1.8899999999999992, 0.505, 10.349900000000002, 1.88975, 0.5054000000000001, -0.00923
15, 10.35, 1.8899999999999992, 0.5, 10.34985, 1.8899000000000001, 0.5002000000000001, -0.009272
15, 10.35, 1.8899999999999992, 0.495, 10.34985, 1.8900500000000002, 0.49585, -0.009277
15, 10.35, 1.8899999999999992, 0.49, 10.349900000000002, 1.89015, 0.49055, -0.009287
15, 10.35, 1.8899999999999992, 0.485, 10.349950000000002, 1.8900500000000002, 0.48515, -0.009261
15, 10.35, 1.8899999999999992, 0.48, 10.350050000000001, 1.88985, 0.48065, -0.009225
15, 10.35, 1.8899999999999992, 0.475, 10.350150000000001, 1.88975, 0.47585, -0.00922
15, 10.35, 1.8899999999999992, 0.47, 10.350150000000001, 1.8899000000000001, 0.4706, -0.009251
15, 10.35, 1.8899999999999992, 0.46499999999999997, 10.350150000000001, 1.8900500000000002, 0.4656, -0.009261
15, 10.35, 1.8899999999999992, 0.45999999999999996, 10.349950000000002, 1.89015, 0.46090000000000003, -0.009267
16, 10.35, 1.8849999999999993, 0.45999999999999996, 10.34985, 1.8856000000000002, 0.46005, -0.009272
16, 10.35, 1.8799999999999994, 0.45999999999999996, 10.34985, 1.8807, 0.46005, -0.009214
16, 10.35, 1.8749999999999996, 0.45999999999999996, 10.349900000000002, 1.8752, 0.46, -0.00837
16, 10.35, 1.8699999999999997, 0.45999999999999996, 10.350050000000001, 1.8704, 0.46, -0.007468
16, 10.35, 1.8649999999999998, 0.45999999999999996, 10.350050000000001, 1.8653000000000002, 0.45995, -0.006451
16, 10.35, 1.8599999999999999, 0.45999999999999996, 10.350150000000001, 1.8605, 0.45995, -0.005632
16, 10.35, 1.855, 0.45999999999999996, 10.350200000000001, 1.8544500000000002, 0.45995, -0.005418
16, 10.35, 1.85, 0.45999999999999996, 10.350150000000001, 1.8496000000000001, 0.46, -0.005345
16, 10.35, 1.8450000000000002, 0.45999999999999996, 10.350050000000001, 1.8447, 0.46, -0.005314
16, 10.35, 1.8400000000000003, 0.45999999999999996, 10.35, 1.83975, 0.46, -0.005256
16, 10.35, 1.8350000000000004, 0.45999999999999996, 10.350050000000001, 1.8352, 0.46005, -0.005267
16, 10.35, 1.8300000000000005, 0.45999999999999996, 10.35, 1.82915, 0.46005, -0.005189
16, 10.35, 1.8250000000000006, 0.45999999999999996, 10.35, 1.8241, 0.46005, -0.005131
16, 10.35, 1.8200000000000007, 0.45999999999999996, 10.350050000000001, 1.8205500000000001, 0.46005, -0.005116
16, 10.35, 1.8150000000000008, 0.45999999999999996, 10.349950000000002, 1.814, 0.46005, -0.005027
16, 10.35, 1.810000000000001, 0.45999999999999996, 10.3497, 1.8096, 0.46005, -0.005074
16, 10.35, 1.810000000000001, 0.46499999999999997, 10.350050000000001, 1.8101500000000001, 0.46470000000000006, -0.005006
16, 10.35, 1.810000000000001, 0.47, 10.350150000000001, 1.8102, 0.46975, -0.005069
16, 10.35, 1.810000000000001, 0.475, 10.350150000000001, 1.8101500000000001, 0.47425, -0.005043
16, 10.35, 1.810000000000001, 0.48, 10.350150000000001, 1.80995, 0.47965, -0.005105
16, 10.35, 1.810000000000001, 0.485, 10.35, 1.80975, 0.4842, -0.005142
16, 10.35, 1.810000000000001, 0.49, 10.349950000000002, 1.8098, 0.48925, -0.005116
16, 10.35, 1.810000000000001, 0.495, 10.349800000000002, 1.8100500000000002, 0.4943, -0.005053
16, 10.35, 1.810000000000001, 0.5, 10.349800000000002, 1.8101, 0.4994, -0.005064
16, 10.35, 1.810000000000001, 0.505, 10.349800000000002, 1.8101500000000001, 0.5043, -0.005069
16, 10.35, 1.810000000000001, 0.51, 10.349950000000002, 1.8101, 0.5094000000000001, -0.005058
16, 10.35, 1.810000000000001, 0.515, 10.350050000000001, 1.80995, 0.5145500000000001, -0.005126
16, 10.35, 1.810000000000001, 0.52, 10.350200000000001, 1.8098500000000002, 0.5190500000000001, -0.005163
16, 10.35, 1.810000000000001, 0.525, 10.350200000000001, 1.8098500000000002, 0.52435, -0.00521
16, 10.35, 1.810000000000001, 0.53, 10.350100000000001, 1.81, 0.5297000000000001, -0.005283
16, 10.35, 1.810000000000001, 0.535, 10.35, 1.8100500000000002, 0.53485, -0.005236
16, 10.35, 1.810000000000001, 0.54, 10.350050000000001, 1.8101, 0.5398999999999999, -0.005251
17, 10.35, 1.8150000000000008, 0.54, 10.349950000000002, 1.8148000000000002, 0.53995, -0.005324
17, 10.35, 1.8200000000000007, 0.54, 10.349900000000002, 1.8201500000000002, 0.54, -0.005382
17, 10.35, 1.8250000000000006, 0.54, 10.349900000000002, 1.82595, 0.54, -0.005408
17, 10.35, 1.8300000000000005, 0.54, 10.349900000000002, 1.8299, 0.54, -0.005366
17, 10.35, 1.8350000000000004, 0.54, 10.34985, 1.8360500000000002, 0.54, -0.005402
17, 10.35, 1.8400000000000003, 0.54, 10.350100000000001, 1.841, 0.54, -0.005491
17, 10.35, 1.8450000000000002, 0.54, 10.350050000000001, 1.84425, 0.54, -0.005502
17, 10.35, 1.85, 0.54, 10.350100000000001, 1.8505, 0.54, -0.005543
17, 10.35, 1.855, 0.54, 10.350100000000001, 1.85545, 0.54, -0.005606
17, 10.35, 1.8599999999999999, 0.54, 10.350100000000001, 1.8600500000000002, 0.54, -0.005846
17, 10.35, 1.8649999999999998, 0.54, 10.35, 1.8647, 0.54, -0.006654
17, 10.35, 1.8699999999999997, 0.54, 10.35, 1.8695500000000003, 0.54005, -0.007791
17, 10.35, 1.8749999999999996, 0.54, 10.35, 1.8752, 0.5401, -0.00899
17, 10.35, 1.8799999999999994, 0.54, 10.349950000000002, 1.8799000000000001, 0.5401, -0.009204
17, 10.35, 1.8849999999999993, 0.54, 10.349900000000002, 1.8852, 0.5401, -0.009225
17, 10.35, 1.8899999999999992, 0.54, 10.349900000000002, 1.8892, 0.54005, -0.009225
17, 10.35, 1.8949999999999991, 0.54, 10.34985, 1.8949500000000001, 0.54005, -0.009214
17, 10.35, 1.8949999999999991, 0.535, 10.349950000000002, 1.8951000000000002, 0.5355, -0.009204
17, 10.35, 1.8949999999999991, 0.53, 10.350100000000001, 1.8952, 0.5298, -0.009261
17, 10.35, 1.8949999999999991, 0.525, 10.350200000000001, 1.89525, 0.5252, -0.00922
17, 10.35, 1.8949999999999991, 0.52, 10.350200000000001, 1.8950500000000001, 0.5205, -0.00922
17, 10.35, 1.8949999999999991, 0.515, 10.350200000000001, 1.8949, 0.5152, -0.009235
17, 10.35, 1.8949999999999991, 0.51, 10.350050000000001, 1.8948500000000001, 0.5106, -0.009214
17, 10.35, 1.8949999999999991, 0.505, 10.349900000000002, 1.8948500000000001, 0.5054500000000001, -0.00923
17, 10.35, 1.8949999999999991, 0.5, 10.349800000000002, 1.8949500000000001, 0.50025, -0.009267
17, 10.35, 1.8949999999999991, 0.495, 10.349800000000002, 1.8950500000000001, 0.49585, -0.009272
17, 10.35, 1.8949999999999991, 0.49, 10.34985, 1.8951500000000001, 0.49060000000000004, -0.00923
17, 10.35, 1.8949999999999991, 0.485, 10.35, 1.8951500000000001, 0.4857, -0.009261
17, 10.35, 1.8949999999999991, 0.48, 10.350050000000001, 1.8949500000000001, 0.47995000000000004, -0.00923
17, 10.35, 1.8949999999999991, 0.475, 10.350200000000001, 1.8949, 0.4758, -0.009209
17, 10.35, 1.8949999999999991, 0.47, 10.350200000000001, 1.8949, 0.47055, -0.009225
17, 10.35, 1.8949999999999991, 0.46499999999999997, 10.350200000000001, 1.8948500000000001, 0.46555, -0.009251
17, 10.35, 1.8949999999999991, 0.45999999999999996, 10.35, 1.8949, 0.46095, -0.009277
17, 10.35, 1.8949999999999991, 0.45499999999999996, 10.35, 1.895, 0.45570000000000005, -0.009256
18, 10.35, 1.8899999999999992, 0.45499999999999996, 10.35, 1.891, 0.45495, -0.009261
18, 10.35, 1.8849999999999993, 0.45499999999999996, 10.35, 1.8858000000000001, 0.45485000000000003, -0.009277
18, 10.35, 1.8799999999999994, 0.45499999999999996, 10.35, 1.88075, 0.45485000000000003, -0.009058
18, 10.35, 1.8749999999999996, 0.45499999999999996, 10.350050000000001, 1.8752, 0.45485000000000003, -0.008479
18, 10.35, 1.8699999999999997, 0.45499999999999996, 10.349900000000002, 1.8700500000000002, 0.45495, -0.007514
18, 10.35, 1.8649999999999998, 0.45499999999999996, 10.34985, 1.86515, 0.45505, -0.006482
18, 10.35, 1.8599999999999999, 0.45499999999999996, 10.349900000000002, 1.86045, 0.45515000000000005, -0.005814
18, 10.35, 1.855, 0.45499999999999996, 10.349900000000002, 1.8545, 0.45515000000000005, -0.005413
18, 10.35, 1.85, 0.45499999999999996, 10.349900000000002, 1.8495500000000002, 0.45515000000000005, -0.005371
18, 10.35, 1.8450000000000002, 0.45499999999999996, 10.35, 1.8445500000000001, 0.45505, -0.005272
18, 10.35, 1.8400000000000003, 0.45499999999999996, 10.35, 1.8395, 0.455, -0.005283
18, 10.35, 1.8350000000000004, 0.45499999999999996, 10.35, 1.835, 0.45495, -0.005215
18, 10.35, 1.8300000000000005, 0.45499999999999996, 10.35, 1.82915, 0.4549, -0.005157
18, 10.35, 1.8250000000000006, 0.45499999999999996, 10.350150000000001, 1.82425, 0.45485000000000003, -0.0051
18, 10.35, 1.8200000000000007, 0.45499999999999996, 10.350150000000001, 1.8206000000000002, 0.4549, -0.005137
18, 10.35, 1.8150000000000008, 0.45499999999999996, 10.35, 1.8141, 0.45495, -0.005079
18, 10.35, 1.810000000000001, 0.45499999999999996, 10.350050000000001, 1.8102, 0.45495, -0.005064
18, 10.35, 1.805000000000001, 0.45499999999999996, 10.350050000000001, 1.8048000000000002, 0.45505, -0.005048
18, 10.35, 1.805000000000001, 0.45999999999999996, 10.349950000000002, 1.8041, 0.4596, -0.005001
18, 10.35, 1.805000000000001, 0.46499999999999997, 10.349800000000002, 1.8050500000000003, 0.46465, -0.00498
18, 10.35, 1.805000000000001, 0.47, 10.349800000000002, 1.8050500000000003, 0.46945000000000003, -0.004928
18, 10.35, 1.805000000000001, 0.475, 10.34975, 1.8051000000000001, 0.4743, -0.004938
18, 10.35, 1.805000000000001, 0.48, 10.35, 1.80515, 0.47970000000000007, -0.004954
18, 10.35, 1.805000000000001, 0.485, 10.35, 1.8050500000000003, 0.4842, -0.004944
18, 10.35, 1.805000000000001, 0.49, 10.35, 1.805, 0.4893, -0.005037
18, 10.35, 1.805000000000001, 0.495, 10.350150000000001, 1.80495, 0.49440000000000006, -0.00497
18, 10.35, 1.805000000000001, 0.5, 10.350200000000001, 1.80495, 0.49935, -0.00498
18, 10.35, 1.805000000000001, 0.505, 10.350150000000001, 1.80495, 0.5041, -0.005017
18, 10.35, 1.805000000000001, 0.51, 10.350050000000001, 1.80495, 0.5094500000000001, -0.005001
18, 10.35, 1.805000000000001, 0.515, 10.34985, 1.80495, 0.5145, -0.005048
18, 10.35, 1.805000000000001, 0.52, 10.34975, 1.805, 0.52, -0.0051
18, 10.35, 1.805000000000001, 0.525, 10.34985, 1.80515, 0.5244, -0.0051
18, 10.35, 1.805000000000001, 0.53, 10.350050000000001, 1.80515, 0.5297000000000001, -0.005199
18, 10.35, 1.805000000000001, 0.535, 10.350200000000001, 1.8050500000000003, 0.53485, -0.005267
18, 10.35, 1.805000000000001, 0.54, 10.350200000000001, 1.805, 0.5398000000000001, -0.005272
18, 10.35, 1.805000000000001, 0.545, 10.350150000000001, 1.805, 0.5447000000000001, -0.005303
19, 10.35, 1.810000000000001, 0.545, 10.35, 1.8094000000000001, 0.54505, -0.005303
19, 10.35, 1.8150000000000008, 0.545, 10.35, 1.8147, 0.5452, -0.005361
19, 10.35, 1.8200000000000007, 0.545, 10.350050000000001, 1.82075, 0.5452, -0.005361
19, 10.35, 1.8250000000000006, 0.545, 10.349900000000002, 1.8258, 0.54515, -0.005366
19, 10.35, 1.8300000000000005, 0.545, 10.349800000000002, 1.8301500000000002, 0.5451, -0.005376
19, 10.35, 1.8350000000000004, 0.545, 10.350050000000001, 1.8352, 0.5448500000000001, -0.005418
19, 10.35, 1.8400000000000003, 0.545, 10.350150000000001, 1.8394000000000001, 0.5448500000000001, -0.00546
19, 10.35, 1.8450000000000002, 0.545, 10.35025, 1.84575, 0.5448500000000001, -0.005512
19, 10.35, 1.85, 0.545, 10.35, 1.8498, 0.5448999999999999, -0.00558
19, 10.35, 1.855, 0.545, 10.350050000000001, 1.8557000000000001, 0.545, -0.005606
19, 10.35, 1.8599999999999999, 0.545, 10.349900000000002, 1.8602, 0.545, -0.005887
19, 10.35, 1.8649999999999998, 0.545, 10.34985, 1.86475, 0.545, -0.006696
19, 10.35, 1.8699999999999997, 0.545, 10.349800000000002, 1.8695, 0.545, -0.007572
19, 10.35, 1.8749999999999996, 0.545, 10.34985, 1.87525, 0.54505, -0.008797
19, 10.35, 1.8799999999999994, 0.545, 10.349950000000002, 1.8798000000000001, 0.5451, -0.009152
19, 10.35, 1.8849999999999993, 0.545, 10.350150000000001, 1.8852, 0.5451, -0.009256
19, 10.35, 1.8899999999999992, 0.545, 10.35025, 1.8892, 0.5451, -0.009277
19, 10.35, 1.8949999999999991, 0.545, 10.35, 1.8947, 0.5451, -0.009272
19, 10.35, 1.899999999999999, 0.545, 10.35, 1.8993000000000002, 0.54505, -0.008985
19, 10.35, 1.899999999999999, 0.54, 10.35, 1.89965, 0.5403000000000001, -0.009058
19, 10.35, 1.899999999999999, 0.535, 10.35, 1.9002000000000001, 0.5354, -0.008975
19, 10.35, 1.899999999999999, 0.53, 10.350050000000001, 1.90045, 0.52975, -0.009105
19, 10.35, 1.899999999999999, 0.525, 10.349900000000002, 1.9000500000000002, 0.5252, -0.009173
19, 10.35, 1.899999999999999, 0.52, 10.34975, 1.8998000000000002, 0.5205, -0.00922
19, 10.35, 1.899999999999999, 0.515, 10.349800000000002, 1.89975, 0.51525, -0.009241
19, 10.35, 1.899999999999999, 0.51, 10.349950000000002, 1.89985, 0.5106, -0.009246
19, 10.35, 1.899999999999999, 0.505, 10.350150000000001, 1.9001000000000001, 0.5054500000000001, -0.009241
19, 10.35, 1.899999999999999, 0.5, 10.350200000000001, 1.9003, 0.5002000000000001, -0.009235
19, 10.35, 1.899999999999999, 0.495, 10.35025, 1.9003500000000002, 0.49585, -0.009235
19, 10.35, 1.899999999999999, 0.49, 10.35, 1.89985, 0.49055, -0.009214
19, 10.35, 1.899999999999999, 0.485, 10.35, 1.89975, 0.48510000000000003, -0.00922
19, 10.35, 1.899999999999999, 0.48, 10.350050000000001, 1.9001000000000001, 0.48025, -0.009183
19, 10.35, 1.899999999999999, 0.475, 10.349900000000002, 1.90025, 0.47590000000000005, -0.00923
19, 10.35, 1.899999999999999, 0.47, 10.34985, 1.90025, 0.47055, -0.00911
19, 10.35, 1.899999999999999, 0.46499999999999997, 10.349800000000002, 1.89985, 0.46595000000000003, -0.009147
19, 10.35, 1.899999999999999, 0.45999999999999996, 10.34985, 1.89975, 0.4608, -0.009126
19, 10.35, 1.899999999999999, 0.45499999999999996, 10.35, 1.8998000000000002, 0.45565000000000005, -0.009032
19, 10.35, 1.899999999999999, 0.44999999999999996, 10.35, 1.9000500000000002, 0.4504500000000001, -0.008896
20, 10.35, 1.8949999999999991, 0.44999999999999996, 10.350050000000001, 1.89575, 0.45015000000000005, -0.009194
20, 10.35, 1.8899999999999992, 0.44999999999999996, 10.350200000000001, 1.8906500000000002, 0.45, -0.009277
20, 10.35, 1.8849999999999993, 0.44999999999999996, 10.350200000000001, 1.8855, 0.4499, -0.009199
20, 10.35, 1.8799999999999994, 0.44999999999999996, 10.35025, 1.8808000000000002, 0.44980000000000003, -0.008948
20, 10.35, 1.8749999999999996, 0.44999999999999996, 10.349950000000002, 1.87515, 0.44975, -0.008182
20, 10.35, 1.8699999999999997, 0.44999999999999996, 10.349900000000002, 1.87025, 0.44975, -0.007441
20, 10.35, 1.8649999999999998, 0.44999999999999996, 10.349900000000002, 1.8651000000000002, 0.45, -0.006644
20, 10.35, 1.8599999999999999, 0.44999999999999996, 10.349900000000002, 1.8604, 0.45015000000000005, -0.005893
20, 10.35, 1.855, 0.44999999999999996, 10.34985, 1.855, 0.45015000000000005, -0.005465
20, 10.35, 1.85, 0.44999999999999996, 10.35, 1.84915, 0.45015000000000005, -0.005361
20, 10.35, 1.8450000000000002, 0.44999999999999996, 10.35, 1.8444, 0.45005, -0.005324
20, 10.35, 1.8400000000000003, 0.44999999999999996, 10.349950000000002, 1.8406000000000002, 0.44995000000000007, -0.005262
20, 10.35, 1.8350000000000004, 0.44999999999999996, 10.350150000000001, 1.8350500000000003, 0.44985, -0.005256
20, 10.35, 1.8300000000000005, 0.44999999999999996, 10.350050000000001, 1.8304, 0.44995000000000007, -0.00522
20, 10.35, 1.8250000000000006, 0.44999999999999996, 10.34975, 1.8247, 0.45015000000000005, -0.005137
20, 10.35, 1.8200000000000007, 0.44999999999999996, 10.34975, 1.8204, 0.45015000000000005, -0.005189
20, 10.35, 1.8150000000000008, 0.44999999999999996, 10.349950000000002, 1.81475, 0.4501, -0.0051
20, 10.35, 1.810000000000001, 0.44999999999999996, 10.350100000000001, 1.81, 0.45, -0.005152
20, 10.35, 1.805000000000001, 0.44999999999999996, 10.35025, 1.805, 0.4499, -0.005053
20, 10.35, 1.8000000000000012, 0.44999999999999996, 10.35025, 1.8002, 0.4499, -0.005168
20, 10.35, 1.8000000000000012, 0.45499999999999996, 10.350100000000001, 1.79915, 0.45435000000000003, -0.005037
20, 10.35, 1.8000000000000012, 0.45999999999999996, 10.349900000000002, 1.8001, 0.4595, -0.00497
20, 10.35, 1.8000000000000012, 0.46499999999999997, 10.349800000000002, 1.8001500000000001, 0.46470000000000006, -0.004912
20, 10.35, 1.8000000000000012, 0.47, 10.34985, 1.8001, 0.46920000000000006, -0.004876
20, 10.35, 1.8000000000000012, 0.475, 10.349800000000002, 1.8001, 0.4745, -0.004881
20, 10.35, 1.8000000000000012, 0.48, 10.349950000000002, 1.8001, 0.47975, -0.004876
20, 10.35, 1.8000000000000012, 0.485, 10.350050000000001, 1.8000500000000001, 0.48415, -0.00498
20, 10.35, 1.8000000000000012, 0.49, 10.350200000000001, 1.8, 0.48935, -0.004954
20, 10.35, 1.8000000000000012, 0.495, 10.350200000000001, 1.79975, 0.49435, -0.004923
20, 10.35, 1.8000000000000012, 0.5, 10.350150000000001, 1.7994, 0.49910000000000004, -0.004917
20, 10.35, 1.8000000000000012, 0.505, 10.350050000000001, 1.8000500000000001, 0.50415, -0.004938
20, 10.35, 1.8000000000000012, 0.51, 10.349900000000002, 1.8000500000000001, 0.5094500000000001, -0.004933
20, 10.35, 1.8000000000000012, 0.515, 10.34975, 1.8001, 0.5144500000000001, -0.005001
20, 10.35, 1.8000000000000012, 0.52, 10.349900000000002, 1.8000500000000001, 0.51995, -0.004959
20, 10.35, 1.8000000000000012, 0.525, 10.350050000000001, 1.8000500000000001, 0.5244, -0.005037
20, 10.35, 1.8000000000000012, 0.53, 10.350150000000001, 1.8000500000000001, 0.52965, -0.00511
20, 10.35, 1.8000000000000012, 0.535, 10.350150000000001, 1.8, 0.53485, -0.005199
20, 10.35, 1.8000000000000012, 0.54, 10.350150000000001, 1.79995, 0.53975, -0.005173
20, 10.35, 1.8000000000000012, 0.545, 10.35, 1.7999, 0.5447000000000001, -0.00522
20, 10.35, 1.8000000000000012, 0.55, 10.35, 1.79995, 0.55005, -0.005277
21, 10.35, 1.805000000000001, 0.55, 10.349950000000002, 1.8046000000000002, 0.55015, -0.005324
21, 10.35, 1.810000000000001, 0.55, 10.34985, 1.8098500000000002, 0.5502, -0.005366
21, 10.35, 1.8150000000000008, 0.55, 10.349800000000002, 1.81545, 0.5502, -0.005361
21, 10.35, 1.8200000000000007, 0.55, 10.349800000000002, 1.8205500000000001, 0.5502, -0.005382
21, 10.35, 1.8250000000000006, 0.55, 10.349900000000002, 1.8259, 0.55015, -0.005397
21, 10.35, 1.8300000000000005, 0.55, 10.35, 1.83, 0.55005, -0.005397
21, 10.35, 1.8350000000000004, 0.55, 10.349950000000002, 1.8352, 0.55, -0.005402
21, 10.35, 1.8400000000000003, 0.55, 10.35, 1.8394000000000001, 0.55, -0.00546
21, 10.35, 1.8450000000000002, 0.55, 10.350050000000001, 1.84575, 0.55, -0.005564
21, 10.35, 1.85, 0.55, 10.350100000000001, 1.8499, 0.55, -0.005559
21, 10.35, 1.855, 0.55, 10.350100000000001, 1.85575, 0.55, -0.005621
21, 10.35, 1.8599999999999999, 0.55, 10.350100000000001, 1.8602, 0.55, -0.00608
21, 10.35, 1.8649999999999998, 0.55, 10.350100000000001, 1.8647, 0.55, -0.006727
21, 10.35, 1.8699999999999997, 0.55, 10.350050000000001, 1.8695, 0.55, -0.007843
21, 10.35, 1.8749999999999996, 0.55, 10.349900000000002, 1.87525, 0.55, -0.008782
21, 10.35, 1.8799999999999994, 0.55, 10.349800000000002, 1.8798500000000002, 0.55, -0.009141
21, 10.35, 1.8849999999999993, 0.55, 10.34985, 1.8850500000000001, 0.55, -0.009267
21, 10.35, 1.8899999999999992, 0.55, 10.34985, 1.8891000000000002, 0.55, -0.009287
21, 10.35, 1.8949999999999991, 0.55, 10.35, 1.89415, 0.55, -0.009246
21, 10.35, 1.899999999999999, 0.55, 10.350150000000001, 1.90025, 0.55, -0.008849
21, 10.35, 1.904999999999999, 0.55, 10.350200000000001, 1.9040500000000002, 0.55, -0.008291
21, 10.35, 1.904999999999999, 0.545, 10.35025, 1.9046500000000002, 0.5452, -0.008338
21, 10.35, 1.904999999999999, 0.54, 10.350050000000001, 1.9051000000000002, 0.54015, -0.008328
21, 10.35, 1.904999999999999, 0.535, 10.34985, 1.9053000000000002, 0.5354, -0.008312
21, 10.35, 1.904999999999999, 0.53, 10.34985, 1.9053000000000002, 0.5297000000000001, -0.008281
21, 10.35, 1.904999999999999, 0.525, 10.349800000000002, 1.9049500000000001, 0.5253000000000001, -0.008516
21, 10.35, 1.904999999999999, 0.52, 10.349900000000002, 1.9047, 0.5205, -0.008693
21, 10.35, 1.904999999999999, 0.515, 10.350100000000001, 1.90475, 0.5153000000000001, -0.008683
21, 10.35, 1.904999999999999, 0.51, 10.350150000000001, 1.9050500000000001, 0.5102000000000001, -0.008776
21, 10.35, 1.904999999999999, 0.505, 10.350150000000001, 1.9051500000000001, 0.5056, -0.008709
21, 10.35, 1.904999999999999, 0.5, 10.350150000000001, 1.9052, 0.50025, -0.008703
21, 10.35, 1.904999999999999, 0.495, 10.349950000000002, 1.9051500000000001, 0.4958, -0.008589
21, 10.35, 1.904999999999999, 0.49, 10.34985, 1.9048000000000003, 0.4905, -0.008766
21, 10.35, 1.904999999999999, 0.485, 10.34985, 1.9046500000000002, 0.48560000000000003, -0.00874
21, 10.35, 1.904999999999999, 0.48, 10.34985, 1.9049500000000001, 0.481, -0.008641
21, 10.35, 1.904999999999999, 0.475, 10.350050000000001, 1.9050500000000001, 0.47565, -0.008573
21, 10.35, 1.904999999999999, 0.47, 10.350200000000001, 1.9051500000000001, 0.47045000000000003, -0.008448
21, 10.35, 1.904999999999999, 0.46499999999999997, 10.350150000000001, 1.9051500000000001, 0.46595000000000003, -0.008474
21, 10.35, 1.904999999999999, 0.45999999999999996, 10.350150000000001, 1.9051000000000002, 0.46070000000000005, -0.008328
21, 10.35, 1.904999999999999, 0.45499999999999996, 10.349950000000002, 1.9049, 0.45565000000000005, -0.008359
21, 10.35, 1.904999999999999, 0.44999999999999996, 10.34985, 1.9048000000000003, 0.4505, -0.008349
21, 10.35, 1.904999999999999, 0.44499999999999995, 10.34985, 1.9048000000000003, 0.44595000000000007, -0.00837
22, 10.35, 1.899999999999999, 0.44499999999999995, 10.35, 1.9005, 0.44480000000000003, -0.008938
22, 10.35, 1.8949999999999991, 0.44499999999999995, 10.35, 1.8957, 0.44480000000000003, -0.009173
22, 10.35, 1.8899999999999992, 0.44499999999999995, 10.350050000000001, 1.8908000000000003, 0.44485, -0.009272
22, 10.35, 1.8849999999999993, 0.44499999999999995, 10.350050000000001, 1.8851000000000002, 0.445, -0.009188
22, 10.35, 1.8799999999999994, 0.44499999999999995, 10.350150000000001, 1.8806, 0.44505, -0.008865
22, 10.35, 1.8749999999999996, 0.44499999999999995, 10.35, 1.8751000000000002, 0.44505, -0.008244
22, 10.35, 1.8699999999999997, 0.44499999999999995, 10.35, 1.87025, 0.44505, -0.007421
22, 10.35, 1.8649999999999998, 0.44499999999999995, 10.35, 1.865, 0.4451, -0.006571
22, 10.35, 1.8599999999999999, 0.44499999999999995, 10.350050000000001, 1.8603000000000003, 0.4451, -0.006086
22, 10.35, 1.855, 0.44499999999999995, 10.349950000000002, 1.8551000000000002, 0.44505, -0.005507
22, 10.35, 1.85, 0.44499999999999995, 10.34985, 1.8493000000000002, 0.445, -0.005439
22, 10.35, 1.8450000000000002, 0.44499999999999995, 10.349800000000002, 1.8456000000000001, 0.44495000000000007, -0.005366
22, 10.35, 1.8400000000000003, 0.44499999999999995, 10.35, 1.83915, 0.445, -0.005345
22, 10.35, 1.8350000000000004, 0.44499999999999995, 10.35025, 1.8354000000000001, 0.44495000000000007, -0.005309
22, 10.35, 1.8300000000000005, 0.44499999999999995, 10.350100000000001, 1.82915, 0.445, -0.005241
22, 10.35, 1.8250000000000006, 0.44499999999999995, 10.35, 1.8253000000000001, 0.44495000000000007, -0.005241
22, 10.35, 1.8200000000000007, 0.44499999999999995, 10.35, 1.8201, 0.445, -0.005246
22, 10.35, 1.8150000000000008, 0.44499999999999995, 10.35, 1.81495, 0.44505, -0.005194
22, 10.35, 1.810000000000001, 0.44499999999999995, 10.350050000000001, 1.80975, 0.44505, -0.005168
22, 10.35, 1.805000000000001, 0.44499999999999995, 10.349950000000002, 1.80475, 0.44505, -0.005168
22, 10.35, 1.8000000000000012, 0.44499999999999995, 10.34985, 1.8000500000000001, 0.44505, -0.005387
22, 10.35, 1.7950000000000013, 0.44499999999999995, 10.349800000000002, 1.7941500000000001, 0.44505, -0.006039
22, 10.35, 1.7950000000000013, 0.44999999999999996, 10.349800000000002, 1.79445, 0.44935, -0.005919
22, 10.35, 1.7950000000000013, 0.45499999999999996, 10.35, 1.79525, 0.45470000000000005, -0.005632
22, 10.35, 1.7950000000000013, 0.45999999999999996, 10.349950000000002, 1.7953000000000001, 0.45955, -0.005507
22, 10.35, 1.7950000000000013, 0.46499999999999997, 10.350050000000001, 1.79515, 0.46465, -0.005408
22, 10.35, 1.7950000000000013, 0.47, 10.350150000000001, 1.795, 0.4691, -0.005329
22, 10.35, 1.7950000000000013, 0.475, 10.350150000000001, 1.7948000000000002, 0.4745, -0.005105
22, 10.35, 1.7950000000000013, 0.48, 10.350150000000001, 1.7948000000000002, 0.47970000000000007, -0.005011
22, 10.35, 1.7950000000000013, 0.485, 10.350050000000001, 1.7949000000000002, 0.48415, -0.004839
22, 10.35, 1.7950000000000013, 0.49, 10.349900000000002, 1.795, 0.48940000000000006, -0.004897
22, 10.35, 1.7950000000000013, 0.495, 10.349800000000002, 1.7951000000000001, 0.4943, -0.004824
22, 10.35, 1.7950000000000013, 0.5, 10.34975, 1.7951000000000001, 0.49910000000000004, -0.004865
22, 10.35, 1.7950000000000013, 0.505, 10.34985, 1.7951000000000001, 0.50415, -0.004813
22, 10.35, 1.7950000000000013, 0.51, 10.35, 1.7951000000000001, 0.5094000000000001, -0.004818
22, 10.35, 1.7950000000000013, 0.515, 10.35, 1.7950500000000003, 0.5144, -0.004912
22, 10.35, 1.7950000000000013, 0.52, 10.35, 1.7948000000000002, 0.5199, -0.005011
22, 10.35, 1.7950000000000013, 0.525, 10.35, 1.7948000000000002, 0.5244, -0.00509
22, 10.35, 1.7950000000000013, 0.53, 10.349950000000002, 1.7949000000000002, 0.5295500000000001, -0.00511
22, 10.35, 1.7950000000000013, 0.535, 10.350100000000001, 1.7950500000000003, 0.53485, -0.005142
22, 10.35, 1.7950000000000013, 0.54, 10.350200000000001, 1.7951000000000001, 0.5395500000000001, -0.00522
22, 10.35, 1.7950000000000013, 0.545, 10.350200000000001, 1.7951000000000001, 0.5448500000000001, -0.005314
22, 10.35, 1.7950000000000013, 0.55, 10.350150000000001, 1.7951000000000001, 0.5498000000000001, -0.00534
22, 10.35, 1.7950000000000013, 0.555, 10.35, 1.7951000000000001, 0.55515, -0.005475
23, 10.35, 1.8000000000000012, 0.555, 10.35, 1.7995500000000002, 0.55535, -0.005298
23, 10.35, 1.805000000000001, 0.555, 10.35, 1.80495, 0.55535, -0.005288
23, 10.35, 1.810000000000001, 0.555, 10.35, 1.81, 0.55505, -0.005324
23, 10.35, 1.8150000000000008, 0.555, 10.35, 1.8155, 0.55505, -0.005329
23, 10.35, 1.8200000000000007, 0.555, 10.35, 1.8205500000000001, 0.555, -0.005444
23, 10.35, 1.8250000000000006, 0.555, 10.35, 1.8261, 0.555, -0.005387
23, 10.35, 1.8300000000000005, 0.555, 10.35, 1.8301, 0.555, -0.00547
23, 10.35, 1.8350000000000004, 0.555, 10.349950000000002, 1.83595, 0.555, -0.005429
23, 10.35, 1.8400000000000003, 0.555, 10.349800000000002, 1.8397000000000001, 0.55495, -0.005465
23, 10.35, 1.8450000000000002, 0.555, 10.349950000000002, 1.8444, 0.5549, -0.005522
23, 10.35, 1.85, 0.555, 10.350150000000001, 1.8505500000000001, 0.55495, -0.005632
23, 10.35, 1.855, 0.555, 10.350200000000001, 1.8555, 0.55495, -0.005663
23, 10.35, 1.8599999999999999, 0.555, 10.35025, 1.8601500000000002, 0.55495, -0.00607
23, 10.35, 1.8649999999999998, 0.555, 10.35, 1.8646, 0.55495, -0.006837
23, 10.35, 1.8699999999999997, 0.555, 10.349950000000002, 1.8695500000000003, 0.55495, -0.007853
23, 10.35, 1.8749999999999996, 0.555, 10.34985, 1.87515, 0.555, -0.008756
23, 10.35, 1.8799999999999994, 0.555, 10.349800000000002, 1.8798000000000001, 0.555, -0.009063
23, 10.35, 1.8849999999999993, 0.555, 10.34985, 1.8850500000000001, 0.555, -0.009246
23, 10.35, 1.8899999999999992, 0.555, 10.349950000000002, 1.8890500000000001, 0.555, -0.009256
23, 10.35, 1.8949999999999991, 0.555, 10.350100000000001, 1.894, 0.555, -0.009188
23, 10.35, 1.899999999999999, 0.555, 10.350200000000001, 1.899, 0.555, -0.008948
23, 10.35, 1.904999999999999, 0.555, 10.350150000000001, 1.9047, 0.555, -0.00837
23, 10.35, 1.9099999999999988, 0.555, 10.349950000000002, 1.9093000000000002, 0.555, -0.007556
23, 10.35, 1.9099999999999988, 0.55, 10.34985, 1.91015, 0.55045, -0.007275
23, 10.35, 1.9099999999999988, 0.545, 10.349900000000002, 1.9103500000000002, 0.545, -0.007353
23, 10.35, 1.9099999999999988, 0.54, 10.35, 1.9100500000000002, 0.54025, -0.007254
23, 10.35, 1.9099999999999988, 0.535, 10.350050000000001, 1.90985, 0.5348, -0.007363
23, 10.35, 1.9099999999999988, 0.53, 10.350100000000001, 1.9098000000000002, 0.53015, -0.00729
23, 10.35, 1.9099999999999988, 0.525, 10.350150000000001, 1.9098000000000002, 0.5254, -0.007207
23, 10.35, 1.9099999999999988, 0.52, 10.350150000000001, 1.91, 0.52, -0.007087
23, 10.35, 1.9099999999999988, 0.515, 10.350050000000001, 1.91015, 0.5155, -0.006878
23, 10.35, 1.9099999999999988, 0.51, 10.349950000000002, 1.91015, 0.5103, -0.006951
23, 10.35, 1.9099999999999988, 0.505, 10.349900000000002, 1.9100500000000002, 0.50555, -0.006915
23, 10.35, 1.9099999999999988, 0.5, 10.349950000000002, 1.90985, 0.5002000000000001, -0.007045
23, 10.35, 1.9099999999999988, 0.495, 10.349900000000002, 1.9098000000000002, 0.49575, -0.007233
23, 10.35, 1.9099999999999988, 0.49, 10.349900000000002, 1.9098000000000002, 0.49040000000000006, -0.007311
23, 10.35, 1.9099999999999988, 0.485, 10.350050000000001, 1.91015, 0.48490000000000005, -0.007358
23, 10.35, 1.9099999999999988, 0.48, 10.350100000000001, 1.9102000000000001, 0.4808, -0.007363
23, 10.35, 1.9099999999999988, 0.475, 10.350150000000001, 1.91015, 0.4755, -0.007342
23, 10.35, 1.9099999999999988, 0.47, 10.350150000000001, 1.90995, 0.47035000000000005, -0.0074
23, 10.35, 1.9099999999999988, 0.46499999999999997, 10.35, 1.9098000000000002, 0.46585000000000004, -0.007499
23, 10.35, 1.9099999999999988, 0.45999999999999996, 10.35, 1.90985, 0.46070000000000005, -0.007676
23, 10.35, 1.9099999999999988, 0.45499999999999996, 10.35, 1.91, 0.45555, -0.007541
23, 10.35, 1.9099999999999988, 0.44999999999999996, 10.34985, 1.91015, 0.45080000000000003, -0.007587
23, 10.35, 1.9099999999999988, 0.44499999999999995, 10.34985, 1.9101000000000001, 0.4459, -0.007582
23, 10.35, 1.9099999999999988, 0.43999999999999995, 10.349900000000002, 1.9100500000000002, 0.44045000000000006, -0.007629
24, 10.35, 1.904999999999999, 0.43999999999999995, 10.350050000000001, 1.9055, 0.43995000000000006, -0.008276
24, 10.35, 1.899999999999999, 0.43999999999999995, 10.350100000000001, 1.90025, 0.43975, -0.008802
24, 10.35, 1.8949999999999991, 0.43999999999999995, 10.350150000000001, 1.89565, 0.43985, -0.009048
24, 10.35, 1.8899999999999992, 0.43999999999999995, 10.35, 1.8903500000000002, 0.44020000000000004, -0.009199
24, 10.35, 1.8849999999999993, 0.43999999999999995, 10.349900000000002, 1.88525, 0.44020000000000004, -0.009147
24, 10.35, 1.8799999999999994, 0.43999999999999995, 10.349900000000002, 1.8806500000000002, 0.44020000000000004, -0.008823
24, 10.35, 1.8749999999999996, 0.43999999999999995, 10.349800000000002, 1.8751000000000002, 0.44015000000000004, -0.008161
24, 10.35, 1.8699999999999997, 0.43999999999999995, 10.34985, 1.87045, 0.43995000000000006, -0.007509
24, 10.35, 1.8649999999999998, 0.43999999999999995, 10.349900000000002, 1.86495, 0.4398, -0.006539
24, 10.35, 1.8599999999999999, 0.43999999999999995, 10.350050000000001, 1.8602, 0.4398, -0.00608
24, 10.35, 1.855, 0.43999999999999995, 10.350200000000001, 1.85515, 0.4398, -0.005564
24, 10.35, 1.85, 0.43999999999999995, 10.350100000000001, 1.8492, 0.44, -0.005408
24, 10.35, 1.8450000000000002, 0.43999999999999995, 10.350050000000001, 1.8455, 0.44010000000000005, -0.005439
24, 10.35, 1.8400000000000003, 0.43999999999999995, 10.349950000000002, 1.8391000000000002, 0.44010000000000005, -0.005361
24, 10.35, 1.8350000000000004, 0.43999999999999995, 10.34985, 1.8352, 0.44010000000000005, -0.005335
24, 10.35, 1.8300000000000005, 0.43999999999999995, 10.34985, 1.8294000000000001, 0.44010000000000005, -0.005309
24, 10.35, 1.8250000000000006, 0.43999999999999995, 10.35, 1.8252000000000002, 0.44005, -0.005256
24, 10.35, 1.8200000000000007, 0.43999999999999995, 10.350050000000001, 1.82, 0.44, -0.005288
24, 10.35, 1.8150000000000008, 0.43999999999999995, 10.350200000000001, 1.8147, 0.44, -0.005267
24, 10.35, 1.810000000000001, 0.43999999999999995, 10.350150000000001, 1.8096, 0.43985, -0.005241
24, 10.35, 1.805000000000001, 0.43999999999999995, 10.350200000000001, 1.8048000000000002, 0.43985, -0.005215
24, 10.35, 1.8000000000000012, 0.43999999999999995, 10.350150000000001, 1.8001, 0.43985, -0.005449
24, 10.35, 1.7950000000000013, 0.43999999999999995, 10.35, 1.79475, 0.43995000000000006, -0.00606
24, 10.35, 1.7900000000000014, 0.43999999999999995, 10.35, 1.7895500000000002, 0.44005, -0.006696
24, 10.35, 1.7900000000000014, 0.44499999999999995, 10.349950000000002, 1.7896, 0.44495000000000007, -0.006508
24, 10.35, 1.7900000000000014, 0.44999999999999996, 10.349800000000002, 1.7901000000000002, 0.4496, -0.006445
24, 10.35, 1.7900000000000014, 0.45499999999999996, 10.349800000000002, 1.79025, 0.45475, -0.006336
24, 10.35, 1.7900000000000014, 0.45999999999999996, 10.349800000000002, 1.79025, 0.45955, -0.006362
24, 10.35, 1.7900000000000014, 0.46499999999999997, 10.349900000000002, 1.7899500000000002, 0.46455, -0.006299
24, 10.35, 1.7900000000000014, 0.47, 10.350050000000001, 1.78975, 0.46915, -0.006237
24, 10.35, 1.7900000000000014, 0.475, 10.350200000000001, 1.78975, 0.4745, -0.006221
24, 10.35, 1.7900000000000014, 0.48, 10.350200000000001, 1.7901500000000001, 0.47955000000000003, -0.005971
24, 10.35, 1.7900000000000014, 0.485, 10.350150000000001, 1.7903000000000002, 0.4842, -0.005778
24, 10.35, 1.7900000000000014, 0.49, 10.350050000000001, 1.7902, 0.48940000000000006, -0.005898
24, 10.35, 1.7900000000000014, 0.495, 10.349900000000002, 1.79, 0.4943, -0.006086
24, 10.35, 1.7900000000000014, 0.5, 10.349800000000002, 1.7898000000000003, 0.49915000000000004, -0.005658
24, 10.35, 1.7900000000000014, 0.505, 10.34975, 1.7898000000000003, 0.5041, -0.005851
24, 10.35, 1.7900000000000014, 0.51, 10.34985, 1.7898500000000002, 0.50935, -0.005804
24, 10.35, 1.7900000000000014, 0.515, 10.35, 1.7901000000000002, 0.51435, -0.005825
24, 10.35, 1.7900000000000014, 0.52, 10.35, 1.79025, 0.51995, -0.005934
24, 10.35, 1.7900000000000014, 0.525, 10.349950000000002, 1.7899500000000002, 0.5245, -0.00595
24, 10.35, 1.7900000000000014, 0.53, 10.350150000000001, 1.7898000000000003, 0.5294, -0.006091
24, 10.35, 1.7900000000000014, 0.535, 10.35025, 1.7898000000000003, 0.53485, -0.00595
24, 10.35, 1.7900000000000014, 0.54, 10.350200000000001, 1.7898500000000002, 0.5395, -0.005997
24, 10.35, 1.7900000000000014, 0.545, 10.35, 1.7901000000000002, 0.5448500000000001, -0.005997
24, 10.35, 1.7900000000000014, 0.55, 10.35, 1.7903000000000002, 0.5498999999999999, -0.006096
24, 10.35, 1.7900000000000014, 0.555, 10.350050000000001, 1.79025, 0.5553, -0.006179
24, 10.35, 1.7900000000000014, 0.56, 10.349900000000002, 1.7899500000000002, 0.56, -0.006221
25, 10.35, 1.7950000000000013, 0.56, 10.349800000000002, 1.79445, 0.56, -0.005595
25, 10.35, 1.8000000000000012, 0.56, 10.349800000000002, 1.8003000000000002, 0.56, -0.005303
25, 10.35, 1.805000000000001, 0.56, 10.349800000000002, 1.805, 0.56005, -0.005283
25, 10.35, 1.810000000000001, 0.56, 10.349950000000002, 1.8100500000000002, 0.5601, -0.005314
25, 10.35, 1.8150000000000008, 0.56, 10.350050000000001, 1.8156, 0.5601499999999999, -0.005366
25, 10.35, 1.8200000000000007, 0.56, 10.350150000000001, 1.8205, 0.5602, -0.00546
25, 10.35, 1.8250000000000006, 0.56, 10.350150000000001, 1.8255500000000002, 0.5602, -0.005449
25, 10.35, 1.8300000000000005, 0.56, 10.35, 1.8307, 0.5602, -0.005491
25, 10.35, 1.8350000000000004, 0.56, 10.350050000000001, 1.836, 0.56005, -0.005481
25, 10.35, 1.8400000000000003, 0.56, 10.35, 1.84085, 0.5599500000000001, -0.005533
25, 10.35, 1.8450000000000002, 0.56, 10.349950000000002, 1.8455, 0.5599, -0.005616
25, 10.35, 1.85, 0.56, 10.349900000000002, 1.8497000000000001, 0.5599, -0.005648
25, 10.35, 1.855, 0.56, 10.349800000000002, 1.85575, 0.5599, -0.005783
25, 10.35, 1.8599999999999999, 0.56, 10.349800000000002, 1.86025, 0.5599, -0.006159
25, 10.35, 1.8649999999999998, 0.56, 10.349900000000002, 1.8648000000000002, 0.5599, -0.006883
25, 10.35, 1.8699999999999997, 0.56, 10.350100000000001, 1.8695, 0.56, -0.007817
25, 10.35, 1.8749999999999996, 0.56, 10.350150000000001, 1.8752, 0.5599500000000001, -0.008578
25, 10.35, 1.8799999999999994, 0.56, 10.350100000000001, 1.87975, 0.56005, -0.008964
25, 10.35, 1.8849999999999993, 0.56, 10.350100000000001, 1.8849500000000001, 0.5601499999999999, -0.00922
25, 10.35, 1.8899999999999992, 0.56, 10.350100000000001, 1.889, 0.5601499999999999, -0.009214
25, 10.35, 1.8949999999999991, 0.56, 10.349950000000002, 1.895, 0.5601499999999999, -0.009152
25, 10.35, 1.899999999999999, 0.56, 10.349900000000002, 1.9001000000000001, 0.56, -0.008948
25, 10.35, 1.904999999999999, 0.56, 10.349950000000002, 1.9040500000000002, 0.5599500000000001, -0.008354
25, 10.35, 1.9099999999999988, 0.56, 10.350200000000001, 1.90975, 0.5599500000000001, -0.007514
25, 10.35, 1.9149999999999987, 0.56, 10.350150000000001, 1.9145, 0.5599500000000001, -0.0068
25, 10.35, 1.9149999999999987, 0.555, 10.349950000000002, 1.9149, 0.5554, -0.006748
25, 10.35, 1.9149999999999987, 0.55, 10.349800000000002, 1.9150500000000001, 0.55, -0.006696
25, 10.35, 1.9149999999999987, 0.545, 10.34985, 1.9152, 0.5453000000000001, -0.006602
25, 10.35, 1.9149999999999987, 0.54, 10.34985, 1.9151500000000001, 0.5398000000000001, -0.006466
25, 10.35, 1.9149999999999987, 0.535, 10.350050000000001, 1.915, 0.5348999999999999, -0.006315
25, 10.35, 1.9149999999999987, 0.53, 10.350150000000001, 1.9149500000000002, 0.53025, -0.006237
25, 10.35, 1.9149999999999987, 0.525, 10.350200000000001, 1.9149, 0.5253000000000001, -0.006153
25, 10.35, 1.9149999999999987, 0.52, 10.350150000000001, 1.9149500000000002, 0.51995, -0.006044
25, 10.35, 1.9149999999999987, 0.515, 10.35, 1.9149500000000002, 0.5155, -0.005966
25, 10.35, 1.9149999999999987, 0.51, 10.349950000000002, 1.9149500000000002, 0.5101, -0.005945
25, 10.35, 1.9149999999999987, 0.505, 10.34985, 1.915, 0.5054500000000001, -0.005934
25, 10.35, 1.9149999999999987, 0.5, 10.34985, 1.9150500000000001, 0.5001, -0.00596
25, 10.35, 1.9149999999999987, 0.495, 10.349800000000002, 1.9151500000000001, 0.49570000000000003, -0.005981
25, 10.35, 1.9149999999999987, 0.49, 10.349950000000002, 1.9151000000000002, 0.49035, -0.006086
25, 10.35, 1.9149999999999987, 0.485, 10.350100000000001, 1.9150500000000001, 0.48595000000000005, -0.006143
25, 10.35, 1.9149999999999987, 0.48, 10.350200000000001, 1.9149500000000002, 0.48065, -0.006294
25, 10.35, 1.9149999999999987, 0.475, 10.350200000000001, 1.9149, 0.47540000000000004, -0.006461
25, 10.35, 1.9149999999999987, 0.47, 10.350150000000001, 1.9149, 0.4705, -0.006623
25, 10.35, 1.9149999999999987, 0.46499999999999997, 10.35, 1.9149500000000002, 0.46570000000000006, -0.006732
25, 10.35, 1.9149999999999987, 0.45999999999999996, 10.35, 1.9149500000000002, 0.46055, -0.006764
25, 10.35, 1.9149999999999987, 0.45499999999999996, 10.350050000000001, 1.915, 0.45565000000000005, -0.006784
25, 10.35, 1.9149999999999987, 0.44999999999999996, 10.34985, 1.9151000000000002, 0.45, -0.006967
25, 10.35, 1.9149999999999987, 0.44499999999999995, 10.34985, 1.9150500000000001, 0.44580000000000003, -0.006977
25, 10.35, 1.9149999999999987, 0.43999999999999995, 10.35, 1.9149500000000002, 0.44045000000000006, -0.007129
25, 10.35, 1.9149999999999987, 0.43499999999999994, 10.350050000000001, 1.9149, 0.4353, -0.00716
26, 10.35, 1.9099999999999988, 0.43499999999999994, 10.350050000000001, 1.9106500000000002, 0.43505, -0.007697
26, 10.35, 1.904999999999999, 0.43499999999999994, 10.35025, 1.90565, 0.43495000000000006, -0.008213
26, 10.35, 1.899999999999999, 0.43499999999999994, 10.350100000000001, 1.9, 0.43495000000000006, -0.008756
26, 10.35, 1.8949999999999991, 0.43499999999999994, 10.350050000000001, 1.8952, 0.43495000000000006, -0.009084
26, 10.35, 1.8899999999999992, 0.43499999999999994, 10.3497, 1.89025, 0.4349, -0.009241
26, 10.35, 1.8849999999999993, 0.43499999999999994, 10.34975, 1.88515, 0.435, -0.009084
26, 10.35, 1.8799999999999994, 0.43499999999999994, 10.349950000000002, 1.8807, 0.43505, -0.008693
26, 10.35, 1.8749999999999996, 0.43499999999999994, 10.350150000000001, 1.8751000000000002, 0.43510000000000004, -0.007989
26, 10.35, 1.8699999999999997, 0.43499999999999994, 10.3503, 1.8704, 0.43510000000000004, -0.007504
26, 10.35, 1.8649999999999998, 0.43499999999999994, 10.3503, 1.8649, 0.43515000000000004, -0.006675
26, 10.35, 1.8599999999999999, 0.43499999999999994, 10.350050000000001, 1.8601, 0.43510000000000004, -0.006174
26, 10.35, 1.855, 0.43499999999999994, 10.349900000000002, 1.85505, 0.43510000000000004, -0.005736
26, 10.35, 1.85, 0.43499999999999994, 10.349900000000002, 1.84905, 0.43505, -0.005507
26, 10.35, 1.8450000000000002, 0.43499999999999994, 10.349900000000002, 1.84505, 0.435, -0.005418
26, 10.35, 1.8400000000000003, 0.43499999999999994, 10.34985, 1.8403000000000003, 0.43495000000000006, -0.005429
26, 10.35, 1.8350000000000004, 0.43499999999999994, 10.349950000000002, 1.8345, 0.43495000000000006, -0.00535
26, 10.35, 1.8300000000000005, 0.43499999999999994, 10.350100000000001, 1.83, 0.43495000000000006, -0.005361
26, 10.35, 1.8250000000000006, 0.43499999999999994, 10.350200000000001, 1.8247, 0.43495000000000006, -0.00534
26, 10.35, 1.8200000000000007, 0.43499999999999994, 10.35025, 1.8198, 0.43495000000000006, -0.005335
26, 10.35, 1.8150000000000008, 0.43499999999999994, 10.350200000000001, 1.81425, 0.43495000000000006, -0.005314
26, 10.35, 1.810000000000001, 0.43499999999999994, 10.350050000000001, 1.8093000000000001, 0.435, -0.005215
26, 10.35, 1.805000000000001, 0.43499999999999994, 10.349950000000002, 1.8048000000000002, 0.435, -0.00534
26, 10.35, 1.8000000000000012, 0.43499999999999994, 10.34985, 1.8001500000000001, 0.43505, -0.005621
26, 10.35, 1.7950000000000013, 0.43499999999999994, 10.349900000000002, 1.79515, 0.43505, -0.006096
26, 10.35, 1.7900000000000014, 0.43499999999999994, 10.34985, 1.7895, 0.43505, -0.006774
26, 10.35, 1.7850000000000015, 0.43499999999999994, 10.35, 1.78495, 0.43505, -0.007363
26, 10.35, 1.7850000000000015, 0.43999999999999995, 10.349950000000002, 1.78475, 0.4394, -0.007348
26, 10.35, 1.7850000000000015, 0.44499999999999995, 10.350100000000001, 1.7848000000000002, 0.445, -0.007202
26, 10.35, 1.7850000000000015, 0.44999999999999996, 10.350200000000001, 1.785, 0.4496, -0.007191
26, 10.35, 1.7850000000000015, 0.45499999999999996, 10.350200000000001, 1.7852000000000001, 0.45465000000000005, -0.00705
26, 10.35, 1.7850000000000015, 0.45999999999999996, 10.350150000000001, 1.7853, 0.4596, -0.007082
26, 10.35, 1.7850000000000015, 0.46499999999999997, 10.350050000000001, 1.78525, 0.4646, -0.006962
26, 10.35, 1.7850000000000015, 0.47, 10.349900000000002, 1.78485, 0.4693, -0.00717
26, 10.35, 1.7850000000000015, 0.475, 10.349800000000002, 1.7847, 0.47455, -0.007269
26, 10.35, 1.7850000000000015, 0.48, 10.34975, 1.7848000000000002, 0.47935, -0.007228
26, 10.35, 1.7850000000000015, 0.485, 10.34985, 1.78495, 0.48425, -0.007207
26, 10.35, 1.7850000000000015, 0.49, 10.349950000000002, 1.78515, 0.48940000000000006, -0.007118
26, 10.35, 1.7850000000000015, 0.495, 10.350150000000001, 1.7853, 0.49425, -0.007202
26, 10.35, 1.7850000000000015, 0.5, 10.3503, 1.78525, 0.49905, -0.007295
26, 10.35, 1.7850000000000015, 0.505, 10.350200000000001, 1.78485, 0.5041, -0.00752
26, 10.35, 1.7850000000000015, 0.51, 10.350050000000001, 1.78475, 0.50935, -0.007619
26, 10.35, 1.7850000000000015, 0.515, 10.349900000000002, 1.7848000000000002, 0.5143000000000001, -0.00728
26, 10.35, 1.7850000000000015, 0.52, 10.349800000000002, 1.7852000000000001, 0.5199, -0.007275
26, 10.35, 1.7850000000000015, 0.525, 10.349800000000002, 1.7853, 0.5247, -0.007394
26, 10.35, 1.7850000000000015, 0.53, 10.34985, 1.78525, 0.52935, -0.007181
26, 10.35, 1.7850000000000015, 0.535, 10.350050000000001, 1.7849000000000002, 0.5347000000000001, -0.007363
26, 10.35, 1.7850000000000015, 0.54, 10.35025, 1.78475, 0.5396, -0.007337
26, 10.35, 1.7850000000000015, 0.545, 10.350200000000001, 1.78475, 0.5448500000000001, -0.007254
26, 10.35, 1.7850000000000015, 0.55, 10.350050000000001, 1.785, 0.5498500000000001, -0.007165
26, 10.35, 1.7850000000000015, 0.555, 10.35, 1.7852000000000001, 0.5554, -0.006915
26, 10.35, 1.7850000000000015, 0.56, 10.35, 1.7852000000000001, 0.5601499999999999, -0.00704
26, 10.35, 1.7850000000000015, 0.5650000000000001, 10.35, 1.7851000000000001, 0.56505, -0.007123
27, 10.35, 1.7900000000000014, 0.5650000000000001, 10.349950000000002, 1.78945, 0.5652, -0.006435
27, 10.35, 1.7950000000000013, 0.5650000000000001, 10.349950000000002, 1.7953000000000001, 0.56525, -0.0057
27, 10.35, 1.8000000000000012, 0.5650000000000001, 10.349900000000002, 1.8001, 0.5653, -0.005371
27, 10.35, 1.805000000000001, 0.5650000000000001, 10.349900000000002, 1.80495, 0.5653, -0.005345
27, 10.35, 1.810000000000001, 0.5650000000000001, 10.349900000000002, 1.81025, 0.56525, -0.005408
27, 10.35, 1.8150000000000008, 0.5650000000000001, 10.350050000000001, 1.81515, 0.5649, -0.005408
27, 10.35, 1.8200000000000007, 0.5650000000000001, 10.350100000000001, 1.82095, 0.5648500000000001, -0.005465
27, 10.35, 1.8250000000000006, 0.5650000000000001, 10.350150000000001, 1.8256000000000001, 0.5649, -0.005429
27, 10.35, 1.8300000000000005, 0.5650000000000001, 10.350150000000001, 1.8304500000000001, 0.5648500000000001, -0.005533
27, 10.35, 1.8350000000000004, 0.5650000000000001, 10.35, 1.836, 0.5649, -0.005548
27, 10.35, 1.8400000000000003, 0.5650000000000001, 10.35, 1.84095, 0.565, -0.005559
27, 10.35, 1.8450000000000002, 0.5650000000000001, 10.34985, 1.84525, 0.5651, -0.005648
27, 10.35, 1.85, 0.5650000000000001, 10.349800000000002, 1.8503000000000003, 0.5651, -0.0057
27, 10.35, 1.855, 0.5650000000000001, 10.34985, 1.8555, 0.5651, -0.005799
27, 10.35, 1.8599999999999999, 0.5650000000000001, 10.349950000000002, 1.8601500000000002, 0.5651499999999999, -0.006372
27, 10.35, 1.8649999999999998, 0.5650000000000001, 10.350100000000001, 1.8646, 0.5652, -0.00693
27, 10.35, 1.8699999999999997, 0.5650000000000001, 10.35025, 1.86945, 0.5651499999999999, -0.007806
27, 10.35, 1.8749999999999996, 0.5650000000000001, 10.350200000000001, 1.87515, 0.5651, -0.008651
27, 10.35, 1.8799999999999994, 0.5650000000000001, 10.350050000000001, 1.8797000000000001, 0.565, -0.009058
27, 10.35, 1.8849999999999993, 0.5650000000000001, 10.349950000000002, 1.8848000000000003, 0.565, -0.009204
27, 10.35, 1.8899999999999992, 0.5650000000000001, 10.35, 1.8890500000000001, 0.56505, -0.009235
27, 10.35, 1.8949999999999991, 0.5650000000000001, 10.349950000000002, 1.8949500000000001, 0.565, -0.009006
27, 10.35, 1.899999999999999, 0.5650000000000001, 10.35, 1.899, 0.565, -0.008776
27, 10.35, 1.904999999999999, 0.5650000000000001, 10.35, 1.904, 0.565, -0.00813
27, 10.35, 1.9099999999999988, 0.5650000000000001, 10.349900000000002, 1.90975, 0.565, -0.007436
27, 10.35, 1.9149999999999987, 0.5650000000000001, 10.349950000000002, 1.91415, 0.565, -0.006946
27, 10.35, 1.9199999999999986, 0.5650000000000001, 10.35, 1.9193000000000002, 0.565, -0.006492
27, 10.35, 1.9199999999999986, 0.56, 10.349950000000002, 1.91985, 0.56035, -0.006466
27, 10.35, 1.9199999999999986, 0.555, 10.350100000000001, 1.9199000000000002, 0.5554, -0.006451
27, 10.35, 1.9199999999999986, 0.55, 10.350200000000001, 1.9200500000000003, 0.5496, -0.006268
27, 10.35, 1.9199999999999986, 0.545, 10.350200000000001, 1.9201000000000001, 0.5451, -0.006279
27, 10.35, 1.9199999999999986, 0.54, 10.350200000000001, 1.9201000000000001, 0.5401, -0.006252
27, 10.35, 1.9199999999999986, 0.535, 10.35, 1.92015, 0.5346000000000001, -0.006122
27, 10.35, 1.9199999999999986, 0.53, 10.350050000000001, 1.92, 0.53005, -0.006127
27, 10.35, 1.9199999999999986, 0.525, 10.34985, 1.91995, 0.5248999999999999, -0.006112
27, 10.35, 1.9199999999999986, 0.52, 10.34985, 1.9199000000000002, 0.52035, -0.006013
27, 10.35, 1.9199999999999986, 0.515, 10.34985, 1.9199000000000002, 0.5154, -0.005987
27, 10.35, 1.9199999999999986, 0.51, 10.350050000000001, 1.9199000000000002, 0.5101, -0.005908
27, 10.35, 1.9199999999999986, 0.505, 10.35025, 1.9199000000000002, 0.50525, -0.005783
27, 10.35, 1.9199999999999986, 0.5, 10.350200000000001, 1.9199000000000002, 0.5, -0.005825
27, 10.35, 1.9199999999999986, 0.495, 10.350100000000001, 1.92, 0.49560000000000004, -0.005919
27, 10.35, 1.9199999999999986, 0.49, 10.35, 1.9200500000000003, 0.49025, -0.005882
27, 10.35, 1.9199999999999986, 0.485, 10.350050000000001, 1.9201000000000001, 0.48585, -0.005976
27, 10.35, 1.9199999999999986, 0.48, 10.349950000000002, 1.9200500000000003, 0.48045000000000004, -0.006039
27, 10.35, 1.9199999999999986, 0.475, 10.349900000000002, 1.9200500000000003, 0.47555000000000003, -0.006049
27, 10.35, 1.9199999999999986, 0.47, 10.349900000000002, 1.9200500000000003, 0.47055, -0.006096
27, 10.35, 1.9199999999999986, 0.46499999999999997, 10.349900000000002, 1.9200500000000003, 0.46545000000000003, -0.006143
27, 10.35, 1.9199999999999986, 0.45999999999999996, 10.349900000000002, 1.91995, 0.46085000000000004, -0.006216
27, 10.35, 1.9199999999999986, 0.45499999999999996, 10.349950000000002, 1.9199000000000002, 0.45595, -0.006237
27, 10.35, 1.9199999999999986, 0.44999999999999996, 10.35, 1.9199000000000002, 0.45075, -0.006388
27, 10.35, 1.9199999999999986, 0.44499999999999995, 10.350050000000001, 1.91995, 0.4456, -0.006539
27, 10.35, 1.9199999999999986, 0.43999999999999995, 10.350150000000001, 1.9199000000000002, 0.44075, -0.006539
27, 10.35, 1.9199999999999986, 0.43499999999999994, 10.350150000000001, 1.92, 0.43585, -0.006654
27, 10.35, 1.9199999999999986, 0.42999999999999994, 10.350150000000001, 1.9200500000000003, 0.43035, -0.006717
28, 10.35, 1.9149999999999987, 0.42999999999999994, 10.349950000000002, 1.9158000000000002, 0.43025, -0.007029
28, 10.35, 1.9099999999999988, 0.42999999999999994, 10.349800000000002, 1.9103500000000002, 0.42940000000000006, -0.007687
28, 10.35, 1.904999999999999, 0.42999999999999994, 10.34985, 1.90595, 0.42940000000000006, -0.008098
28, 10.35, 1.899999999999999, 0.42999999999999994, 10.349900000000002, 1.9009, 0.43015000000000003, -0.008698
28, 10.35, 1.8949999999999991, 0.42999999999999994, 10.350150000000001, 1.89535, 0.43025, -0.009147
28, 10.35, 1.8899999999999992, 0.42999999999999994, 10.35025, 1.89025, 0.43, -0.009209
28, 10.35, 1.8849999999999993, 0.42999999999999994, 10.350150000000001, 1.88595, 0.42985, -0.009136
28, 10.35, 1.8799999999999994, 0.42999999999999994, 10.349950000000002, 1.8803500000000002, 0.42965000000000003, -0.008594
28, 10.35, 1.8749999999999996, 0.42999999999999994, 10.349900000000002, 1.875, 0.4297, -0.008005
28, 10.35, 1.8699999999999997, 0.42999999999999994, 10.349900000000002, 1.8703500000000002, 0.43, -0.007614
28, 10.35, 1.8649999999999998, 0.42999999999999994, 10.349900000000002, 1.8659000000000001, 0.43015000000000003, -0.007019
28, 10.35, 1.8599999999999999, 0.42999999999999994, 10.34985, 1.85965, 0.43015000000000003, -0.006164
28, 10.35, 1.855, 0.42999999999999994, 10.349900000000002, 1.85475, 0.43015000000000003, -0.005726
28, 10.35, 1.85, 0.42999999999999994, 10.350150000000001, 1.84945, 0.43, -0.005538
28, 10.35, 1.8450000000000002, 0.42999999999999994, 10.350100000000001, 1.84525, 0.42985, -0.005533
28, 10.35, 1.8400000000000003, 0.42999999999999994, 10.350150000000001, 1.84, 0.42985, -0.005455
28, 10.35, 1.8350000000000004, 0.42999999999999994, 10.350150000000001, 1.8347, 0.42985, -0.00546
28, 10.35, 1.8300000000000005, 0.42999999999999994, 10.34985, 1.8295500000000002, 0.43005, -0.005418
28, 10.35, 1.8250000000000006, 0.42999999999999994, 10.34975, 1.8249000000000002, 0.43015000000000003, -0.005335
28, 10.35, 1.8200000000000007, 0.42999999999999994, 10.34975, 1.81965, 0.43015000000000003, -0.005366
28, 10.35, 1.8150000000000008, 0.42999999999999994, 10.35, 1.8143000000000002, 0.43015000000000003, -0.005345
28, 10.35, 1.810000000000001, 0.42999999999999994, 10.350050000000001, 1.8095500000000002, 0.43010000000000004, -0.005298
28, 10.35, 1.805000000000001, 0.42999999999999994, 10.350200000000001, 1.80485, 0.43, -0.00535
28, 10.35, 1.8000000000000012, 0.42999999999999994, 10.350150000000001, 1.8000500000000001, 0.42990000000000006, -0.005783
28, 10.35, 1.7950000000000013, 0.42999999999999994, 10.350200000000001, 1.7951000000000001, 0.42990000000000006, -0.006049
28, 10.35, 1.7900000000000014, 0.42999999999999994, 10.350100000000001, 1.7896, 0.42990000000000006, -0.006706
28, 10.35, 1.7850000000000015, 0.42999999999999994, 10.349950000000002, 1.78485, 0.42990000000000006, -0.007342
28, 10.35, 1.7800000000000016, 0.42999999999999994, 10.34985, 1.7799, 0.42990000000000006, -0.007989
28, 10.35, 1.7800000000000016, 0.43499999999999994, 10.34985, 1.77975, 0.4348, -0.00801
28, 10.35, 1.7800000000000016, 0.43999999999999995, 10.34985, 1.77975, 0.43965000000000004, -0.008114
28, 10.35, 1.7800000000000016, 0.44499999999999995, 10.35, 1.7799500000000001, 0.445, -0.008005
28, 10.35, 1.7800000000000016, 0.44999999999999996, 10.349950000000002, 1.7801000000000002, 0.4496, -0.008052
28, 10.35, 1.7800000000000016, 0.45499999999999996, 10.350100000000001, 1.7802, 0.45455, -0.007989
28, 10.35, 1.7800000000000016, 0.45999999999999996, 10.350200000000001, 1.7802, 0.4596, -0.008078
28, 10.35, 1.7800000000000016, 0.46499999999999997, 10.350200000000001, 1.7802, 0.4646, -0.007999
28, 10.35, 1.7800000000000016, 0.47, 10.350150000000001, 1.78, 0.46925, -0.008098
28, 10.35, 1.7800000000000016, 0.475, 10.350050000000001, 1.7799, 0.47455, -0.008318
28, 10.35, 1.7800000000000016, 0.48, 10.349900000000002, 1.7799, 0.47935, -0.008234
28, 10.35, 1.7800000000000016, 0.485, 10.349800000000002, 1.7799, 0.4842, -0.008349
28, 10.35, 1.7800000000000016, 0.49, 10.34975, 1.7799500000000001, 0.48935, -0.008364
28, 10.35, 1.7800000000000016, 0.495, 10.34985, 1.7799, 0.4943, -0.008443
28, 10.35, 1.7800000000000016, 0.5, 10.35, 1.7801000000000002, 0.4998, -0.008437
28, 10.35, 1.7800000000000016, 0.505, 10.350150000000001, 1.7801500000000001, 0.5044500000000001, -0.008427
28, 10.35, 1.7800000000000016, 0.51, 10.350150000000001, 1.7801500000000001, 0.5092000000000001, -0.008359
28, 10.35, 1.7800000000000016, 0.515, 10.350150000000001, 1.78, 0.5142, -0.008396
28, 10.35, 1.7800000000000016, 0.52, 10.350050000000001, 1.7799500000000001, 0.51915, -0.008297
28, 10.35, 1.7800000000000016, 0.525, 10.35, 1.7798500000000002, 0.52425, -0.008286
28, 10.35, 1.7800000000000016, 0.53, 10.35, 1.7798500000000002, 0.5292, -0.008333
28, 10.35, 1.7800000000000016, 0.535, 10.35, 1.7798500000000002, 0.5346000000000001, -0.008291
28, 10.35, 1.7800000000000016, 0.54, 10.35, 1.78, 0.5401, -0.008067
28, 10.35, 1.7800000000000016, 0.545, 10.349950000000002, 1.7801000000000002, 0.54475, -0.00813
28, 10.35, 1.7800000000000016, 0.55, 10.34985, 1.78025, 0.5498999999999999, -0.008015
28, 10.35, 1.7800000000000016, 0.555, 10.34985, 1.78025, 0.55535, -0.007994
28, 10.35, 1.7800000000000016, 0.56, 10.349800000000002, 1.7800500000000001, 0.5601, -0.007885
28, 10.35, 1.7800000000000016, 0.5650000000000001, 10.349950000000002, 1.7799500000000001, 0.5652, -0.007843
28, 10.35, 1.7800000000000016, 0.5700000000000001, 10.350100000000001, 1.7798500000000002, 0.5701, -0.007906
29, 10.35, 1.7850000000000015, 0.5700000000000001, 10.350200000000001, 1.78465, 0.57035, -0.00717
29, 10.35, 1.7900000000000014, 0.5700000000000001, 10.350200000000001, 1.7904, 0.57045, -0.006289
29, 10.35, 1.7950000000000013, 0.5700000000000001, 10.350150000000001, 1.7950500000000003, 0.5704, -0.005762
29, 10.35, 1.8000000000000012, 0.5700000000000001, 10.349950000000002, 1.8001, 0.57035, -0.005449
29, 10.35, 1.805000000000001, 0.5700000000000001, 10.349900000000002, 1.805, 0.5700500000000001, -0.005356
29, 10.35, 1.810000000000001, 0.5700000000000001, 10.34985, 1.81025, 0.57, -0.005376
29, 10.35, 1.8150000000000008, 0.5700000000000001, 10.349900000000002, 1.81475, 0.5699500000000001, -0.005397
29, 10.35, 1.8200000000000007, 0.5700000000000001, 10.34985, 1.821, 0.5699500000000001, -0.005465
29, 10.35, 1.8250000000000006, 0.5700000000000001, 10.349900000000002, 1.8257, 0.5699500000000001, -0.005512
29, 10.35, 1.8300000000000005, 0.5700000000000001, 10.350050000000001, 1.8304, 0.5700500000000001, -0.005543
29, 10.35, 1.8350000000000004, 0.5700000000000001, 10.350100000000001, 1.836, 0.57, -0.005522
29, 10.35, 1.8400000000000003, 0.5700000000000001, 10.350150000000001, 1.84085, 0.57, -0.005606
29, 10.35, 1.8450000000000002, 0.5700000000000001, 10.350200000000001, 1.8446500000000001, 0.5700500000000001, -0.005658
29, 10.35, 1.85, 0.5700000000000001, 10.350050000000001, 1.8507, 0.5700500000000001, -0.005721
29, 10.35, 1.855, 0.5700000000000001, 10.34985, 1.8555, 0.5701, -0.005882
29, 10.35, 1.8599999999999999, 0.5700000000000001, 10.349900000000002, 1.8601500000000002, 0.5701, -0.00632
29, 10.35, 1.8649999999999998, 0.5700000000000001, 10.349800000000002, 1.8646500000000001, 0.5701, -0.006904
29, 10.35, 1.8699999999999997, 0.5700000000000001, 10.349800000000002, 1.8694000000000002, 0.5700500000000001, -0.00765
29, 10.35, 1.8749999999999996, 0.5700000000000001, 10.34985, 1.8751000000000002, 0.5700500000000001, -0.008479
29, 10.35, 1.8799999999999994, 0.5700000000000001, 10.350050000000001, 1.8797000000000001, 0.5700500000000001, -0.008933
29, 10.35, 1.8849999999999993, 0.5700000000000001, 10.350200000000001, 1.8848000000000003, 0.5700500000000001, -0.009136
29, 10.35, 1.8899999999999992, 0.5700000000000001, 10.350200000000001, 1.88995, 0.5700500000000001, -0.009261
29, 10.35, 1.8949999999999991, 0.5700000000000001, 10.35, 1.894, 0.5700500000000001, -0.009105
29, 10.35, 1.899999999999999, 0.5700000000000001, 10.350050000000001, 1.9000500000000002, 0.5700500000000001, -0.008656
29, 10.35, 1.904999999999999, 0.5700000000000001, 10.34985, 1.9040500000000002, 0.5700500000000001, -0.008318
29, 10.35, 1.9099999999999988, 0.5700000000000001, 10.3497, 1.90925, 0.57, -0.007603
29, 10.35, 1.9149999999999987, 0.5700000000000001, 10.34975, 1.9143000000000001, 0.5699500000000001, -0.007045
29, 10.35, 1.9199999999999986, 0.5700000000000001, 10.35, 1.9191500000000001, 0.5698000000000001, -0.006602
29, 10.35, 1.9249999999999985, 0.5700000000000001, 10.35, 1.92425, 0.5698000000000001, -0.006409
29, 10.35, 1.9249999999999985, 0.5650000000000001, 10.35, 1.92525, 0.566, -0.006341
29, 10.35, 1.9249999999999985, 0.56, 10.350050000000001, 1.9253500000000001, 0.5601499999999999, -0.006362
29, 10.35, 1.9249999999999985, 0.555, 10.350150000000001, 1.9251, 0.5547000000000001, -0.00632
29, 10.35, 1.9249999999999985, 0.55, 10.350200000000001, 1.92495, 0.5498000000000001, -0.006336
29, 10.35, 1.9249999999999985, 0.545, 10.350150000000001, 1.9248000000000003, 0.5451, -0.006299
29, 10.35, 1.9249999999999985, 0.54, 10.35, 1.92475, 0.5401, -0.006289
29, 10.35, 1.9249999999999985, 0.535, 10.349950000000002, 1.9250500000000001, 0.5343000000000001, -0.006242
29, 10.35, 1.9249999999999985, 0.53, 10.34985, 1.9251, 0.5298999999999999, -0.006206
29, 10.35, 1.9249999999999985, 0.525, 10.34985, 1.9251, 0.52505, -0.006033
29, 10.35, 1.9249999999999985, 0.52, 10.349900000000002, 1.9251, 0.52035, -0.005908
29, 10.35, 1.9249999999999985, 0.515, 10.35, 1.9250500000000001, 0.51515, -0.006044
29, 10.35, 1.9249999999999985, 0.51, 10.350050000000001, 1.92495, 0.51025, -0.005955
29, 10.35, 1.9249999999999985, 0.505, 10.350100000000001, 1.9249, 0.5054500000000001, -0.005887
29, 10.35, 1.9249999999999985, 0.5, 10.350100000000001, 1.9249, 0.49995000000000006, -0.005919
29, 10.35, 1.9249999999999985, 0.495, 10.350150000000001, 1.92495, 0.49555, -0.00595
29, 10.35, 1.9249999999999985, 0.49, 10.35, 1.9249, 0.49025, -0.005872
29, 10.35, 1.9249999999999985, 0.485, 10.35, 1.925, 0.4858, -0.005955
29, 10.35, 1.9249999999999985, 0.48, 10.349900000000002, 1.9251, 0.48040000000000005, -0.006054
29, 10.35, 1.9249999999999985, 0.475, 10.34985, 1.9251, 0.4755, -0.006127
29, 10.35, 1.9249999999999985, 0.47, 10.34985, 1.9250500000000001, 0.47045000000000003, -0.006153
29, 10.35, 1.9249999999999985, 0.46499999999999997, 10.35, 1.9250500000000001, 0.46540000000000004, -0.006122
29, 10.35, 1.9249999999999985, 0.45999999999999996, 10.35, 1.925, 0.46085000000000004, -0.006091
29, 10.35, 1.9249999999999985, 0.45499999999999996, 10.349950000000002, 1.9248500000000002, 0.456, -0.006133
29, 10.35, 1.9249999999999985, 0.44999999999999996, 10.350100000000001, 1.9249, 0.45080000000000003, -0.006159
29, 10.35, 1.9249999999999985, 0.44499999999999995, 10.350200000000001, 1.9249, 0.44555, -0.006226
29, 10.35, 1.9249999999999985, 0.43999999999999995, 10.350200000000001, 1.925, 0.4405, -0.006247
29, 10.35, 1.9249999999999985, 0.43499999999999994, 10.349900000000002, 1.9251, 0.4348, -0.006336
29, 10.35, 1.9249999999999985, 0.42999999999999994, 10.34975, 1.9250500000000001, 0.43055, -0.006456
29, 10.35, 1.9249999999999985, 0.42499999999999993, 10.349800000000002, 1.925, 0.4252, -0.006618
30, 10.35, 1.9199999999999986, 0.42499999999999993, 10.34985, 1.9208000000000003, 0.42505000000000004, -0.00691
30, 10.35, 1.9149999999999987, 0.42499999999999993, 10.350100000000001, 1.91535, 0.425, -0.007374
30, 10.35, 1.9099999999999988, 0.42499999999999993, 10.350150000000001, 1.9105500000000002, 0.42490000000000006, -0.007744
30, 10.35, 1.904999999999999, 0.42499999999999993, 10.35025, 1.9059000000000001, 0.42490000000000006, -0.008203
30, 10.35, 1.899999999999999, 0.42499999999999993, 10.35025, 1.9009, 0.42490000000000006, -0.008646
30, 10.35, 1.8949999999999991, 0.42499999999999993, 10.349800000000002, 1.8953000000000002, 0.42490000000000006, -0.008954
30, 10.35, 1.8899999999999992, 0.42499999999999993, 10.349900000000002, 1.89025, 0.425, -0.009157
30, 10.35, 1.8849999999999993, 0.42499999999999993, 10.35, 1.8859000000000001, 0.42505000000000004, -0.009074
30, 10.35, 1.8799999999999994, 0.42499999999999993, 10.350050000000001, 1.88025, 0.42510000000000003, -0.0085
30, 10.35, 1.8749999999999996, 0.42499999999999993, 10.350200000000001, 1.8748500000000001, 0.42510000000000003, -0.007994
30, 10.35, 1.8699999999999997, 0.42499999999999993, 10.35025, 1.8702, 0.42510000000000003, -0.007556
30, 10.35, 1.8649999999999998, 0.42499999999999993, 10.350150000000001, 1.8656000000000001, 0.42510000000000003, -0.007102
30, 10.35, 1.8599999999999999, 0.42499999999999993, 10.35, 1.8595, 0.42510000000000003, -0.006242
30, 10.35, 1.855, 0.42499999999999993, 10.349950000000002, 1.8546500000000001, 0.42510000000000003, -0.005841
30, 10.35, 1.85, 0.42499999999999993, 10.349800000000002, 1.8495, 0.42505000000000004, -0.00558
30, 10.35, 1.8450000000000002, 0.42499999999999993, 10.34975, 1.8447, 0.425, -0.005559
30, 10.35, 1.8400000000000003, 0.42499999999999993, 10.349900000000002, 1.83995, 0.42495000000000005, -0.005528
30, 10.35, 1.8350000000000004, 0.42499999999999993, 10.350050000000001, 1.8346500000000001, 0.42495000000000005, -0.005486
30, 10.35, 1.8300000000000005, 0.42499999999999993, 10.350150000000001, 1.8291000000000002, 0.42495000000000005, -0.005418
30, 10.35, 1.8250000000000006, 0.42499999999999993, 10.350150000000001, 1.8244, 0.42495000000000005, -0.005455
30, 10.35, 1.8200000000000007, 0.42499999999999993, 10.350150000000001, 1.8195, 0.42495000000000005, -0.005387
30, 10.35, 1.8150000000000008, 0.42499999999999993, 10.350050000000001, 1.8143500000000001, 0.42495000000000005, -0.005382
30, 10.35, 1.810000000000001, 0.42499999999999993, 10.349900000000002, 1.8096, 0.425, -0.005371
30, 10.35, 1.805000000000001, 0.42499999999999993, 10.349800000000002, 1.8049000000000002, 0.42505000000000004, -0.005517
30, 10.35, 1.8000000000000012, 0.42499999999999993, 10.349800000000002, 1.8000500000000001, 0.42505000000000004, -0.005872
30, 10.35, 1.7950000000000013, 0.42499999999999993, 10.349800000000002, 1.7951000000000001, 0.42505000000000004, -0.006242
30, 10.35, 1.7900000000000014, 0.42499999999999993, 10.35, 1.78975, 0.42505000000000004, -0.006837
30, 10.35, 1.7850000000000015, 0.42499999999999993, 10.349950000000002, 1.7847, 0.42505000000000004, -0.007405
30, 10.35, 1.7800000000000016, 0.42499999999999993, 10.350100000000001, 1.7799, 0.42505000000000004, -0.00801
30, 10.35, 1.7750000000000017, 0.42499999999999993, 10.35025, 1.775, 0.425, -0.008516
30, 10.35, 1.7750000000000017, 0.42999999999999994, 10.35025, 1.7749000000000001, 0.4292, -0.008443
30, 10.35, 1.7750000000000017, 0.43499999999999994, 10.350150000000001, 1.77495, 0.4349, -0.008563
30, 10.35, 1.7750000000000017, 0.43999999999999995, 10.35, 1.77495, 0.43965000000000004, -0.008557
30, 10.35, 1.7750000000000017, 0.44499999999999995, 10.35, 1.77495, 0.44495000000000007, -0.00863
30, 10.35, 1.7750000000000017, 0.44999999999999996, 10.35, 1.7749000000000001, 0.44965000000000005, -0.008729
30, 10.35, 1.7750000000000017, 0.45499999999999996, 10.35, 1.77495, 0.45445, -0.008787
30, 10.35, 1.7750000000000017, 0.45999999999999996, 10.349950000000002, 1.775, 0.4596, -0.008855
30, 10.35, 1.7750000000000017, 0.46499999999999997, 10.349800000000002, 1.7751000000000001, 0.46440000000000003, -0.008922
30, 10.35, 1.7750000000000017, 0.47, 10.34975, 1.7751000000000001, 0.46935000000000004, -0.00886
30, 10.35, 1.7750000000000017, 0.475, 10.34985, 1.7751000000000001, 0.4745, -0.008865
30, 10.35, 1.7750000000000017, 0.48, 10.35, 1.7750500000000002, 0.47945000000000004, -0.008829
30, 10.35, 1.7750000000000017, 0.485, 10.35, 1.7750500000000002, 0.48415, -0.008735
30, 10.35, 1.7750000000000017, 0.49, 10.350200000000001, 1.7750500000000002, 0.4893, -0.008719
30, 10.35, 1.7750000000000017, 0.495, 10.350200000000001, 1.775, 0.49425, -0.008693
30, 10.35, 1.7750000000000017, 0.5, 10.350150000000001, 1.77495, 0.49905, -0.008641
30, 10.35, 1.7750000000000017, 0.505, 10.349900000000002, 1.775, 0.50485, -0.008578
30, 10.35, 1.7750000000000017, 0.51, 10.34975, 1.77495, 0.5092000000000001, -0.008573
30, 10.35, 1.7750000000000017, 0.515, 10.34975, 1.77495, 0.5141, -0.008683
30, 10.35, 1.7750000000000017, 0.52, 10.349950000000002, 1.77495, 0.5190500000000001, -0.008646
30, 10.35, 1.7750000000000017, 0.525, 10.35, 1.7750500000000002, 0.5244, -0.008698
30, 10.35, 1.7750000000000017, 0.53, 10.350050000000001, 1.7751000000000001, 0.5295, -0.008724
30, 10.35, 1.7750000000000017, 0.535, 10.350100000000001, 1.77515, 0.5345, -0.008693
30, 10.35, 1.7750000000000017, 0.54, 10.350050000000001, 1.7751000000000001, 0.5401, -0.008776
30, 10.35, 1.7750000000000017, 0.545, 10.350100000000001, 1.7751000000000001, 0.5446, -0.00875
30, 10.35, 1.7750000000000017, 0.55, 10.350150000000001, 1.7750500000000002, 0.5502, -0.008698
30, 10.35, 1.7750000000000017, 0.555, 10.35, 1.775, 0.55515, -0.008693
30, 10.35, 1.7750000000000017, 0.56, 10.349900000000002, 1.7749000000000001, 0.5601499999999999, -0.008709
30, 10.35, 1.7750000000000017, 0.5650000000000001, 10.349900000000002, 1.77495, 0.56525, -0.008651
30, 10.35, 1.7750000000000017, 0.5700000000000001, 10.349900000000002, 1.77495, 0.5703, -0.008552
30, 10.35, 1.7750000000000017, 0.5750000000000001, 10.34985, 1.77495, 0.5755, -0.008479
