Voltage = 4.4, Current = 20.5, Pinhole = 15um, Objective = 20x, NA = 0.42, blue LED 
0, 10.5, 1.8, 0.5, 10.500350000000001, 1.8001500000000001, 0.5001, -0.009293
1, 10.53, 1.8, 0.5, 10.53025, 1.79975, 0.5, -0.009282
1, 10.53, 1.77, 0.5, 10.529650000000002, 1.7699500000000001, 0.49995000000000006, -0.009287
2, 10.5, 1.77, 0.5, 10.501900000000001, 1.7697, 0.49995000000000006, -0.009298
2, 10.47, 1.77, 0.5, 10.47035, 1.76975, 0.49995000000000006, -0.009308
2, 10.47, 1.8, 0.5, 10.4711, 1.7998500000000002, 0.5, -0.009235
2, 10.47, 1.83, 0.5, 10.46855, 1.8300500000000002, 0.49995000000000006, -0.009303
3, 10.5, 1.83, 0.5, 10.50055, 1.8299, 0.49995000000000006, -0.009272
3, 10.53, 1.83, 0.5, 10.529800000000002, 1.83, 0.5001, -0.009241
3, 10.559999999999999, 1.83, 0.5, 10.5601, 1.83, 0.5001, -0.009261
3, 10.559999999999999, 1.8, 0.5, 10.558950000000001, 1.7995500000000002, 0.50005, -0.009282
3, 10.559999999999999, 1.77, 0.5, 10.5625, 1.7699500000000001, 0.4999, -0.009277
3, 10.559999999999999, 1.74, 0.5, 10.55975, 1.73975, 0.4999, -0.009267
4, 10.53, 1.74, 0.5, 10.53105, 1.7395500000000002, 0.4999, -0.009287
4, 10.5, 1.74, 0.5, 10.501050000000001, 1.74025, 0.4999, -0.009246
4, 10.47, 1.74, 0.5, 10.470650000000001, 1.74005, 0.49995000000000006, -0.009303
4, 10.440000000000001, 1.74, 0.5, 10.439150000000001, 1.7399, 0.49995000000000006, -0.00923
4, 10.440000000000001, 1.77, 0.5, 10.440900000000001, 1.7698500000000001, 0.50005, -0.009251
4, 10.440000000000001, 1.8, 0.5, 10.438, 1.80045, 0.5001, -0.009225
4, 10.440000000000001, 1.83, 0.5, 10.43835, 1.8299, 0.5, -0.009272
4, 10.440000000000001, 1.86, 0.5, 10.4402, 1.8599, 0.49995000000000006, -0.009267
5, 10.47, 1.86, 0.5, 10.47005, 1.8598500000000002, 0.49995000000000006, -0.009251
5, 10.5, 1.86, 0.5, 10.500300000000001, 1.85995, 0.4999, -0.009251
5, 10.53, 1.86, 0.5, 10.531150000000002, 1.85995, 0.4999, -0.009282
5, 10.559999999999999, 1.86, 0.5, 10.560300000000002, 1.8600500000000002, 0.49995000000000006, -0.009298
5, 10.589999999999998, 1.86, 0.5, 10.589300000000001, 1.8600500000000002, 0.5, -0.009287
5, 10.589999999999998, 1.83, 0.5, 10.58995, 1.8303500000000001, 0.5, -0.009298
5, 10.589999999999998, 1.8, 0.5, 10.590650000000002, 1.80045, 0.5, -0.009251
5, 10.589999999999998, 1.77, 0.5, 10.59345, 1.7691000000000001, 0.5, -0.00923
5, 10.589999999999998, 1.74, 0.5, 10.58905, 1.74025, 0.5, -0.00923
5, 10.589999999999998, 1.71, 0.5, 10.58965, 1.71015, 0.5, -0.009298
6, 10.559999999999999, 1.71, 0.5, 10.55925, 1.7099000000000002, 0.50015, -0.009225
6, 10.53, 1.71, 0.5, 10.53025, 1.7099000000000002, 0.5001, -0.009287
6, 10.5, 1.71, 0.5, 10.49935, 1.7100500000000003, 0.49995000000000006, -0.009267
6, 10.47, 1.71, 0.5, 10.469400000000002, 1.71, 0.49995000000000006, -0.009277
6, 10.440000000000001, 1.71, 0.5, 10.43945, 1.7100500000000003, 0.4999, -0.009256
6, 10.410000000000002, 1.71, 0.5, 10.409400000000002, 1.70985, 0.49995000000000006, -0.009287
6, 10.410000000000002, 1.74, 0.5, 10.407800000000002, 1.7405500000000003, 0.4999, -0.009256
6, 10.410000000000002, 1.77, 0.5, 10.408050000000001, 1.7703000000000002, 0.5, -0.008724
6, 10.410000000000002, 1.8, 0.5, 10.4074, 1.80045, 0.5, -0.008928
6, 10.410000000000002, 1.83, 0.5, 10.41205, 1.82975, 0.5, -0.008907
6, 10.410000000000002, 1.86, 0.5, 10.40785, 1.85995, 0.5, -0.008917
6, 10.410000000000002, 1.8900000000000001, 0.5, 10.40825, 1.8900500000000002, 0.5, -0.008975
7, 10.440000000000001, 1.8900000000000001, 0.5, 10.4388, 1.8898000000000001, 0.50005, -0.009246
7, 10.47, 1.8900000000000001, 0.5, 10.47035, 1.88975, 0.5001, -0.009287
7, 10.5, 1.8900000000000001, 0.5, 10.500200000000001, 1.88985, 0.5001, -0.009235
7, 10.53, 1.8900000000000001, 0.5, 10.530050000000001, 1.8901000000000001, 0.5001, -0.009282
7, 10.559999999999999, 1.8900000000000001, 0.5, 10.5606, 1.8901000000000001, 0.49995000000000006, -0.00923
7, 10.589999999999998, 1.8900000000000001, 0.5, 10.591050000000001, 1.8900500000000002, 0.49985, -0.00923
7, 10.619999999999997, 1.8900000000000001, 0.5, 10.619800000000001, 1.89, 0.49985, -0.009267
7, 10.619999999999997, 1.86, 0.5, 10.61925, 1.8596000000000001, 0.5001, -0.009293
7, 10.619999999999997, 1.83, 0.5, 10.622050000000002, 1.82995, 0.5001, -0.009293
7, 10.619999999999997, 1.8, 0.5, 10.61985, 1.8003500000000001, 0.4999, -0.009293
7, 10.619999999999997, 1.77, 0.5, 10.61985, 1.7704000000000002, 0.5, -0.009272
7, 10.619999999999997, 1.74, 0.5, 10.6203, 1.7391, 0.49995000000000006, -0.009287
7, 10.619999999999997, 1.71, 0.5, 10.617650000000001, 1.71075, 0.50015, -0.009287
7, 10.619999999999997, 1.68, 0.5, 10.6196, 1.67975, 0.50015, -0.009293
8, 10.589999999999998, 1.68, 0.5, 10.588550000000001, 1.68, 0.5001, -0.009246
8, 10.559999999999999, 1.68, 0.5, 10.559550000000002, 1.67985, 0.50005, -0.009235
8, 10.53, 1.68, 0.5, 10.5306, 1.6797, 0.49995000000000006, -0.009267
8, 10.5, 1.68, 0.5, 10.4997, 1.6798000000000002, 0.49995000000000006, -0.009246
8, 10.47, 1.68, 0.5, 10.469550000000002, 1.68, 0.5, -0.009293
8, 10.440000000000001, 1.68, 0.5, 10.440150000000001, 1.68, 0.5, -0.009282
8, 10.410000000000002, 1.68, 0.5, 10.409900000000002, 1.6802000000000001, 0.50005, -0.009235
8, 10.380000000000003, 1.68, 0.5, 10.380150000000002, 1.6802000000000001, 0.5, -0.009235
8, 10.380000000000003, 1.71, 0.5, 10.3786, 1.7105, 0.50005, -0.009277
8, 10.380000000000003, 1.74, 0.5, 10.3802, 1.74025, 0.5, -0.009272
8, 10.380000000000003, 1.77, 0.5, 10.37845, 1.7698500000000001, 0.5, -0.008177
8, 10.380000000000003, 1.8, 0.5, 10.3771, 1.8012000000000001, 0.5, -0.004844
8, 10.380000000000003, 1.83, 0.5, 10.381, 1.83025, 0.5, -0.00473
8, 10.380000000000003, 1.86, 0.5, 10.378150000000002, 1.86045, 0.5, -0.007415
8, 10.380000000000003, 1.8900000000000001, 0.5, 10.377550000000001, 1.89045, 0.5, -0.009282
8, 10.380000000000003, 1.9200000000000002, 0.5, 10.378200000000001, 1.9203500000000002, 0.49995000000000006, -0.009209
9, 10.410000000000002, 1.9200000000000002, 0.5, 10.410350000000001, 1.91985, 0.4999, -0.008938
9, 10.440000000000001, 1.9200000000000002, 0.5, 10.440900000000001, 1.9199000000000002, 0.49995000000000006, -0.009277
9, 10.47, 1.9200000000000002, 0.5, 10.4699, 1.9200500000000003, 0.5, -0.009282
9, 10.5, 1.9200000000000002, 0.5, 10.49985, 1.9201000000000001, 0.49995000000000006, -0.009251
9, 10.53, 1.9200000000000002, 0.5, 10.53035, 1.9200500000000003, 0.5001, -0.009303
9, 10.559999999999999, 1.9200000000000002, 0.5, 10.559, 1.9200500000000003, 0.5001, -0.009293
9, 10.589999999999998, 1.9200000000000002, 0.5, 10.590050000000002, 1.91995, 0.5001, -0.009282
9, 10.619999999999997, 1.9200000000000002, 0.5, 10.6194, 1.9198000000000002, 0.50015, -0.00923
9, 10.649999999999997, 1.9200000000000002, 0.5, 10.6506, 1.9199000000000002, 0.50015, -0.009214
9, 10.649999999999997, 1.8900000000000001, 0.5, 10.6499, 1.8909, 0.5, -0.009251
9, 10.649999999999997, 1.86, 0.5, 10.64925, 1.8616000000000001, 0.5, -0.009303
9, 10.649999999999997, 1.83, 0.5, 10.650150000000002, 1.8300500000000002, 0.5, -0.009256
9, 10.649999999999997, 1.8, 0.5, 10.649700000000001, 1.8, 0.4999, -0.009246
9, 10.649999999999997, 1.77, 0.5, 10.6495, 1.7699, 0.49995000000000006, -0.009277
9, 10.649999999999997, 1.74, 0.5, 10.6531, 1.7395, 0.4999, -0.009277
9, 10.649999999999997, 1.71, 0.5, 10.651150000000001, 1.7105, 0.5, -0.009261
9, 10.649999999999997, 1.68, 0.5, 10.652800000000001, 1.6793000000000002, 0.5, -0.009287
9, 10.649999999999997, 1.65, 0.5, 10.647050000000002, 1.6496000000000002, 0.5001, -0.009256
10, 10.619999999999997, 1.65, 0.5, 10.620700000000001, 1.65045, 0.5001, -0.009241
10, 10.589999999999998, 1.65, 0.5, 10.5891, 1.6505, 0.5001, -0.009293
10, 10.559999999999999, 1.65, 0.5, 10.55925, 1.6503, 0.50005, -0.009298
10, 10.53, 1.65, 0.5, 10.52945, 1.64975, 0.49995000000000006, -0.009235
10, 10.5, 1.65, 0.5, 10.499400000000001, 1.6501000000000001, 0.5, -0.009261
10, 10.47, 1.65, 0.5, 10.468900000000001, 1.6503500000000002, 0.5, -0.009267
10, 10.440000000000001, 1.65, 0.5, 10.439800000000002, 1.64975, 0.5, -0.009282
10, 10.410000000000002, 1.65, 0.5, 10.407800000000002, 1.65015, 0.5, -0.009261
10, 10.380000000000003, 1.65, 0.5, 10.381050000000002, 1.64955, 0.5, -0.009246
10, 10.350000000000003, 1.65, 0.5, 10.350800000000001, 1.6503500000000002, 0.50005, -0.009303
10, 10.350000000000003, 1.68, 0.5, 10.34805, 1.67965, 0.5001, -0.00923
10, 10.350000000000003, 1.71, 0.5, 10.346300000000001, 1.70975, 0.5001, -0.009235
10, 10.350000000000003, 1.74, 0.5, 10.35335, 1.74005, 0.50005, -0.009282
10, 10.350000000000003, 1.77, 0.5, 10.350800000000001, 1.7697, 0.5, -0.008792
10, 10.350000000000003, 1.8, 0.5, 10.349900000000002, 1.7998500000000002, 0.4999, -0.0051
10, 10.350000000000003, 1.83, 0.5, 10.34795, 1.8312, 0.4999, -0.005449
10, 10.350000000000003, 1.86, 0.5, 10.351700000000001, 1.8595, 0.49995000000000006, -0.005601
10, 10.350000000000003, 1.8900000000000001, 0.5, 10.34975, 1.8899000000000001, 0.5, -0.009241
10, 10.350000000000003, 1.9200000000000002, 0.5, 10.348650000000001, 1.91945, 0.5, -0.005976
10, 10.350000000000003, 1.9500000000000002, 0.5, 10.349200000000002, 1.95015, 0.5, -0.008083
11, 10.380000000000003, 1.9500000000000002, 0.5, 10.3796, 1.9500500000000003, 0.5, -0.009261
11, 10.410000000000002, 1.9500000000000002, 0.5, 10.410300000000001, 1.9499000000000002, 0.50005, -0.008943
11, 10.440000000000001, 1.9500000000000002, 0.5, 10.44125, 1.94995, 0.50005, -0.009293
11, 10.47, 1.9500000000000002, 0.5, 10.47085, 1.9499000000000002, 0.50005, -0.009251
11, 10.5, 1.9500000000000002, 0.5, 10.499400000000001, 1.9499000000000002, 0.5, -0.00923
11, 10.53, 1.9500000000000002, 0.5, 10.529300000000001, 1.9499000000000002, 0.50005, -0.009246
11, 10.559999999999999, 1.9500000000000002, 0.5, 10.56075, 1.94995, 0.50005, -0.009256
11, 10.589999999999998, 1.9500000000000002, 0.5, 10.59055, 1.95, 0.5, -0.009261
11, 10.619999999999997, 1.9500000000000002, 0.5, 10.6196, 1.9500500000000003, 0.50005, -0.009241
11, 10.649999999999997, 1.9500000000000002, 0.5, 10.65065, 1.95015, 0.49995000000000006, -0.009235
11, 10.679999999999996, 1.9500000000000002, 0.5, 10.680400000000002, 1.94995, 0.4999, -0.009256
11, 10.679999999999996, 1.9200000000000002, 0.5, 10.6816, 1.921, 0.4999, -0.009282
11, 10.679999999999996, 1.8900000000000001, 0.5, 10.679200000000002, 1.89025, 0.49995000000000006, -0.009277
11, 10.679999999999996, 1.86, 0.5, 10.6822, 1.8603000000000003, 0.5, -0.009225
11, 10.679999999999996, 1.83, 0.5, 10.677700000000002, 1.83075, 0.50015, -0.009241
11, 10.679999999999996, 1.8, 0.5, 10.6807, 1.8, 0.5001, -0.009235
11, 10.679999999999996, 1.77, 0.5, 10.68225, 1.7698500000000001, 0.4999, -0.009287
11, 10.679999999999996, 1.74, 0.5, 10.68185, 1.73975, 0.4999, -0.009277
11, 10.679999999999996, 1.71, 0.5, 10.67595, 1.7098000000000002, 0.4999, -0.009251
11, 10.679999999999996, 1.68, 0.5, 10.6803, 1.6798000000000002, 0.4999, -0.009246
11, 10.679999999999996, 1.65, 0.5, 10.678650000000001, 1.6498000000000002, 0.49995000000000006, -0.009272
11, 10.679999999999996, 1.6199999999999999, 0.5, 10.68115, 1.6205500000000002, 0.5, -0.009287
12, 10.649999999999997, 1.6199999999999999, 0.5, 10.648950000000001, 1.62025, 0.5, -0.009246
12, 10.619999999999997, 1.6199999999999999, 0.5, 10.61935, 1.6198500000000002, 0.5001, -0.009314
12, 10.589999999999998, 1.6199999999999999, 0.5, 10.5897, 1.6200500000000002, 0.5001, -0.009246
12, 10.559999999999999, 1.6199999999999999, 0.5, 10.5593, 1.6200500000000002, 0.5001, -0.009277
12, 10.53, 1.6199999999999999, 0.5, 10.53045, 1.6200500000000002, 0.5, -0.009246
12, 10.5, 1.6199999999999999, 0.5, 10.499450000000001, 1.62, 0.49995000000000006, -0.009287
12, 10.47, 1.6199999999999999, 0.5, 10.470300000000002, 1.6200500000000002, 0.49995000000000006, -0.009246
12, 10.440000000000001, 1.6199999999999999, 0.5, 10.43945, 1.62, 0.49995000000000006, -0.009261
12, 10.410000000000002, 1.6199999999999999, 0.5, 10.41, 1.6200500000000002, 0.5, -0.009277
12, 10.380000000000003, 1.6199999999999999, 0.5, 10.379100000000001, 1.6200500000000002, 0.49995000000000006, -0.009272
12, 10.350000000000003, 1.6199999999999999, 0.5, 10.34985, 1.6200500000000002, 0.5, -0.009277
12, 10.320000000000004, 1.6199999999999999, 0.5, 10.32, 1.62, 0.50015, -0.009287
12, 10.320000000000004, 1.65, 0.5, 10.3185, 1.6501000000000001, 0.5001, -0.009282
12, 10.320000000000004, 1.68, 0.5, 10.322550000000001, 1.68015, 0.50005, -0.009272
12, 10.320000000000004, 1.71, 0.5, 10.319550000000001, 1.71065, 0.5, -0.009256
12, 10.320000000000004, 1.74, 0.5, 10.319550000000001, 1.7399, 0.5, -0.009225
12, 10.320000000000004, 1.77, 0.5, 10.320400000000001, 1.7699, 0.4999, -0.008537
12, 10.320000000000004, 1.8, 0.5, 10.321050000000001, 1.7995500000000002, 0.5001, -0.005053
12, 10.320000000000004, 1.83, 0.5, 10.3198, 1.8306000000000002, 0.50005, -0.005512
12, 10.320000000000004, 1.86, 0.5, 10.318850000000001, 1.8597000000000001, 0.50005, -0.007796
12, 10.320000000000004, 1.8900000000000001, 0.5, 10.32055, 1.8893000000000002, 0.50005, -0.009204
12, 10.320000000000004, 1.9200000000000002, 0.5, 10.3175, 1.9197, 0.49995000000000006, -0.009063
12, 10.320000000000004, 1.9500000000000002, 0.5, 10.3241, 1.9499000000000002, 0.4999, -0.009053
12, 10.320000000000004, 1.9800000000000002, 0.5, 10.320650000000002, 1.9799, 0.4999, -0.00922
13, 10.350000000000003, 1.9800000000000002, 0.5, 10.350850000000001, 1.97985, 0.49995000000000006, -0.006743
13, 10.380000000000003, 1.9800000000000002, 0.5, 10.380650000000001, 1.97995, 0.49995000000000006, -0.009272
13, 10.410000000000002, 1.9800000000000002, 0.5, 10.410200000000001, 1.98, 0.50005, -0.008902
13, 10.440000000000001, 1.9800000000000002, 0.5, 10.440900000000001, 1.98005, 0.50005, -0.009251
13, 10.47, 1.9800000000000002, 0.5, 10.469650000000001, 1.98, 0.5001, -0.009251
13, 10.5, 1.9800000000000002, 0.5, 10.5001, 1.97985, 0.5001, -0.009277
13, 10.53, 1.9800000000000002, 0.5, 10.53075, 1.9802, 0.4999, -0.009251
13, 10.559999999999999, 1.9800000000000002, 0.5, 10.5601, 1.98005, 0.49985, -0.009267
13, 10.589999999999998, 1.9800000000000002, 0.5, 10.5904, 1.9798000000000002, 0.4999, -0.009261
13, 10.619999999999997, 1.9800000000000002, 0.5, 10.62045, 1.97985, 0.49995000000000006, -0.009251
13, 10.649999999999997, 1.9800000000000002, 0.5, 10.650450000000001, 1.98015, 0.50015, -0.00922
13, 10.679999999999996, 1.9800000000000002, 0.5, 10.680650000000002, 1.98015, 0.50015, -0.009241
13, 10.709999999999996, 1.9800000000000002, 0.5, 10.710300000000002, 1.97975, 0.49995000000000006, -0.009272
13, 10.709999999999996, 1.9500000000000002, 0.5, 10.7126, 1.94995, 0.4999, -0.009282
13, 10.709999999999996, 1.9200000000000002, 0.5, 10.712950000000001, 1.9194, 0.4999, -0.009251
13, 10.709999999999996, 1.8900000000000001, 0.5, 10.70725, 1.88995, 0.4999, -0.009277
13, 10.709999999999996, 1.86, 0.5, 10.71025, 1.86, 0.5, -0.009235
13, 10.709999999999996, 1.83, 0.5, 10.707300000000002, 1.82965, 0.5001, -0.009241
13, 10.709999999999996, 1.8, 0.5, 10.7121, 1.79995, 0.50005, -0.009246
13, 10.709999999999996, 1.77, 0.5, 10.70795, 1.7701500000000001, 0.5, -0.009261
13, 10.709999999999996, 1.74, 0.5, 10.71125, 1.7396, 0.5, -0.009298
13, 10.709999999999996, 1.71, 0.5, 10.71085, 1.7098000000000002, 0.49995000000000006, -0.009241
13, 10.709999999999996, 1.68, 0.5, 10.710450000000002, 1.6799000000000002, 0.49995000000000006, -0.009225
13, 10.709999999999996, 1.65, 0.5, 10.71195, 1.6495, 0.4999, -0.009256
13, 10.709999999999996, 1.6199999999999999, 0.5, 10.71075, 1.61995, 0.5, -0.009241
13, 10.709999999999996, 1.5899999999999999, 0.5, 10.70785, 1.5903500000000002, 0.5001, -0.009235
14, 10.679999999999996, 1.5899999999999999, 0.5, 10.67885, 1.5894000000000001, 0.5001, -0.009293
14, 10.649999999999997, 1.5899999999999999, 0.5, 10.6496, 1.58995, 0.5001, -0.009287
14, 10.619999999999997, 1.5899999999999999, 0.5, 10.619950000000001, 1.59, 0.5001, -0.009303
14, 10.589999999999998, 1.5899999999999999, 0.5, 10.58935, 1.58995, 0.5, -0.009293
14, 10.559999999999999, 1.5899999999999999, 0.5, 10.559650000000001, 1.5900500000000002, 0.49995000000000006, -0.009277
14, 10.53, 1.5899999999999999, 0.5, 10.5295, 1.5900500000000002, 0.49995000000000006, -0.009246
14, 10.5, 1.5899999999999999, 0.5, 10.499400000000001, 1.59, 0.49995000000000006, -0.00923
14, 10.47, 1.5899999999999999, 0.5, 10.47085, 1.59, 0.5, -0.00923
14, 10.440000000000001, 1.5899999999999999, 0.5, 10.4395, 1.5900500000000002, 0.5, -0.009235
14, 10.410000000000002, 1.5899999999999999, 0.5, 10.409400000000002, 1.5898500000000002, 0.50005, -0.00923
14, 10.380000000000003, 1.5899999999999999, 0.5, 10.37885, 1.5901, 0.5, -0.009241
14, 10.350000000000003, 1.5899999999999999, 0.5, 10.34895, 1.5901, 0.50005, -0.009246
14, 10.320000000000004, 1.5899999999999999, 0.5, 10.319650000000001, 1.5901, 0.50005, -0.009246
14, 10.290000000000004, 1.5899999999999999, 0.5, 10.289900000000001, 1.5900500000000002, 0.50005, -0.009282
14, 10.290000000000004, 1.6199999999999999, 0.5, 10.288650000000002, 1.6206500000000001, 0.5, -0.009277
14, 10.290000000000004, 1.65, 0.5, 10.2886, 1.6502000000000001, 0.49995000000000006, -0.009225
14, 10.290000000000004, 1.68, 0.5, 10.289050000000001, 1.68, 0.50005, -0.009241
14, 10.290000000000004, 1.71, 0.5, 10.289200000000001, 1.7097, 0.5001, -0.009282
14, 10.290000000000004, 1.74, 0.5, 10.28935, 1.7398000000000002, 0.5001, -0.009293
14, 10.290000000000004, 1.77, 0.5, 10.291400000000001, 1.7697, 0.4999, -0.009011
14, 10.290000000000004, 1.8, 0.5, 10.289400000000002, 1.80055, 0.49995000000000006, -0.009267
14, 10.290000000000004, 1.83, 0.5, 10.289650000000002, 1.8305500000000001, 0.49995000000000006, -0.00922
14, 10.290000000000004, 1.86, 0.5, 10.2901, 1.8599, 0.5, -0.009272
14, 10.290000000000004, 1.8900000000000001, 0.5, 10.2887, 1.88965, 0.5, -0.009241
14, 10.290000000000004, 1.9200000000000002, 0.5, 10.289800000000001, 1.91955, 0.50005, -0.009241
14, 10.290000000000004, 1.9500000000000002, 0.5, 10.288900000000002, 1.9502000000000002, 0.5001, -0.009246
14, 10.290000000000004, 1.9800000000000002, 0.5, 10.288800000000002, 1.9794500000000002, 0.50005, -0.009272
14, 10.290000000000004, 2.0100000000000002, 0.5, 10.2927, 2.0098000000000003, 0.49995000000000006, -0.009199
15, 10.320000000000004, 2.0100000000000002, 0.5, 10.3205, 2.01, 0.4999, -0.009241
15, 10.350000000000003, 2.0100000000000002, 0.5, 10.350200000000001, 2.0098000000000003, 0.49985, -0.008646
15, 10.380000000000003, 2.0100000000000002, 0.5, 10.381300000000001, 2.01005, 0.49995000000000006, -0.009251
15, 10.410000000000002, 2.0100000000000002, 0.5, 10.4116, 2.01015, 0.5, -0.008865
15, 10.440000000000001, 2.0100000000000002, 0.5, 10.440550000000002, 2.0099, 0.50005, -0.009267
15, 10.47, 2.0100000000000002, 0.5, 10.470900000000002, 2.0099, 0.50005, -0.009251
15, 10.5, 2.0100000000000002, 0.5, 10.50025, 2.01005, 0.5, -0.009241
15, 10.53, 2.0100000000000002, 0.5, 10.530700000000001, 2.01005, 0.4999, -0.009277
15, 10.559999999999999, 2.0100000000000002, 0.5, 10.56005, 2.0099, 0.4999, -0.009277
15, 10.589999999999998, 2.0100000000000002, 0.5, 10.590200000000001, 2.0099, 0.4999, -0.009267
15, 10.619999999999997, 2.0100000000000002, 0.5, 10.6209, 2.0099, 0.4999, -0.009241
15, 10.649999999999997, 2.0100000000000002, 0.5, 10.648900000000001, 2.00995, 0.4999, -0.009261
15, 10.679999999999996, 2.0100000000000002, 0.5, 10.679200000000002, 2.01005, 0.49995000000000006, -0.009282
15, 10.709999999999996, 2.0100000000000002, 0.5, 10.711300000000001, 2.0101, 0.5, -0.009261
15, 10.739999999999995, 2.0100000000000002, 0.5, 10.741800000000001, 2.0101, 0.49995000000000006, -0.009235
15, 10.739999999999995, 1.9800000000000002, 0.5, 10.73975, 1.98045, 0.50005, -0.009277
15, 10.739999999999995, 1.9500000000000002, 0.5, 10.740200000000002, 1.94975, 0.50015, -0.009256
15, 10.739999999999995, 1.9200000000000002, 0.5, 10.738700000000001, 1.92015, 0.4999, -0.009282
15, 10.739999999999995, 1.8900000000000001, 0.5, 10.7426, 1.88995, 0.4999, -0.009241
15, 10.739999999999995, 1.86, 0.5, 10.741, 1.85975, 0.49995000000000006, -0.009256
15, 10.739999999999995, 1.83, 0.5, 10.739450000000001, 1.82995, 0.50005, -0.009235
15, 10.739999999999995, 1.8, 0.5, 10.739400000000002, 1.8002, 0.50005, -0.009256
15, 10.739999999999995, 1.77, 0.5, 10.742650000000001, 1.7699, 0.5, -0.00923
15, 10.739999999999995, 1.74, 0.5, 10.741850000000001, 1.73975, 0.5, -0.009282
15, 10.739999999999995, 1.71, 0.5, 10.744, 1.7091500000000002, 0.5, -0.009277
15, 10.739999999999995, 1.68, 0.5, 10.738850000000001, 1.68015, 0.4999, -0.00923
15, 10.739999999999995, 1.65, 0.5, 10.74075, 1.6512, 0.49995000000000006, -0.009261
15, 10.739999999999995, 1.6199999999999999, 0.5, 10.742700000000001, 1.6200500000000002, 0.4999, -0.009241
15, 10.739999999999995, 1.5899999999999999, 0.5, 10.740150000000002, 1.5900500000000002, 0.49995000000000006, -0.009287
15, 10.739999999999995, 1.5599999999999998, 0.5, 10.743, 1.5601, 0.5, -0.009293
16, 10.709999999999996, 1.5599999999999998, 0.5, 10.711, 1.56, 0.5001, -0.009235
16, 10.679999999999996, 1.5599999999999998, 0.5, 10.679, 1.55975, 0.5002000000000001, -0.009293
16, 10.649999999999997, 1.5599999999999998, 0.5, 10.6501, 1.5602, 0.5002000000000001, -0.009282
16, 10.619999999999997, 1.5599999999999998, 0.5, 10.6197, 1.5600500000000002, 0.50005, -0.009272
16, 10.589999999999998, 1.5599999999999998, 0.5, 10.59035, 1.55995, 0.5, -0.009303
16, 10.559999999999999, 1.5599999999999998, 0.5, 10.559800000000001, 1.5598500000000002, 0.49995000000000006, -0.009287
16, 10.53, 1.5599999999999998, 0.5, 10.5305, 1.5598500000000002, 0.5, -0.009235
16, 10.5, 1.5599999999999998, 0.5, 10.500800000000002, 1.5600500000000002, 0.49995000000000006, -0.009251
16, 10.47, 1.5599999999999998, 0.5, 10.470600000000001, 1.5601, 0.5, -0.009272
16, 10.440000000000001, 1.5599999999999998, 0.5, 10.439800000000002, 1.5601, 0.49995000000000006, -0.009241
16, 10.410000000000002, 1.5599999999999998, 0.5, 10.408650000000002, 1.5600500000000002, 0.49995000000000006, -0.009225
16, 10.380000000000003, 1.5599999999999998, 0.5, 10.37935, 1.56, 0.4999, -0.009261
16, 10.350000000000003, 1.5599999999999998, 0.5, 10.34985, 1.5598500000000002, 0.4999, -0.009235
16, 10.320000000000004, 1.5599999999999998, 0.5, 10.3201, 1.56, 0.5, -0.009287
16, 10.290000000000004, 1.5599999999999998, 0.5, 10.289950000000001, 1.5601500000000001, 0.5001, -0.009261
16, 10.260000000000005, 1.5599999999999998, 0.5, 10.25985, 1.5601, 0.50005, -0.009282
16, 10.260000000000005, 1.5899999999999999, 0.5, 10.261550000000002, 1.58965, 0.5, -0.009256
16, 10.260000000000005, 1.6199999999999999, 0.5, 10.260900000000001, 1.619, 0.5, -0.009251
16, 10.260000000000005, 1.65, 0.5, 10.26225, 1.64995, 0.49995000000000006, -0.009303
16, 10.260000000000005, 1.68, 0.5, 10.259300000000001, 1.6796000000000002, 0.4999, -0.009241
16, 10.260000000000005, 1.71, 0.5, 10.2603, 1.71065, 0.49995000000000006, -0.009235
16, 10.260000000000005, 1.74, 0.5, 10.25985, 1.7398000000000002, 0.4999, -0.009298
16, 10.260000000000005, 1.77, 0.5, 10.258, 1.77025, 0.5, -0.009267
16, 10.260000000000005, 1.8, 0.5, 10.2622, 1.79945, 0.5001, -0.009277
16, 10.260000000000005, 1.83, 0.5, 10.2597, 1.8307, 0.5001, -0.009272
16, 10.260000000000005, 1.86, 0.5, 10.26, 1.8593000000000002, 0.5001, -0.009241
16, 10.260000000000005, 1.8900000000000001, 0.5, 10.2567, 1.8899000000000001, 0.49995000000000006, -0.009256
16, 10.260000000000005, 1.9200000000000002, 0.5, 10.2585, 1.91975, 0.4999, -0.009267
16, 10.260000000000005, 1.9500000000000002, 0.5, 10.2619, 1.94975, 0.4999, -0.00923
16, 10.260000000000005, 1.9800000000000002, 0.5, 10.259, 1.97995, 0.49995000000000006, -0.009235
16, 10.260000000000005, 2.0100000000000002, 0.5, 10.25835, 2.01005, 0.50005, -0.009241
16, 10.260000000000005, 2.04, 0.5, 10.261550000000002, 2.0398, 0.5, -0.009246
17, 10.290000000000004, 2.04, 0.5, 10.29105, 2.03995, 0.5, -0.009287
17, 10.320000000000004, 2.04, 0.5, 10.320350000000001, 2.03995, 0.5, -0.009298
17, 10.350000000000003, 2.04, 0.5, 10.3506, 2.0400500000000004, 0.5, -0.009282
17, 10.380000000000003, 2.04, 0.5, 10.38075, 2.0401000000000002, 0.4999, -0.009251
17, 10.410000000000002, 2.04, 0.5, 10.41135, 2.0400500000000004, 0.49985, -0.009235
17, 10.440000000000001, 2.04, 0.5, 10.44185, 2.04, 0.4999, -0.009246
17, 10.47, 2.04, 0.5, 10.469650000000001, 2.0400500000000004, 0.49985, -0.009246
17, 10.5, 2.04, 0.5, 10.49995, 2.0399000000000003, 0.50005, -0.009293
17, 10.53, 2.04, 0.5, 10.5302, 2.03995, 0.50005, -0.009293
17, 10.559999999999999, 2.04, 0.5, 10.56035, 2.0400500000000004, 0.5, -0.009287
17, 10.589999999999998, 2.04, 0.5, 10.59035, 2.04, 0.49995000000000006, -0.009277
17, 10.619999999999997, 2.04, 0.5, 10.6202, 2.04, 0.4999, -0.009298
17, 10.649999999999997, 2.04, 0.5, 10.65055, 2.0400500000000004, 0.49995000000000006, -0.009298
17, 10.679999999999996, 2.04, 0.5, 10.6806, 2.04, 0.4999, -0.009241
17, 10.709999999999996, 2.04, 0.5, 10.710550000000001, 2.03995, 0.4999, -0.009267
17, 10.739999999999995, 2.04, 0.5, 10.740800000000002, 2.0400500000000004, 0.49995000000000006, -0.009225
17, 10.769999999999994, 2.04, 0.5, 10.7705, 2.0400500000000004, 0.5, -0.009246
17, 10.769999999999994, 2.0100000000000002, 0.5, 10.77185, 2.0095500000000004, 0.5001, -0.009241
17, 10.769999999999994, 1.9800000000000002, 0.5, 10.769200000000001, 1.98, 0.5001, -0.009246
17, 10.769999999999994, 1.9500000000000002, 0.5, 10.77125, 1.95025, 0.50005, -0.009241
17, 10.769999999999994, 1.9200000000000002, 0.5, 10.769950000000001, 1.91985, 0.4999, -0.009308
17, 10.769999999999994, 1.8900000000000001, 0.5, 10.7727, 1.88995, 0.49995000000000006, -0.009287
17, 10.769999999999994, 1.86, 0.5, 10.7702, 1.85975, 0.5, -0.009287
17, 10.769999999999994, 1.83, 0.5, 10.772400000000001, 1.8294000000000001, 0.5, -0.009287
17, 10.769999999999994, 1.8, 0.5, 10.77285, 1.799, 0.5, -0.009235
17, 10.769999999999994, 1.77, 0.5, 10.766050000000002, 1.7699500000000001, 0.5, -0.009287
17, 10.769999999999994, 1.74, 0.5, 10.7702, 1.74015, 0.5, -0.009272
17, 10.769999999999994, 1.71, 0.5, 10.773, 1.7091500000000002, 0.5, -0.009314
17, 10.769999999999994, 1.68, 0.5, 10.7657, 1.6796000000000002, 0.50005, -0.009282
17, 10.769999999999994, 1.65, 0.5, 10.771, 1.6494000000000002, 0.50015, -0.009272
17, 10.769999999999994, 1.6199999999999999, 0.5, 10.772150000000002, 1.61995, 0.50015, -0.009241
17, 10.769999999999994, 1.5899999999999999, 0.5, 10.7725, 1.59, 0.5, -0.009267
17, 10.769999999999994, 1.5599999999999998, 0.5, 10.770800000000001, 1.5603500000000001, 0.5, -0.009287
17, 10.769999999999994, 1.5299999999999998, 0.5, 10.7721, 1.5300500000000001, 0.49995000000000006, -0.009241
18, 10.739999999999995, 1.5299999999999998, 0.5, 10.73975, 1.5299, 0.49995000000000006, -0.009246
18, 10.709999999999996, 1.5299999999999998, 0.5, 10.71085, 1.5300500000000001, 0.4999, -0.009303
18, 10.679999999999996, 1.5299999999999998, 0.5, 10.68055, 1.5299, 0.4999, -0.009282
18, 10.649999999999997, 1.5299999999999998, 0.5, 10.65005, 1.5299500000000001, 0.4999, -0.009293
18, 10.619999999999997, 1.5299999999999998, 0.5, 10.6205, 1.5300500000000001, 0.49995000000000006, -0.009251
18, 10.589999999999998, 1.5299999999999998, 0.5, 10.5904, 1.5300500000000001, 0.5, -0.009246
18, 10.559999999999999, 1.5299999999999998, 0.5, 10.56005, 1.5300500000000001, 0.5, -0.009267
18, 10.53, 1.5299999999999998, 0.5, 10.530850000000001, 1.5300500000000001, 0.50005, -0.009267
18, 10.5, 1.5299999999999998, 0.5, 10.4998, 1.5300500000000001, 0.50015, -0.009251
18, 10.47, 1.5299999999999998, 0.5, 10.470450000000001, 1.5299, 0.5001, -0.009282
18, 10.440000000000001, 1.5299999999999998, 0.5, 10.43985, 1.5299, 0.50005, -0.009246
18, 10.410000000000002, 1.5299999999999998, 0.5, 10.410050000000002, 1.5298500000000002, 0.50015, -0.009241
18, 10.380000000000003, 1.5299999999999998, 0.5, 10.3801, 1.5301000000000002, 0.49995000000000006, -0.009277
18, 10.350000000000003, 1.5299999999999998, 0.5, 10.3503, 1.5301000000000002, 0.49995000000000006, -0.009225
18, 10.320000000000004, 1.5299999999999998, 0.5, 10.320350000000001, 1.5300500000000001, 0.49995000000000006, -0.009298
18, 10.290000000000004, 1.5299999999999998, 0.5, 10.28985, 1.5301000000000002, 0.49995000000000006, -0.009293
18, 10.260000000000005, 1.5299999999999998, 0.5, 10.2588, 1.5300500000000001, 0.49995000000000006, -0.009293
18, 10.230000000000006, 1.5299999999999998, 0.5, 10.22935, 1.5298500000000002, 0.5, -0.009277
18, 10.230000000000006, 1.5599999999999998, 0.5, 10.2287, 1.5598500000000002, 0.5, -0.009235
18, 10.230000000000006, 1.5899999999999999, 0.5, 10.2296, 1.59085, 0.5, -0.009251
18, 10.230000000000006, 1.6199999999999999, 0.5, 10.2286, 1.6194000000000002, 0.5, -0.009298
18, 10.230000000000006, 1.65, 0.5, 10.22905, 1.65075, 0.5, -0.009256
18, 10.230000000000006, 1.68, 0.5, 10.22785, 1.67995, 0.5, -0.009267
18, 10.230000000000006, 1.71, 0.5, 10.231650000000002, 1.7096000000000002, 0.49995000000000006, -0.009256
18, 10.230000000000006, 1.74, 0.5, 10.2299, 1.74005, 0.50005, -0.009298
18, 10.230000000000006, 1.77, 0.5, 10.231150000000001, 1.7701500000000001, 0.5001, -0.009282
18, 10.230000000000006, 1.8, 0.5, 10.230550000000001, 1.80045, 0.5001, -0.009241
18, 10.230000000000006, 1.83, 0.5, 10.230300000000002, 1.8295, 0.5001, -0.009293
18, 10.230000000000006, 1.86, 0.5, 10.230150000000002, 1.8600500000000002, 0.5, -0.009256
18, 10.230000000000006, 1.8900000000000001, 0.5, 10.2317, 1.8902, 0.4999, -0.009298
18, 10.230000000000006, 1.9200000000000002, 0.5, 10.23145, 1.9185, 0.49995000000000006, -0.009293
18, 10.230000000000006, 1.9500000000000002, 0.5, 10.23155, 1.95025, 0.49995000000000006, -0.009214
18, 10.230000000000006, 1.9800000000000002, 0.5, 10.22855, 1.9794, 0.49995000000000006, -0.009272
18, 10.230000000000006, 2.0100000000000002, 0.5, 10.2316, 2.01, 0.5, -0.009241
18, 10.230000000000006, 2.04, 0.5, 10.22945, 2.0399000000000003, 0.5, -0.009282
18, 10.230000000000006, 2.07, 0.5, 10.22995, 2.0698499999999997, 0.5001, -0.009287
19, 10.260000000000005, 2.07, 0.5, 10.2607, 2.07, 0.5001, -0.009287
19, 10.290000000000004, 2.07, 0.5, 10.290550000000001, 2.0703, 0.50005, -0.009251
19, 10.320000000000004, 2.07, 0.5, 10.32075, 2.07, 0.49995000000000006, -0.009267
19, 10.350000000000003, 2.07, 0.5, 10.349900000000002, 2.0699, 0.49985, -0.009298
19, 10.380000000000003, 2.07, 0.5, 10.381350000000001, 2.0702000000000003, 0.49985, -0.009267
19, 10.410000000000002, 2.07, 0.5, 10.411550000000002, 2.0698499999999997, 0.49995000000000006, -0.009235
19, 10.440000000000001, 2.07, 0.5, 10.441650000000001, 2.0698000000000003, 0.5, -0.009235
19, 10.47, 2.07, 0.5, 10.471650000000002, 2.0698000000000003, 0.50005, -0.009282
19, 10.5, 2.07, 0.5, 10.49995, 2.0704000000000002, 0.5001, -0.00923
19, 10.53, 2.07, 0.5, 10.531, 2.0699500000000004, 0.5, -0.009287
19, 10.559999999999999, 2.07, 0.5, 10.5602, 2.0699, 0.5, -0.009251
19, 10.589999999999998, 2.07, 0.5, 10.5907, 2.0699500000000004, 0.5, -0.009241
19, 10.619999999999997, 2.07, 0.5, 10.619650000000002, 2.07005, 0.5, -0.009287
19, 10.649999999999997, 2.07, 0.5, 10.65085, 2.07015, 0.4999, -0.009293
19, 10.679999999999996, 2.07, 0.5, 10.680650000000002, 2.0699, 0.49985, -0.009282
19, 10.709999999999996, 2.07, 0.5, 10.710650000000001, 2.0698499999999997, 0.4999, -0.009277
19, 10.739999999999995, 2.07, 0.5, 10.741100000000001, 2.0699, 0.4999, -0.009256
19, 10.769999999999994, 2.07, 0.5, 10.77075, 2.07, 0.4999, -0.009282
19, 10.799999999999994, 2.07, 0.5, 10.801150000000002, 2.07015, 0.49995000000000006, -0.009277
19, 10.799999999999994, 2.04, 0.5, 10.801300000000001, 2.04015, 0.5, -0.009241
19, 10.799999999999994, 2.0100000000000002, 0.5, 10.802700000000002, 2.0095, 0.5, -0.00923
19, 10.799999999999994, 1.9800000000000002, 0.5, 10.801400000000001, 1.97985, 0.5001, -0.009277
19, 10.799999999999994, 1.9500000000000002, 0.5, 10.8001, 1.9499000000000002, 0.5001, -0.009256
19, 10.799999999999994, 1.9200000000000002, 0.5, 10.801050000000002, 1.92025, 0.49995000000000006, -0.009298
19, 10.799999999999994, 1.8900000000000001, 0.5, 10.7984, 1.88995, 0.4999, -0.009298
19, 10.799999999999994, 1.86, 0.5, 10.802050000000001, 1.8604, 0.49995000000000006, -0.009251
19, 10.799999999999994, 1.83, 0.5, 10.7987, 1.8303000000000003, 0.49995000000000006, -0.009246
19, 10.799999999999994, 1.8, 0.5, 10.8023, 1.7990500000000003, 0.49995000000000006, -0.00923
19, 10.799999999999994, 1.77, 0.5, 10.8016, 1.7688000000000001, 0.49995000000000006, -0.009256
19, 10.799999999999994, 1.74, 0.5, 10.800900000000002, 1.74015, 0.5, -0.009293
19, 10.799999999999994, 1.71, 0.5, 10.803550000000001, 1.7095, 0.5, -0.009267
19, 10.799999999999994, 1.68, 0.5, 10.7992, 1.6805, 0.5001, -0.009282
19, 10.799999999999994, 1.65, 0.5, 10.801150000000002, 1.64955, 0.5001, -0.009246
19, 10.799999999999994, 1.6199999999999999, 0.5, 10.800550000000001, 1.6198000000000001, 0.50005, -0.009225
19, 10.799999999999994, 1.5899999999999999, 0.5, 10.79725, 1.59, 0.5, -0.009235
19, 10.799999999999994, 1.5599999999999998, 0.5, 10.800150000000002, 1.56025, 0.49995000000000006, -0.009267
19, 10.799999999999994, 1.5299999999999998, 0.5, 10.8015, 1.5295500000000002, 0.49995000000000006, -0.009298
19, 10.799999999999994, 1.4999999999999998, 0.5, 10.800450000000001, 1.4989000000000001, 0.49995000000000006, -0.009241
20, 10.769999999999994, 1.4999999999999998, 0.5, 10.769400000000001, 1.5, 0.49995000000000006, -0.009251
20, 10.739999999999995, 1.4999999999999998, 0.5, 10.738650000000002, 1.5001000000000002, 0.5, -0.009303
20, 10.709999999999996, 1.4999999999999998, 0.5, 10.70825, 1.5001000000000002, 0.5, -0.009267
20, 10.679999999999996, 1.4999999999999998, 0.5, 10.67885, 1.50015, 0.50005, -0.009261
20, 10.649999999999997, 1.4999999999999998, 0.5, 10.648550000000002, 1.4998000000000002, 0.5001, -0.009282
20, 10.619999999999997, 1.4999999999999998, 0.5, 10.61945, 1.5001000000000002, 0.50005, -0.00923
20, 10.589999999999998, 1.4999999999999998, 0.5, 10.589300000000001, 1.50015, 0.5001, -0.009246
20, 10.559999999999999, 1.4999999999999998, 0.5, 10.55975, 1.5, 0.5, -0.009251
20, 10.53, 1.4999999999999998, 0.5, 10.53015, 1.4998000000000002, 0.5, -0.009267
20, 10.5, 1.4999999999999998, 0.5, 10.4998, 1.50005, 0.5, -0.009277
20, 10.47, 1.4999999999999998, 0.5, 10.470600000000001, 1.50005, 0.5, -0.009282
20, 10.440000000000001, 1.4999999999999998, 0.5, 10.439900000000002, 1.5001000000000002, 0.49995000000000006, -0.009308
20, 10.410000000000002, 1.4999999999999998, 0.5, 10.4107, 1.4998500000000001, 0.5, -0.009256
20, 10.380000000000003, 1.4999999999999998, 0.5, 10.37975, 1.4999, 0.5, -0.009246
20, 10.350000000000003, 1.4999999999999998, 0.5, 10.34895, 1.4999, 0.49995000000000006, -0.009293
20, 10.320000000000004, 1.4999999999999998, 0.5, 10.319550000000001, 1.4999500000000001, 0.50005, -0.009282
20, 10.290000000000004, 1.4999999999999998, 0.5, 10.289200000000001, 1.50015, 0.5, -0.009267
20, 10.260000000000005, 1.4999999999999998, 0.5, 10.260050000000001, 1.5002, 0.5, -0.009246
20, 10.230000000000006, 1.4999999999999998, 0.5, 10.2311, 1.5, 0.5, -0.009277
20, 10.200000000000006, 1.4999999999999998, 0.5, 10.199650000000002, 1.4999, 0.49995000000000006, -0.009246
20, 10.200000000000006, 1.5299999999999998, 0.5, 10.199200000000001, 1.53, 0.50005, -0.009261
20, 10.200000000000006, 1.5599999999999998, 0.5, 10.198400000000001, 1.56115, 0.50005, -0.009261
20, 10.200000000000006, 1.5899999999999999, 0.5, 10.19885, 1.5909, 0.50005, -0.009261
20, 10.200000000000006, 1.6199999999999999, 0.5, 10.19955, 1.6200500000000002, 0.5, -0.009277
20, 10.200000000000006, 1.65, 0.5, 10.20125, 1.6497, 0.49995000000000006, -0.009251
20, 10.200000000000006, 1.68, 0.5, 10.200650000000001, 1.67975, 0.49995000000000006, -0.009272
20, 10.200000000000006, 1.71, 0.5, 10.1987, 1.7094500000000001, 0.49995000000000006, -0.009293
20, 10.200000000000006, 1.74, 0.5, 10.202650000000002, 1.7397, 0.49995000000000006, -0.009246
20, 10.200000000000006, 1.77, 0.5, 10.198550000000001, 1.7701500000000001, 0.49995000000000006, -0.009272
20, 10.200000000000006, 1.8, 0.5, 10.19775, 1.7998000000000003, 0.5001, -0.009251
20, 10.200000000000006, 1.83, 0.5, 10.197400000000002, 1.8312, 0.5001, -0.009293
20, 10.200000000000006, 1.86, 0.5, 10.1981, 1.8612, 0.5, -0.009261
20, 10.200000000000006, 1.8900000000000001, 0.5, 10.199800000000002, 1.8901000000000001, 0.49995000000000006, -0.009225
20, 10.200000000000006, 1.9200000000000002, 0.5, 10.19685, 1.9206500000000002, 0.4999, -0.009277
20, 10.200000000000006, 1.9500000000000002, 0.5, 10.19865, 1.94975, 0.4999, -0.009256
20, 10.200000000000006, 1.9800000000000002, 0.5, 10.19625, 1.97995, 0.49995000000000006, -0.009287
20, 10.200000000000006, 2.0100000000000002, 0.5, 10.2018, 2.01015, 0.5, -0.009282
20, 10.200000000000006, 2.04, 0.5, 10.199300000000001, 2.04, 0.5, -0.009267
20, 10.200000000000006, 2.07, 0.5, 10.1972, 2.0705999999999998, 0.50005, -0.009251
20, 10.200000000000006, 2.0999999999999996, 0.5, 10.203400000000002, 2.1003499999999997, 0.5001, -0.009282
21, 10.230000000000006, 2.0999999999999996, 0.5, 10.23025, 2.0998, 0.50005, -0.009256
21, 10.260000000000005, 2.0999999999999996, 0.5, 10.2595, 2.0995999999999997, 0.50005, -0.009293
21, 10.290000000000004, 2.0999999999999996, 0.5, 10.2902, 2.0999, 0.4999, -0.009293
21, 10.320000000000004, 2.0999999999999996, 0.5, 10.3201, 2.10005, 0.4999, -0.009282
21, 10.350000000000003, 2.0999999999999996, 0.5, 10.350150000000001, 2.1001, 0.4999, -0.009246
21, 10.380000000000003, 2.0999999999999996, 0.5, 10.379400000000002, 2.0999, 0.49995000000000006, -0.009287
21, 10.410000000000002, 2.0999999999999996, 0.5, 10.410900000000002, 2.09995, 0.49995000000000006, -0.009287
21, 10.440000000000001, 2.0999999999999996, 0.5, 10.44185, 2.1, 0.49995000000000006, -0.009246
21, 10.47, 2.0999999999999996, 0.5, 10.47145, 2.1002, 0.4999, -0.009241
21, 10.5, 2.0999999999999996, 0.5, 10.501650000000001, 2.1002, 0.50005, -0.009256
21, 10.53, 2.0999999999999996, 0.5, 10.5297, 2.09985, 0.5, -0.009287
21, 10.559999999999999, 2.0999999999999996, 0.5, 10.5606, 2.10005, 0.5, -0.009267
21, 10.589999999999998, 2.0999999999999996, 0.5, 10.590800000000002, 2.10015, 0.5, -0.009235
21, 10.619999999999997, 2.0999999999999996, 0.5, 10.6196, 2.1, 0.5, -0.009251
21, 10.649999999999997, 2.0999999999999996, 0.5, 10.650450000000001, 2.09985, 0.5, -0.009246
21, 10.679999999999996, 2.0999999999999996, 0.5, 10.68025, 2.10005, 0.5, -0.009241
21, 10.709999999999996, 2.0999999999999996, 0.5, 10.710700000000001, 2.10015, 0.50005, -0.009251
21, 10.739999999999995, 2.0999999999999996, 0.5, 10.740400000000001, 2.09985, 0.49995000000000006, -0.009267
21, 10.769999999999994, 2.0999999999999996, 0.5, 10.7703, 2.09985, 0.49995000000000006, -0.009298
21, 10.799999999999994, 2.0999999999999996, 0.5, 10.80035, 2.10005, 0.4999, -0.009251
21, 10.829999999999993, 2.0999999999999996, 0.5, 10.8305, 2.10015, 0.49995000000000006, -0.009241
21, 10.829999999999993, 2.07, 0.5, 10.8301, 2.07005, 0.4999, -0.009235
21, 10.829999999999993, 2.04, 0.5, 10.83055, 2.0402, 0.5, -0.009293
21, 10.829999999999993, 2.0100000000000002, 0.5, 10.832900000000002, 2.0096000000000003, 0.5, -0.009303
21, 10.829999999999993, 1.9800000000000002, 0.5, 10.8289, 1.98, 0.5, -0.009282
21, 10.829999999999993, 1.9500000000000002, 0.5, 10.830050000000002, 1.9500500000000003, 0.5001, -0.009235
21, 10.829999999999993, 1.9200000000000002, 0.5, 10.827, 1.9201000000000001, 0.5001, -0.009314
21, 10.829999999999993, 1.8900000000000001, 0.5, 10.828100000000001, 1.8898000000000001, 0.49995000000000006, -0.009282
21, 10.829999999999993, 1.86, 0.5, 10.830200000000001, 1.8602, 0.50005, -0.009246
21, 10.829999999999993, 1.83, 0.5, 10.831, 1.8298500000000002, 0.50005, -0.009282
21, 10.829999999999993, 1.8, 0.5, 10.833200000000001, 1.7993000000000001, 0.50005, -0.009298
21, 10.829999999999993, 1.77, 0.5, 10.83175, 1.7701500000000001, 0.5, -0.009241
21, 10.829999999999993, 1.74, 0.5, 10.833300000000001, 1.7393500000000002, 0.5, -0.009225
21, 10.829999999999993, 1.71, 0.5, 10.826550000000001, 1.7096500000000001, 0.5, -0.009293
21, 10.829999999999993, 1.68, 0.5, 10.830650000000002, 1.68015, 0.49995000000000006, -0.009282
21, 10.829999999999993, 1.65, 0.5, 10.831100000000001, 1.6511000000000002, 0.49995000000000006, -0.009293
21, 10.829999999999993, 1.6199999999999999, 0.5, 10.829600000000001, 1.6199000000000001, 0.49995000000000006, -0.009293
21, 10.829999999999993, 1.5899999999999999, 0.5, 10.82925, 1.58975, 0.50005, -0.009251
21, 10.829999999999993, 1.5599999999999998, 0.5, 10.828650000000001, 1.5600500000000002, 0.50005, -0.009282
21, 10.829999999999993, 1.5299999999999998, 0.5, 10.8298, 1.5299, 0.50005, -0.009282
21, 10.829999999999993, 1.4999999999999998, 0.5, 10.82845, 1.50015, 0.5, -0.009293
21, 10.829999999999993, 1.4699999999999998, 0.5, 10.83175, 1.4694, 0.5, -0.009287
22, 10.799999999999994, 1.4699999999999998, 0.5, 10.8, 1.46975, 0.5, -0.009256
22, 10.769999999999994, 1.4699999999999998, 0.5, 10.770150000000001, 1.4698000000000002, 0.5, -0.009241
22, 10.739999999999995, 1.4699999999999998, 0.5, 10.7391, 1.46995, 0.5, -0.009287
22, 10.709999999999996, 1.4699999999999998, 0.5, 10.7086, 1.4703000000000002, 0.5, -0.009282
22, 10.679999999999996, 1.4699999999999998, 0.5, 10.678600000000001, 1.4701000000000002, 0.5, -0.009282
22, 10.649999999999997, 1.4699999999999998, 0.5, 10.64935, 1.4699, 0.5, -0.009282
22, 10.619999999999997, 1.4699999999999998, 0.5, 10.61935, 1.47, 0.49995000000000006, -0.009241
22, 10.589999999999998, 1.4699999999999998, 0.5, 10.58935, 1.47005, 0.49995000000000006, -0.009241
22, 10.559999999999999, 1.4699999999999998, 0.5, 10.5599, 1.4702, 0.5, -0.009235
22, 10.53, 1.4699999999999998, 0.5, 10.53075, 1.46995, 0.5, -0.009282
22, 10.5, 1.4699999999999998, 0.5, 10.500800000000002, 1.46995, 0.49995000000000006, -0.009261
22, 10.47, 1.4699999999999998, 0.5, 10.469800000000001, 1.4699, 0.5, -0.009298
22, 10.440000000000001, 1.4699999999999998, 0.5, 10.440150000000001, 1.46985, 0.5, -0.009267
22, 10.410000000000002, 1.4699999999999998, 0.5, 10.40995, 1.47015, 0.50005, -0.009235
22, 10.380000000000003, 1.4699999999999998, 0.5, 10.379700000000001, 1.47025, 0.50005, -0.009277
22, 10.350000000000003, 1.4699999999999998, 0.5, 10.350100000000001, 1.46985, 0.50015, -0.009282
22, 10.320000000000004, 1.4699999999999998, 0.5, 10.320400000000001, 1.46985, 0.50005, -0.009256
22, 10.290000000000004, 1.4699999999999998, 0.5, 10.29025, 1.47005, 0.5, -0.009303
22, 10.260000000000005, 1.4699999999999998, 0.5, 10.260200000000001, 1.4702, 0.5, -0.009246
22, 10.230000000000006, 1.4699999999999998, 0.5, 10.2292, 1.47005, 0.5, -0.009251
22, 10.200000000000006, 1.4699999999999998, 0.5, 10.19935, 1.46985, 0.5, -0.009225
22, 10.170000000000007, 1.4699999999999998, 0.5, 10.17045, 1.4698000000000002, 0.5, -0.009261
22, 10.170000000000007, 1.4999999999999998, 0.5, 10.16845, 1.50045, 0.5, -0.009225
22, 10.170000000000007, 1.5299999999999998, 0.5, 10.16635, 1.5316500000000002, 0.5, -0.009282
22, 10.170000000000007, 1.5599999999999998, 0.5, 10.1675, 1.56065, 0.5, -0.009293
22, 10.170000000000007, 1.5899999999999999, 0.5, 10.172, 1.5902, 0.5, -0.009287
22, 10.170000000000007, 1.6199999999999999, 0.5, 10.17115, 1.6197000000000001, 0.5, -0.009261
22, 10.170000000000007, 1.65, 0.5, 10.17055, 1.6498000000000002, 0.5, -0.009298
22, 10.170000000000007, 1.68, 0.5, 10.1698, 1.68, 0.49995000000000006, -0.009298
22, 10.170000000000007, 1.71, 0.5, 10.167, 1.71065, 0.49995000000000006, -0.009277
22, 10.170000000000007, 1.74, 0.5, 10.170050000000002, 1.74, 0.5, -0.009267
22, 10.170000000000007, 1.77, 0.5, 10.171400000000002, 1.7695500000000002, 0.49995000000000006, -0.009287
22, 10.170000000000007, 1.8, 0.5, 10.1701, 1.7995500000000002, 0.5001, -0.009272
22, 10.170000000000007, 1.83, 0.5, 10.167950000000001, 1.8300500000000002, 0.5001, -0.009256
22, 10.170000000000007, 1.86, 0.5, 10.171400000000002, 1.8598000000000001, 0.5, -0.009287
22, 10.170000000000007, 1.8900000000000001, 0.5, 10.1697, 1.88985, 0.5, -0.009267
22, 10.170000000000007, 1.9200000000000002, 0.5, 10.16985, 1.9189, 0.5, -0.00922
22, 10.170000000000007, 1.9500000000000002, 0.5, 10.170050000000002, 1.94985, 0.49995000000000006, -0.009277
22, 10.170000000000007, 1.9800000000000002, 0.5, 10.170650000000002, 1.9796500000000001, 0.49995000000000006, -0.009261
22, 10.170000000000007, 2.0100000000000002, 0.5, 10.169400000000001, 2.01, 0.50005, -0.009277
22, 10.170000000000007, 2.04, 0.5, 10.1704, 2.03995, 0.50005, -0.009241
22, 10.170000000000007, 2.07, 0.5, 10.16675, 2.07065, 0.50005, -0.00923
22, 10.170000000000007, 2.0999999999999996, 0.5, 10.1707, 2.0999, 0.49995000000000006, -0.009277
22, 10.170000000000007, 2.1299999999999994, 0.5, 10.171550000000002, 2.1298000000000004, 0.49995000000000006, -0.009261
23, 10.200000000000006, 2.1299999999999994, 0.5, 10.20025, 2.1297, 0.49995000000000006, -0.009225
23, 10.230000000000006, 2.1299999999999994, 0.5, 10.231050000000002, 2.13005, 0.5, -0.009225
23, 10.260000000000005, 2.1299999999999994, 0.5, 10.2607, 2.13015, 0.5, -0.009235
23, 10.290000000000004, 2.1299999999999994, 0.5, 10.29015, 2.1299, 0.5, -0.009277
23, 10.320000000000004, 2.1299999999999994, 0.5, 10.3211, 2.1298000000000004, 0.50005, -0.009287
23, 10.350000000000003, 2.1299999999999994, 0.5, 10.350650000000002, 2.1302000000000003, 0.50005, -0.009251
23, 10.380000000000003, 2.1299999999999994, 0.5, 10.381300000000001, 2.1299500000000005, 0.50005, -0.009246
23, 10.410000000000002, 2.1299999999999994, 0.5, 10.40975, 2.12985, 0.5, -0.009267
23, 10.440000000000001, 2.1299999999999994, 0.5, 10.4402, 2.13015, 0.5, -0.009277
23, 10.47, 2.1299999999999994, 0.5, 10.4701, 2.1299, 0.49995000000000006, -0.009287
23, 10.5, 2.1299999999999994, 0.5, 10.499900000000002, 2.1299500000000005, 0.49995000000000006, -0.00923
23, 10.53, 2.1299999999999994, 0.5, 10.529800000000002, 2.1301, 0.4999, -0.009246
23, 10.559999999999999, 2.1299999999999994, 0.5, 10.560550000000001, 2.1301, 0.49985, -0.009241
23, 10.589999999999998, 2.1299999999999994, 0.5, 10.5905, 2.1299500000000005, 0.49995000000000006, -0.009298
23, 10.619999999999997, 2.1299999999999994, 0.5, 10.62105, 2.1299, 0.4999, -0.009293
23, 10.649999999999997, 2.1299999999999994, 0.5, 10.649, 2.13005, 0.5, -0.009251
23, 10.679999999999996, 2.1299999999999994, 0.5, 10.681, 2.1301, 0.49995000000000006, -0.009272
23, 10.709999999999996, 2.1299999999999994, 0.5, 10.710650000000001, 2.13005, 0.5001, -0.009298
23, 10.739999999999995, 2.1299999999999994, 0.5, 10.7405, 2.1299500000000005, 0.5001, -0.009272
23, 10.769999999999994, 2.1299999999999994, 0.5, 10.7706, 2.12985, 0.5001, -0.009225
23, 10.799999999999994, 2.1299999999999994, 0.5, 10.8007, 2.1299, 0.5001, -0.009287
23, 10.829999999999993, 2.1299999999999994, 0.5, 10.83025, 2.13015, 0.50015, -0.009277
23, 10.859999999999992, 2.1299999999999994, 0.5, 10.860850000000001, 2.13005, 0.5, -0.009277
23, 10.859999999999992, 2.0999999999999996, 0.5, 10.86105, 2.1009, 0.49995000000000006, -0.009277
23, 10.859999999999992, 2.07, 0.5, 10.858300000000002, 2.07015, 0.4999, -0.009246
23, 10.859999999999992, 2.04, 0.5, 10.86105, 2.0403000000000002, 0.4999, -0.009298
23, 10.859999999999992, 2.0100000000000002, 0.5, 10.857050000000001, 2.0105, 0.5, -0.00923
23, 10.859999999999992, 1.9800000000000002, 0.5, 10.8612, 1.97985, 0.5, -0.009256
23, 10.859999999999992, 1.9500000000000002, 0.5, 10.860850000000001, 1.9500500000000003, 0.5, -0.009256
23, 10.859999999999992, 1.9200000000000002, 0.5, 10.858300000000002, 1.9193000000000002, 0.5, -0.009282
23, 10.859999999999992, 1.8900000000000001, 0.5, 10.859650000000002, 1.8895, 0.5, -0.009272
23, 10.859999999999992, 1.86, 0.5, 10.8633, 1.8592, 0.5, -0.009282
23, 10.859999999999992, 1.83, 0.5, 10.857400000000002, 1.8301500000000002, 0.50005, -0.009235
23, 10.859999999999992, 1.8, 0.5, 10.8603, 1.7995500000000002, 0.5001, -0.009235
23, 10.859999999999992, 1.77, 0.5, 10.86, 1.7701000000000002, 0.5, -0.00923
23, 10.859999999999992, 1.74, 0.5, 10.862150000000002, 1.7388500000000002, 0.5, -0.009298
23, 10.859999999999992, 1.71, 0.5, 10.861, 1.71045, 0.5, -0.009256
23, 10.859999999999992, 1.68, 0.5, 10.8606, 1.6805, 0.49995000000000006, -0.009241
23, 10.859999999999992, 1.65, 0.5, 10.859050000000002, 1.6502000000000001, 0.5, -0.009251
23, 10.859999999999992, 1.6199999999999999, 0.5, 10.86105, 1.6199000000000001, 0.5, -0.009261
23, 10.859999999999992, 1.5899999999999999, 0.5, 10.86185, 1.5896000000000001, 0.5, -0.009251
23, 10.859999999999992, 1.5599999999999998, 0.5, 10.858450000000001, 1.5600500000000002, 0.5, -0.009277
23, 10.859999999999992, 1.5299999999999998, 0.5, 10.859300000000001, 1.52975, 0.5, -0.009272
23, 10.859999999999992, 1.4999999999999998, 0.5, 10.8603, 1.5001000000000002, 0.50005, -0.009246
23, 10.859999999999992, 1.4699999999999998, 0.5, 10.862150000000002, 1.4695500000000001, 0.50005, -0.00923
23, 10.859999999999992, 1.4399999999999997, 0.5, 10.86175, 1.4395, 0.50005, -0.009272
24, 10.829999999999993, 1.4399999999999997, 0.5, 10.830300000000001, 1.4395, 0.5, -0.009287
24, 10.799999999999994, 1.4399999999999997, 0.5, 10.800300000000002, 1.4399000000000002, 0.50005, -0.009287
24, 10.769999999999994, 1.4399999999999997, 0.5, 10.77035, 1.4400500000000003, 0.50005, -0.009314
24, 10.739999999999995, 1.4399999999999997, 0.5, 10.7391, 1.44025, 0.5, -0.009235
24, 10.709999999999996, 1.4399999999999997, 0.5, 10.7087, 1.43995, 0.5, -0.009246
24, 10.679999999999996, 1.4399999999999997, 0.5, 10.678650000000001, 1.4398000000000002, 0.49995000000000006, -0.009225
24, 10.649999999999997, 1.4399999999999997, 0.5, 10.648900000000001, 1.44025, 0.49995000000000006, -0.009241
24, 10.619999999999997, 1.4399999999999997, 0.5, 10.6193, 1.4403000000000001, 0.49995000000000006, -0.009251
24, 10.589999999999998, 1.4399999999999997, 0.5, 10.59035, 1.4397, 0.5, -0.009267
24, 10.559999999999999, 1.4399999999999997, 0.5, 10.55975, 1.4396000000000002, 0.5, -0.009246
24, 10.53, 1.4399999999999997, 0.5, 10.529050000000002, 1.44, 0.5, -0.009235
24, 10.5, 1.4399999999999997, 0.5, 10.499550000000001, 1.44025, 0.50005, -0.009282
24, 10.47, 1.4399999999999997, 0.5, 10.46915, 1.4399000000000002, 0.50005, -0.009241
24, 10.440000000000001, 1.4399999999999997, 0.5, 10.439800000000002, 1.43965, 0.50005, -0.00923
24, 10.410000000000002, 1.4399999999999997, 0.5, 10.40985, 1.44025, 0.50005, -0.009251
24, 10.380000000000003, 1.4399999999999997, 0.5, 10.3793, 1.4403500000000002, 0.5, -0.009241
24, 10.350000000000003, 1.4399999999999997, 0.5, 10.35, 1.43975, 0.49995000000000006, -0.009298
24, 10.320000000000004, 1.4399999999999997, 0.5, 10.31925, 1.4400500000000003, 0.4999, -0.009287
24, 10.290000000000004, 1.4399999999999997, 0.5, 10.288900000000002, 1.4402000000000001, 0.49995000000000006, -0.009287
24, 10.260000000000005, 1.4399999999999997, 0.5, 10.25965, 1.43975, 0.49995000000000006, -0.009251
24, 10.230000000000006, 1.4399999999999997, 0.5, 10.2299, 1.4398000000000002, 0.50005, -0.009282
24, 10.200000000000006, 1.4399999999999997, 0.5, 10.199200000000001, 1.44015, 0.50015, -0.009298
24, 10.170000000000007, 1.4399999999999997, 0.5, 10.170350000000001, 1.4402000000000001, 0.50015, -0.009251
24, 10.140000000000008, 1.4399999999999997, 0.5, 10.1386, 1.4401000000000002, 0.50015, -0.009251
24, 10.140000000000008, 1.4699999999999998, 0.5, 10.138300000000001, 1.4691500000000002, 0.50005, -0.009287
24, 10.140000000000008, 1.4999999999999998, 0.5, 10.1408, 1.50045, 0.5, -0.009261
24, 10.140000000000008, 1.5299999999999998, 0.5, 10.1387, 1.5306000000000002, 0.49995000000000006, -0.009251
24, 10.140000000000008, 1.5599999999999998, 0.5, 10.13995, 1.5604500000000001, 0.49995000000000006, -0.009303
24, 10.140000000000008, 1.5899999999999999, 0.5, 10.142050000000001, 1.5898, 0.49995000000000006, -0.009282
24, 10.140000000000008, 1.6199999999999999, 0.5, 10.140400000000001, 1.6198000000000001, 0.5, -0.009241
24, 10.140000000000008, 1.65, 0.5, 10.14025, 1.65015, 0.50005, -0.009308
24, 10.140000000000008, 1.68, 0.5, 10.13855, 1.67975, 0.50005, -0.009246
24, 10.140000000000008, 1.71, 0.5, 10.138900000000001, 1.70995, 0.5, -0.009298
24, 10.140000000000008, 1.74, 0.5, 10.139850000000001, 1.73995, 0.5, -0.009282
24, 10.140000000000008, 1.77, 0.5, 10.13915, 1.76945, 0.5, -0.009241
24, 10.140000000000008, 1.8, 0.5, 10.1377, 1.7999, 0.49995000000000006, -0.009282
24, 10.140000000000008, 1.83, 0.5, 10.140600000000001, 1.82995, 0.49995000000000006, -0.009241
24, 10.140000000000008, 1.86, 0.5, 10.1415, 1.8598500000000002, 0.5001, -0.009241
24, 10.140000000000008, 1.8900000000000001, 0.5, 10.139400000000002, 1.88975, 0.50005, -0.00922
24, 10.140000000000008, 1.9200000000000002, 0.5, 10.139400000000002, 1.9201000000000001, 0.49995000000000006, -0.009277
24, 10.140000000000008, 1.9500000000000002, 0.5, 10.137900000000002, 1.9504000000000001, 0.49995000000000006, -0.009246
24, 10.140000000000008, 1.9800000000000002, 0.5, 10.138900000000001, 1.98045, 0.5, -0.009246
24, 10.140000000000008, 2.0100000000000002, 0.5, 10.140300000000002, 2.0097, 0.5, -0.009225
24, 10.140000000000008, 2.04, 0.5, 10.137550000000001, 2.04155, 0.5, -0.009246
24, 10.140000000000008, 2.07, 0.5, 10.140550000000001, 2.0695, 0.5, -0.009298
24, 10.140000000000008, 2.0999999999999996, 0.5, 10.1366, 2.0995, 0.5, -0.009256
24, 10.140000000000008, 2.1299999999999994, 0.5, 10.144350000000001, 2.12925, 0.5, -0.009298
24, 10.140000000000008, 2.1599999999999993, 0.5, 10.138050000000002, 2.1603000000000003, 0.5, -0.009287
25, 10.170000000000007, 2.1599999999999993, 0.5, 10.170950000000001, 2.1604, 0.50005, -0.009272
25, 10.200000000000006, 2.1599999999999993, 0.5, 10.199950000000001, 2.15905, 0.50005, -0.009272
25, 10.230000000000006, 2.1599999999999993, 0.5, 10.230300000000002, 2.1603499999999998, 0.50005, -0.009225
25, 10.260000000000005, 2.1599999999999993, 0.5, 10.26045, 2.15985, 0.5, -0.009225
25, 10.290000000000004, 2.1599999999999993, 0.5, 10.29025, 2.1604, 0.5, -0.009235
25, 10.320000000000004, 2.1599999999999993, 0.5, 10.321, 2.1594, 0.49995000000000006, -0.009241
25, 10.350000000000003, 2.1599999999999993, 0.5, 10.3505, 2.1605, 0.49995000000000006, -0.009235
25, 10.380000000000003, 2.1599999999999993, 0.5, 10.381300000000001, 2.1594, 0.4999, -0.009235
25, 10.410000000000002, 2.1599999999999993, 0.5, 10.410800000000002, 2.1604500000000004, 0.49995000000000006, -0.009298
25, 10.440000000000001, 2.1599999999999993, 0.5, 10.44075, 2.1594, 0.49995000000000006, -0.009256
25, 10.47, 2.1599999999999993, 0.5, 10.47005, 2.1595500000000003, 0.4999, -0.009267
25, 10.5, 2.1599999999999993, 0.5, 10.49975, 2.1606, 0.49995000000000006, -0.009303
25, 10.53, 2.1599999999999993, 0.5, 10.52925, 2.16055, 0.49995000000000006, -0.009287
25, 10.559999999999999, 2.1599999999999993, 0.5, 10.560400000000001, 2.1595999999999997, 0.50005, -0.009293
25, 10.589999999999998, 2.1599999999999993, 0.5, 10.589900000000002, 2.1605, 0.5001, -0.009298
25, 10.619999999999997, 2.1599999999999993, 0.5, 10.621, 2.15935, 0.5001, -0.009293
25, 10.649999999999997, 2.1599999999999993, 0.5, 10.65055, 2.16, 0.5, -0.009235
25, 10.679999999999996, 2.1599999999999993, 0.5, 10.680650000000002, 2.1599500000000003, 0.5, -0.009293
25, 10.709999999999996, 2.1599999999999993, 0.5, 10.71035, 2.1598, 0.5, -0.009246
25, 10.739999999999995, 2.1599999999999993, 0.5, 10.73935, 2.1602, 0.5, -0.009235
25, 10.769999999999994, 2.1599999999999993, 0.5, 10.770550000000002, 2.1599, 0.5, -0.009293
25, 10.799999999999994, 2.1599999999999993, 0.5, 10.80005, 2.15975, 0.5, -0.009225
25, 10.829999999999993, 2.1599999999999993, 0.5, 10.830350000000001, 2.1601, 0.4999, -0.009277
25, 10.859999999999992, 2.1599999999999993, 0.5, 10.859650000000002, 2.16025, 0.4999, -0.009256
25, 10.889999999999992, 2.1599999999999993, 0.5, 10.89095, 2.1601500000000002, 0.49985, -0.009235
25, 10.889999999999992, 2.1299999999999994, 0.5, 10.89325, 2.13035, 0.4999, -0.009256
25, 10.889999999999992, 2.0999999999999996, 0.5, 10.890450000000001, 2.10015, 0.5, -0.009282
25, 10.889999999999992, 2.07, 0.5, 10.887900000000002, 2.0701, 0.50005, -0.009272
25, 10.889999999999992, 2.04, 0.5, 10.8902, 2.03955, 0.50005, -0.009282
25, 10.889999999999992, 2.0100000000000002, 0.5, 10.8902, 2.01, 0.50005, -0.009272
25, 10.889999999999992, 1.9800000000000002, 0.5, 10.892800000000001, 1.97975, 0.49995000000000006, -0.009293
25, 10.889999999999992, 1.9500000000000002, 0.5, 10.89065, 1.9504000000000001, 0.49995000000000006, -0.009246
25, 10.889999999999992, 1.9200000000000002, 0.5, 10.88995, 1.9198000000000002, 0.4999, -0.009277
25, 10.889999999999992, 1.8900000000000001, 0.5, 10.89, 1.8898000000000001, 0.5, -0.009225
25, 10.889999999999992, 1.86, 0.5, 10.8901, 1.86, 0.5001, -0.009261
25, 10.889999999999992, 1.83, 0.5, 10.89, 1.83075, 0.50015, -0.009246
25, 10.889999999999992, 1.8, 0.5, 10.89025, 1.7998000000000003, 0.50015, -0.009251
25, 10.889999999999992, 1.77, 0.5, 10.8923, 1.77035, 0.5, -0.009298
25, 10.889999999999992, 1.74, 0.5, 10.888200000000001, 1.74065, 0.5, -0.009261
25, 10.889999999999992, 1.71, 0.5, 10.89185, 1.71035, 0.49995000000000006, -0.009282
25, 10.889999999999992, 1.68, 0.5, 10.8932, 1.6795, 0.49995000000000006, -0.009293
25, 10.889999999999992, 1.65, 0.5, 10.88495, 1.6508000000000003, 0.50005, -0.009251
25, 10.889999999999992, 1.6199999999999999, 0.5, 10.8914, 1.61995, 0.50005, -0.009235
25, 10.889999999999992, 1.5899999999999999, 0.5, 10.89075, 1.58975, 0.50005, -0.009235
25, 10.889999999999992, 1.5599999999999998, 0.5, 10.888050000000002, 1.55975, 0.5, -0.009272
25, 10.889999999999992, 1.5299999999999998, 0.5, 10.891900000000001, 1.5299500000000001, 0.5, -0.009241
25, 10.889999999999992, 1.4999999999999998, 0.5, 10.88995, 1.50025, 0.49995000000000006, -0.009282
25, 10.889999999999992, 1.4699999999999998, 0.5, 10.8878, 1.46985, 0.49995000000000006, -0.009277
25, 10.889999999999992, 1.4399999999999997, 0.5, 10.8902, 1.4399000000000002, 0.5, -0.009225
25, 10.889999999999992, 1.4099999999999997, 0.5, 10.889650000000001, 1.41015, 0.5, -0.009235
26, 10.859999999999992, 1.4099999999999997, 0.5, 10.86135, 1.4093000000000002, 0.5001, -0.009246
26, 10.829999999999993, 1.4099999999999997, 0.5, 10.8292, 1.41015, 0.50005, -0.009277
26, 10.799999999999994, 1.4099999999999997, 0.5, 10.800400000000002, 1.41015, 0.50005, -0.009282
26, 10.769999999999994, 1.4099999999999997, 0.5, 10.770700000000001, 1.4100500000000002, 0.50005, -0.009241
26, 10.739999999999995, 1.4099999999999997, 0.5, 10.74025, 1.4099000000000002, 0.5, -0.00923
26, 10.709999999999996, 1.4099999999999997, 0.5, 10.7101, 1.40995, 0.49995000000000006, -0.009293
26, 10.679999999999996, 1.4099999999999997, 0.5, 10.6801, 1.40995, 0.49995000000000006, -0.009272
26, 10.649999999999997, 1.4099999999999997, 0.5, 10.64935, 1.4100500000000002, 0.49995000000000006, -0.009282
26, 10.619999999999997, 1.4099999999999997, 0.5, 10.619200000000001, 1.4100500000000002, 0.5, -0.009277
26, 10.589999999999998, 1.4099999999999997, 0.5, 10.59055, 1.4100500000000002, 0.49995000000000006, -0.009287
26, 10.559999999999999, 1.4099999999999997, 0.5, 10.5599, 1.4100500000000002, 0.49995000000000006, -0.009293
26, 10.53, 1.4099999999999997, 0.5, 10.5291, 1.4099000000000002, 0.50015, -0.009267
26, 10.5, 1.4099999999999997, 0.5, 10.4997, 1.4099000000000002, 0.50015, -0.009282
26, 10.47, 1.4099999999999997, 0.5, 10.469800000000001, 1.41, 0.50015, -0.009293
26, 10.440000000000001, 1.4099999999999997, 0.5, 10.440050000000001, 1.40995, 0.5001, -0.009241
26, 10.410000000000002, 1.4099999999999997, 0.5, 10.410350000000001, 1.41, 0.50005, -0.009256
26, 10.380000000000003, 1.4099999999999997, 0.5, 10.378900000000002, 1.4101000000000001, 0.5, -0.009241
26, 10.350000000000003, 1.4099999999999997, 0.5, 10.34955, 1.4100500000000002, 0.5, -0.009303
26, 10.320000000000004, 1.4099999999999997, 0.5, 10.319450000000002, 1.4100500000000002, 0.49995000000000006, -0.009308
26, 10.290000000000004, 1.4099999999999997, 0.5, 10.289550000000002, 1.4099000000000002, 0.49995000000000006, -0.009251
26, 10.260000000000005, 1.4099999999999997, 0.5, 10.25995, 1.4099000000000002, 0.49995000000000006, -0.009272
26, 10.230000000000006, 1.4099999999999997, 0.5, 10.229650000000001, 1.40995, 0.5, -0.009235
26, 10.200000000000006, 1.4099999999999997, 0.5, 10.20095, 1.41, 0.5, -0.009267
26, 10.170000000000007, 1.4099999999999997, 0.5, 10.170150000000001, 1.4100500000000002, 0.5, -0.009246
26, 10.140000000000008, 1.4099999999999997, 0.5, 10.138950000000001, 1.4100500000000002, 0.5, -0.009235
26, 10.110000000000008, 1.4099999999999997, 0.5, 10.110850000000001, 1.4100500000000002, 0.5, -0.00923
26, 10.110000000000008, 1.4399999999999997, 0.5, 10.108150000000002, 1.4394500000000001, 0.5, -0.009267
26, 10.110000000000008, 1.4699999999999998, 0.5, 10.1087, 1.4703000000000002, 0.5, -0.009256
26, 10.110000000000008, 1.4999999999999998, 0.5, 10.1111, 1.5005, 0.5, -0.009282
26, 10.110000000000008, 1.5299999999999998, 0.5, 10.109800000000002, 1.52975, 0.5, -0.009246
26, 10.110000000000008, 1.5599999999999998, 0.5, 10.107700000000001, 1.5604500000000001, 0.5001, -0.009287
26, 10.110000000000008, 1.5899999999999999, 0.5, 10.10945, 1.5901, 0.5001, -0.009225
26, 10.110000000000008, 1.6199999999999999, 0.5, 10.1102, 1.6200500000000002, 0.49995000000000006, -0.009293
26, 10.110000000000008, 1.65, 0.5, 10.10735, 1.6500500000000002, 0.5, -0.009241
26, 10.110000000000008, 1.68, 0.5, 10.11325, 1.6801000000000001, 0.49995000000000006, -0.009303
26, 10.110000000000008, 1.71, 0.5, 10.110800000000001, 1.71015, 0.49995000000000006, -0.009282
26, 10.110000000000008, 1.74, 0.5, 10.108450000000001, 1.7399, 0.5, -0.009241
26, 10.110000000000008, 1.77, 0.5, 10.112300000000001, 1.7703000000000002, 0.49995000000000006, -0.009267
26, 10.110000000000008, 1.8, 0.5, 10.1091, 1.80085, 0.50005, -0.00923
26, 10.110000000000008, 1.83, 0.5, 10.10685, 1.83125, 0.5001, -0.009267
26, 10.110000000000008, 1.86, 0.5, 10.110050000000001, 1.8598500000000002, 0.5001, -0.009246
26, 10.110000000000008, 1.8900000000000001, 0.5, 10.11095, 1.8905500000000002, 0.50005, -0.009287
26, 10.110000000000008, 1.9200000000000002, 0.5, 10.11175, 1.92025, 0.4999, -0.009235
26, 10.110000000000008, 1.9500000000000002, 0.5, 10.10865, 1.9503000000000001, 0.49995000000000006, -0.009241
26, 10.110000000000008, 1.9800000000000002, 0.5, 10.11275, 1.9803000000000002, 0.5, -0.009235
26, 10.110000000000008, 2.0100000000000002, 0.5, 10.109650000000002, 2.00965, 0.50005, -0.009272
26, 10.110000000000008, 2.04, 0.5, 10.110650000000001, 2.03975, 0.50005, -0.009277
26, 10.110000000000008, 2.07, 0.5, 10.108600000000001, 2.0698499999999997, 0.4999, -0.009272
26, 10.110000000000008, 2.0999999999999996, 0.5, 10.10945, 2.1005, 0.49995000000000006, -0.009282
26, 10.110000000000008, 2.1299999999999994, 0.5, 10.10985, 2.1290500000000003, 0.5, -0.009261
26, 10.110000000000008, 2.1599999999999993, 0.5, 10.112400000000001, 2.15985, 0.5, -0.009241
26, 10.110000000000008, 2.189999999999999, 0.5, 10.10875, 2.1894, 0.5001, -0.009298
27, 10.140000000000008, 2.189999999999999, 0.5, 10.139850000000001, 2.1903, 0.5001, -0.009246
27, 10.170000000000007, 2.189999999999999, 0.5, 10.169900000000002, 2.1903, 0.50005, -0.009261
27, 10.200000000000006, 2.189999999999999, 0.5, 10.19985, 2.18935, 0.5, -0.009287
27, 10.230000000000006, 2.189999999999999, 0.5, 10.2306, 2.1902000000000004, 0.49995000000000006, -0.009246
27, 10.260000000000005, 2.189999999999999, 0.5, 10.25995, 2.18995, 0.4999, -0.009298
27, 10.290000000000004, 2.189999999999999, 0.5, 10.28985, 2.18965, 0.4999, -0.009287
27, 10.320000000000004, 2.189999999999999, 0.5, 10.3198, 2.1900500000000003, 0.4999, -0.009293
27, 10.350000000000003, 2.189999999999999, 0.5, 10.35075, 2.1902000000000004, 0.4999, -0.009282
27, 10.380000000000003, 2.189999999999999, 0.5, 10.379900000000001, 2.19, 0.49995000000000006, -0.009287
27, 10.410000000000002, 2.189999999999999, 0.5, 10.4113, 2.1896, 0.49995000000000006, -0.009251
27, 10.440000000000001, 2.189999999999999, 0.5, 10.4412, 2.1903, 0.5, -0.009287
27, 10.47, 2.189999999999999, 0.5, 10.471050000000002, 2.1903, 0.5, -0.009298
27, 10.5, 2.189999999999999, 0.5, 10.499550000000001, 2.19015, 0.5, -0.009261
27, 10.53, 2.189999999999999, 0.5, 10.52925, 2.1895, 0.50005, -0.009282
27, 10.559999999999999, 2.189999999999999, 0.5, 10.5606, 2.19015, 0.5001, -0.009287
27, 10.589999999999998, 2.189999999999999, 0.5, 10.590300000000001, 2.1903, 0.5001, -0.009241
27, 10.619999999999997, 2.189999999999999, 0.5, 10.6203, 2.1898, 0.50005, -0.009277
27, 10.649999999999997, 2.189999999999999, 0.5, 10.649700000000001, 2.1896, 0.49995000000000006, -0.009235
27, 10.679999999999996, 2.189999999999999, 0.5, 10.680650000000002, 2.1902000000000004, 0.49995000000000006, -0.009241
27, 10.709999999999996, 2.189999999999999, 0.5, 10.710650000000001, 2.1900500000000003, 0.4999, -0.009261
27, 10.739999999999995, 2.189999999999999, 0.5, 10.741100000000001, 2.1898, 0.4999, -0.009282
27, 10.769999999999994, 2.189999999999999, 0.5, 10.77045, 2.18965, 0.4999, -0.009225
27, 10.799999999999994, 2.189999999999999, 0.5, 10.800650000000001, 2.1900999999999997, 0.49995000000000006, -0.009267
27, 10.829999999999993, 2.189999999999999, 0.5, 10.8306, 2.19015, 0.49995000000000006, -0.009235
27, 10.859999999999992, 2.189999999999999, 0.5, 10.8597, 2.18985, 0.5, -0.009235
27, 10.889999999999992, 2.189999999999999, 0.5, 10.89065, 2.1897, 0.49995000000000006, -0.009261
27, 10.919999999999991, 2.189999999999999, 0.5, 10.920050000000002, 2.1900999999999997, 0.5, -0.009282
27, 10.919999999999991, 2.1599999999999993, 0.5, 10.91975, 2.1611, 0.5, -0.009235
27, 10.919999999999991, 2.1299999999999994, 0.5, 10.9234, 2.13005, 0.50005, -0.009225
27, 10.919999999999991, 2.0999999999999996, 0.5, 10.9182, 2.1003499999999997, 0.50005, -0.009272
27, 10.919999999999991, 2.07, 0.5, 10.920900000000001, 2.0701, 0.50005, -0.00922
27, 10.919999999999991, 2.04, 0.5, 10.918, 2.04025, 0.50005, -0.009303
27, 10.919999999999991, 2.0100000000000002, 0.5, 10.9183, 2.01015, 0.4999, -0.009277
27, 10.919999999999991, 1.9800000000000002, 0.5, 10.92145, 1.98035, 0.4999, -0.009235
27, 10.919999999999991, 1.9500000000000002, 0.5, 10.922, 1.9489, 0.49995000000000006, -0.009225
27, 10.919999999999991, 1.9200000000000002, 0.5, 10.91905, 1.91955, 0.5, -0.009214
27, 10.919999999999991, 1.8900000000000001, 0.5, 10.920050000000002, 1.8897, 0.5, -0.009287
27, 10.919999999999991, 1.86, 0.5, 10.923200000000001, 1.85995, 0.49995000000000006, -0.009272
27, 10.919999999999991, 1.83, 0.5, 10.920150000000001, 1.83, 0.5001, -0.009235
27, 10.919999999999991, 1.8, 0.5, 10.92045, 1.7998000000000003, 0.50005, -0.009241
27, 10.919999999999991, 1.77, 0.5, 10.9205, 1.7703000000000002, 0.49995000000000006, -0.009256
27, 10.919999999999991, 1.74, 0.5, 10.920950000000001, 1.73925, 0.49995000000000006, -0.00922
27, 10.919999999999991, 1.71, 0.5, 10.922, 1.7102, 0.4999, -0.009246
27, 10.919999999999991, 1.68, 0.5, 10.9176, 1.6808, 0.49995000000000006, -0.009246
27, 10.919999999999991, 1.65, 0.5, 10.9201, 1.6508000000000003, 0.50005, -0.009235
27, 10.919999999999991, 1.6199999999999999, 0.5, 10.92125, 1.61995, 0.5001, -0.00923
27, 10.919999999999991, 1.5899999999999999, 0.5, 10.9182, 1.5898, 0.5001, -0.009277
27, 10.919999999999991, 1.5599999999999998, 0.5, 10.922, 1.5599, 0.5001, -0.009246
27, 10.919999999999991, 1.5299999999999998, 0.5, 10.921050000000001, 1.53, 0.5, -0.009225
27, 10.919999999999991, 1.4999999999999998, 0.5, 10.92375, 1.4997, 0.5, -0.009235
27, 10.919999999999991, 1.4699999999999998, 0.5, 10.920650000000002, 1.4701000000000002, 0.49995000000000006, -0.009241
27, 10.919999999999991, 1.4399999999999997, 0.5, 10.9234, 1.4395, 0.49995000000000006, -0.009251
27, 10.919999999999991, 1.4099999999999997, 0.5, 10.918050000000001, 1.4103500000000002, 0.5, -0.009256
27, 10.919999999999991, 1.3799999999999997, 0.5, 10.9205, 1.37945, 0.49995000000000006, -0.009246
28, 10.889999999999992, 1.3799999999999997, 0.5, 10.8896, 1.38025, 0.50005, -0.00922
28, 10.859999999999992, 1.3799999999999997, 0.5, 10.860050000000001, 1.38045, 0.50005, -0.009256
28, 10.829999999999993, 1.3799999999999997, 0.5, 10.83045, 1.37965, 0.5001, -0.009293
28, 10.799999999999994, 1.3799999999999997, 0.5, 10.799700000000001, 1.37995, 0.50005, -0.009267
28, 10.769999999999994, 1.3799999999999997, 0.5, 10.770050000000001, 1.3803500000000002, 0.5001, -0.009246
28, 10.739999999999995, 1.3799999999999997, 0.5, 10.7395, 1.3797000000000001, 0.5, -0.009241
28, 10.709999999999996, 1.3799999999999997, 0.5, 10.709800000000001, 1.37975, 0.5, -0.009251
28, 10.679999999999996, 1.3799999999999997, 0.5, 10.6805, 1.3804, 0.5, -0.009287
28, 10.649999999999997, 1.3799999999999997, 0.5, 10.64995, 1.38045, 0.50005, -0.009235
28, 10.619999999999997, 1.3799999999999997, 0.5, 10.619650000000002, 1.37965, 0.49995000000000006, -0.009241
28, 10.589999999999998, 1.3799999999999997, 0.5, 10.5895, 1.3802, 0.49995000000000006, -0.009287
28, 10.559999999999999, 1.3799999999999997, 0.5, 10.56005, 1.3803500000000002, 0.49995000000000006, -0.009225
28, 10.53, 1.3799999999999997, 0.5, 10.531, 1.3798500000000002, 0.5, -0.009241
28, 10.5, 1.3799999999999997, 0.5, 10.499300000000002, 1.3799000000000001, 0.49995000000000006, -0.009225
28, 10.47, 1.3799999999999997, 0.5, 10.4701, 1.3802, 0.5, -0.009241
28, 10.440000000000001, 1.3799999999999997, 0.5, 10.439900000000002, 1.38025, 0.5, -0.009272
28, 10.410000000000002, 1.3799999999999997, 0.5, 10.409600000000001, 1.3798500000000002, 0.50005, -0.009241
28, 10.380000000000003, 1.3799999999999997, 0.5, 10.379900000000001, 1.3798500000000002, 0.50005, -0.00923
28, 10.350000000000003, 1.3799999999999997, 0.5, 10.349950000000002, 1.3798000000000001, 0.5001, -0.009267
28, 10.320000000000004, 1.3799999999999997, 0.5, 10.3211, 1.3800500000000002, 0.50005, -0.009287
28, 10.290000000000004, 1.3799999999999997, 0.5, 10.2905, 1.38025, 0.50005, -0.009235
28, 10.260000000000005, 1.3799999999999997, 0.5, 10.25995, 1.3802, 0.5001, -0.009256
28, 10.230000000000006, 1.3799999999999997, 0.5, 10.22925, 1.3798000000000001, 0.5, -0.009277
28, 10.200000000000006, 1.3799999999999997, 0.5, 10.19975, 1.3799000000000001, 0.5, -0.009241
28, 10.170000000000007, 1.3799999999999997, 0.5, 10.1691, 1.38025, 0.5, -0.009261
28, 10.140000000000008, 1.3799999999999997, 0.5, 10.13855, 1.3802, 0.5, -0.009282
28, 10.110000000000008, 1.3799999999999997, 0.5, 10.110550000000002, 1.37975, 0.49995000000000006, -0.009251
28, 10.080000000000009, 1.3799999999999997, 0.5, 10.07965, 1.38025, 0.49995000000000006, -0.009235
28, 10.080000000000009, 1.4099999999999997, 0.5, 10.0783, 1.40955, 0.5, -0.009303
28, 10.080000000000009, 1.4399999999999997, 0.5, 10.0816, 1.4396000000000002, 0.49995000000000006, -0.009298
28, 10.080000000000009, 1.4699999999999998, 0.5, 10.08135, 1.4696500000000001, 0.5, -0.009261
28, 10.080000000000009, 1.4999999999999998, 0.5, 10.07775, 1.50025, 0.50005, -0.00923
28, 10.080000000000009, 1.5299999999999998, 0.5, 10.077950000000001, 1.53035, 0.5001, -0.009277
28, 10.080000000000009, 1.5599999999999998, 0.5, 10.082600000000001, 1.5593500000000002, 0.49995000000000006, -0.009298
28, 10.080000000000009, 1.5899999999999999, 0.5, 10.08075, 1.58945, 0.49995000000000006, -0.00923
28, 10.080000000000009, 1.6199999999999999, 0.5, 10.07905, 1.61965, 0.49995000000000006, -0.009246
28, 10.080000000000009, 1.65, 0.5, 10.079300000000002, 1.65075, 0.5, -0.009261
28, 10.080000000000009, 1.68, 0.5, 10.081550000000002, 1.67995, 0.5, -0.009293
28, 10.080000000000009, 1.71, 0.5, 10.078650000000001, 1.7093500000000001, 0.5, -0.009241
28, 10.080000000000009, 1.74, 0.5, 10.08225, 1.7401000000000002, 0.49995000000000006, -0.009282
28, 10.080000000000009, 1.77, 0.5, 10.07905, 1.7698500000000001, 0.5, -0.009225
28, 10.080000000000009, 1.8, 0.5, 10.07755, 1.80095, 0.5, -0.009261
28, 10.080000000000009, 1.83, 0.5, 10.07815, 1.8306000000000002, 0.50005, -0.009287
28, 10.080000000000009, 1.86, 0.5, 10.080200000000001, 1.86025, 0.50005, -0.009282
28, 10.080000000000009, 1.8900000000000001, 0.5, 10.081100000000001, 1.8905500000000002, 0.5, -0.009235
28, 10.080000000000009, 1.9200000000000002, 0.5, 10.078100000000001, 1.91995, 0.5, -0.009282
28, 10.080000000000009, 1.9500000000000002, 0.5, 10.0815, 1.9498000000000002, 0.49995000000000006, -0.009241
28, 10.080000000000009, 1.9800000000000002, 0.5, 10.079, 1.9795, 0.4999, -0.009282
28, 10.080000000000009, 2.0100000000000002, 0.5, 10.0792, 2.00995, 0.49995000000000006, -0.009235
28, 10.080000000000009, 2.04, 0.5, 10.0815, 2.04015, 0.49995000000000006, -0.009277
28, 10.080000000000009, 2.07, 0.5, 10.0775, 2.0705500000000003, 0.50005, -0.009298
28, 10.080000000000009, 2.0999999999999996, 0.5, 10.07925, 2.1010999999999997, 0.5, -0.009277
28, 10.080000000000009, 2.1299999999999994, 0.5, 10.078050000000001, 2.1301, 0.5001, -0.009298
28, 10.080000000000009, 2.1599999999999993, 0.5, 10.07845, 2.1604, 0.50005, -0.009246
28, 10.080000000000009, 2.189999999999999, 0.5, 10.07695, 2.19035, 0.49995000000000006, -0.009282
28, 10.080000000000009, 2.219999999999999, 0.5, 10.0815, 2.2199500000000003, 0.4999, -0.009287
29, 10.110000000000008, 2.219999999999999, 0.5, 10.111150000000002, 2.2201, 0.49995000000000006, -0.009256
29, 10.140000000000008, 2.219999999999999, 0.5, 10.14035, 2.2201, 0.49995000000000006, -0.009246
29, 10.170000000000007, 2.219999999999999, 0.5, 10.17175, 2.2201, 0.49995000000000006, -0.009225
29, 10.200000000000006, 2.219999999999999, 0.5, 10.200550000000002, 2.2199, 0.50015, -0.009246
29, 10.230000000000006, 2.219999999999999, 0.5, 10.230300000000002, 2.21985, 0.50015, -0.009241
29, 10.260000000000005, 2.219999999999999, 0.5, 10.2596, 2.2199500000000003, 0.49995000000000006, -0.009308
29, 10.290000000000004, 2.219999999999999, 0.5, 10.29, 2.2199500000000003, 0.4999, -0.009251
29, 10.320000000000004, 2.219999999999999, 0.5, 10.319650000000001, 2.22005, 0.4999, -0.009235
29, 10.350000000000003, 2.219999999999999, 0.5, 10.3503, 2.2201, 0.49995000000000006, -0.009241
29, 10.380000000000003, 2.219999999999999, 0.5, 10.381, 2.22, 0.49995000000000006, -0.009282
29, 10.410000000000002, 2.219999999999999, 0.5, 10.41025, 2.21985, 0.49995000000000006, -0.009241
29, 10.440000000000001, 2.219999999999999, 0.5, 10.439900000000002, 2.2199500000000003, 0.5001, -0.009293
29, 10.47, 2.219999999999999, 0.5, 10.47, 2.22005, 0.5001, -0.009298
29, 10.5, 2.219999999999999, 0.5, 10.49975, 2.22005, 0.5001, -0.009282
29, 10.53, 2.219999999999999, 0.5, 10.529, 2.2201, 0.5001, -0.009256
29, 10.559999999999999, 2.219999999999999, 0.5, 10.561050000000002, 2.22005, 0.50005, -0.009246
29, 10.589999999999998, 2.219999999999999, 0.5, 10.590050000000002, 2.2199500000000003, 0.49995000000000006, -0.009319
29, 10.619999999999997, 2.219999999999999, 0.5, 10.6212, 2.2199500000000003, 0.49995000000000006, -0.009282
29, 10.649999999999997, 2.219999999999999, 0.5, 10.65075, 2.2199500000000003, 0.4999, -0.009287
29, 10.679999999999996, 2.219999999999999, 0.5, 10.679050000000002, 2.22005, 0.4999, -0.009293
29, 10.709999999999996, 2.219999999999999, 0.5, 10.71125, 2.2201, 0.49995000000000006, -0.009261
29, 10.739999999999995, 2.219999999999999, 0.5, 10.7407, 2.22005, 0.49995000000000006, -0.009241
29, 10.769999999999994, 2.219999999999999, 0.5, 10.7702, 2.2199500000000003, 0.49995000000000006, -0.009241
29, 10.799999999999994, 2.219999999999999, 0.5, 10.80025, 2.2199500000000003, 0.49995000000000006, -0.009298
29, 10.829999999999993, 2.219999999999999, 0.5, 10.830350000000001, 2.2199500000000003, 0.5, -0.009282
29, 10.859999999999992, 2.219999999999999, 0.5, 10.859300000000001, 2.2199500000000003, 0.49995000000000006, -0.009235
29, 10.889999999999992, 2.219999999999999, 0.5, 10.89065, 2.22005, 0.5, -0.009241
29, 10.919999999999991, 2.219999999999999, 0.5, 10.920050000000002, 2.22005, 0.50005, -0.009251
29, 10.94999999999999, 2.219999999999999, 0.5, 10.9505, 2.22005, 0.5001, -0.009303
29, 10.94999999999999, 2.189999999999999, 0.5, 10.95255, 2.19015, 0.50015, -0.009293
29, 10.94999999999999, 2.1599999999999993, 0.5, 10.952050000000002, 2.15925, 0.5, -0.009256
29, 10.94999999999999, 2.1299999999999994, 0.5, 10.954, 2.12955, 0.5, -0.009246
29, 10.94999999999999, 2.0999999999999996, 0.5, 10.9497, 2.0994, 0.5, -0.009282
29, 10.94999999999999, 2.07, 0.5, 10.951150000000002, 2.0701, 0.5, -0.009235
29, 10.94999999999999, 2.04, 0.5, 10.9525, 2.0388, 0.5, -0.009261
29, 10.94999999999999, 2.0100000000000002, 0.5, 10.949950000000001, 2.0102, 0.49995000000000006, -0.009308
29, 10.94999999999999, 1.9800000000000002, 0.5, 10.95125, 1.9801000000000002, 0.49995000000000006, -0.009256
29, 10.94999999999999, 1.9500000000000002, 0.5, 10.9501, 1.95, 0.5, -0.009235
29, 10.94999999999999, 1.9200000000000002, 0.5, 10.9487, 1.9199000000000002, 0.50005, -0.009287
29, 10.94999999999999, 1.8900000000000001, 0.5, 10.94975, 1.89, 0.5, -0.009287
29, 10.94999999999999, 1.86, 0.5, 10.952200000000001, 1.8601, 0.49995000000000006, -0.009298
29, 10.94999999999999, 1.83, 0.5, 10.949300000000001, 1.8301, 0.49995000000000006, -0.009246
29, 10.94999999999999, 1.8, 0.5, 10.94975, 1.7995, 0.49995000000000006, -0.009282
29, 10.94999999999999, 1.77, 0.5, 10.9525, 1.77035, 0.5001, -0.009287
29, 10.94999999999999, 1.74, 0.5, 10.95195, 1.7388500000000002, 0.5001, -0.00922
29, 10.94999999999999, 1.71, 0.5, 10.9488, 1.7104000000000001, 0.5, -0.009256
29, 10.94999999999999, 1.68, 0.5, 10.951450000000001, 1.6797, 0.5, -0.009241
29, 10.94999999999999, 1.65, 0.5, 10.952650000000002, 1.64965, 0.5, -0.009282
29, 10.94999999999999, 1.6199999999999999, 0.5, 10.95275, 1.61975, 0.50005, -0.009282
29, 10.94999999999999, 1.5899999999999999, 0.5, 10.9509, 1.59, 0.4999, -0.009251
29, 10.94999999999999, 1.5599999999999998, 0.5, 10.952800000000002, 1.5598500000000002, 0.49995000000000006, -0.009287
29, 10.94999999999999, 1.5299999999999998, 0.5, 10.94925, 1.52975, 0.49995000000000006, -0.009277
29, 10.94999999999999, 1.4999999999999998, 0.5, 10.94895, 1.4999, 0.5, -0.009272
29, 10.94999999999999, 1.4699999999999998, 0.5, 10.9517, 1.4698000000000002, 0.5, -0.009267
29, 10.94999999999999, 1.4399999999999997, 0.5, 10.951550000000001, 1.4396000000000002, 0.5, -0.009246
29, 10.94999999999999, 1.4099999999999997, 0.5, 10.95175, 1.41075, 0.5, -0.009261
29, 10.94999999999999, 1.3799999999999997, 0.5, 10.953400000000002, 1.3794000000000002, 0.5, -0.009256
29, 10.94999999999999, 1.3499999999999996, 0.5, 10.944900000000002, 1.3503500000000002, 0.5, -0.00923
30, 10.919999999999991, 1.3499999999999996, 0.5, 10.9198, 1.3500500000000002, 0.50015, -0.009298
30, 10.889999999999992, 1.3499999999999996, 0.5, 10.888950000000001, 1.35, 0.50015, -0.009293
30, 10.859999999999992, 1.3499999999999996, 0.5, 10.85985, 1.35, 0.5001, -0.009287
30, 10.829999999999993, 1.3499999999999996, 0.5, 10.82995, 1.3500500000000002, 0.5, -0.009251
30, 10.799999999999994, 1.3499999999999996, 0.5, 10.8002, 1.3500500000000002, 0.5, -0.009287
30, 10.769999999999994, 1.3499999999999996, 0.5, 10.7688, 1.3500500000000002, 0.49995000000000006, -0.009314
30, 10.739999999999995, 1.3499999999999996, 0.5, 10.739600000000001, 1.3500500000000002, 0.49995000000000006, -0.009246
30, 10.709999999999996, 1.3499999999999996, 0.5, 10.7096, 1.34995, 0.49995000000000006, -0.009298
30, 10.679999999999996, 1.3499999999999996, 0.5, 10.67885, 1.3501, 0.5, -0.009287
30, 10.649999999999997, 1.3499999999999996, 0.5, 10.648900000000001, 1.3501500000000002, 0.5, -0.009241
30, 10.619999999999997, 1.3499999999999996, 0.5, 10.620700000000001, 1.3501, 0.5, -0.009251
30, 10.589999999999998, 1.3499999999999996, 0.5, 10.59055, 1.35, 0.5, -0.009267
30, 10.559999999999999, 1.3499999999999996, 0.5, 10.55975, 1.3501, 0.5, -0.009251
30, 10.53, 1.3499999999999996, 0.5, 10.5302, 1.3499, 0.50005, -0.009303
30, 10.5, 1.3499999999999996, 0.5, 10.4992, 1.34995, 0.5001, -0.009282
30, 10.47, 1.3499999999999996, 0.5, 10.4692, 1.35, 0.5001, -0.009251
30, 10.440000000000001, 1.3499999999999996, 0.5, 10.439800000000002, 1.3500500000000002, 0.50005, -0.009298
30, 10.410000000000002, 1.3499999999999996, 0.5, 10.41045, 1.3500500000000002, 0.50005, -0.009225
30, 10.380000000000003, 1.3499999999999996, 0.5, 10.379100000000001, 1.35, 0.5, -0.009251
30, 10.350000000000003, 1.3499999999999996, 0.5, 10.34975, 1.34995, 0.5, -0.009267
30, 10.320000000000004, 1.3499999999999996, 0.5, 10.319600000000001, 1.35, 0.5, -0.009261
30, 10.290000000000004, 1.3499999999999996, 0.5, 10.2906, 1.34995, 0.5, -0.009235
30, 10.260000000000005, 1.3499999999999996, 0.5, 10.26035, 1.3500500000000002, 0.5, -0.009235
30, 10.230000000000006, 1.3499999999999996, 0.5, 10.23035, 1.3500500000000002, 0.49995000000000006, -0.009256
30, 10.200000000000006, 1.3499999999999996, 0.5, 10.20035, 1.3500500000000002, 0.5, -0.009241
30, 10.170000000000007, 1.3499999999999996, 0.5, 10.16965, 1.35, 0.5, -0.009303
30, 10.140000000000008, 1.3499999999999996, 0.5, 10.1386, 1.35, 0.5, -0.009287
30, 10.110000000000008, 1.3499999999999996, 0.5, 10.11015, 1.34995, 0.49995000000000006, -0.009277
30, 10.080000000000009, 1.3499999999999996, 0.5, 10.078800000000001, 1.3499, 0.5, -0.009303
30, 10.05000000000001, 1.3499999999999996, 0.5, 10.049150000000001, 1.3500500000000002, 0.5, -0.009298
30, 10.05000000000001, 1.3799999999999997, 0.5, 10.0477, 1.37935, 0.5, -0.009235
30, 10.05000000000001, 1.4099999999999997, 0.5, 10.04845, 1.40935, 0.50005, -0.009246
30, 10.05000000000001, 1.4399999999999997, 0.5, 10.052950000000001, 1.4400500000000003, 0.50005, -0.009277
30, 10.05000000000001, 1.4699999999999998, 0.5, 10.0496, 1.4701000000000002, 0.50005, -0.009293
30, 10.05000000000001, 1.4999999999999998, 0.5, 10.05035, 1.5, 0.50005, -0.009251
30, 10.05000000000001, 1.5299999999999998, 0.5, 10.04885, 1.5298500000000002, 0.5, -0.009287
30, 10.05000000000001, 1.5599999999999998, 0.5, 10.053150000000002, 1.5604, 0.5, -0.009225
30, 10.05000000000001, 1.5899999999999999, 0.5, 10.05025, 1.5901, 0.5, -0.00923
30, 10.05000000000001, 1.6199999999999999, 0.5, 10.048200000000001, 1.6201500000000002, 0.5, -0.009282
30, 10.05000000000001, 1.65, 0.5, 10.046850000000001, 1.65025, 0.49995000000000006, -0.009298
30, 10.05000000000001, 1.68, 0.5, 10.050650000000001, 1.6794, 0.49995000000000006, -0.009282
30, 10.05000000000001, 1.71, 0.5, 10.04775, 1.71, 0.49995000000000006, -0.009235
30, 10.05000000000001, 1.74, 0.5, 10.0465, 1.74035, 0.49995000000000006, -0.009246
30, 10.05000000000001, 1.77, 0.5, 10.051300000000001, 1.7705500000000003, 0.49995000000000006, -0.009241
30, 10.05000000000001, 1.8, 0.5, 10.0495, 1.7998000000000003, 0.5001, -0.009287
30, 10.05000000000001, 1.83, 0.5, 10.0477, 1.8305500000000001, 0.5001, -0.009282
30, 10.05000000000001, 1.86, 0.5, 10.04725, 1.86045, 0.5, -0.009287
30, 10.05000000000001, 1.8900000000000001, 0.5, 10.050300000000002, 1.89, 0.5, -0.009261
30, 10.05000000000001, 1.9200000000000002, 0.5, 10.050650000000001, 1.92, 0.5, -0.009241
30, 10.05000000000001, 1.9500000000000002, 0.5, 10.046800000000001, 1.95025, 0.5, -0.00922
30, 10.05000000000001, 1.9800000000000002, 0.5, 10.054350000000001, 1.9793500000000002, 0.5, -0.009282
30, 10.05000000000001, 2.0100000000000002, 0.5, 10.049800000000001, 2.01025, 0.49995000000000006, -0.009282
30, 10.05000000000001, 2.04, 0.5, 10.04825, 2.0397, 0.49995000000000006, -0.009246
30, 10.05000000000001, 2.07, 0.5, 10.048, 2.0699, 0.4999, -0.009235
30, 10.05000000000001, 2.0999999999999996, 0.5, 10.046550000000002, 2.10075, 0.49995000000000006, -0.009241
30, 10.05000000000001, 2.1299999999999994, 0.5, 10.050450000000001, 2.12935, 0.5, -0.009267
30, 10.05000000000001, 2.1599999999999993, 0.5, 10.049400000000002, 2.15985, 0.5, -0.009235
30, 10.05000000000001, 2.189999999999999, 0.5, 10.047150000000002, 2.19065, 0.5, -0.009241
30, 10.05000000000001, 2.219999999999999, 0.5, 10.05375, 2.2199500000000003, 0.5001, -0.009287
30, 10.05000000000001, 2.2499999999999987, 0.5, 10.05, 2.2504, 0.5001, -0.009235
0, 10.5, 1.8, 0.6, 10.049100000000001, 2.25035, 0.5001, -0.009261
