Voltage = 3.3, Current = 14.4, Pinhole = 15um 
0, 1.5, -4, -5, 1.49725, -4.00605, -5.00005, -0.009397
1, 1.6, -4, -5, 1.5999, -4.00075, -5.0, -0.009324
1, 1.6, -4.1, -5, 1.6004500000000002, -4.099600000000001, -5.00005, -0.009381
2, 1.5, -4.1, -5, 1.4999500000000001, -4.1, -5.000100000000001, -0.00935
2, 1.4, -4.1, -5, 1.4032, -4.09995, -5.00005, -0.009387
2, 1.4, -3.9999999999999996, -5, 1.3994000000000002, -3.99955, -4.999950000000001, -0.009397
2, 1.4, -3.8999999999999995, -5, 1.3991000000000002, -3.89155, -4.99985, -0.009324
3, 1.5, -3.8999999999999995, -5, 1.4973, -3.89955, -4.9998000000000005, -0.009397
3, 1.6, -3.8999999999999995, -5, 1.59945, -3.9003, -4.9998000000000005, -0.009319
3, 1.7000000000000002, -3.8999999999999995, -5, 1.7039000000000002, -3.90045, -4.9999, -0.009407
3, 1.7000000000000002, -3.9999999999999996, -5, 1.7016000000000002, -4.0089500000000005, -5.00005, -0.009329
3, 1.7000000000000002, -4.1, -5, 1.7, -4.10015, -5.000100000000001, -0.009319
3, 1.7000000000000002, -4.199999999999999, -5, 1.70045, -4.193350000000001, -5.0001500000000005, -0.009392
4, 1.6, -4.199999999999999, -5, 1.5968000000000002, -4.1984, -5.0001500000000005, -0.009329
4, 1.5, -4.199999999999999, -5, 1.49895, -4.20045, -5.000100000000001, -0.009387
4, 1.4, -4.199999999999999, -5, 1.40375, -4.20065, -5.00005, -0.009381
4, 1.2999999999999998, -4.199999999999999, -5, 1.29855, -4.1998, -5.0, -0.009355
4, 1.2999999999999998, -4.1, -5, 1.29855, -4.1057, -4.9999, -0.009387
4, 1.2999999999999998, -3.9999999999999996, -5, 1.29995, -4.00125, -4.9998000000000005, -0.009334
4, 1.2999999999999998, -3.8999999999999995, -5, 1.2998500000000002, -3.89155, -4.99975, -0.009397
4, 1.2999999999999998, -3.7999999999999994, -5, 1.3000500000000001, -3.8051000000000004, -4.9998000000000005, -0.009355
5, 1.4, -3.7999999999999994, -5, 1.4001000000000001, -3.7998000000000003, -4.999950000000001, -0.009334
5, 1.5, -3.7999999999999994, -5, 1.4978500000000001, -3.79985, -5.00005, -0.009324
5, 1.6, -3.7999999999999994, -5, 1.59965, -3.7997, -5.00005, -0.00934
5, 1.7000000000000002, -3.7999999999999994, -5, 1.7036000000000002, -3.7999, -5.000100000000001, -0.009392
5, 1.8000000000000003, -3.7999999999999994, -5, 1.7978000000000003, -3.8008, -5.000100000000001, -0.009345
5, 1.8000000000000003, -3.8999999999999995, -5, 1.8001500000000001, -3.89665, -5.0001500000000005, -0.009402
5, 1.8000000000000003, -3.9999999999999996, -5, 1.8004, -4.00625, -5.0001500000000005, -0.009319
5, 1.8000000000000003, -4.1, -5, 1.8005, -4.10025, -5.000100000000001, -0.009376
5, 1.8000000000000003, -4.199999999999999, -5, 1.8005, -4.1937, -5.00005, -0.009329
5, 1.8000000000000003, -4.299999999999999, -5, 1.8003000000000002, -4.3036, -5.0, -0.009402
6, 1.7000000000000002, -4.299999999999999, -5, 1.70265, -4.3007, -5.0, -0.009334
6, 1.6, -4.299999999999999, -5, 1.5976000000000001, -4.3002, -4.99985, -0.009387
6, 1.5, -4.299999999999999, -5, 1.4979500000000001, -4.3, -4.99975, -0.009345
6, 1.4, -4.299999999999999, -5, 1.49805, -4.3, -4.99975, -0.00935
6, 1.2999999999999998, -4.299999999999999, -5, 1.4981000000000002, -4.300050000000001, -4.99975, -0.009407
6, 1.1999999999999997, -4.299999999999999, -5, 1.4981000000000002, -4.3, -4.99975, -0.009329
6, 1.1999999999999997, -4.199999999999999, -5, 1.201, -4.19265, -4.999700000000001, -0.009334
6, 1.1999999999999997, -4.1, -5, 1.1993, -4.1069, -4.9998000000000005, -0.009387
6, 1.1999999999999997, -3.9999999999999996, -5, 1.1989, -4.00195, -4.999950000000001, -0.009329
6, 1.1999999999999997, -3.8999999999999995, -5, 1.19995, -3.8909000000000002, -4.999950000000001, -0.009392
6, 1.1999999999999997, -3.7999999999999994, -5, 1.20005, -3.8068, -5.00005, -0.009345
6, 1.1999999999999997, -3.6999999999999993, -5, 1.19975, -3.7008500000000004, -5.000100000000001, -0.009324
7, 1.2999999999999998, -3.6999999999999993, -5, 1.3003500000000001, -3.7005, -5.0001500000000005, -0.009381
7, 1.4, -3.6999999999999993, -5, 1.4014000000000002, -3.7001000000000004, -5.0001500000000005, -0.009334
7, 1.5, -3.6999999999999993, -5, 1.4993500000000002, -3.69975, -5.0001500000000005, -0.00936
7, 1.6, -3.6999999999999993, -5, 1.5989, -3.69965, -5.00005, -0.009334
7, 1.7000000000000002, -3.6999999999999993, -5, 1.7035500000000001, -3.7001000000000004, -5.0, -0.009319
7, 1.8000000000000003, -3.6999999999999993, -5, 1.7979, -3.7001500000000003, -5.0, -0.009392
7, 1.9000000000000004, -3.6999999999999993, -5, 1.8992, -3.7001500000000003, -4.999950000000001, -0.009345
7, 1.9000000000000004, -3.7999999999999994, -5, 1.9002000000000001, -3.8005, -4.999950000000001, -0.009407
7, 1.9000000000000004, -3.8999999999999995, -5, 1.9005500000000002, -3.89425, -4.999950000000001, -0.00936
7, 1.9000000000000004, -3.9999999999999996, -5, 1.90075, -4.00525, -5.0, -0.00935
7, 1.9000000000000004, -4.1, -5, 1.9001000000000001, -4.1005, -5.0, -0.009413
7, 1.9000000000000004, -4.199999999999999, -5, 1.9003, -4.1006, -5.0, -0.009324
7, 1.9000000000000004, -4.299999999999999, -5, 1.9008000000000003, -4.2982, -5.0, -0.009381
7, 1.9000000000000004, -4.399999999999999, -5, 1.89965, -4.399900000000001, -5.0, -0.009334
8, 1.8000000000000003, -4.399999999999999, -5, 1.7996500000000002, -4.40055, -5.0, -0.009407
8, 1.7000000000000002, -4.399999999999999, -5, 1.70325, -4.4002, -5.0, -0.009334
8, 1.6, -4.399999999999999, -5, 1.5975500000000002, -4.40005, -4.999950000000001, -0.009387
8, 1.5, -4.399999999999999, -5, 1.4982, -4.39995, -4.999950000000001, -0.009334
8, 1.4, -4.399999999999999, -5, 1.40375, -4.39995, -4.9999, -0.009303
8, 1.2999999999999998, -4.399999999999999, -5, 1.2991000000000001, -4.39995, -4.999950000000001, -0.009397
8, 1.1999999999999997, -4.399999999999999, -5, 1.1979000000000002, -4.39995, -4.999950000000001, -0.009334
8, 1.0999999999999996, -4.399999999999999, -5, 1.1979000000000002, -4.39995, -4.999950000000001, -0.009371
8, 1.0999999999999996, -4.299999999999999, -5, 1.0995, -4.3007, -4.999950000000001, -0.009397
8, 1.0999999999999996, -4.199999999999999, -5, 1.09915, -4.1943, -4.999950000000001, -0.009329
8, 1.0999999999999996, -4.1, -5, 1.0997000000000001, -4.104, -4.999950000000001, -0.009371
8, 1.0999999999999996, -3.9999999999999996, -5, 1.09955, -4.00265, -5.00005, -0.00934
8, 1.0999999999999996, -3.8999999999999995, -5, 1.09945, -3.8916500000000003, -5.000100000000001, -0.009324
8, 1.0999999999999996, -3.7999999999999994, -5, 1.0997999999999999, -3.80525, -5.000100000000001, -0.009397
8, 1.0999999999999996, -3.6999999999999993, -5, 1.09965, -3.7016000000000004, -5.000100000000001, -0.009334
8, 1.0999999999999996, -3.599999999999999, -5, 1.09995, -3.5949500000000003, -5.00005, -0.009371
9, 1.1999999999999997, -3.599999999999999, -5, 1.2002000000000002, -3.59905, -5.000100000000001, -0.009329
9, 1.2999999999999998, -3.599999999999999, -5, 1.3000500000000001, -3.6001000000000003, -5.00005, -0.009371
9, 1.4, -3.599999999999999, -5, 1.40215, -3.6004500000000004, -5.00005, -0.009392
9, 1.5, -3.599999999999999, -5, 1.49875, -3.60035, -5.0, -0.009324
9, 1.6, -3.599999999999999, -5, 1.5983500000000002, -3.5998, -4.999950000000001, -0.009397
9, 1.7000000000000002, -3.599999999999999, -5, 1.7048, -3.59975, -4.999950000000001, -0.00934
9, 1.8000000000000003, -3.599999999999999, -5, 1.79655, -3.59965, -4.9999, -0.009387
9, 1.9000000000000004, -3.599999999999999, -5, 1.8995, -3.6001000000000003, -4.999950000000001, -0.009345
9, 2.0000000000000004, -3.599999999999999, -5, 2.00275, -3.59995, -5.0, -0.009371
9, 2.0000000000000004, -3.6999999999999993, -5, 2.0006, -3.7043500000000003, -5.0, -0.009397
9, 2.0000000000000004, -3.7999999999999994, -5, 2.0005, -3.80275, -5.0, -0.009329
9, 2.0000000000000004, -3.8999999999999995, -5, 2.0, -3.8941500000000002, -5.00005, -0.009371
9, 2.0000000000000004, -3.9999999999999996, -5, 2.0000500000000003, -4.0041, -5.00005, -0.009413
9, 2.0000000000000004, -4.1, -5, 2.0002, -4.10085, -5.000100000000001, -0.009329
9, 2.0000000000000004, -4.199999999999999, -5, 2.0003, -4.194850000000001, -5.000100000000001, -0.009387
9, 2.0000000000000004, -4.299999999999999, -5, 2.0005, -4.3038, -5.0001500000000005, -0.00935
9, 2.0000000000000004, -4.399999999999999, -5, 2.00025, -4.4008, -5.00005, -0.009371
9, 2.0000000000000004, -4.499999999999998, -5, 2.0003, -4.49575, -4.999950000000001, -0.009387
10, 1.9000000000000004, -4.499999999999998, -5, 1.89775, -4.498600000000001, -4.99985, -0.00934
10, 1.8000000000000003, -4.499999999999998, -5, 1.79845, -4.50005, -4.99975, -0.009392
10, 1.7000000000000002, -4.499999999999998, -5, 1.7033000000000003, -4.5003, -4.9998000000000005, -0.00936
10, 1.6, -4.499999999999998, -5, 1.59675, -4.5001500000000005, -4.9999, -0.009381
10, 1.5, -4.499999999999998, -5, 1.4993500000000002, -4.5, -4.999950000000001, -0.009387
10, 1.4, -4.499999999999998, -5, 1.4991, -4.500100000000001, -5.0, -0.009334
10, 1.2999999999999998, -4.499999999999998, -5, 1.3025, -4.500100000000001, -5.0, -0.009387
10, 1.1999999999999997, -4.499999999999998, -5, 1.1984000000000001, -4.49995, -4.999950000000001, -0.009324
10, 1.0999999999999996, -4.499999999999998, -5, 1.09965, -4.49985, -5.0, -0.009402
10, 0.9999999999999997, -4.499999999999998, -5, 1.0015, -4.4999, -4.999950000000001, -0.009329
10, 0.9999999999999997, -4.399999999999999, -5, 0.9996, -4.40455, -4.9999, -0.009366
10, 0.9999999999999997, -4.299999999999999, -5, 0.9994500000000001, -4.3012, -4.999950000000001, -0.009397
10, 0.9999999999999997, -4.199999999999999, -5, 0.9991500000000001, -4.1943, -5.0, -0.009334
10, 0.9999999999999997, -4.1, -5, 0.9996, -4.103650000000001, -5.00005, -0.009397
10, 0.9999999999999997, -3.9999999999999996, -5, 0.99975, -4.00295, -5.000100000000001, -0.009324
10, 0.9999999999999997, -3.8999999999999995, -5, 1.00005, -3.89175, -5.000100000000001, -0.009387
10, 0.9999999999999997, -3.7999999999999994, -5, 1.00015, -3.8053500000000002, -5.00005, -0.00936
10, 0.9999999999999997, -3.6999999999999993, -5, 0.99995, -3.7015, -5.00005, -0.009366
10, 0.9999999999999997, -3.599999999999999, -5, 0.9999000000000001, -3.5947000000000005, -5.00005, -0.009366
10, 0.9999999999999997, -3.499999999999999, -5, 1.0, -3.5040500000000003, -5.00005, -0.009314
11, 1.0999999999999996, -3.499999999999999, -5, 1.0987, -3.5001, -5.00005, -0.009387
11, 1.1999999999999997, -3.499999999999999, -5, 1.19975, -3.5001, -5.0, -0.00934
11, 1.2999999999999998, -3.499999999999999, -5, 1.3009000000000002, -3.5000500000000003, -5.00005, -0.009387
11, 1.4, -3.499999999999999, -5, 1.40165, -3.5, -4.999950000000001, -0.00934
11, 1.5, -3.499999999999999, -5, 1.4983000000000002, -3.5, -4.999950000000001, -0.009413
11, 1.6, -3.499999999999999, -5, 1.4984000000000002, -3.5000500000000003, -5.0, -0.009334
11, 1.7000000000000002, -3.499999999999999, -5, 1.70295, -3.5, -5.0, -0.009402
11, 1.8000000000000003, -3.499999999999999, -5, 1.703, -3.5000500000000003, -5.0, -0.009329
11, 1.9000000000000004, -3.499999999999999, -5, 1.8955500000000003, -3.5, -5.0, -0.009381
11, 2.0000000000000004, -3.499999999999999, -5, 1.89575, -3.5, -5.0, -0.009355
11, 2.1000000000000005, -3.499999999999999, -5, 1.89585, -3.5, -5.0, -0.00936
11, 2.1000000000000005, -3.599999999999999, -5, 2.09995, -3.5964500000000004, -5.000100000000001, -0.009371
11, 2.1000000000000005, -3.6999999999999993, -5, 2.1014, -3.7038500000000005, -5.000100000000001, -0.009371
11, 2.1000000000000005, -3.7999999999999994, -5, 2.0995999999999997, -3.8019000000000003, -5.000100000000001, -0.009324
11, 2.1000000000000005, -3.8999999999999995, -5, 2.09985, -3.8925, -5.000100000000001, -0.009376
11, 2.1000000000000005, -3.9999999999999996, -5, 2.1001, -4.00555, -5.0, -0.009303
11, 2.1000000000000005, -4.1, -5, 2.10025, -4.1006, -5.00005, -0.009381
11, 2.1000000000000005, -4.199999999999999, -5, 2.10055, -4.1947, -4.999950000000001, -0.009334
11, 2.1000000000000005, -4.299999999999999, -5, 2.10015, -4.30455, -4.99985, -0.009387
11, 2.1000000000000005, -4.399999999999999, -5, 2.1001, -4.400150000000001, -4.99985, -0.009402
11, 2.1000000000000005, -4.499999999999998, -5, 2.09985, -4.4958, -4.9999, -0.009397
11, 2.1000000000000005, -4.599999999999998, -5, 2.0997000000000003, -4.495850000000001, -4.9999, -0.00934
12, 2.0000000000000004, -4.599999999999998, -5, 2.0043, -4.6025, -4.9999, -0.009308
12, 1.9000000000000004, -4.599999999999998, -5, 1.89785, -4.6002, -4.9999, -0.009402
12, 1.8000000000000003, -4.599999999999998, -5, 1.7984, -4.6001, -5.00005, -0.00934
12, 1.7000000000000002, -4.599999999999998, -5, 1.7028500000000002, -4.5996999999999995, -4.999950000000001, -0.009381
12, 1.6, -4.599999999999998, -5, 1.5986000000000002, -4.5996999999999995, -5.00005, -0.009345
12, 1.5, -4.599999999999998, -5, 1.4984000000000002, -4.599900000000001, -5.0, -0.009319
12, 1.4, -4.599999999999998, -5, 1.40245, -4.60005, -5.0, -0.009397
12, 1.2999999999999998, -4.599999999999998, -5, 1.29895, -4.6001, -5.0, -0.009324
12, 1.1999999999999997, -4.599999999999998, -5, 1.19845, -4.60015, -4.999950000000001, -0.009387
12, 1.0999999999999996, -4.599999999999998, -5, 1.09995, -4.6001, -5.0, -0.009345
12, 0.9999999999999997, -4.599999999999998, -5, 1.0018, -4.59995, -5.0, -0.009324
12, 0.8999999999999997, -4.599999999999998, -5, 0.8966000000000001, -4.59975, -4.999950000000001, -0.009392
12, 0.8999999999999997, -4.499999999999998, -5, 0.8987, -4.49445, -4.9999, -0.009334
12, 0.8999999999999997, -4.399999999999999, -5, 0.8998, -4.4073, -4.999950000000001, -0.009397
12, 0.8999999999999997, -4.299999999999999, -5, 0.8998, -4.3012, -5.00005, -0.009345
12, 0.8999999999999997, -4.199999999999999, -5, 0.89995, -4.19245, -5.00005, -0.009345
12, 0.8999999999999997, -4.1, -5, 0.89985, -4.105300000000001, -5.00005, -0.009376
12, 0.8999999999999997, -3.9999999999999996, -5, 0.89975, -4.00225, -5.00005, -0.009366
12, 0.8999999999999997, -3.8999999999999995, -5, 0.89985, -3.8918000000000004, -5.00005, -0.009392
12, 0.8999999999999997, -3.7999999999999994, -5, 0.8999000000000001, -3.80555, -5.00005, -0.009334
12, 0.8999999999999997, -3.6999999999999993, -5, 0.89975, -3.70165, -5.0, -0.009387
12, 0.8999999999999997, -3.599999999999999, -5, 0.89985, -3.5946000000000002, -5.0, -0.009319
12, 0.8999999999999997, -3.499999999999999, -5, 0.9, -3.5042000000000004, -5.0, -0.009387
12, 0.8999999999999997, -3.399999999999999, -5, 0.9, -3.3999500000000005, -5.0, -0.009397
13, 0.9999999999999997, -3.399999999999999, -5, 1.00215, -3.4000500000000002, -5.0, -0.009319
13, 1.0999999999999996, -3.399999999999999, -5, 1.0022, -3.4, -5.0, -0.009397
13, 1.1999999999999997, -3.399999999999999, -5, 1.0022, -3.4000500000000002, -5.00005, -0.009334
13, 1.2999999999999998, -3.399999999999999, -5, 1.2995500000000002, -3.4, -5.00005, -0.009402
13, 1.4, -3.399999999999999, -5, 1.3005, -3.4, -5.000100000000001, -0.009371
13, 1.5, -3.399999999999999, -5, 1.30055, -3.4, -5.00005, -0.009334
13, 1.6, -3.399999999999999, -5, 1.30055, -3.4, -5.000100000000001, -0.009324
13, 1.7000000000000002, -3.399999999999999, -5, 1.30055, -3.4, -5.00005, -0.009381
13, 1.8000000000000003, -3.399999999999999, -5, 1.30055, -3.4, -5.00005, -0.009387
13, 1.9000000000000004, -3.399999999999999, -5, 1.30055, -3.4, -5.000100000000001, -0.00934
13, 2.0000000000000004, -3.399999999999999, -5, 1.30055, -3.4, -5.00005, -0.009324
13, 2.1000000000000005, -3.399999999999999, -5, 1.30055, -3.4, -5.00005, -0.00936
13, 2.2000000000000006, -3.399999999999999, -5, 1.30055, -3.4, -5.00005, -0.009387
13, 2.2000000000000006, -3.499999999999999, -5, 2.1993, -3.5021000000000004, -5.000100000000001, -0.009345
13, 2.2000000000000006, -3.599999999999999, -5, 2.20065, -3.5954500000000005, -5.000100000000001, -0.009413
13, 2.2000000000000006, -3.6999999999999993, -5, 2.2005, -3.7024, -5.00005, -0.009345
13, 2.2000000000000006, -3.7999999999999994, -5, 2.1999500000000003, -3.8026000000000004, -5.00005, -0.009381
13, 2.2000000000000006, -3.8999999999999995, -5, 2.19985, -3.80255, -5.00005, -0.009397
13, 2.2000000000000006, -3.9999999999999996, -5, 2.2001, -3.9973500000000004, -5.0, -0.00934
13, 2.2000000000000006, -4.1, -5, 2.2002, -4.1022, -5.0, -0.009381
13, 2.2000000000000006, -4.199999999999999, -5, 2.2005, -4.1945, -5.0, -0.009324
13, 2.2000000000000006, -4.299999999999999, -5, 2.2005500000000002, -4.3038, -5.00005, -0.009381
13, 2.2000000000000006, -4.399999999999999, -5, 2.2004, -4.40025, -5.0, -0.00934
13, 2.2000000000000006, -4.499999999999998, -5, 2.2006, -4.496150000000001, -5.00005, -0.009387
13, 2.2000000000000006, -4.599999999999998, -5, 2.1992000000000003, -4.602150000000001, -5.00005, -0.009334
13, 2.2000000000000006, -4.6999999999999975, -5, 2.2006, -4.7015, -4.999950000000001, -0.009376
14, 2.1000000000000005, -4.6999999999999975, -5, 2.09815, -4.700699999999999, -4.99975, -0.00934
14, 2.0000000000000004, -4.6999999999999975, -5, 2.00325, -4.69975, -4.999700000000001, -0.00934
14, 1.9000000000000004, -4.6999999999999975, -5, 1.8987, -4.69965, -4.99975, -0.009392
14, 1.8000000000000003, -4.6999999999999975, -5, 1.7985, -4.699949999999999, -4.9999, -0.009308
14, 1.7000000000000002, -4.6999999999999975, -5, 1.7028500000000002, -4.7, -5.0, -0.009397
14, 1.6, -4.6999999999999975, -5, 1.5982, -4.700150000000001, -5.0, -0.009345
14, 1.5, -4.6999999999999975, -5, 1.4984000000000002, -4.7002, -5.0, -0.009381
14, 1.4, -4.6999999999999975, -5, 1.4027, -4.700150000000001, -4.999950000000001, -0.009371
14, 1.2999999999999998, -4.6999999999999975, -5, 1.29895, -4.7, -5.00005, -0.009308
14, 1.1999999999999997, -4.6999999999999975, -5, 1.29895, -4.7, -5.00005, -0.00936
14, 1.0999999999999996, -4.6999999999999975, -5, 1.29895, -4.699949999999999, -5.0, -0.009345
14, 0.9999999999999997, -4.6999999999999975, -5, 1.0004000000000002, -4.6998500000000005, -4.999950000000001, -0.009402
14, 0.8999999999999997, -4.6999999999999975, -5, 0.89675, -4.699949999999999, -4.999950000000001, -0.009329
14, 0.7999999999999997, -4.6999999999999975, -5, 0.8022, -4.6998500000000005, -5.00005, -0.009355
14, 0.7999999999999997, -4.599999999999998, -5, 0.7988500000000001, -4.59955, -5.0, -0.009392
14, 0.7999999999999997, -4.499999999999998, -5, 0.7993000000000001, -4.494350000000001, -5.00005, -0.00934
14, 0.7999999999999997, -4.399999999999999, -5, 0.79975, -4.4049499999999995, -5.0, -0.009407
14, 0.7999999999999997, -4.299999999999999, -5, 0.79975, -4.30205, -5.00005, -0.009376
14, 0.7999999999999997, -4.199999999999999, -5, 0.8, -4.194400000000001, -5.0, -0.009392
14, 0.7999999999999997, -4.1, -5, 0.8001, -4.10405, -5.00005, -0.009381
14, 0.7999999999999997, -3.9999999999999996, -5, 0.80045, -4.002, -5.000100000000001, -0.009371
14, 0.7999999999999997, -3.8999999999999995, -5, 0.79925, -3.8919, -5.0, -0.009397
14, 0.7999999999999997, -3.7999999999999994, -5, 0.7996500000000001, -3.8058500000000004, -5.0, -0.009334
14, 0.7999999999999997, -3.6999999999999993, -5, 0.79925, -3.70165, -5.0, -0.009407
14, 0.7999999999999997, -3.599999999999999, -5, 0.79995, -3.5947000000000005, -4.999950000000001, -0.009324
14, 0.7999999999999997, -3.499999999999999, -5, 0.8004000000000001, -3.50425, -4.9999, -0.009366
14, 0.7999999999999997, -3.399999999999999, -5, 0.8008000000000001, -3.39925, -4.999950000000001, -0.009334
14, 0.7999999999999997, -3.299999999999999, -5, 0.79905, -3.2969500000000003, -4.999950000000001, -0.009355
15, 0.8999999999999997, -3.299999999999999, -5, 0.89735, -3.2993, -5.0, -0.009371
15, 0.9999999999999997, -3.299999999999999, -5, 1.00285, -3.29945, -5.0, -0.009329
15, 1.0999999999999996, -3.299999999999999, -5, 1.09975, -3.3003, -5.0, -0.009387
15, 1.1999999999999997, -3.299999999999999, -5, 1.1997, -3.3003500000000003, -5.00005, -0.009402
15, 1.2999999999999998, -3.299999999999999, -5, 1.30115, -3.3003, -5.00005, -0.009324
15, 1.4, -3.299999999999999, -5, 1.4017, -3.30005, -5.00005, -0.009392
15, 1.5, -3.299999999999999, -5, 1.4016000000000002, -3.30005, -5.00005, -0.009329
15, 1.6, -3.299999999999999, -5, 1.5969, -3.2995, -5.000100000000001, -0.009387
15, 1.7000000000000002, -3.299999999999999, -5, 1.7040500000000003, -3.29965, -5.0001500000000005, -0.009319
15, 1.8000000000000003, -3.299999999999999, -5, 1.7978000000000003, -3.3, -5.0001500000000005, -0.009397
15, 1.9000000000000004, -3.299999999999999, -5, 1.7976500000000002, -3.3, -5.000100000000001, -0.009334
15, 2.0000000000000004, -3.299999999999999, -5, 1.7976500000000002, -3.3, -5.000100000000001, -0.009381
15, 2.1000000000000005, -3.299999999999999, -5, 1.7977, -3.3, -5.000100000000001, -0.009334
15, 2.2000000000000006, -3.299999999999999, -5, 2.19965, -3.3, -5.000100000000001, -0.009381
15, 2.3000000000000007, -3.299999999999999, -5, 2.1997000000000004, -3.3, -5.000100000000001, -0.009397
15, 2.3000000000000007, -3.399999999999999, -5, 2.3016, -3.4036000000000004, -5.00005, -0.009334
15, 2.3000000000000007, -3.499999999999999, -5, 2.3021, -3.5034, -5.0, -0.009397
15, 2.3000000000000007, -3.599999999999999, -5, 2.29955, -3.59505, -5.0, -0.009329
15, 2.3000000000000007, -3.6999999999999993, -5, 2.2997, -3.7022000000000004, -5.0, -0.009397
15, 2.3000000000000007, -3.7999999999999994, -5, 2.3004000000000002, -3.8027, -4.999950000000001, -0.009397
15, 2.3000000000000007, -3.8999999999999995, -5, 2.3009500000000003, -3.8939, -4.999950000000001, -0.009345
15, 2.3000000000000007, -3.9999999999999996, -5, 2.30015, -4.004, -5.0, -0.009397
15, 2.3000000000000007, -4.1, -5, 2.2996, -4.100650000000001, -5.0, -0.009387
15, 2.3000000000000007, -4.199999999999999, -5, 2.3002000000000002, -4.19545, -5.00005, -0.009381
15, 2.3000000000000007, -4.299999999999999, -5, 2.3003, -4.3039000000000005, -5.0, -0.009366
15, 2.3000000000000007, -4.399999999999999, -5, 2.30035, -4.40025, -5.00005, -0.009376
15, 2.3000000000000007, -4.499999999999998, -5, 2.3004000000000002, -4.49575, -5.000100000000001, -0.009387
15, 2.3000000000000007, -4.599999999999998, -5, 2.29975, -4.60245, -5.00005, -0.009334
15, 2.3000000000000007, -4.6999999999999975, -5, 2.29975, -4.7016, -5.0, -0.009407
15, 2.3000000000000007, -4.799999999999997, -5, 2.3001, -4.79545, -5.0, -0.009324
16, 2.2000000000000006, -4.799999999999997, -5, 2.19865, -4.79895, -4.9999, -0.009376
16, 2.1000000000000005, -4.799999999999997, -5, 2.0974, -4.79945, -4.99975, -0.009345
16, 2.0000000000000004, -4.799999999999997, -5, 2.0035, -4.8006, -4.999650000000001, -0.009329
16, 1.9000000000000004, -4.799999999999997, -5, 1.89845, -4.80045, -4.99975, -0.009387
16, 1.8000000000000003, -4.799999999999997, -5, 1.79855, -4.7995, -5.0, -0.009329
16, 1.7000000000000002, -4.799999999999997, -5, 1.7030500000000002, -4.7994, -5.0, -0.009397
16, 1.6, -4.799999999999997, -5, 1.59775, -4.80025, -4.999950000000001, -0.009345
16, 1.5, -4.799999999999997, -5, 1.4984000000000002, -4.800400000000001, -5.000100000000001, -0.009381
16, 1.4, -4.799999999999997, -5, 1.4032, -4.8001000000000005, -5.0001500000000005, -0.009381
16, 1.2999999999999998, -4.799999999999997, -5, 1.2989000000000002, -4.799900000000001, -5.000100000000001, -0.00934
16, 1.1999999999999997, -4.799999999999997, -5, 1.19815, -4.7993500000000004, -5.000100000000001, -0.009392
16, 1.0999999999999996, -4.799999999999997, -5, 1.0996000000000001, -4.8001000000000005, -5.000100000000001, -0.009345
16, 0.9999999999999997, -4.799999999999997, -5, 1.0015500000000002, -4.8002, -5.0, -0.009381
16, 0.8999999999999997, -4.799999999999997, -5, 0.8966000000000001, -4.8002, -4.999950000000001, -0.009329
16, 0.7999999999999997, -4.799999999999997, -5, 0.80235, -4.80025, -4.9999, -0.009371
16, 0.6999999999999997, -4.799999999999997, -5, 0.7021000000000001, -4.7998, -4.999950000000001, -0.009371
16, 0.6999999999999997, -4.6999999999999975, -5, 0.6996, -4.70625, -4.99985, -0.009387
16, 0.6999999999999997, -4.599999999999998, -5, 0.6985, -4.59865, -4.99985, -0.009381
16, 0.6999999999999997, -4.499999999999998, -5, 0.7001000000000001, -4.4948500000000005, -4.9999, -0.00934
16, 0.6999999999999997, -4.399999999999999, -5, 0.69985, -4.40445, -4.9999, -0.009392
16, 0.6999999999999997, -4.299999999999999, -5, 0.6997000000000001, -4.302650000000001, -5.0, -0.009334
16, 0.6999999999999997, -4.199999999999999, -5, 0.6997000000000001, -4.1932, -5.0, -0.009387
16, 0.6999999999999997, -4.1, -5, 0.6998000000000001, -4.104, -5.00005, -0.009319
16, 0.6999999999999997, -3.9999999999999996, -5, 0.6998000000000001, -4.0029, -5.00005, -0.009387
16, 0.6999999999999997, -3.8999999999999995, -5, 0.7, -3.89225, -5.00005, -0.009345
16, 0.6999999999999997, -3.7999999999999994, -5, 0.7004000000000001, -3.8923500000000004, -5.00005, -0.009407
16, 0.6999999999999997, -3.6999999999999993, -5, 0.70045, -3.7069500000000004, -5.000100000000001, -0.009329
16, 0.6999999999999997, -3.599999999999999, -5, 0.6994000000000001, -3.5943500000000004, -5.000100000000001, -0.009387
16, 0.6999999999999997, -3.499999999999999, -5, 0.6994000000000001, -3.5043, -5.0, -0.009308
16, 0.6999999999999997, -3.399999999999999, -5, 0.6999500000000001, -3.4000500000000002, -5.0, -0.009381
16, 0.6999999999999997, -3.299999999999999, -5, 0.7006, -3.29705, -5.0, -0.009387
16, 0.6999999999999997, -3.199999999999999, -5, 0.70015, -3.2016000000000004, -5.0, -0.009334
17, 0.7999999999999997, -3.199999999999999, -5, 0.7982, -3.2004500000000005, -5.000100000000001, -0.009392
17, 0.8999999999999997, -3.199999999999999, -5, 0.8966000000000001, -3.2004, -5.0, -0.009324
17, 0.9999999999999997, -3.199999999999999, -5, 1.0044000000000002, -3.2005500000000002, -4.999950000000001, -0.009402
17, 1.0999999999999996, -3.199999999999999, -5, 1.0986500000000001, -3.1999, -5.00005, -0.009345
17, 1.1999999999999997, -3.199999999999999, -5, 1.2002000000000002, -3.1993, -4.999950000000001, -0.009334
17, 1.2999999999999998, -3.199999999999999, -5, 1.30075, -3.2006000000000006, -4.999950000000001, -0.009397
17, 1.4, -3.199999999999999, -5, 1.4013000000000002, -3.2004, -4.999950000000001, -0.009329
17, 1.5, -3.199999999999999, -5, 1.49925, -3.19945, -4.999950000000001, -0.009402
17, 1.6, -3.199999999999999, -5, 1.5984500000000001, -3.19965, -4.999950000000001, -0.00934
17, 1.7000000000000002, -3.199999999999999, -5, 1.7036000000000002, -3.2005, -5.0, -0.009397
17, 1.8000000000000003, -3.199999999999999, -5, 1.7975500000000002, -3.2003000000000004, -4.999950000000001, -0.00934
17, 1.9000000000000004, -3.199999999999999, -5, 1.8993000000000002, -3.19975, -5.0, -0.009392
17, 2.0000000000000004, -3.199999999999999, -5, 2.00315, -3.1994000000000002, -5.0, -0.009392
17, 2.1000000000000005, -3.199999999999999, -5, 2.0976, -3.2004500000000005, -5.000100000000001, -0.009314
17, 2.2000000000000006, -3.199999999999999, -5, 2.2001, -3.2004500000000005, -5.000100000000001, -0.009366
17, 2.3000000000000007, -3.199999999999999, -5, 2.3032000000000004, -3.1996, -5.0001500000000005, -0.009308
17, 2.400000000000001, -3.199999999999999, -5, 2.39745, -3.1994000000000002, -5.000100000000001, -0.009298
17, 2.400000000000001, -3.299999999999999, -5, 2.4008000000000003, -3.2978500000000004, -5.00005, -0.00935
17, 2.400000000000001, -3.399999999999999, -5, 2.40025, -3.40295, -5.0, -0.009334
17, 2.400000000000001, -3.499999999999999, -5, 2.40045, -3.503, -5.00005, -0.009407
17, 2.400000000000001, -3.599999999999999, -5, 2.40025, -3.5947000000000005, -4.999950000000001, -0.009329
17, 2.400000000000001, -3.6999999999999993, -5, 2.4, -3.70225, -4.99985, -0.009407
17, 2.400000000000001, -3.7999999999999994, -5, 2.3999500000000005, -3.8027, -4.99985, -0.009355
17, 2.400000000000001, -3.8999999999999995, -5, 2.39985, -3.8938, -4.9999, -0.009371
17, 2.400000000000001, -3.9999999999999996, -5, 2.4, -4.00455, -5.0, -0.009397
17, 2.400000000000001, -4.1, -5, 2.4001, -4.100650000000001, -5.00005, -0.009334
17, 2.400000000000001, -4.199999999999999, -5, 2.3997, -4.1006, -5.00005, -0.009402
17, 2.400000000000001, -4.299999999999999, -5, 2.40035, -4.298850000000001, -5.0001500000000005, -0.009334
17, 2.400000000000001, -4.399999999999999, -5, 2.4008000000000003, -4.400150000000001, -5.0001500000000005, -0.009397
17, 2.400000000000001, -4.499999999999998, -5, 2.4, -4.49595, -5.0001500000000005, -0.009334
17, 2.400000000000001, -4.599999999999998, -5, 2.3995, -4.495900000000001, -5.000100000000001, -0.009392
17, 2.400000000000001, -4.6999999999999975, -5, 2.3994500000000003, -4.704350000000001, -5.000100000000001, -0.00935
17, 2.400000000000001, -4.799999999999997, -5, 2.4002000000000003, -4.7943500000000006, -5.00005, -0.009392
17, 2.400000000000001, -4.899999999999997, -5, 2.4003, -4.903, -4.999950000000001, -0.009319
18, 2.3000000000000007, -4.899999999999997, -5, 2.3011, -4.900150000000001, -4.9998000000000005, -0.009397
18, 2.2000000000000006, -4.899999999999997, -5, 2.1999, -4.89995, -4.999700000000001, -0.009334
18, 2.1000000000000005, -4.899999999999997, -5, 2.097, -4.899850000000001, -4.99975, -0.009407
18, 2.0000000000000004, -4.899999999999997, -5, 2.0031000000000003, -4.899900000000001, -4.9999, -0.009334
18, 1.9000000000000004, -4.899999999999997, -5, 1.8990500000000001, -4.899850000000001, -5.00005, -0.009366
18, 1.8000000000000003, -4.899999999999997, -5, 1.79855, -4.89995, -5.000100000000001, -0.00936
18, 1.7000000000000002, -4.899999999999997, -5, 1.703, -4.89995, -5.000100000000001, -0.009329
18, 1.6, -4.899999999999997, -5, 1.59735, -4.89995, -5.000100000000001, -0.009387
18, 1.5, -4.899999999999997, -5, 1.49895, -4.90005, -5.00005, -0.009334
18, 1.4, -4.899999999999997, -5, 1.4022000000000001, -4.9001, -5.0, -0.009397
18, 1.2999999999999998, -4.899999999999997, -5, 1.299, -4.9001, -4.9999, -0.009345
18, 1.1999999999999997, -4.899999999999997, -5, 1.1983, -4.9001, -4.99985, -0.009387
18, 1.0999999999999996, -4.899999999999997, -5, 1.10095, -4.900150000000001, -4.99985, -0.009345
18, 0.9999999999999997, -4.899999999999997, -5, 1.00025, -4.899900000000001, -4.99985, -0.009371
18, 0.8999999999999997, -4.899999999999997, -5, 0.8973000000000001, -4.899900000000001, -4.9999, -0.009392
18, 0.7999999999999997, -4.899999999999997, -5, 0.8018000000000001, -4.899850000000001, -5.00005, -0.009324
18, 0.6999999999999997, -4.899999999999997, -5, 0.7018000000000001, -4.899850000000001, -5.00005, -0.009392
18, 0.5999999999999998, -4.899999999999997, -5, 0.5943999999999999, -4.899900000000001, -5.0, -0.009334
18, 0.5999999999999998, -4.799999999999997, -5, 0.5988000000000001, -4.7957, -4.999950000000001, -0.009387
18, 0.5999999999999998, -4.6999999999999975, -5, 0.5993, -4.7082, -4.999950000000001, -0.00934
18, 0.5999999999999998, -4.599999999999998, -5, 0.5999, -4.5987, -4.999950000000001, -0.009334
18, 0.5999999999999998, -4.499999999999998, -5, 0.6, -4.494, -4.999950000000001, -0.009402
18, 0.5999999999999998, -4.399999999999999, -5, 0.6003000000000001, -4.494, -5.0, -0.009334
18, 0.5999999999999998, -4.299999999999999, -5, 0.6003999999999999, -4.3071, -5.00005, -0.009413
18, 0.5999999999999998, -4.199999999999999, -5, 0.59925, -4.1937, -5.00005, -0.00935
18, 0.5999999999999998, -4.1, -5, 0.59945, -4.1039, -5.00005, -0.009334
18, 0.5999999999999998, -3.9999999999999996, -5, 0.59975, -4.003, -5.00005, -0.009387
18, 0.5999999999999998, -3.8999999999999995, -5, 0.6000500000000001, -3.8918500000000003, -5.0, -0.009329
18, 0.5999999999999998, -3.7999999999999994, -5, 0.60035, -3.8919500000000005, -5.00005, -0.009402
18, 0.5999999999999998, -3.6999999999999993, -5, 0.6001000000000001, -3.70705, -5.00005, -0.009345
18, 0.5999999999999998, -3.599999999999999, -5, 0.59965, -3.59415, -5.00005, -0.009381
18, 0.5999999999999998, -3.499999999999999, -5, 0.5996, -3.5046500000000003, -5.00005, -0.009319
18, 0.5999999999999998, -3.399999999999999, -5, 0.59965, -3.4000500000000002, -4.999950000000001, -0.009392
18, 0.5999999999999998, -3.299999999999999, -5, 0.59975, -3.2964, -4.9999, -0.009319
18, 0.5999999999999998, -3.199999999999999, -5, 0.60025, -3.29645, -4.999950000000001, -0.009376
18, 0.5999999999999998, -3.0999999999999988, -5, 0.5999, -3.1028500000000006, -4.9999, -0.009334
19, 0.6999999999999997, -3.0999999999999988, -5, 0.7055, -3.1006000000000005, -4.999950000000001, -0.009392
19, 0.7999999999999997, -3.0999999999999988, -5, 0.7991500000000001, -3.10025, -4.999950000000001, -0.009345
19, 0.8999999999999997, -3.0999999999999988, -5, 0.8974500000000001, -3.10015, -4.999950000000001, -0.009355
19, 0.9999999999999997, -3.0999999999999988, -5, 1.00295, -3.09995, -5.00005, -0.009407
19, 1.0999999999999996, -3.0999999999999988, -5, 1.1001500000000002, -3.09975, -5.000100000000001, -0.009371
19, 1.1999999999999997, -3.0999999999999988, -5, 1.19985, -3.09965, -5.000100000000001, -0.009392
19, 1.2999999999999998, -3.0999999999999988, -5, 1.2996, -3.1002, -5.000100000000001, -0.009334
19, 1.4, -3.0999999999999988, -5, 1.4021000000000001, -3.10035, -5.000100000000001, -0.009392
19, 1.5, -3.0999999999999988, -5, 1.4994, -3.1001000000000003, -5.000100000000001, -0.00934
19, 1.6, -3.0999999999999988, -5, 1.5987, -3.09995, -5.00005, -0.009397
19, 1.7000000000000002, -3.0999999999999988, -5, 1.7033000000000003, -3.0999, -5.00005, -0.00935
19, 1.8000000000000003, -3.0999999999999988, -5, 1.7978500000000002, -3.0998500000000004, -4.999950000000001, -0.009334
19, 1.9000000000000004, -3.0999999999999988, -5, 1.8991000000000002, -3.1, -4.999950000000001, -0.009402
19, 2.0000000000000004, -3.0999999999999988, -5, 2.0033000000000003, -3.1001000000000003, -4.9999, -0.009314
19, 2.1000000000000005, -3.0999999999999988, -5, 2.098, -3.10015, -5.0, -0.009376
19, 2.2000000000000006, -3.0999999999999988, -5, 2.1997000000000004, -3.1001000000000003, -4.9999, -0.009293
19, 2.3000000000000007, -3.0999999999999988, -5, 2.3026, -3.1001000000000003, -4.999950000000001, -0.009355
19, 2.400000000000001, -3.0999999999999988, -5, 2.3029, -3.10015, -4.999950000000001, -0.009334
19, 2.500000000000001, -3.0999999999999988, -5, 2.4968000000000004, -3.1, -5.0, -0.009376
19, 2.500000000000001, -3.199999999999999, -5, 2.5003500000000005, -3.2002, -5.0, -0.009334
19, 2.500000000000001, -3.299999999999999, -5, 2.5006000000000004, -3.2963, -4.999950000000001, -0.009324
19, 2.500000000000001, -3.399999999999999, -5, 2.5008000000000004, -3.4021000000000003, -5.00005, -0.009387
19, 2.500000000000001, -3.499999999999999, -5, 2.5004500000000003, -3.5039000000000002, -5.00005, -0.00934
19, 2.500000000000001, -3.599999999999999, -5, 2.50015, -3.5949, -5.000100000000001, -0.009402
19, 2.500000000000001, -3.6999999999999993, -5, 2.50015, -3.7023, -5.000100000000001, -0.009334
19, 2.500000000000001, -3.7999999999999994, -5, 2.4997000000000003, -3.8026000000000004, -5.0001500000000005, -0.009324
19, 2.500000000000001, -3.8999999999999995, -5, 2.5002000000000004, -3.8939, -5.0001500000000005, -0.009402
19, 2.500000000000001, -3.9999999999999996, -5, 2.5004, -4.0039, -5.00005, -0.009324
19, 2.500000000000001, -4.1, -5, 2.50025, -4.10075, -4.9999, -0.009392
19, 2.500000000000001, -4.199999999999999, -5, 2.5001, -4.195150000000001, -4.9998000000000005, -0.00936
19, 2.500000000000001, -4.299999999999999, -5, 2.50015, -4.30405, -4.9998000000000005, -0.009371
19, 2.500000000000001, -4.399999999999999, -5, 2.5001, -4.4003000000000005, -4.99985, -0.009376
19, 2.500000000000001, -4.499999999999998, -5, 2.49975, -4.40025, -4.99985, -0.009329
19, 2.500000000000001, -4.599999999999998, -5, 2.5000500000000003, -4.59745, -5.0, -0.009397
19, 2.500000000000001, -4.6999999999999975, -5, 2.5002000000000004, -4.7029000000000005, -4.999950000000001, -0.009329
19, 2.500000000000001, -4.799999999999997, -5, 2.4998500000000003, -4.702850000000001, -4.999950000000001, -0.009366
19, 2.500000000000001, -4.899999999999997, -5, 2.5004, -4.8967, -5.0001500000000005, -0.009329
19, 2.500000000000001, -4.9999999999999964, -5, 2.5004500000000003, -5.004150000000001, -5.0002, -0.009381
20, 2.400000000000001, -4.9999999999999964, -5, 2.40015, -5.00065, -5.0002, -0.009345
20, 2.3000000000000007, -4.9999999999999964, -5, 2.3016, -4.99955, -5.000100000000001, -0.009376
20, 2.2000000000000006, -4.9999999999999964, -5, 2.1998, -4.99945, -4.99985, -0.009345
20, 2.1000000000000005, -4.9999999999999964, -5, 2.097, -5.00025, -4.9998000000000005, -0.009334
20, 2.0000000000000004, -4.9999999999999964, -5, 2.00305, -5.000450000000001, -4.99975, -0.00936
20, 1.9000000000000004, -4.9999999999999964, -5, 1.8991000000000002, -4.9998000000000005, -4.99985, -0.00934
20, 1.8000000000000003, -4.9999999999999964, -5, 1.7985, -4.99975, -4.999950000000001, -0.009392
20, 1.7000000000000002, -4.9999999999999964, -5, 1.7031, -4.999950000000001, -5.00005, -0.00934
20, 1.6, -4.9999999999999964, -5, 1.59735, -5.0, -5.0001500000000005, -0.009376
20, 1.5, -4.9999999999999964, -5, 1.4986000000000002, -5.00025, -5.0001500000000005, -0.00934
20, 1.4, -4.9999999999999964, -5, 1.40325, -5.0001500000000005, -5.000100000000001, -0.009407
20, 1.2999999999999998, -4.9999999999999964, -5, 1.29875, -4.99985, -5.0, -0.009314
20, 1.1999999999999997, -4.9999999999999964, -5, 1.19815, -4.9998000000000005, -5.0, -0.009387
20, 1.0999999999999996, -4.9999999999999964, -5, 1.1001500000000002, -4.99985, -5.0, -0.00934
20, 0.9999999999999997, -4.9999999999999964, -5, 1.00135, -4.999950000000001, -4.9999, -0.009371
20, 0.8999999999999997, -4.9999999999999964, -5, 0.8965500000000001, -5.0001500000000005, -4.99985, -0.009366
20, 0.7999999999999997, -4.9999999999999964, -5, 0.80195, -5.0003, -4.99985, -0.009334
20, 0.6999999999999997, -4.9999999999999964, -5, 0.7018000000000001, -5.0, -4.9999, -0.009381
20, 0.5999999999999998, -4.9999999999999964, -5, 0.5939, -4.99985, -4.9999, -0.009324
20, 0.4999999999999998, -4.9999999999999964, -5, 0.5038, -4.9999, -5.0, -0.009402
20, 0.4999999999999998, -4.899999999999997, -5, 0.49960000000000004, -4.8975, -4.999950000000001, -0.009329
20, 0.4999999999999998, -4.799999999999997, -5, 0.4993, -4.7951500000000005, -5.00005, -0.009397
20, 0.4999999999999998, -4.6999999999999975, -5, 0.49985, -4.7065, -5.00005, -0.00936
20, 0.4999999999999998, -4.599999999999998, -5, 0.49970000000000003, -4.5985, -5.00005, -0.009345
20, 0.4999999999999998, -4.499999999999998, -5, 0.5, -4.4955, -5.000100000000001, -0.009392
20, 0.4999999999999998, -4.399999999999999, -5, 0.49970000000000003, -4.40425, -5.00005, -0.009345
20, 0.4999999999999998, -4.299999999999999, -5, 0.49970000000000003, -4.3024000000000004, -5.00005, -0.009402
20, 0.4999999999999998, -4.199999999999999, -5, 0.49985, -4.194100000000001, -5.00005, -0.009329
20, 0.4999999999999998, -4.1, -5, 0.49975, -4.10385, -4.999950000000001, -0.009387
20, 0.4999999999999998, -3.9999999999999996, -5, 0.49985, -4.002800000000001, -5.0, -0.009355
20, 0.4999999999999998, -3.8999999999999995, -5, 0.50005, -3.8919, -4.999950000000001, -0.009345
20, 0.4999999999999998, -3.7999999999999994, -5, 0.5002000000000001, -3.8058, -4.999950000000001, -0.009387
20, 0.4999999999999998, -3.6999999999999993, -5, 0.4998, -3.70075, -4.9999, -0.00934
20, 0.4999999999999998, -3.599999999999999, -5, 0.49975, -3.59465, -4.999950000000001, -0.009397
20, 0.4999999999999998, -3.499999999999999, -5, 0.49975, -3.5044500000000003, -4.999950000000001, -0.009308
20, 0.4999999999999998, -3.399999999999999, -5, 0.4999, -3.3994, -4.999950000000001, -0.009392
20, 0.4999999999999998, -3.299999999999999, -5, 0.5001, -3.2967000000000004, -5.00005, -0.009366
20, 0.4999999999999998, -3.199999999999999, -5, 0.50015, -3.2029, -5.000100000000001, -0.009376
20, 0.4999999999999998, -3.0999999999999988, -5, 0.5, -3.10015, -5.000100000000001, -0.009355
20, 0.4999999999999998, -2.9999999999999987, -5, 0.5003500000000001, -3.1003000000000003, -5.00005, -0.009334
21, 0.5999999999999998, -2.9999999999999987, -5, 0.5947, -2.99745, -5.0001500000000005, -0.009397
21, 0.6999999999999997, -2.9999999999999987, -5, 0.7063, -2.99965, -5.0001500000000005, -0.009334
21, 0.7999999999999997, -2.9999999999999987, -5, 0.799, -2.9997000000000003, -5.00005, -0.009407
21, 0.8999999999999997, -2.9999999999999987, -5, 0.8975, -2.99975, -4.999950000000001, -0.009329
21, 0.9999999999999997, -2.9999999999999987, -5, 1.00315, -2.9998, -4.9999, -0.009376
21, 1.0999999999999996, -2.9999999999999987, -5, 1.09965, -3.00025, -4.9999, -0.009355
21, 1.1999999999999997, -2.9999999999999987, -5, 1.1997, -3.0003500000000005, -4.999950000000001, -0.009319
21, 1.2999999999999998, -2.9999999999999987, -5, 1.3007, -3.0000500000000003, -4.999950000000001, -0.009402
21, 1.4, -2.9999999999999987, -5, 1.40155, -2.9997000000000003, -5.0, -0.009334
21, 1.5, -2.9999999999999987, -5, 1.4990500000000002, -2.9996000000000005, -5.0, -0.009381
21, 1.6, -2.9999999999999987, -5, 1.5984500000000001, -2.9998500000000003, -5.000100000000001, -0.00935
21, 1.7000000000000002, -2.9999999999999987, -5, 1.70415, -3.0001, -5.000100000000001, -0.009329
21, 1.8000000000000003, -2.9999999999999987, -5, 1.7977, -3.00015, -5.000100000000001, -0.009397
21, 1.9000000000000004, -2.9999999999999987, -5, 1.8988500000000001, -3.0001, -5.00005, -0.009298
21, 2.0000000000000004, -2.9999999999999987, -5, 2.0031000000000003, -3.0001, -5.0, -0.009355
21, 2.1000000000000005, -2.9999999999999987, -5, 2.0977, -3.0, -5.0, -0.009314
21, 2.2000000000000006, -2.9999999999999987, -5, 2.0977, -3.0000500000000003, -5.0, -0.009287
21, 2.3000000000000007, -2.9999999999999987, -5, 2.30275, -2.9998500000000003, -5.00005, -0.009277
21, 2.400000000000001, -2.9999999999999987, -5, 2.3981, -2.99965, -4.999950000000001, -0.009329
21, 2.500000000000001, -2.9999999999999987, -5, 2.4981000000000004, -2.99995, -5.0, -0.009303
21, 2.600000000000001, -2.9999999999999987, -5, 2.6025, -3.0, -5.0, -0.009319
21, 2.600000000000001, -3.0999999999999988, -5, 2.6013500000000005, -3.10405, -5.00005, -0.009381
21, 2.600000000000001, -3.199999999999999, -5, 2.5998500000000004, -3.2009000000000003, -4.999950000000001, -0.00934
21, 2.600000000000001, -3.299999999999999, -5, 2.6, -3.2965, -4.99985, -0.009381
21, 2.600000000000001, -3.399999999999999, -5, 2.60035, -3.4018, -4.99985, -0.009345
21, 2.600000000000001, -3.499999999999999, -5, 2.6004, -3.504, -4.9999, -0.009381
21, 2.600000000000001, -3.599999999999999, -5, 2.6003000000000003, -3.59475, -5.0, -0.00935
21, 2.600000000000001, -3.6999999999999993, -5, 2.6003000000000003, -3.7023, -5.0, -0.009329
21, 2.600000000000001, -3.7999999999999994, -5, 2.60035, -3.8028000000000004, -5.0, -0.009397
21, 2.600000000000001, -3.8999999999999995, -5, 2.6002, -3.8936, -5.0, -0.009345
21, 2.600000000000001, -3.9999999999999996, -5, 2.6004, -4.005, -5.00005, -0.009371
21, 2.600000000000001, -4.1, -5, 2.5995500000000002, -4.1006, -5.000100000000001, -0.009397
21, 2.600000000000001, -4.199999999999999, -5, 2.6002, -4.1943, -5.000100000000001, -0.009334
21, 2.600000000000001, -4.299999999999999, -5, 2.60025, -4.3044, -5.000100000000001, -0.009397
21, 2.600000000000001, -4.399999999999999, -5, 2.6004, -4.40025, -5.000100000000001, -0.009329
21, 2.600000000000001, -4.499999999999998, -5, 2.59995, -4.4956000000000005, -5.000100000000001, -0.009387
21, 2.600000000000001, -4.599999999999998, -5, 2.59995, -4.60235, -5.00005, -0.009355
21, 2.600000000000001, -4.6999999999999975, -5, 2.59995, -4.7018, -5.0, -0.009381
21, 2.600000000000001, -4.799999999999997, -5, 2.6, -4.79545, -4.9999, -0.009407
21, 2.600000000000001, -4.899999999999997, -5, 2.5995500000000002, -4.79535, -4.9999, -0.009329
21, 2.600000000000001, -4.9999999999999964, -5, 2.59995, -5.006, -4.99985, -0.00935
21, 2.600000000000001, -5.099999999999996, -5, 2.60065, -5.0931500000000005, -4.9999, -0.00934
22, 2.500000000000001, -5.099999999999996, -5, 2.49955, -5.0983, -4.9999, -0.009371
22, 2.400000000000001, -5.099999999999996, -5, 2.3995, -5.0998, -4.9999, -0.009355
22, 2.3000000000000007, -5.099999999999996, -5, 2.3011, -5.10005, -4.9999, -0.009387
22, 2.2000000000000006, -5.099999999999996, -5, 2.2002, -5.10025, -4.9999, -0.009314
22, 2.1000000000000005, -5.099999999999996, -5, 2.0968, -5.100200000000001, -5.0, -0.009407
22, 2.0000000000000004, -5.099999999999996, -5, 2.00275, -5.1001, -5.000100000000001, -0.00934
22, 1.9000000000000004, -5.099999999999996, -5, 1.8992, -5.09985, -5.000100000000001, -0.009387
22, 1.8000000000000003, -5.099999999999996, -5, 1.79845, -5.0998, -5.00005, -0.009387
22, 1.7000000000000002, -5.099999999999996, -5, 1.7026000000000001, -5.0998, -5.00005, -0.00934
22, 1.6, -5.099999999999996, -5, 1.598, -5.09985, -5.0, -0.009407
22, 1.5, -5.099999999999996, -5, 1.4986000000000002, -5.10005, -4.999950000000001, -0.009371
22, 1.4, -5.099999999999996, -5, 1.4985500000000003, -5.099950000000001, -4.9999, -0.009314
22, 1.2999999999999998, -5.099999999999996, -5, 1.3017, -5.1001, -4.9999, -0.009366
22, 1.1999999999999997, -5.099999999999996, -5, 1.1984000000000001, -5.10015, -4.99985, -0.009319
22, 1.0999999999999996, -5.099999999999996, -5, 1.1007, -5.10015, -4.9999, -0.009371
22, 0.9999999999999997, -5.099999999999996, -5, 1.0003, -5.09985, -4.9999, -0.009345
22, 0.8999999999999997, -5.099999999999996, -5, 0.8971500000000001, -5.09975, -4.9999, -0.009355
22, 0.7999999999999997, -5.099999999999996, -5, 0.8017000000000001, -5.0998, -5.0, -0.009381
22, 0.6999999999999997, -5.099999999999996, -5, 0.70185, -5.099900000000001, -5.00005, -0.009334
22, 0.5999999999999998, -5.099999999999996, -5, 0.59435, -5.10005, -5.000100000000001, -0.009397
22, 0.4999999999999998, -5.099999999999996, -5, 0.5038, -5.10015, -5.000100000000001, -0.00934
22, 0.3999999999999998, -5.099999999999996, -5, 0.4006, -5.1001, -5.00005, -0.009392
22, 0.3999999999999998, -4.9999999999999964, -5, 0.39920000000000005, -5.00825, -4.9999, -0.009381
22, 0.3999999999999998, -4.899999999999997, -5, 0.39955, -4.8986, -4.9999, -0.009319
22, 0.3999999999999998, -4.799999999999997, -5, 0.40065000000000006, -4.7942, -4.9999, -0.009397
22, 0.3999999999999998, -4.6999999999999975, -5, 0.40005, -4.70695, -4.999950000000001, -0.009329
22, 0.3999999999999998, -4.599999999999998, -5, 0.39975, -4.5988, -4.999950000000001, -0.009376
22, 0.3999999999999998, -4.499999999999998, -5, 0.3996, -4.49455, -4.999950000000001, -0.009334
22, 0.3999999999999998, -4.399999999999999, -5, 0.39975, -4.4045, -4.999950000000001, -0.009387
22, 0.3999999999999998, -4.299999999999999, -5, 0.3998, -4.3027, -5.0, -0.009345
22, 0.3999999999999998, -4.199999999999999, -5, 0.40005, -4.19375, -5.00005, -0.009334
22, 0.3999999999999998, -4.1, -5, 0.39995, -4.10405, -5.000100000000001, -0.009392
22, 0.3999999999999998, -3.9999999999999996, -5, 0.39985000000000004, -4.003, -5.000100000000001, -0.009329
22, 0.3999999999999998, -3.8999999999999995, -5, 0.39975, -3.8921000000000006, -5.00005, -0.009387
22, 0.3999999999999998, -3.7999999999999994, -5, 0.40020000000000006, -3.8058, -5.00005, -0.009334
22, 0.3999999999999998, -3.6999999999999993, -5, 0.39985000000000004, -3.70065, -5.00005, -0.009392
22, 0.3999999999999998, -3.599999999999999, -5, 0.4, -3.59475, -5.00005, -0.009329
22, 0.3999999999999998, -3.499999999999999, -5, 0.40020000000000006, -3.5949, -5.00005, -0.009387
22, 0.3999999999999998, -3.399999999999999, -5, 0.39990000000000003, -3.4036000000000004, -5.0, -0.009334
22, 0.3999999999999998, -3.299999999999999, -5, 0.40005, -3.4036500000000003, -5.0, -0.009392
22, 0.3999999999999998, -3.199999999999999, -5, 0.39970000000000006, -3.20005, -5.0, -0.009345
22, 0.3999999999999998, -3.0999999999999988, -5, 0.39955, -3.0999, -5.0, -0.009397
22, 0.3999999999999998, -2.9999999999999987, -5, 0.40025, -2.9979500000000003, -5.00005, -0.009334
22, 0.3999999999999998, -2.8999999999999986, -5, 0.40025, -2.8999, -5.0, -0.009387
23, 0.4999999999999998, -2.8999999999999986, -5, 0.4006, -2.9, -4.999950000000001, -0.009329
23, 0.5999999999999998, -2.8999999999999986, -5, 0.5941000000000001, -2.9000500000000002, -4.999950000000001, -0.009402
23, 0.6999999999999997, -2.8999999999999986, -5, 0.5943, -2.9, -4.999950000000001, -0.009345
23, 0.7999999999999997, -2.8999999999999986, -5, 0.5943, -2.9, -4.999950000000001, -0.009381
23, 0.8999999999999997, -2.8999999999999986, -5, 0.5943, -2.9, -4.999950000000001, -0.00935
23, 0.9999999999999997, -2.8999999999999986, -5, 0.5943, -2.9, -4.999950000000001, -0.009402
23, 1.0999999999999996, -2.8999999999999986, -5, 0.59435, -2.9, -5.0, -0.009345
23, 1.1999999999999997, -2.8999999999999986, -5, 0.5943, -2.9000500000000002, -5.0, -0.009402
23, 1.2999999999999998, -2.8999999999999986, -5, 1.30475, -2.8999, -5.00005, -0.009324
23, 1.4, -2.8999999999999986, -5, 1.40135, -2.8999, -5.0, -0.009381
23, 1.5, -2.8999999999999986, -5, 1.49895, -2.8999, -5.00005, -0.009397
23, 1.6, -2.8999999999999986, -5, 1.5987, -2.8999, -4.999950000000001, -0.00936
23, 1.7000000000000002, -2.8999999999999986, -5, 1.7039000000000002, -2.8999500000000005, -5.0, -0.009402
23, 1.8000000000000003, -2.8999999999999986, -5, 1.7979, -2.9001000000000006, -5.00005, -0.009334
23, 1.9000000000000004, -2.8999999999999986, -5, 1.8986500000000002, -2.9001000000000006, -5.0, -0.009376
23, 2.0000000000000004, -2.8999999999999986, -5, 2.003, -2.9001000000000006, -5.00005, -0.009298
23, 2.1000000000000005, -2.8999999999999986, -5, 2.0978499999999998, -2.9001000000000006, -5.0, -0.009319
23, 2.2000000000000006, -2.8999999999999986, -5, 2.2001500000000003, -2.9000500000000002, -5.0, -0.009282
23, 2.3000000000000007, -2.8999999999999986, -5, 2.3028000000000004, -2.9, -5.0, -0.009261
23, 2.400000000000001, -2.8999999999999986, -5, 2.303, -2.9, -5.0, -0.009314
23, 2.500000000000001, -2.8999999999999986, -5, 2.30295, -2.9, -5.0, -0.009256
23, 2.600000000000001, -2.8999999999999986, -5, 2.30295, -2.9, -5.0, -0.009314
23, 2.700000000000001, -2.8999999999999986, -5, 2.30295, -2.9, -5.0, -0.009256
23, 2.700000000000001, -2.9999999999999987, -5, 2.70005, -2.99965, -5.00005, -0.00934
23, 2.700000000000001, -3.0999999999999988, -5, 2.7003500000000003, -3.1033500000000003, -4.999950000000001, -0.009381
23, 2.700000000000001, -3.199999999999999, -5, 2.7002, -3.2008500000000004, -4.99985, -0.009334
23, 2.700000000000001, -3.299999999999999, -5, 2.7001500000000003, -3.2959, -4.99985, -0.00935
23, 2.700000000000001, -3.399999999999999, -5, 2.6998500000000005, -3.4019500000000003, -4.99985, -0.009387
23, 2.700000000000001, -3.499999999999999, -5, 2.6998, -3.5029500000000002, -5.0, -0.009334
23, 2.700000000000001, -3.599999999999999, -5, 2.6997000000000004, -3.59445, -5.0, -0.00936
23, 2.700000000000001, -3.6999999999999993, -5, 2.70095, -3.7025, -5.00005, -0.009345
23, 2.700000000000001, -3.7999999999999994, -5, 2.7001500000000003, -3.80295, -5.0002, -0.009381
23, 2.700000000000001, -3.8999999999999995, -5, 2.70005, -3.8937000000000004, -5.0002, -0.009355
23, 2.700000000000001, -3.9999999999999996, -5, 2.6997000000000004, -3.89365, -5.0002, -0.009329
23, 2.700000000000001, -4.1, -5, 2.7001000000000004, -4.1055, -5.0002, -0.009407
23, 2.700000000000001, -4.199999999999999, -5, 2.6999, -4.1054, -5.0002, -0.009324
23, 2.700000000000001, -4.299999999999999, -5, 2.70005, -4.2991, -5.000100000000001, -0.009387
23, 2.700000000000001, -4.399999999999999, -5, 2.70065, -4.4005, -5.0, -0.009324
23, 2.700000000000001, -4.499999999999998, -5, 2.7001000000000004, -4.4956000000000005, -5.0, -0.009397
23, 2.700000000000001, -4.599999999999998, -5, 2.7002, -4.602150000000001, -5.0, -0.009314
23, 2.700000000000001, -4.6999999999999975, -5, 2.69965, -4.7014499999999995, -5.0, -0.009334
23, 2.700000000000001, -4.799999999999997, -5, 2.70025, -4.79605, -5.0, -0.009355
23, 2.700000000000001, -4.899999999999997, -5, 2.7, -4.9018500000000005, -5.0, -0.009324
23, 2.700000000000001, -4.9999999999999964, -5, 2.7002, -5.00375, -5.0, -0.009392
23, 2.700000000000001, -5.099999999999996, -5, 2.7001000000000004, -5.093100000000001, -5.0, -0.00934
23, 2.700000000000001, -5.199999999999996, -5, 2.70025, -5.20375, -4.99985, -0.009355
24, 2.600000000000001, -5.199999999999996, -5, 2.5988, -5.2001, -4.99985, -0.009381
24, 2.500000000000001, -5.199999999999996, -5, 2.49915, -5.1998500000000005, -4.99985, -0.009324
24, 2.400000000000001, -5.199999999999996, -5, 2.4004000000000003, -5.19975, -4.9999, -0.009381
24, 2.3000000000000007, -5.199999999999996, -5, 2.3013000000000003, -5.1998, -5.0, -0.009397
24, 2.2000000000000006, -5.199999999999996, -5, 2.1999, -5.19975, -5.0, -0.009324
24, 2.1000000000000005, -5.199999999999996, -5, 2.09695, -5.19995, -5.00005, -0.009381
24, 2.0000000000000004, -5.199999999999996, -5, 2.00285, -5.20005, -4.999950000000001, -0.00934
24, 1.9000000000000004, -5.199999999999996, -5, 1.89945, -5.2001, -5.0, -0.009334
24, 1.8000000000000003, -5.199999999999996, -5, 1.79825, -5.2, -4.999950000000001, -0.009355
24, 1.7000000000000002, -5.199999999999996, -5, 1.7976, -5.2, -4.999950000000001, -0.009334
24, 1.6, -5.199999999999996, -5, 1.7977, -5.20005, -4.999950000000001, -0.009392
24, 1.5, -5.199999999999996, -5, 1.4999500000000001, -5.2001, -4.99985, -0.009402
24, 1.4, -5.199999999999996, -5, 1.4036000000000002, -5.2001, -4.999950000000001, -0.009355
24, 1.2999999999999998, -5.199999999999996, -5, 1.29885, -5.20005, -4.999950000000001, -0.00935
24, 1.1999999999999997, -5.199999999999996, -5, 1.198, -5.20005, -5.0, -0.009397
24, 1.0999999999999996, -5.199999999999996, -5, 1.0995, -5.2, -5.0, -0.009319
24, 0.9999999999999997, -5.199999999999996, -5, 1.0996000000000001, -5.2, -5.0, -0.009392
24, 0.8999999999999997, -5.199999999999996, -5, 1.09965, -5.2, -5.0, -0.009402
24, 0.7999999999999997, -5.199999999999996, -5, 1.09965, -5.2, -5.0, -0.009319
24, 0.6999999999999997, -5.199999999999996, -5, 1.09965, -5.19995, -5.0, -0.009387
24, 0.5999999999999998, -5.199999999999996, -5, 0.5965, -5.1999, -4.999950000000001, -0.009392
24, 0.4999999999999998, -5.199999999999996, -5, 0.5039, -5.19995, -5.00005, -0.009334
24, 0.3999999999999998, -5.199999999999996, -5, 0.40095000000000003, -5.19995, -5.000100000000001, -0.009371
24, 0.2999999999999998, -5.199999999999996, -5, 0.40105, -5.19995, -5.000100000000001, -0.009381
24, 0.2999999999999998, -5.099999999999996, -5, 0.29615, -5.094900000000001, -5.00005, -0.009392
24, 0.2999999999999998, -4.9999999999999964, -5, 0.29805000000000004, -5.008900000000001, -5.0, -0.009397
24, 0.2999999999999998, -4.899999999999997, -5, 0.29965, -4.8986, -5.0, -0.009376
24, 0.2999999999999998, -4.799999999999997, -5, 0.2998, -4.7934, -5.00005, -0.009381
24, 0.2999999999999998, -4.6999999999999975, -5, 0.29995, -4.70715, -5.0, -0.009334
24, 0.2999999999999998, -4.599999999999998, -5, 0.29990000000000006, -4.59935, -4.9999, -0.009381
24, 0.2999999999999998, -4.499999999999998, -5, 0.30015000000000003, -4.4943, -5.0, -0.009329
24, 0.2999999999999998, -4.399999999999999, -5, 0.3, -4.4048, -4.999950000000001, -0.009392
24, 0.2999999999999998, -4.299999999999999, -5, 0.29990000000000006, -4.30275, -4.999950000000001, -0.009324
24, 0.2999999999999998, -4.199999999999999, -5, 0.29990000000000006, -4.19295, -5.0, -0.009392
24, 0.2999999999999998, -4.1, -5, 0.29969999999999997, -4.104150000000001, -5.00005, -0.009345
24, 0.2999999999999998, -3.9999999999999996, -5, 0.29955000000000004, -4.00305, -5.0, -0.009371
24, 0.2999999999999998, -3.8999999999999995, -5, 0.3, -3.89225, -5.0, -0.009381
24, 0.2999999999999998, -3.7999999999999994, -5, 0.29965, -3.806, -5.00005, -0.009324
24, 0.2999999999999998, -3.6999999999999993, -5, 0.2998, -3.7007000000000003, -5.00005, -0.009392
24, 0.2999999999999998, -3.599999999999999, -5, 0.29985, -3.5947000000000005, -4.999950000000001, -0.009329
24, 0.2999999999999998, -3.499999999999999, -5, 0.29985, -3.5045, -4.9999, -0.009397
24, 0.2999999999999998, -3.399999999999999, -5, 0.29985, -3.39915, -4.9999, -0.009345
24, 0.2999999999999998, -3.299999999999999, -5, 0.29985, -3.2973500000000002, -4.999950000000001, -0.009376
24, 0.2999999999999998, -3.199999999999999, -5, 0.30010000000000003, -3.20195, -5.0, -0.009376
24, 0.2999999999999998, -3.0999999999999988, -5, 0.30015000000000003, -3.1003000000000003, -4.999950000000001, -0.00934
24, 0.2999999999999998, -2.9999999999999987, -5, 0.30015000000000003, -2.9978500000000006, -5.00005, -0.009397
24, 0.2999999999999998, -2.8999999999999986, -5, 0.30019999999999997, -2.90025, -5.000100000000001, -0.009387
24, 0.2999999999999998, -2.7999999999999985, -5, 0.29965, -2.8022000000000005, -5.000100000000001, -0.009387
25, 0.3999999999999998, -2.7999999999999985, -5, 0.40285000000000004, -2.80025, -5.0001500000000005, -0.009329
25, 0.4999999999999998, -2.7999999999999985, -5, 0.5015, -2.80015, -5.000100000000001, -0.00934
25, 0.5999999999999998, -2.7999999999999985, -5, 0.59545, -2.79985, -5.00005, -0.00936
25, 0.6999999999999997, -2.7999999999999985, -5, 0.7051000000000001, -2.79975, -5.0, -0.009324
25, 0.7999999999999997, -2.7999999999999985, -5, 0.7993000000000001, -2.7998000000000003, -5.0, -0.009397
25, 0.8999999999999997, -2.7999999999999985, -5, 0.8974500000000001, -2.8001000000000005, -4.999950000000001, -0.009329
25, 0.9999999999999997, -2.7999999999999985, -5, 1.0037, -2.8002000000000002, -4.99985, -0.009392
25, 1.0999999999999996, -2.7999999999999985, -5, 1.09945, -2.80015, -4.99985, -0.009334
25, 1.1999999999999997, -2.7999999999999985, -5, 1.19975, -2.80005, -4.9999, -0.009402
25, 1.2999999999999998, -2.7999999999999985, -5, 1.30025, -2.8, -4.999950000000001, -0.009324
25, 1.4, -2.7999999999999985, -5, 1.4014000000000002, -2.7998000000000003, -5.0, -0.009371
25, 1.5, -2.7999999999999985, -5, 1.4992, -2.79975, -5.00005, -0.009402
25, 1.6, -2.7999999999999985, -5, 1.5981500000000002, -2.7999500000000004, -5.000100000000001, -0.009345
25, 1.7000000000000002, -2.7999999999999985, -5, 1.7045, -2.8002000000000002, -5.000100000000001, -0.009397
25, 1.8000000000000003, -2.7999999999999985, -5, 1.7978000000000003, -2.80015, -5.0001500000000005, -0.009345
25, 1.9000000000000004, -2.7999999999999985, -5, 1.8990500000000001, -2.8002000000000002, -5.0001500000000005, -0.009366
25, 2.0000000000000004, -2.7999999999999985, -5, 2.00275, -2.8, -5.000100000000001, -0.009366
25, 2.1000000000000005, -2.7999999999999985, -5, 2.00305, -2.8, -5.00005, -0.009282
25, 2.2000000000000006, -2.7999999999999985, -5, 2.00305, -2.80005, -5.000100000000001, -0.009334
25, 2.3000000000000007, -2.7999999999999985, -5, 2.003, -2.8, -5.000100000000001, -0.009303
25, 2.400000000000001, -2.7999999999999985, -5, 2.00305, -2.8, -5.000100000000001, -0.009277
25, 2.500000000000001, -2.7999999999999985, -5, 2.00305, -2.8, -5.000100000000001, -0.00935
25, 2.600000000000001, -2.7999999999999985, -5, 2.00305, -2.8, -5.000100000000001, -0.009282
25, 2.700000000000001, -2.7999999999999985, -5, 2.00305, -2.8, -5.000100000000001, -0.009334
25, 2.800000000000001, -2.7999999999999985, -5, 2.00305, -2.80005, -5.000100000000001, -0.00934
25, 2.800000000000001, -2.8999999999999986, -5, 2.7950500000000003, -2.8987000000000003, -5.000100000000001, -0.00936
25, 2.800000000000001, -2.9999999999999987, -5, 2.801, -2.998, -5.0, -0.009397
25, 2.800000000000001, -3.0999999999999988, -5, 2.80075, -3.1026000000000002, -5.00005, -0.009345
25, 2.800000000000001, -3.199999999999999, -5, 2.8007000000000004, -3.2011000000000003, -5.0, -0.009387
25, 2.800000000000001, -3.299999999999999, -5, 2.8004000000000002, -3.2967000000000004, -5.0, -0.009407
25, 2.800000000000001, -3.399999999999999, -5, 2.79975, -3.40205, -5.00005, -0.009329
25, 2.800000000000001, -3.499999999999999, -5, 2.7992000000000004, -3.5025, -4.9999, -0.009345
25, 2.800000000000001, -3.599999999999999, -5, 2.8006, -3.5947000000000005, -4.9998000000000005, -0.009324
25, 2.800000000000001, -3.6999999999999993, -5, 2.8014, -3.7024500000000002, -4.9998000000000005, -0.009371
25, 2.800000000000001, -3.7999999999999994, -5, 2.79965, -3.8028500000000003, -4.99985, -0.009371
25, 2.800000000000001, -3.8999999999999995, -5, 2.7998000000000003, -3.8938500000000005, -4.999950000000001, -0.009329
25, 2.800000000000001, -3.9999999999999996, -5, 2.7999500000000004, -4.0053, -5.000100000000001, -0.009397
25, 2.800000000000001, -4.1, -5, 2.79975, -4.00525, -5.000100000000001, -0.009345
25, 2.800000000000001, -4.199999999999999, -5, 2.7999500000000004, -4.1949000000000005, -5.0002, -0.009397
25, 2.800000000000001, -4.299999999999999, -5, 2.8007000000000004, -4.30525, -5.0002, -0.009345
25, 2.800000000000001, -4.399999999999999, -5, 2.8003500000000003, -4.4003000000000005, -5.0002, -0.009381
25, 2.800000000000001, -4.499999999999998, -5, 2.80045, -4.4945, -5.000100000000001, -0.00936
25, 2.800000000000001, -4.599999999999998, -5, 2.80025, -4.6025, -5.0, -0.009381
25, 2.800000000000001, -4.6999999999999975, -5, 2.7995, -4.7019, -5.0, -0.00935
25, 2.800000000000001, -4.799999999999997, -5, 2.80005, -4.7953, -5.0, -0.009371
25, 2.800000000000001, -4.899999999999997, -5, 2.80015, -4.90195, -5.0, -0.009376
25, 2.800000000000001, -4.9999999999999964, -5, 2.8, -5.0043, -5.0, -0.009324
25, 2.800000000000001, -5.099999999999996, -5, 2.8003500000000003, -5.0921, -4.9999, -0.009376
25, 2.800000000000001, -5.199999999999996, -5, 2.80015, -5.2040500000000005, -4.9999, -0.009324
25, 2.800000000000001, -5.299999999999995, -5, 2.80015, -5.30325, -4.9999, -0.009376
26, 2.700000000000001, -5.299999999999995, -5, 2.702, -5.3005, -4.9999, -0.009345
26, 2.600000000000001, -5.299999999999995, -5, 2.6008500000000003, -5.29985, -4.999950000000001, -0.009329
26, 2.500000000000001, -5.299999999999995, -5, 2.4994500000000004, -5.29985, -5.0, -0.009381
26, 2.400000000000001, -5.299999999999995, -5, 2.39875, -5.29975, -5.00005, -0.009334
26, 2.3000000000000007, -5.299999999999995, -5, 2.3011, -5.299950000000001, -5.00005, -0.009402
26, 2.2000000000000006, -5.299999999999995, -5, 2.2004500000000005, -5.3001000000000005, -5.00005, -0.009355
26, 2.1000000000000005, -5.299999999999995, -5, 2.09655, -5.3001000000000005, -5.00005, -0.009392
26, 2.0000000000000004, -5.299999999999995, -5, 2.0029500000000002, -5.30015, -5.0, -0.009371
26, 1.9000000000000004, -5.299999999999995, -5, 1.8996000000000002, -5.30015, -5.0, -0.00934
26, 1.8000000000000003, -5.299999999999995, -5, 1.7985, -5.300200000000001, -4.999950000000001, -0.009392
26, 1.7000000000000002, -5.299999999999995, -5, 1.70225, -5.3, -5.0, -0.009319
26, 1.6, -5.299999999999995, -5, 1.5981, -5.299950000000001, -4.9999, -0.009392
26, 1.5, -5.299999999999995, -5, 1.4985, -5.299950000000001, -4.9999, -0.009355
26, 1.4, -5.299999999999995, -5, 1.4030500000000001, -5.299900000000001, -4.9999, -0.009345
26, 1.2999999999999998, -5.299999999999995, -5, 1.29865, -5.2998, -4.99985, -0.009334
26, 1.1999999999999997, -5.299999999999995, -5, 1.1983, -5.300050000000001, -4.9999, -0.009355
26, 1.0999999999999996, -5.299999999999995, -5, 1.1004500000000002, -5.300050000000001, -5.0, -0.009355
26, 0.9999999999999997, -5.299999999999995, -5, 1.0012, -5.300050000000001, -5.0, -0.009329
26, 0.8999999999999997, -5.299999999999995, -5, 0.8964500000000001, -5.300050000000001, -4.999950000000001, -0.009387
26, 0.7999999999999997, -5.299999999999995, -5, 0.8018500000000001, -5.300050000000001, -5.00005, -0.009319
26, 0.6999999999999997, -5.299999999999995, -5, 0.7017, -5.300050000000001, -5.00005, -0.009397
26, 0.5999999999999998, -5.299999999999995, -5, 0.59425, -5.299950000000001, -5.00005, -0.009334
26, 0.4999999999999998, -5.299999999999995, -5, 0.50385, -5.3, -5.000100000000001, -0.009371
26, 0.3999999999999998, -5.299999999999995, -5, 0.5038, -5.299900000000001, -5.000100000000001, -0.00934
26, 0.2999999999999998, -5.299999999999995, -5, 0.29655000000000004, -5.3, -5.000100000000001, -0.009381
26, 0.19999999999999982, -5.299999999999995, -5, 0.29655000000000004, -5.299950000000001, -5.00005, -0.009319
26, 0.19999999999999982, -5.199999999999996, -5, 0.20355, -5.19825, -5.0, -0.009397
26, 0.19999999999999982, -5.099999999999996, -5, 0.20075, -5.09285, -5.0, -0.00935
26, 0.19999999999999982, -4.9999999999999964, -5, 0.19920000000000002, -5.0079, -5.0, -0.009376
26, 0.19999999999999982, -4.899999999999997, -5, 0.199, -4.8984499999999995, -5.00005, -0.009371
26, 0.19999999999999982, -4.799999999999997, -5, 0.20035000000000003, -4.79535, -5.000100000000001, -0.009308
26, 0.19999999999999982, -4.6999999999999975, -5, 0.20010000000000003, -4.7057, -4.999950000000001, -0.009387
26, 0.19999999999999982, -4.599999999999998, -5, 0.20010000000000003, -4.5996999999999995, -4.9999, -0.009329
26, 0.19999999999999982, -4.499999999999998, -5, 0.2, -4.49455, -4.9999, -0.009366
26, 0.19999999999999982, -4.399999999999999, -5, 0.19955, -4.40475, -4.9999, -0.009392
26, 0.19999999999999982, -4.299999999999999, -5, 0.1993, -4.302449999999999, -4.9999, -0.009329
26, 0.19999999999999982, -4.199999999999999, -5, 0.20005, -4.19325, -4.999950000000001, -0.009397
26, 0.19999999999999982, -4.1, -5, 0.20005, -4.1043, -5.00005, -0.009345
26, 0.19999999999999982, -3.9999999999999996, -5, 0.19985000000000003, -4.00295, -5.000100000000001, -0.009366
26, 0.19999999999999982, -3.8999999999999995, -5, 0.1999, -3.89225, -5.000100000000001, -0.00934
26, 0.19999999999999982, -3.7999999999999994, -5, 0.1998, -3.8054, -5.000100000000001, -0.009366
26, 0.19999999999999982, -3.6999999999999993, -5, 0.19970000000000002, -3.7008500000000004, -5.000100000000001, -0.00936
26, 0.19999999999999982, -3.599999999999999, -5, 0.19995000000000002, -3.5948500000000005, -5.00005, -0.009329
26, 0.19999999999999982, -3.499999999999999, -5, 0.20025, -3.5949, -5.000100000000001, -0.009381
26, 0.19999999999999982, -3.399999999999999, -5, 0.20025, -3.4037, -5.00005, -0.009329
26, 0.19999999999999982, -3.299999999999999, -5, 0.1998, -3.2967000000000004, -5.0, -0.009387
26, 0.19999999999999982, -3.199999999999999, -5, 0.19965, -3.2032000000000003, -5.0, -0.00934
26, 0.19999999999999982, -3.0999999999999988, -5, 0.19955, -3.10005, -4.9999, -0.009387
26, 0.19999999999999982, -2.9999999999999987, -5, 0.2, -2.998, -4.99985, -0.009324
26, 0.19999999999999982, -2.8999999999999986, -5, 0.20020000000000002, -2.9981000000000004, -4.9998000000000005, -0.009397
26, 0.19999999999999982, -2.7999999999999985, -5, 0.20010000000000003, -2.8016000000000005, -4.9998000000000005, -0.009334
26, 0.19999999999999982, -2.6999999999999984, -5, 0.19995000000000002, -2.69765, -4.99985, -0.009387
27, 0.2999999999999998, -2.6999999999999984, -5, 0.29560000000000003, -2.69815, -4.999950000000001, -0.009319
27, 0.3999999999999998, -2.6999999999999984, -5, 0.40420000000000006, -2.69945, -5.000100000000001, -0.009381
27, 0.4999999999999998, -2.6999999999999984, -5, 0.50065, -2.7001500000000003, -5.000100000000001, -0.00936
27, 0.5999999999999998, -2.6999999999999984, -5, 0.59575, -2.70025, -5.000100000000001, -0.009329
27, 0.6999999999999997, -2.6999999999999984, -5, 0.7047, -2.70005, -5.000100000000001, -0.009397
27, 0.7999999999999997, -2.6999999999999984, -5, 0.7999, -2.6997000000000004, -5.00005, -0.009324
27, 0.8999999999999997, -2.6999999999999984, -5, 0.8974500000000001, -2.6995, -5.00005, -0.009381
27, 0.9999999999999997, -2.6999999999999984, -5, 1.00325, -2.6999500000000003, -4.999950000000001, -0.009345
27, 1.0999999999999996, -2.6999999999999984, -5, 1.0995, -2.6999500000000003, -4.9999, -0.009314
27, 1.1999999999999997, -2.6999999999999984, -5, 1.19975, -2.7, -4.9999, -0.009387
27, 1.2999999999999998, -2.6999999999999984, -5, 1.3008000000000002, -2.7, -4.9999, -0.009334
27, 1.4, -2.6999999999999984, -5, 1.40145, -2.7001000000000004, -4.9999, -0.009392
27, 1.5, -2.6999999999999984, -5, 1.49915, -2.7001000000000004, -4.999950000000001, -0.009329
27, 1.6, -2.6999999999999984, -5, 1.5986500000000001, -2.7001000000000004, -5.0, -0.009402
27, 1.7000000000000002, -2.6999999999999984, -5, 1.7035, -2.7001000000000004, -5.00005, -0.009329
27, 1.8000000000000003, -2.6999999999999984, -5, 1.7976500000000002, -2.7, -5.000100000000001, -0.009387
27, 1.9000000000000004, -2.6999999999999984, -5, 1.7976500000000002, -2.7, -5.000100000000001, -0.009324
27, 2.0000000000000004, -2.6999999999999984, -5, 1.79775, -2.7, -5.0001500000000005, -0.009371
27, 2.1000000000000005, -2.6999999999999984, -5, 1.79775, -2.7, -5.000100000000001, -0.009334
27, 2.2000000000000006, -2.6999999999999984, -5, 1.79775, -2.70005, -5.000100000000001, -0.009366
27, 2.3000000000000007, -2.6999999999999984, -5, 2.3018, -2.6999500000000003, -5.0001500000000005, -0.009308
27, 2.400000000000001, -2.6999999999999984, -5, 2.3985, -2.6998, -5.0001500000000005, -0.009293
27, 2.500000000000001, -2.6999999999999984, -5, 2.49865, -2.6998500000000005, -5.00005, -0.009293
27, 2.600000000000001, -2.6999999999999984, -5, 2.6025, -2.6999500000000003, -4.999950000000001, -0.00935
27, 2.700000000000001, -2.6999999999999984, -5, 2.7001000000000004, -2.6998500000000005, -4.999950000000001, -0.009329
27, 2.800000000000001, -2.6999999999999984, -5, 2.79675, -2.6999500000000003, -4.99985, -0.009387
27, 2.9000000000000012, -2.6999999999999984, -5, 2.9040500000000002, -2.6999500000000003, -4.999950000000001, -0.009413
27, 2.9000000000000012, -2.7999999999999985, -5, 2.9005, -2.8067, -5.0, -0.009387
27, 2.9000000000000012, -2.8999999999999986, -5, 2.90015, -2.8996500000000003, -5.0, -0.00936
27, 2.9000000000000012, -2.9999999999999987, -5, 2.9006000000000003, -2.9979, -5.00005, -0.009345
27, 2.9000000000000012, -3.0999999999999988, -5, 2.90045, -3.1019, -5.0001500000000005, -0.009397
27, 2.9000000000000012, -3.199999999999999, -5, 2.8998500000000003, -3.20095, -5.000100000000001, -0.00934
27, 2.9000000000000012, -3.299999999999999, -5, 2.8996000000000004, -3.29665, -5.000100000000001, -0.009397
27, 2.9000000000000012, -3.399999999999999, -5, 2.9006000000000003, -3.4018500000000005, -5.000100000000001, -0.00934
27, 2.9000000000000012, -3.499999999999999, -5, 2.8998000000000004, -3.5025500000000003, -5.0, -0.009319
27, 2.9000000000000012, -3.599999999999999, -5, 2.9002000000000003, -3.5946000000000002, -5.00005, -0.009376
27, 2.9000000000000012, -3.6999999999999993, -5, 2.9005, -3.7032000000000003, -5.0, -0.009324
27, 2.9000000000000012, -3.7999999999999994, -5, 2.90025, -3.8029, -5.0, -0.009392
27, 2.9000000000000012, -3.8999999999999995, -5, 2.9001000000000006, -3.8937000000000004, -5.00005, -0.009334
27, 2.9000000000000012, -3.9999999999999996, -5, 2.9002000000000003, -4.0046, -4.999950000000001, -0.009381
27, 2.9000000000000012, -4.1, -5, 2.90015, -4.1005, -4.9999, -0.009387
27, 2.9000000000000012, -4.199999999999999, -5, 2.8998500000000003, -4.1004000000000005, -4.9999, -0.009324
27, 2.9000000000000012, -4.299999999999999, -5, 2.8998500000000003, -4.29925, -4.9999, -0.009392
27, 2.9000000000000012, -4.399999999999999, -5, 2.90055, -4.40045, -4.9999, -0.00934
27, 2.9000000000000012, -4.499999999999998, -5, 2.90015, -4.495150000000001, -4.99985, -0.009387
27, 2.9000000000000012, -4.599999999999998, -5, 2.9000500000000002, -4.6021, -4.999950000000001, -0.00934
27, 2.9000000000000012, -4.6999999999999975, -5, 2.9000500000000002, -4.702100000000001, -5.00005, -0.009376
27, 2.9000000000000012, -4.799999999999997, -5, 2.90015, -4.7957, -5.0001500000000005, -0.009387
27, 2.9000000000000012, -4.899999999999997, -5, 2.9000500000000002, -4.9022, -5.0001500000000005, -0.009334
27, 2.9000000000000012, -4.9999999999999964, -5, 2.9000500000000002, -5.002650000000001, -5.000100000000001, -0.009387
27, 2.9000000000000012, -5.099999999999996, -5, 2.9001000000000006, -5.093400000000001, -5.00005, -0.009324
27, 2.9000000000000012, -5.199999999999996, -5, 2.9, -5.2043, -4.999950000000001, -0.009392
27, 2.9000000000000012, -5.299999999999995, -5, 2.89955, -5.204200000000001, -4.999950000000001, -0.009329
27, 2.9000000000000012, -5.399999999999995, -5, 2.8999500000000005, -5.395700000000001, -4.9999, -0.009397
28, 2.800000000000001, -5.399999999999995, -5, 2.7973000000000003, -5.3988000000000005, -4.9999, -0.009334
28, 2.700000000000001, -5.399999999999995, -5, 2.70215, -5.399450000000001, -4.99985, -0.009381
28, 2.600000000000001, -5.399999999999995, -5, 2.5998, -5.40025, -4.99985, -0.009345
28, 2.500000000000001, -5.399999999999995, -5, 2.4989, -5.4004, -4.9999, -0.009381
28, 2.400000000000001, -5.399999999999995, -5, 2.4005, -5.40025, -4.999950000000001, -0.009413
28, 2.3000000000000007, -5.399999999999995, -5, 2.301, -5.3999500000000005, -5.00005, -0.009334
28, 2.2000000000000006, -5.399999999999995, -5, 2.30085, -5.399900000000001, -5.00005, -0.009371
28, 2.1000000000000005, -5.399999999999995, -5, 2.0970500000000003, -5.399700000000001, -5.000100000000001, -0.00934
28, 2.0000000000000004, -5.399999999999995, -5, 2.0034, -5.3998, -5.000100000000001, -0.00936
28, 1.9000000000000004, -5.399999999999995, -5, 1.8986500000000002, -5.3998, -5.000100000000001, -0.009392
28, 1.8000000000000003, -5.399999999999995, -5, 1.7984, -5.4001, -5.000100000000001, -0.009334
28, 1.7000000000000002, -5.399999999999995, -5, 1.70245, -5.400200000000001, -5.00005, -0.009387
28, 1.6, -5.399999999999995, -5, 1.5981500000000002, -5.40025, -4.999950000000001, -0.00934
28, 1.5, -5.399999999999995, -5, 1.4985500000000003, -5.400150000000001, -4.99985, -0.009334
28, 1.4, -5.399999999999995, -5, 1.403, -5.399850000000001, -4.99985, -0.009392
28, 1.2999999999999998, -5.399999999999995, -5, 1.29855, -5.3995500000000005, -4.9999, -0.009324
28, 1.1999999999999997, -5.399999999999995, -5, 1.19835, -5.399900000000001, -4.9999, -0.009402
28, 1.0999999999999996, -5.399999999999995, -5, 1.1007, -5.40005, -5.0, -0.009345
28, 0.9999999999999997, -5.399999999999995, -5, 1.001, -5.4001, -4.9999, -0.009381
28, 0.8999999999999997, -5.399999999999995, -5, 0.8966500000000001, -5.4001, -5.0, -0.00936
28, 0.7999999999999997, -5.399999999999995, -5, 0.8018000000000001, -5.4001, -5.0, -0.009376
28, 0.6999999999999997, -5.399999999999995, -5, 0.7021000000000001, -5.40005, -4.999950000000001, -0.009387
28, 0.5999999999999998, -5.399999999999995, -5, 0.5943, -5.3999500000000005, -5.00005, -0.009334
28, 0.4999999999999998, -5.399999999999995, -5, 0.50375, -5.3998, -5.000100000000001, -0.009402
28, 0.3999999999999998, -5.399999999999995, -5, 0.40085000000000004, -5.399850000000001, -5.0001500000000005, -0.009329
28, 0.2999999999999998, -5.399999999999995, -5, 0.29590000000000005, -5.3999500000000005, -5.00005, -0.009381
28, 0.19999999999999982, -5.399999999999995, -5, 0.20370000000000002, -5.4, -5.0, -0.009381
28, 0.09999999999999981, -5.399999999999995, -5, 0.20355, -5.3999500000000005, -5.0, -0.009334
28, 0.09999999999999981, -5.299999999999995, -5, 0.09830000000000001, -5.308350000000001, -5.0, -0.009381
28, 0.09999999999999981, -5.199999999999996, -5, 0.0995, -5.19975, -4.99985, -0.009329
28, 0.09999999999999981, -5.099999999999996, -5, 0.1, -5.09305, -4.99985, -0.009407
28, 0.09999999999999981, -4.9999999999999964, -5, 0.10025, -5.006950000000001, -4.9998000000000005, -0.00935
28, 0.09999999999999981, -4.899999999999997, -5, 0.10005000000000001, -4.89935, -4.9999, -0.009371
28, 0.09999999999999981, -4.799999999999997, -5, 0.10010000000000001, -4.794, -5.00005, -0.009387
28, 0.09999999999999981, -4.6999999999999975, -5, 0.09955000000000001, -4.707, -5.0, -0.009329
28, 0.09999999999999981, -4.599999999999998, -5, 0.0995, -4.5985, -5.00005, -0.009376
28, 0.09999999999999981, -4.499999999999998, -5, 0.1002, -4.4955, -5.00005, -0.009355
28, 0.09999999999999981, -4.399999999999999, -5, 0.09985000000000001, -4.40435, -5.00005, -0.009324
28, 0.09999999999999981, -4.299999999999999, -5, 0.09985000000000001, -4.3021, -5.00005, -0.009402
28, 0.09999999999999981, -4.199999999999999, -5, 0.09980000000000001, -4.194400000000001, -5.0, -0.009319
28, 0.09999999999999981, -4.1, -5, 0.0999, -4.1032, -5.0, -0.009366
28, 0.09999999999999981, -3.9999999999999996, -5, 0.0997, -4.00295, -5.0, -0.009381
28, 0.09999999999999981, -3.8999999999999995, -5, 0.09995, -3.8924000000000003, -5.00005, -0.00934
28, 0.09999999999999981, -3.7999999999999994, -5, 0.1002, -3.89245, -5.00005, -0.009392
28, 0.09999999999999981, -3.6999999999999993, -5, 0.1002, -3.70705, -5.0, -0.009324
28, 0.09999999999999981, -3.599999999999999, -5, 0.0999, -3.59355, -5.0, -0.009392
28, 0.09999999999999981, -3.499999999999999, -5, 0.10005000000000001, -3.5049, -5.00005, -0.009345
28, 0.09999999999999981, -3.399999999999999, -5, 0.0994, -3.39925, -4.999950000000001, -0.009345
28, 0.09999999999999981, -3.299999999999999, -5, 0.09980000000000001, -3.2973000000000003, -4.9999, -0.009407
28, 0.09999999999999981, -3.199999999999999, -5, 0.09985000000000001, -3.202, -4.99985, -0.00936
28, 0.09999999999999981, -3.0999999999999988, -5, 0.10015, -3.10055, -4.99985, -0.009392
28, 0.09999999999999981, -2.9999999999999987, -5, 0.10025, -3.10065, -4.999950000000001, -0.009407
28, 0.09999999999999981, -2.8999999999999986, -5, 0.10005000000000001, -2.8981500000000002, -4.999950000000001, -0.00936
28, 0.09999999999999981, -2.7999999999999985, -5, 0.09995, -2.80155, -5.0, -0.009392
28, 0.09999999999999981, -2.6999999999999984, -5, 0.10015, -2.80155, -5.0, -0.009334
28, 0.09999999999999981, -2.5999999999999983, -5, 0.09985000000000001, -2.598, -5.00005, -0.009397
29, 0.19999999999999982, -2.5999999999999983, -5, 0.20110000000000003, -2.60025, -5.0001500000000005, -0.009329
29, 0.2999999999999998, -2.5999999999999983, -5, 0.29535, -2.60025, -5.0001500000000005, -0.009381
29, 0.3999999999999998, -2.5999999999999983, -5, 0.40385000000000004, -2.60025, -5.000100000000001, -0.009345
29, 0.4999999999999998, -2.5999999999999983, -5, 0.5013, -2.60005, -5.000100000000001, -0.009345
29, 0.5999999999999998, -2.5999999999999983, -5, 0.5950500000000001, -2.6, -5.00005, -0.009381
29, 0.6999999999999997, -2.5999999999999983, -5, 0.59515, -2.59995, -5.0, -0.009324
29, 0.7999999999999997, -2.5999999999999983, -5, 0.59515, -2.6, -5.0, -0.009392
29, 0.8999999999999997, -2.5999999999999983, -5, 0.59515, -2.59995, -5.0, -0.009329
29, 0.9999999999999997, -2.5999999999999983, -5, 1.00455, -2.5999, -5.00005, -0.009376
29, 1.0999999999999996, -2.5999999999999983, -5, 1.09945, -2.5998500000000004, -4.999950000000001, -0.009334
29, 1.1999999999999997, -2.5999999999999983, -5, 1.19965, -2.5998, -5.0, -0.009397
29, 1.2999999999999998, -2.5999999999999983, -5, 1.30095, -2.6, -5.0, -0.009334
29, 1.4, -2.5999999999999983, -5, 1.30075, -2.6, -5.0, -0.009402
29, 1.5, -2.5999999999999983, -5, 1.3007, -2.6, -5.0, -0.009319
29, 1.6, -2.5999999999999983, -5, 1.3007, -2.6, -5.0, -0.009387
29, 1.7000000000000002, -2.5999999999999983, -5, 1.3007, -2.6, -5.0, -0.009355
29, 1.8000000000000003, -2.5999999999999983, -5, 1.3007, -2.6, -5.0, -0.009371
29, 1.9000000000000004, -2.5999999999999983, -5, 1.3007, -2.6, -5.0, -0.009381
29, 2.0000000000000004, -2.5999999999999983, -5, 1.30075, -2.6, -5.0, -0.009334
29, 2.1000000000000005, -2.5999999999999983, -5, 1.30075, -2.6, -4.999950000000001, -0.009392
29, 2.2000000000000006, -2.5999999999999983, -5, 1.30075, -2.6, -4.999950000000001, -0.009324
29, 2.3000000000000007, -2.5999999999999983, -5, 1.3007, -2.6, -4.999950000000001, -0.009392
29, 2.400000000000001, -2.5999999999999983, -5, 1.30075, -2.6, -4.999950000000001, -0.009387
29, 2.500000000000001, -2.5999999999999983, -5, 1.30075, -2.6, -4.9999, -0.009345
29, 2.600000000000001, -2.5999999999999983, -5, 1.3007, -2.6, -4.999950000000001, -0.009402
29, 2.700000000000001, -2.5999999999999983, -5, 1.3007, -2.6, -5.0, -0.00936
29, 2.800000000000001, -2.5999999999999983, -5, 1.30075, -2.6, -4.999950000000001, -0.009387
29, 2.9000000000000012, -2.5999999999999983, -5, 1.3007, -2.6, -4.999950000000001, -0.009303
29, 3.0000000000000013, -2.5999999999999983, -5, 1.3007, -2.6, -4.999950000000001, -0.009371
29, 3.0000000000000013, -2.6999999999999984, -5, 3.0013, -2.6981, -4.999950000000001, -0.009397
29, 3.0000000000000013, -2.7999999999999985, -5, 3.0008000000000004, -2.8052, -5.0, -0.009329
29, 3.0000000000000013, -2.8999999999999986, -5, 3.00025, -2.89955, -5.0, -0.009371
29, 3.0000000000000013, -2.9999999999999987, -5, 3.0003500000000005, -2.9974000000000003, -5.0, -0.009366
29, 3.0000000000000013, -3.0999999999999988, -5, 3.0002000000000004, -3.10215, -5.0, -0.009319
29, 3.0000000000000013, -3.199999999999999, -5, 2.9996000000000005, -3.201, -5.0, -0.009387
29, 3.0000000000000013, -3.299999999999999, -5, 3.0002000000000004, -3.2964, -4.999950000000001, -0.009324
29, 3.0000000000000013, -3.399999999999999, -5, 3.0003500000000005, -3.4019500000000003, -5.0, -0.009402
29, 3.0000000000000013, -3.499999999999999, -5, 2.9999000000000002, -3.5027000000000004, -5.0, -0.009355
29, 3.0000000000000013, -3.599999999999999, -5, 3.0002000000000004, -3.5945500000000004, -5.0, -0.009366
29, 3.0000000000000013, -3.6999999999999993, -5, 3.00025, -3.7034000000000002, -5.0, -0.009376
29, 3.0000000000000013, -3.7999999999999994, -5, 3.0003, -3.80275, -5.0, -0.009334
29, 3.0000000000000013, -3.8999999999999995, -5, 3.0, -3.89345, -5.0, -0.009387
29, 3.0000000000000013, -3.9999999999999996, -5, 2.99975, -4.00525, -5.0, -0.009329
29, 3.0000000000000013, -4.1, -5, 3.0003, -4.1006, -5.00005, -0.009376
29, 3.0000000000000013, -4.199999999999999, -5, 2.9998, -4.1004499999999995, -4.999950000000001, -0.009345
29, 3.0000000000000013, -4.299999999999999, -5, 3.00025, -4.2991, -5.0, -0.009397
29, 3.0000000000000013, -4.399999999999999, -5, 3.0006000000000004, -4.4002, -4.999950000000001, -0.009366
29, 3.0000000000000013, -4.499999999999998, -5, 3.0005, -4.495550000000001, -5.0, -0.009381
29, 3.0000000000000013, -4.599999999999998, -5, 3.00025, -4.60225, -5.0, -0.009376
29, 3.0000000000000013, -4.6999999999999975, -5, 3.00025, -4.7019, -5.0, -0.009324
29, 3.0000000000000013, -4.799999999999997, -5, 2.9998, -4.70175, -5.0, -0.009387
29, 3.0000000000000013, -4.899999999999997, -5, 2.99965, -4.897150000000001, -5.0, -0.009329
29, 3.0000000000000013, -4.9999999999999964, -5, 3.0004500000000003, -5.00455, -5.00005, -0.009407
29, 3.0000000000000013, -5.099999999999996, -5, 3.00015, -5.09175, -5.00005, -0.009324
29, 3.0000000000000013, -5.199999999999996, -5, 3.0001, -5.2049, -5.00005, -0.009397
29, 3.0000000000000013, -5.299999999999995, -5, 3.0, -5.3031500000000005, -5.00005, -0.009314
29, 3.0000000000000013, -5.399999999999995, -5, 3.0004, -5.392150000000001, -5.0, -0.009392
29, 3.0000000000000013, -5.499999999999995, -5, 3.00015, -5.50525, -5.0, -0.009329
30, 2.9000000000000012, -5.499999999999995, -5, 2.90015, -5.499950000000001, -4.999950000000001, -0.009376
30, 2.800000000000001, -5.499999999999995, -5, 2.79645, -5.49985, -4.9999, -0.009392
30, 2.700000000000001, -5.499999999999995, -5, 2.7023, -5.49975, -4.99985, -0.009345
30, 2.600000000000001, -5.499999999999995, -5, 2.5998500000000004, -5.49975, -4.99985, -0.009387
30, 2.500000000000001, -5.499999999999995, -5, 2.49905, -5.49955, -4.9999, -0.009329
30, 2.400000000000001, -5.499999999999995, -5, 2.40045, -5.499350000000001, -5.0, -0.009392
30, 2.3000000000000007, -5.499999999999995, -5, 2.3007000000000004, -5.50005, -5.0, -0.009314
30, 2.2000000000000006, -5.499999999999995, -5, 2.2002, -5.50025, -4.999950000000001, -0.009402
30, 2.1000000000000005, -5.499999999999995, -5, 2.0970500000000003, -5.5003, -5.00005, -0.009392
30, 2.0000000000000004, -5.499999999999995, -5, 2.0025500000000003, -5.5001500000000005, -5.0001500000000005, -0.009324
30, 1.9000000000000004, -5.499999999999995, -5, 1.8994000000000002, -5.50005, -5.000100000000001, -0.009402
30, 1.8000000000000003, -5.499999999999995, -5, 1.7985, -5.49985, -5.000100000000001, -0.009324
30, 1.7000000000000002, -5.499999999999995, -5, 1.7025, -5.4998000000000005, -5.00005, -0.009387
30, 1.6, -5.499999999999995, -5, 1.5981500000000002, -5.4998000000000005, -4.9999, -0.009402
30, 1.5, -5.499999999999995, -5, 1.4982, -5.4998000000000005, -4.99985, -0.009319
30, 1.4, -5.499999999999995, -5, 1.40325, -5.4999, -4.99985, -0.009402
30, 1.2999999999999998, -5.499999999999995, -5, 1.2986000000000002, -5.5, -4.99985, -0.00934
30, 1.1999999999999997, -5.499999999999995, -5, 1.2984, -5.5, -4.99985, -0.009381
30, 1.0999999999999996, -5.499999999999995, -5, 1.2985, -5.5, -4.9999, -0.009324
30, 0.9999999999999997, -5.499999999999995, -5, 1.2985, -5.50005, -4.9999, -0.009376
30, 0.8999999999999997, -5.499999999999995, -5, 0.89685, -5.5001500000000005, -4.9999, -0.009329
30, 0.7999999999999997, -5.499999999999995, -5, 0.8022, -5.50025, -5.00005, -0.009387
30, 0.6999999999999997, -5.499999999999995, -5, 0.70175, -5.50005, -5.000100000000001, -0.009345
30, 0.5999999999999998, -5.499999999999995, -5, 0.5943, -5.5, -5.00005, -0.009381
30, 0.4999999999999998, -5.499999999999995, -5, 0.5941000000000001, -5.5, -5.00005, -0.009329
30, 0.3999999999999998, -5.499999999999995, -5, 0.59415, -5.50005, -5.00005, -0.009392
30, 0.2999999999999998, -5.499999999999995, -5, 0.30060000000000003, -5.5, -4.999950000000001, -0.009381
30, 0.19999999999999982, -5.499999999999995, -5, 0.20395000000000002, -5.49985, -5.00005, -0.00935
30, 0.09999999999999981, -5.499999999999995, -5, 0.0989, -5.4998000000000005, -5.00005, -0.009345
30, -1.942890293094024e-16, -5.499999999999995, -5, -0.0025, -5.4998000000000005, -5.0, -0.009387
30, -1.942890293094024e-16, -5.399999999999995, -5, -0.00185, -5.39375, -4.99985, -0.009334
30, -1.942890293094024e-16, -5.299999999999995, -5, -0.0002, -5.310200000000001, -4.99985, -0.009402
30, -1.942890293094024e-16, -5.199999999999996, -5, -0.00030000000000000003, -5.199200000000001, -4.99985, -0.00934
30, -1.942890293094024e-16, -5.099999999999996, -5, -5e-05, -5.0924000000000005, -4.9999, -0.009397
30, -1.942890293094024e-16, -4.9999999999999964, -5, -0.0001, -5.007650000000001, -5.0, -0.009345
30, -1.942890293094024e-16, -4.899999999999997, -5, -5e-05, -4.89895, -5.0, -0.009381
30, -1.942890293094024e-16, -4.799999999999997, -5, 5e-05, -4.79425, -5.00005, -0.009392
30, -1.942890293094024e-16, -4.6999999999999975, -5, -0.0002, -4.7071000000000005, -5.000100000000001, -0.00934
30, -1.942890293094024e-16, -4.599999999999998, -5, -0.0001, -4.5986, -5.000100000000001, -0.009402
30, -1.942890293094024e-16, -4.499999999999998, -5, -5e-05, -4.494650000000001, -5.000100000000001, -0.009324
30, -1.942890293094024e-16, -4.399999999999999, -5, -0.00030000000000000003, -4.4049499999999995, -5.00005, -0.009371
30, -1.942890293094024e-16, -4.299999999999999, -5, -0.0004, -4.302449999999999, -5.000100000000001, -0.00935
30, -1.942890293094024e-16, -4.199999999999999, -5, -5e-05, -4.19325, -5.000100000000001, -0.00936
30, -1.942890293094024e-16, -4.1, -5, 0.00025, -4.19325, -5.000100000000001, -0.009413
30, -1.942890293094024e-16, -3.9999999999999996, -5, 0.0001, -4.0075, -5.00005, -0.009334
30, -1.942890293094024e-16, -3.8999999999999995, -5, -0.00025, -3.8919, -5.0, -0.009376
30, -1.942890293094024e-16, -3.7999999999999994, -5, -0.0002, -3.80615, -5.00005, -0.009329
30, -1.942890293094024e-16, -3.6999999999999993, -5, -0.0005, -3.7006000000000006, -4.999950000000001, -0.009381
30, -1.942890293094024e-16, -3.599999999999999, -5, -5e-05, -3.5948, -4.9999, -0.009324
30, -1.942890293094024e-16, -3.499999999999999, -5, -0.0, -3.5046500000000003, -4.9999, -0.009387
30, -1.942890293094024e-16, -3.399999999999999, -5, 0.0002, -3.5048000000000004, -4.9999, -0.009387
30, -1.942890293094024e-16, -3.299999999999999, -5, 0.00030000000000000003, -3.2956000000000003, -4.9999, -0.00936
30, -1.942890293094024e-16, -3.199999999999999, -5, -0.00035000000000000005, -3.2031000000000005, -4.999950000000001, -0.009402
30, -1.942890293094024e-16, -3.0999999999999988, -5, -0.00035000000000000005, -3.1002, -5.0, -0.009329
30, -1.942890293094024e-16, -2.9999999999999987, -5, -0.0002, -2.9982, -5.0, -0.009376
30, -1.942890293094024e-16, -2.8999999999999986, -5, -0.00015000000000000001, -2.9, -5.0, -0.009345
30, -1.942890293094024e-16, -2.7999999999999985, -5, -0.0, -2.80155, -5.0, -0.009334
30, -1.942890293094024e-16, -2.6999999999999984, -5, 5e-05, -2.6976000000000004, -5.0, -0.009402
30, -1.942890293094024e-16, -2.5999999999999983, -5, 0.00035000000000000005, -2.6977, -5.00005, -0.009345
30, -1.942890293094024e-16, -2.4999999999999982, -5, 0.00030000000000000003, -2.5032, -5.000100000000001, -0.009387
