Voltage = 3.8, Current = 20.0, Pinhole = 15um 
0, 9.77, -3.7, 5.48, 9.77, -3.7, 5.48, -0.009042
1, 9.770999999999999, -3.7, 5.48, 9.770950000000001, -3.7, 5.48, -0.009048
1, 9.770999999999999, -3.701, 5.48, 9.771, -3.7006000000000006, 5.48, -0.009074
2, 9.77, -3.701, 5.48, 9.77015, -3.7009000000000003, 5.48, -0.009074
2, 9.769, -3.701, 5.48, 9.769050000000002, -3.70095, 5.4799500000000005, -0.009032
2, 9.769, -3.7, 5.48, 9.76875, -3.6999, 5.48, -0.009058
2, 9.769, -3.6990000000000003, 5.48, 9.7687, -3.6992000000000003, 5.48, -0.009079
3, 9.77, -3.6990000000000003, 5.48, 9.7697, -3.69905, 5.48, -0.009032
3, 9.770999999999999, -3.6990000000000003, 5.48, 9.770950000000001, -3.6989500000000004, 5.48, -0.009021
3, 9.771999999999998, -3.6990000000000003, 5.48, 9.7718, -3.6989, 5.48, -0.009074
3, 9.771999999999998, -3.7, 5.48, 9.772300000000001, -3.6998, 5.4799500000000005, -0.009048
3, 9.771999999999998, -3.701, 5.48, 9.772300000000001, -3.701, 5.4799500000000005, -0.009032
3, 9.771999999999998, -3.702, 5.48, 9.77185, -3.7020500000000003, 5.4799500000000005, -0.009079
4, 9.770999999999999, -3.702, 5.48, 9.77105, -3.7017, 5.48, -0.009042
4, 9.77, -3.702, 5.48, 9.770050000000001, -3.7018500000000003, 5.48, -0.009068
4, 9.769, -3.702, 5.48, 9.769, -3.7021, 5.48, -0.009068
4, 9.768, -3.702, 5.48, 9.7682, -3.7022000000000004, 5.48, -0.009074
4, 9.768, -3.701, 5.48, 9.767850000000001, -3.7011000000000003, 5.48, -0.009021
4, 9.768, -3.7, 5.48, 9.76765, -3.6998500000000005, 5.48005, -0.009037
4, 9.768, -3.6990000000000003, 5.48, 9.767800000000001, -3.69915, 5.48005, -0.009032
4, 9.768, -3.6980000000000004, 5.48, 9.7679, -3.6978500000000003, 5.4801, -0.009095
5, 9.769, -3.6980000000000004, 5.48, 9.76875, -3.6977, 5.4801, -0.009011
5, 9.77, -3.6980000000000004, 5.48, 9.769950000000001, -3.6978500000000003, 5.480150000000001, -0.009063
5, 9.770999999999999, -3.6980000000000004, 5.48, 9.770850000000001, -3.69795, 5.4801, -0.009079
5, 9.771999999999998, -3.6980000000000004, 5.48, 9.772, -3.6980500000000003, 5.48, -0.009063
5, 9.772999999999998, -3.6980000000000004, 5.48, 9.772800000000002, -3.6981, 5.48, -0.009021
5, 9.772999999999998, -3.6990000000000003, 5.48, 9.773050000000001, -3.6991000000000005, 5.48, -0.009074
5, 9.772999999999998, -3.7, 5.48, 9.77325, -3.6995, 5.48, -0.009079
5, 9.772999999999998, -3.701, 5.48, 9.77325, -3.701, 5.48, -0.009037
5, 9.772999999999998, -3.702, 5.48, 9.772950000000002, -3.7024500000000002, 5.48, -0.009037
5, 9.772999999999998, -3.703, 5.48, 9.77285, -3.7025, 5.48, -0.009089
6, 9.771999999999998, -3.703, 5.48, 9.7718, -3.70285, 5.48, -0.009053
6, 9.770999999999999, -3.703, 5.48, 9.770850000000001, -3.70315, 5.48, -0.009032
6, 9.77, -3.703, 5.48, 9.770100000000001, -3.7029, 5.48, -0.009063
6, 9.769, -3.703, 5.48, 9.769, -3.7028000000000003, 5.48, -0.009037
6, 9.768, -3.703, 5.48, 9.76825, -3.70285, 5.48, -0.009021
6, 9.767000000000001, -3.703, 5.48, 9.7672, -3.70285, 5.48, -0.009084
6, 9.767000000000001, -3.702, 5.48, 9.7667, -3.7021, 5.48, -0.009032
6, 9.767000000000001, -3.701, 5.48, 9.76675, -3.7008, 5.48, -0.009063
6, 9.767000000000001, -3.7, 5.48, 9.76685, -3.70005, 5.48, -0.009063
6, 9.767000000000001, -3.6990000000000003, 5.48, 9.766950000000001, -3.6991000000000005, 5.48, -0.009037
6, 9.767000000000001, -3.6980000000000004, 5.48, 9.767100000000001, -3.6977, 5.48, -0.009016
6, 9.767000000000001, -3.6970000000000005, 5.48, 9.767050000000001, -3.69725, 5.48, -0.009037
7, 9.768, -3.6970000000000005, 5.48, 9.76775, -3.6967000000000003, 5.48, -0.009084
7, 9.769, -3.6970000000000005, 5.48, 9.76925, -3.6971000000000003, 5.48, -0.009042
7, 9.77, -3.6970000000000005, 5.48, 9.76985, -3.69725, 5.48, -0.009032
7, 9.770999999999999, -3.6970000000000005, 5.48, 9.770950000000001, -3.6972000000000005, 5.48, -0.009048
7, 9.771999999999998, -3.6970000000000005, 5.48, 9.77175, -3.697, 5.48, -0.009084
7, 9.772999999999998, -3.6970000000000005, 5.48, 9.772800000000002, -3.6968, 5.48, -0.009042
7, 9.773999999999997, -3.6970000000000005, 5.48, 9.773950000000001, -3.6968, 5.48, -0.009016
7, 9.773999999999997, -3.6980000000000004, 5.48, 9.7741, -3.6978, 5.48, -0.009074
7, 9.773999999999997, -3.6990000000000003, 5.48, 9.7742, -3.6993, 5.48, -0.009058
7, 9.773999999999997, -3.7, 5.48, 9.774149999999999, -3.6995500000000003, 5.48, -0.009021
7, 9.773999999999997, -3.701, 5.48, 9.77425, -3.70095, 5.48, -0.009063
7, 9.773999999999997, -3.702, 5.48, 9.77405, -3.7024500000000002, 5.48, -0.009027
7, 9.773999999999997, -3.703, 5.48, 9.773950000000001, -3.7027, 5.48, -0.009042
7, 9.773999999999997, -3.7039999999999997, 5.48, 9.7739, -3.70425, 5.48, -0.009032
8, 9.772999999999998, -3.7039999999999997, 5.48, 9.7733, -3.7044, 5.48, -0.009074
8, 9.771999999999998, -3.7039999999999997, 5.48, 9.77215, -3.7042, 5.48, -0.009048
8, 9.770999999999999, -3.7039999999999997, 5.48, 9.771300000000002, -3.7041000000000004, 5.48, -0.009021
8, 9.77, -3.7039999999999997, 5.48, 9.7699, -3.704, 5.48, -0.009058
8, 9.769, -3.7039999999999997, 5.48, 9.769050000000002, -3.7039500000000003, 5.48, -0.009021
8, 9.768, -3.7039999999999997, 5.48, 9.76825, -3.7039500000000003, 5.48, -0.009042
8, 9.767000000000001, -3.7039999999999997, 5.48, 9.7669, -3.7039500000000003, 5.48, -0.009063
8, 9.766000000000002, -3.7039999999999997, 5.48, 9.766050000000002, -3.7039500000000003, 5.48, -0.009032
8, 9.766000000000002, -3.703, 5.48, 9.7658, -3.70265, 5.48, -0.009027
8, 9.766000000000002, -3.702, 5.48, 9.7658, -3.70215, 5.48, -0.009079
8, 9.766000000000002, -3.701, 5.48, 9.7658, -3.70075, 5.48, -0.009021
8, 9.766000000000002, -3.7, 5.48, 9.7659, -3.7001500000000003, 5.48, -0.009011
8, 9.766000000000002, -3.6990000000000003, 5.48, 9.7659, -3.699, 5.48, -0.009074
8, 9.766000000000002, -3.6980000000000004, 5.48, 9.7661, -3.6979, 5.48, -0.009084
8, 9.766000000000002, -3.6970000000000005, 5.48, 9.7661, -3.6972000000000005, 5.48, -0.009027
8, 9.766000000000002, -3.6960000000000006, 5.48, 9.76615, -3.6958500000000005, 5.48, -0.009048
9, 9.767000000000001, -3.6960000000000006, 5.48, 9.76665, -3.69575, 5.48, -0.009074
9, 9.768, -3.6960000000000006, 5.48, 9.76795, -3.69575, 5.48, -0.009037
9, 9.769, -3.6960000000000006, 5.48, 9.7687, -3.696, 5.48, -0.009032
9, 9.77, -3.6960000000000006, 5.48, 9.76985, -3.6961000000000004, 5.48, -0.009079
9, 9.770999999999999, -3.6960000000000006, 5.48, 9.770950000000001, -3.6961000000000004, 5.48, -0.009048
9, 9.771999999999998, -3.6960000000000006, 5.48, 9.7718, -3.6961000000000004, 5.48, -0.009027
9, 9.772999999999998, -3.6960000000000006, 5.48, 9.7729, -3.6961000000000004, 5.48, -0.009068
9, 9.773999999999997, -3.6960000000000006, 5.48, 9.7739, -3.6961000000000004, 5.48, -0.009089
9, 9.774999999999997, -3.6960000000000006, 5.48, 9.77495, -3.69605, 5.48, -0.009037
9, 9.774999999999997, -3.6970000000000005, 5.48, 9.77515, -3.6973500000000006, 5.48, -0.009016
9, 9.774999999999997, -3.6980000000000004, 5.48, 9.7752, -3.69775, 5.48, -0.009048
9, 9.774999999999997, -3.6990000000000003, 5.48, 9.775300000000001, -3.6992000000000003, 5.48, -0.009074
9, 9.774999999999997, -3.7, 5.48, 9.77505, -3.6998, 5.48, -0.009021
9, 9.774999999999997, -3.701, 5.48, 9.77485, -3.70075, 5.48, -0.009058
9, 9.774999999999997, -3.702, 5.48, 9.7748, -3.7023, 5.48, -0.009074
9, 9.774999999999997, -3.703, 5.48, 9.77485, -3.7034000000000002, 5.48, -0.009048
9, 9.774999999999997, -3.7039999999999997, 5.48, 9.77495, -3.7038500000000005, 5.48, -0.009021
9, 9.774999999999997, -3.7049999999999996, 5.48, 9.77515, -3.70525, 5.48, -0.009058
10, 9.773999999999997, -3.7049999999999996, 5.48, 9.774149999999999, -3.7051000000000003, 5.48, -0.009063
10, 9.772999999999998, -3.7049999999999996, 5.48, 9.773050000000001, -3.705, 5.48, -0.009021
10, 9.771999999999998, -3.7049999999999996, 5.48, 9.77195, -3.7049000000000003, 5.48, -0.009042
10, 9.770999999999999, -3.7049999999999996, 5.48, 9.771300000000002, -3.7048500000000004, 5.48, -0.009053
10, 9.77, -3.7049999999999996, 5.48, 9.770100000000001, -3.7049000000000003, 5.48, -0.009053
10, 9.769, -3.7049999999999996, 5.48, 9.769050000000002, -3.7050500000000004, 5.48, -0.009079
10, 9.768, -3.7049999999999996, 5.48, 9.768300000000002, -3.70515, 5.48, -0.009048
10, 9.767000000000001, -3.7049999999999996, 5.48, 9.7669, -3.70515, 5.48, -0.009006
10, 9.766000000000002, -3.7049999999999996, 5.48, 9.766050000000002, -3.705, 5.48, -0.009063
10, 9.765000000000002, -3.7049999999999996, 5.48, 9.7652, -3.7048500000000004, 5.48, -0.009032
10, 9.765000000000002, -3.7039999999999997, 5.48, 9.76495, -3.7038500000000005, 5.48, -0.009027
10, 9.765000000000002, -3.703, 5.48, 9.764800000000001, -3.703, 5.48, -0.009063
10, 9.765000000000002, -3.702, 5.48, 9.764800000000001, -3.7021, 5.48, -0.009063
10, 9.765000000000002, -3.701, 5.48, 9.764800000000001, -3.7007000000000003, 5.48, -0.009084
10, 9.765000000000002, -3.7, 5.48, 9.764899999999999, -3.70025, 5.48, -0.009011
10, 9.765000000000002, -3.6990000000000003, 5.48, 9.7651, -3.6989500000000004, 5.48, -0.009042
10, 9.765000000000002, -3.6980000000000004, 5.48, 9.7651, -3.6977, 5.48, -0.009084
10, 9.765000000000002, -3.6970000000000005, 5.48, 9.7651, -3.69725, 5.48, -0.009058
10, 9.765000000000002, -3.6960000000000006, 5.48, 9.76505, -3.6958, 5.48, -0.009048
10, 9.765000000000002, -3.6950000000000007, 5.48, 9.76505, -3.6949, 5.48, -0.009037
11, 9.766000000000002, -3.6950000000000007, 5.48, 9.7658, -3.69465, 5.48, -0.009079
11, 9.767000000000001, -3.6950000000000007, 5.48, 9.767100000000001, -3.6953, 5.48, -0.009042
11, 9.768, -3.6950000000000007, 5.48, 9.767850000000001, -3.6955, 5.48, -0.009042
11, 9.769, -3.6950000000000007, 5.48, 9.7688, -3.69485, 5.48, -0.009084
11, 9.77, -3.6950000000000007, 5.48, 9.77, -3.6947, 5.48, -0.009027
11, 9.770999999999999, -3.6950000000000007, 5.48, 9.771, -3.6947, 5.48, -0.009042
11, 9.771999999999998, -3.6950000000000007, 5.48, 9.77165, -3.69525, 5.48, -0.009089
11, 9.772999999999998, -3.6950000000000007, 5.48, 9.772950000000002, -3.6955, 5.48, -0.009068
11, 9.773999999999997, -3.6950000000000007, 5.48, 9.773950000000001, -3.69485, 5.48, -0.009037
11, 9.774999999999997, -3.6950000000000007, 5.48, 9.77485, -3.6947, 5.4799500000000005, -0.009058
11, 9.775999999999996, -3.6950000000000007, 5.48, 9.77585, -3.69475, 5.4799500000000005, -0.009079
11, 9.775999999999996, -3.6960000000000006, 5.48, 9.77615, -3.6959, 5.4799500000000005, -0.009074
11, 9.775999999999996, -3.6970000000000005, 5.48, 9.776399999999999, -3.6974500000000003, 5.4799500000000005, -0.009037
11, 9.775999999999996, -3.6980000000000004, 5.48, 9.7763, -3.69765, 5.4799500000000005, -0.009063
11, 9.775999999999996, -3.6990000000000003, 5.48, 9.7761, -3.6991000000000005, 5.4799500000000005, -0.009089
11, 9.775999999999996, -3.7, 5.48, 9.776, -3.7003500000000003, 5.48, -0.009021
11, 9.775999999999996, -3.701, 5.48, 9.77585, -3.7005500000000002, 5.48, -0.009074
11, 9.775999999999996, -3.702, 5.48, 9.77585, -3.7022000000000004, 5.48, -0.009053
11, 9.775999999999996, -3.703, 5.48, 9.77585, -3.70345, 5.48, -0.009027
11, 9.775999999999996, -3.7039999999999997, 5.48, 9.7759, -3.70375, 5.4799500000000005, -0.009027
11, 9.775999999999996, -3.7049999999999996, 5.48, 9.77595, -3.7052000000000005, 5.48005, -0.009068
11, 9.775999999999996, -3.7059999999999995, 5.48, 9.776050000000001, -3.7054, 5.4801, -0.009074
12, 9.774999999999997, -3.7059999999999995, 5.48, 9.77495, -3.7064, 5.480150000000001, -0.009032
12, 9.773999999999997, -3.7059999999999995, 5.48, 9.7742, -3.7057, 5.4801, -0.009079
12, 9.772999999999998, -3.7059999999999995, 5.48, 9.773, -3.7056000000000004, 5.48, -0.009021
12, 9.771999999999998, -3.7059999999999995, 5.48, 9.772050000000002, -3.7058, 5.48, -0.009021
12, 9.770999999999999, -3.7059999999999995, 5.48, 9.7714, -3.7063500000000005, 5.48, -0.009079
12, 9.77, -3.7059999999999995, 5.48, 9.769950000000001, -3.7064500000000002, 5.48, -0.009084
12, 9.769, -3.7059999999999995, 5.48, 9.76915, -3.70575, 5.48, -0.009006
12, 9.768, -3.7059999999999995, 5.48, 9.76805, -3.7057, 5.48, -0.009053
12, 9.767000000000001, -3.7059999999999995, 5.48, 9.767100000000001, -3.70575, 5.48, -0.009074
12, 9.766000000000002, -3.7059999999999995, 5.48, 9.766050000000002, -3.70625, 5.48, -0.009011
12, 9.765000000000002, -3.7059999999999995, 5.48, 9.764899999999999, -3.7058, 5.48, -0.009016
12, 9.764000000000003, -3.7059999999999995, 5.48, 9.7643, -3.7057, 5.48, -0.009074
12, 9.764000000000003, -3.7049999999999996, 5.48, 9.76385, -3.7054, 5.48, -0.009058
12, 9.764000000000003, -3.7039999999999997, 5.48, 9.763800000000002, -3.7038, 5.48, -0.009011
12, 9.764000000000003, -3.703, 5.48, 9.764, -3.7035, 5.48, -0.009084
12, 9.764000000000003, -3.702, 5.48, 9.764100000000001, -3.7019, 5.48, -0.009016
12, 9.764000000000003, -3.701, 5.48, 9.7642, -3.7008, 5.48, -0.009037
12, 9.764000000000003, -3.7, 5.48, 9.764149999999999, -3.7003000000000004, 5.48, -0.009048
12, 9.764000000000003, -3.6990000000000003, 5.48, 9.764149999999999, -3.69885, 5.48, -0.009074
12, 9.764000000000003, -3.6980000000000004, 5.48, 9.764050000000001, -3.69765, 5.48, -0.009032
12, 9.764000000000003, -3.6970000000000005, 5.48, 9.76385, -3.6972000000000005, 5.48, -0.009021
12, 9.764000000000003, -3.6960000000000006, 5.48, 9.7637, -3.6957000000000004, 5.48, -0.009068
12, 9.764000000000003, -3.6950000000000007, 5.48, 9.76365, -3.695, 5.48, -0.009074
12, 9.764000000000003, -3.694000000000001, 5.48, 9.764, -3.694, 5.48, -0.009037
13, 9.765000000000002, -3.694000000000001, 5.48, 9.76465, -3.6939, 5.48, -0.009074
13, 9.766000000000002, -3.694000000000001, 5.48, 9.76595, -3.6938, 5.48, -0.009042
13, 9.767000000000001, -3.694000000000001, 5.48, 9.766950000000001, -3.6938500000000003, 5.48, -0.009021
13, 9.768, -3.694000000000001, 5.48, 9.76795, -3.6938, 5.48, -0.009079
13, 9.769, -3.694000000000001, 5.48, 9.7688, -3.694, 5.48, -0.009089
13, 9.77, -3.694000000000001, 5.48, 9.77, -3.6941, 5.48, -0.009042
13, 9.770999999999999, -3.694000000000001, 5.48, 9.7709, -3.6941, 5.48, -0.009016
13, 9.771999999999998, -3.694000000000001, 5.48, 9.77175, -3.6940500000000003, 5.48, -0.009084
13, 9.772999999999998, -3.694000000000001, 5.48, 9.773050000000001, -3.6940500000000003, 5.48, -0.009074
13, 9.773999999999997, -3.694000000000001, 5.48, 9.77385, -3.6940500000000003, 5.48, -0.009037
13, 9.774999999999997, -3.694000000000001, 5.48, 9.77495, -3.6939, 5.48, -0.009089
13, 9.775999999999996, -3.694000000000001, 5.48, 9.7758, -3.6938500000000003, 5.48, -0.009032
13, 9.776999999999996, -3.694000000000001, 5.48, 9.776950000000001, -3.6938500000000003, 5.48, -0.009042
13, 9.776999999999996, -3.6950000000000007, 5.48, 9.77725, -3.6955, 5.48, -0.009037
13, 9.776999999999996, -3.6960000000000006, 5.48, 9.77725, -3.6955, 5.48, -0.009037
13, 9.776999999999996, -3.6970000000000005, 5.48, 9.7772, -3.6971000000000003, 5.48, -0.009074
13, 9.776999999999996, -3.6980000000000004, 5.48, 9.777050000000001, -3.69765, 5.48, -0.009089
13, 9.776999999999996, -3.6990000000000003, 5.48, 9.776950000000001, -3.69885, 5.48, -0.009042
13, 9.776999999999996, -3.7, 5.48, 9.776950000000001, -3.70025, 5.48, -0.009032
13, 9.776999999999996, -3.701, 5.48, 9.77685, -3.70125, 5.48, -0.009074
13, 9.776999999999996, -3.702, 5.48, 9.7769, -3.7018500000000003, 5.48, -0.009074
13, 9.776999999999996, -3.703, 5.48, 9.7769, -3.7033500000000004, 5.48, -0.009063
13, 9.776999999999996, -3.7039999999999997, 5.48, 9.776950000000001, -3.70365, 5.48005, -0.009032
13, 9.776999999999996, -3.7049999999999996, 5.48, 9.777050000000001, -3.7051000000000003, 5.48, -0.009068
13, 9.776999999999996, -3.7059999999999995, 5.48, 9.777149999999999, -3.7064, 5.48, -0.009074
13, 9.776999999999996, -3.7069999999999994, 5.48, 9.777149999999999, -3.7066500000000002, 5.48, -0.009021
14, 9.775999999999996, -3.7069999999999994, 5.48, 9.77635, -3.70675, 5.48, -0.009079
14, 9.774999999999997, -3.7069999999999994, 5.48, 9.7751, -3.7069, 5.48, -0.009037
14, 9.773999999999997, -3.7069999999999994, 5.48, 9.7739, -3.7069500000000004, 5.48, -0.009027
14, 9.772999999999998, -3.7069999999999994, 5.48, 9.772950000000002, -3.7069, 5.48, -0.009068
14, 9.771999999999998, -3.7069999999999994, 5.48, 9.77215, -3.7069, 5.48, -0.009058
14, 9.770999999999999, -3.7069999999999994, 5.48, 9.7712, -3.70685, 5.48, -0.009021
14, 9.77, -3.7069999999999994, 5.48, 9.770050000000001, -3.7069, 5.48, -0.009016
14, 9.769, -3.7069999999999994, 5.48, 9.7689, -3.7069500000000004, 5.48, -0.009074
14, 9.768, -3.7069999999999994, 5.48, 9.768300000000002, -3.70705, 5.48, -0.009037
14, 9.767000000000001, -3.7069999999999994, 5.48, 9.766950000000001, -3.7073500000000004, 5.48, -0.009027
14, 9.766000000000002, -3.7069999999999994, 5.48, 9.7661, -3.70715, 5.48, -0.009084
14, 9.765000000000002, -3.7069999999999994, 5.48, 9.76505, -3.707, 5.48, -0.009068
14, 9.764000000000003, -3.7069999999999994, 5.48, 9.764149999999999, -3.707, 5.48, -0.009079
14, 9.763000000000003, -3.7069999999999994, 5.48, 9.763200000000001, -3.7069500000000004, 5.48, -0.009037
14, 9.763000000000003, -3.7059999999999995, 5.48, 9.76285, -3.7058, 5.48, -0.009074
14, 9.763000000000003, -3.7049999999999996, 5.48, 9.76275, -3.7051000000000003, 5.48, -0.009048
14, 9.763000000000003, -3.7039999999999997, 5.48, 9.7627, -3.7038, 5.48, -0.009042
14, 9.763000000000003, -3.703, 5.48, 9.7628, -3.7033500000000004, 5.48, -0.009042
14, 9.763000000000003, -3.702, 5.48, 9.76295, -3.7018500000000003, 5.48, -0.009068
14, 9.763000000000003, -3.701, 5.48, 9.7631, -3.70065, 5.48, -0.009016
14, 9.763000000000003, -3.7, 5.48, 9.76315, -3.70025, 5.48, -0.009011
14, 9.763000000000003, -3.6990000000000003, 5.48, 9.763050000000002, -3.6988000000000003, 5.48, -0.009089
14, 9.763000000000003, -3.6980000000000004, 5.48, 9.76315, -3.6984500000000002, 5.48, -0.009084
14, 9.763000000000003, -3.6970000000000005, 5.48, 9.763050000000002, -3.6968, 5.48, -0.009037
14, 9.763000000000003, -3.6960000000000006, 5.48, 9.763, -3.69565, 5.48, -0.009063
14, 9.763000000000003, -3.6950000000000007, 5.48, 9.7629, -3.69515, 5.48, -0.009037
14, 9.763000000000003, -3.694000000000001, 5.48, 9.76275, -3.69375, 5.48, -0.009079
14, 9.763000000000003, -3.693000000000001, 5.48, 9.7628, -3.69275, 5.48, -0.009058
15, 9.764000000000003, -3.693000000000001, 5.48, 9.763800000000002, -3.6926000000000005, 5.48, -0.009042
15, 9.765000000000002, -3.693000000000001, 5.48, 9.764899999999999, -3.6929000000000003, 5.48, -0.009063
15, 9.766000000000002, -3.693000000000001, 5.48, 9.7659, -3.6933000000000002, 5.48, -0.009063
15, 9.767000000000001, -3.693000000000001, 5.48, 9.767, -3.6933500000000006, 5.48, -0.009032
15, 9.768, -3.693000000000001, 5.48, 9.767850000000001, -3.6928500000000004, 5.48, -0.009037
15, 9.769, -3.693000000000001, 5.48, 9.76875, -3.69265, 5.4799500000000005, -0.009084
15, 9.77, -3.693000000000001, 5.48, 9.769950000000001, -3.6929000000000003, 5.479900000000001, -0.009068
15, 9.770999999999999, -3.693000000000001, 5.48, 9.77105, -3.6932000000000005, 5.479900000000001, -0.009042
15, 9.771999999999998, -3.693000000000001, 5.48, 9.7718, -3.6933000000000002, 5.4799500000000005, -0.009079
15, 9.772999999999998, -3.693000000000001, 5.48, 9.773, -3.6931000000000003, 5.479900000000001, -0.009074
15, 9.773999999999997, -3.693000000000001, 5.48, 9.7739, -3.6929000000000003, 5.479900000000001, -0.009021
15, 9.774999999999997, -3.693000000000001, 5.48, 9.774899999999999, -3.69275, 5.4799500000000005, -0.009042
15, 9.775999999999996, -3.693000000000001, 5.48, 9.77595, -3.6928, 5.48, -0.009089
15, 9.776999999999996, -3.693000000000001, 5.48, 9.777050000000001, -3.6930500000000004, 5.48, -0.009074
15, 9.777999999999995, -3.693000000000001, 5.48, 9.77795, -3.6933000000000002, 5.48, -0.009037
15, 9.777999999999995, -3.694000000000001, 5.48, 9.77805, -3.6936000000000004, 5.48, -0.009037
15, 9.777999999999995, -3.6950000000000007, 5.48, 9.7782, -3.6951000000000005, 5.48, -0.0091
15, 9.777999999999995, -3.6960000000000006, 5.48, 9.7781, -3.6964, 5.48, -0.009032
15, 9.777999999999995, -3.6970000000000005, 5.48, 9.77765, -3.69675, 5.48, -0.009068
15, 9.777999999999995, -3.6980000000000004, 5.48, 9.777800000000001, -3.69825, 5.48, -0.009084
15, 9.777999999999995, -3.6990000000000003, 5.48, 9.77815, -3.69925, 5.48, -0.009037
15, 9.777999999999995, -3.7, 5.48, 9.7782, -3.6996, 5.48, -0.009058
15, 9.777999999999995, -3.701, 5.48, 9.7782, -3.70115, 5.48, -0.009079
15, 9.777999999999995, -3.702, 5.48, 9.778, -3.70155, 5.48, -0.009032
15, 9.777999999999995, -3.703, 5.48, 9.77785, -3.70315, 5.48, -0.009095
15, 9.777999999999995, -3.7039999999999997, 5.48, 9.77775, -3.7044500000000005, 5.48, -0.009016
15, 9.777999999999995, -3.7049999999999996, 5.48, 9.777800000000001, -3.70465, 5.48005, -0.009016
15, 9.777999999999995, -3.7059999999999995, 5.48, 9.778, -3.70625, 5.4801, -0.009074
15, 9.777999999999995, -3.7069999999999994, 5.48, 9.77815, -3.70655, 5.48005, -0.009021
15, 9.777999999999995, -3.7079999999999993, 5.48, 9.778300000000002, -3.7084, 5.48005, -0.009063
16, 9.776999999999996, -3.7079999999999993, 5.48, 9.777050000000001, -3.7081000000000004, 5.4801, -0.009037
16, 9.775999999999996, -3.7079999999999993, 5.48, 9.7761, -3.708, 5.48005, -0.009053
16, 9.774999999999997, -3.7079999999999993, 5.48, 9.77495, -3.7079500000000003, 5.48, -0.009063
16, 9.773999999999997, -3.7079999999999993, 5.48, 9.77435, -3.7079, 5.48, -0.009021
16, 9.772999999999998, -3.7079999999999993, 5.48, 9.77315, -3.7079, 5.48, -0.009006
16, 9.771999999999998, -3.7079999999999993, 5.48, 9.77185, -3.7079, 5.48, -0.009063
16, 9.770999999999999, -3.7079999999999993, 5.48, 9.7706, -3.7081000000000004, 5.48, -0.009068
16, 9.77, -3.7079999999999993, 5.48, 9.7702, -3.7082, 5.48, -0.009011
16, 9.769, -3.7079999999999993, 5.48, 9.769, -3.70805, 5.48, -0.009079
16, 9.768, -3.7079999999999993, 5.48, 9.7681, -3.708, 5.48, -0.009032
16, 9.767000000000001, -3.7079999999999993, 5.48, 9.7673, -3.7079500000000003, 5.48, -0.009068
16, 9.766000000000002, -3.7079999999999993, 5.48, 9.76615, -3.7079500000000003, 5.48, -0.009058
16, 9.765000000000002, -3.7079999999999993, 5.48, 9.765, -3.7079, 5.48, -0.009021
16, 9.764000000000003, -3.7079999999999993, 5.48, 9.7642, -3.7079500000000003, 5.48, -0.009042
16, 9.763000000000003, -3.7079999999999993, 5.48, 9.763050000000002, -3.708, 5.48, -0.009079
16, 9.762000000000004, -3.7079999999999993, 5.48, 9.76185, -3.7081000000000004, 5.48, -0.009042
16, 9.762000000000004, -3.7069999999999994, 5.48, 9.76175, -3.7073, 5.48, -0.009021
16, 9.762000000000004, -3.7059999999999995, 5.48, 9.76175, -3.7060500000000003, 5.48, -0.009068
16, 9.762000000000004, -3.7049999999999996, 5.48, 9.76185, -3.70495, 5.48, -0.009068
16, 9.762000000000004, -3.7039999999999997, 5.48, 9.762, -3.7038, 5.48, -0.009032
16, 9.762000000000004, -3.703, 5.48, 9.7622, -3.70325, 5.48, -0.009068
16, 9.762000000000004, -3.702, 5.48, 9.76215, -3.70175, 5.48, -0.009074
16, 9.762000000000004, -3.701, 5.48, 9.7622, -3.7009000000000003, 5.48, -0.009021
16, 9.762000000000004, -3.7, 5.48, 9.76205, -3.7001000000000004, 5.48, -0.009032
16, 9.762000000000004, -3.6990000000000003, 5.48, 9.761899999999999, -3.69885, 5.48, -0.009068
16, 9.762000000000004, -3.6980000000000004, 5.48, 9.76175, -3.69825, 5.48, -0.009053
16, 9.762000000000004, -3.6970000000000005, 5.48, 9.76175, -3.6968, 5.4799500000000005, -0.009021
16, 9.762000000000004, -3.6960000000000006, 5.48, 9.761800000000001, -3.69565, 5.48, -0.009053
16, 9.762000000000004, -3.6950000000000007, 5.48, 9.762, -3.69515, 5.48, -0.009074
16, 9.762000000000004, -3.694000000000001, 5.48, 9.76215, -3.69365, 5.48, -0.009032
16, 9.762000000000004, -3.693000000000001, 5.48, 9.7622, -3.69315, 5.4799500000000005, -0.009053
16, 9.762000000000004, -3.692000000000001, 5.48, 9.76225, -3.69175, 5.4799500000000005, -0.0091
17, 9.763000000000003, -3.692000000000001, 5.48, 9.762550000000001, -3.6915500000000003, 5.4799500000000005, -0.009058
17, 9.764000000000003, -3.692000000000001, 5.48, 9.764, -3.6918, 5.4799500000000005, -0.009068
17, 9.765000000000002, -3.692000000000001, 5.48, 9.76465, -3.6919, 5.4799500000000005, -0.009079
17, 9.766000000000002, -3.692000000000001, 5.48, 9.7659, -3.6919500000000003, 5.4799500000000005, -0.009105
17, 9.767000000000001, -3.692000000000001, 5.48, 9.767100000000001, -3.6919500000000003, 5.4799500000000005, -0.009037
17, 9.768, -3.692000000000001, 5.48, 9.7679, -3.6919500000000003, 5.48005, -0.009079
17, 9.769, -3.692000000000001, 5.48, 9.76875, -3.692, 5.4801, -0.009074
17, 9.77, -3.692000000000001, 5.48, 9.769950000000001, -3.692, 5.4801, -0.009042
17, 9.770999999999999, -3.692000000000001, 5.48, 9.770950000000001, -3.692, 5.4801, -0.009027
17, 9.771999999999998, -3.692000000000001, 5.48, 9.771700000000001, -3.6921000000000004, 5.4801, -0.009084
17, 9.772999999999998, -3.692000000000001, 5.48, 9.772950000000002, -3.6921000000000004, 5.4801, -0.009042
17, 9.773999999999997, -3.692000000000001, 5.48, 9.77385, -3.69205, 5.48005, -0.009058
17, 9.774999999999997, -3.692000000000001, 5.48, 9.77495, -3.69205, 5.4799500000000005, -0.009089
17, 9.775999999999996, -3.692000000000001, 5.48, 9.775649999999999, -3.692, 5.4799500000000005, -0.009027
17, 9.776999999999996, -3.692000000000001, 5.48, 9.776950000000001, -3.692, 5.479900000000001, -0.009053
17, 9.777999999999995, -3.692000000000001, 5.48, 9.77785, -3.6919500000000003, 5.4799500000000005, -0.009074
17, 9.778999999999995, -3.692000000000001, 5.48, 9.77895, -3.6919500000000003, 5.4799500000000005, -0.009095
17, 9.778999999999995, -3.693000000000001, 5.48, 9.77915, -3.6930500000000004, 5.4799500000000005, -0.009037
17, 9.778999999999995, -3.694000000000001, 5.48, 9.77915, -3.6944, 5.4799500000000005, -0.009084
17, 9.778999999999995, -3.6950000000000007, 5.48, 9.7788, -3.6948000000000003, 5.48, -0.009074
17, 9.778999999999995, -3.6960000000000006, 5.48, 9.77885, -3.69625, 5.48, -0.009032
17, 9.778999999999995, -3.6970000000000005, 5.48, 9.77885, -3.6966000000000006, 5.48005, -0.009079
17, 9.778999999999995, -3.6980000000000004, 5.48, 9.779, -3.6980500000000003, 5.48005, -0.009058
17, 9.778999999999995, -3.6990000000000003, 5.48, 9.779200000000001, -3.6994000000000002, 5.4801, -0.009027
17, 9.778999999999995, -3.7, 5.48, 9.77915, -3.6995500000000003, 5.4801, -0.009074
17, 9.778999999999995, -3.701, 5.48, 9.7791, -3.70125, 5.4801, -0.009074
17, 9.778999999999995, -3.702, 5.48, 9.7789, -3.70225, 5.4801, -0.009032
17, 9.778999999999995, -3.703, 5.48, 9.77875, -3.7026000000000003, 5.48005, -0.009048
17, 9.778999999999995, -3.7039999999999997, 5.48, 9.77875, -3.7041500000000003, 5.48, -0.009042
17, 9.778999999999995, -3.7049999999999996, 5.48, 9.77925, -3.70525, 5.48, -0.009006
17, 9.778999999999995, -3.7059999999999995, 5.48, 9.77915, -3.7057, 5.48, -0.009058
17, 9.778999999999995, -3.7069999999999994, 5.48, 9.7788, -3.70675, 5.479900000000001, -0.009027
17, 9.778999999999995, -3.7079999999999993, 5.48, 9.77895, -3.70775, 5.4799500000000005, -0.009063
17, 9.778999999999995, -3.708999999999999, 5.48, 9.779050000000002, -3.7093000000000003, 5.4799500000000005, -0.009042
18, 9.777999999999995, -3.708999999999999, 5.48, 9.777800000000001, -3.7090500000000004, 5.4799500000000005, -0.009001
18, 9.776999999999996, -3.708999999999999, 5.48, 9.7773, -3.7089000000000003, 5.48, -0.009058
18, 9.775999999999996, -3.708999999999999, 5.48, 9.776, -3.7088, 5.48, -0.009079
18, 9.774999999999997, -3.708999999999999, 5.48, 9.77515, -3.7088500000000004, 5.48, -0.009016
18, 9.773999999999997, -3.708999999999999, 5.48, 9.77425, -3.70895, 5.48, -0.009016
18, 9.772999999999998, -3.708999999999999, 5.48, 9.77315, -3.7091000000000003, 5.48005, -0.009063
18, 9.771999999999998, -3.708999999999999, 5.48, 9.77195, -3.70925, 5.4801, -0.009053
18, 9.770999999999999, -3.708999999999999, 5.48, 9.77135, -3.70915, 5.4801, -0.009021
18, 9.77, -3.708999999999999, 5.48, 9.76985, -3.70895, 5.4801, -0.009032
18, 9.769, -3.708999999999999, 5.48, 9.7691, -3.70875, 5.4801, -0.009074
18, 9.768, -3.708999999999999, 5.48, 9.76795, -3.7088500000000004, 5.4801, -0.009011
18, 9.767000000000001, -3.708999999999999, 5.48, 9.7673, -3.7091000000000003, 5.48005, -0.009027
18, 9.766000000000002, -3.708999999999999, 5.48, 9.76615, -3.70925, 5.48, -0.009068
18, 9.765000000000002, -3.708999999999999, 5.48, 9.76495, -3.70915, 5.48, -0.009063
18, 9.764000000000003, -3.708999999999999, 5.48, 9.764149999999999, -3.709, 5.48, -0.009011
18, 9.763000000000003, -3.708999999999999, 5.48, 9.763200000000001, -3.7088, 5.48, -0.009068
18, 9.762000000000004, -3.708999999999999, 5.48, 9.76205, -3.7088, 5.48, -0.009037
18, 9.761000000000005, -3.708999999999999, 5.48, 9.761149999999999, -3.70895, 5.48, -0.009021
18, 9.761000000000005, -3.7079999999999993, 5.48, 9.76085, -3.7082, 5.48, -0.009058
18, 9.761000000000005, -3.7069999999999994, 5.48, 9.7607, -3.707, 5.48, -0.009074
18, 9.761000000000005, -3.7059999999999995, 5.48, 9.7607, -3.70615, 5.48, -0.009011
18, 9.761000000000005, -3.7049999999999996, 5.48, 9.7609, -3.70475, 5.48, -0.009027
18, 9.761000000000005, -3.7039999999999997, 5.48, 9.7611, -3.7043500000000003, 5.48, -0.009074
18, 9.761000000000005, -3.703, 5.48, 9.761149999999999, -3.7029500000000004, 5.48, -0.009063
18, 9.761000000000005, -3.702, 5.48, 9.7611, -3.70165, 5.48, -0.009074
18, 9.761000000000005, -3.701, 5.48, 9.761149999999999, -3.70125, 5.48, -0.009011
18, 9.761000000000005, -3.7, 5.48, 9.761050000000001, -3.6998500000000005, 5.48, -0.009058
18, 9.761000000000005, -3.6990000000000003, 5.48, 9.7609, -3.6986000000000003, 5.48, -0.009068
18, 9.761000000000005, -3.6980000000000004, 5.48, 9.760800000000001, -3.69825, 5.48, -0.009068
18, 9.761000000000005, -3.6970000000000005, 5.48, 9.760800000000001, -3.6968, 5.48, -0.009037
18, 9.761000000000005, -3.6960000000000006, 5.48, 9.760800000000001, -3.6963000000000004, 5.4799500000000005, -0.009027
18, 9.761000000000005, -3.6950000000000007, 5.48, 9.760950000000001, -3.6947, 5.4799500000000005, -0.009074
18, 9.761000000000005, -3.694000000000001, 5.48, 9.7611, -3.69355, 5.479900000000001, -0.009021
18, 9.761000000000005, -3.693000000000001, 5.48, 9.7611, -3.6932000000000005, 5.4799500000000005, -0.009006
18, 9.761000000000005, -3.692000000000001, 5.48, 9.761050000000001, -3.69165, 5.4799500000000005, -0.009068
18, 9.761000000000005, -3.691000000000001, 5.48, 9.7611, -3.6913, 5.4799500000000005, -0.009053
19, 9.762000000000004, -3.691000000000001, 5.48, 9.76215, -3.69105, 5.48, -0.009042
19, 9.763000000000003, -3.691000000000001, 5.48, 9.76295, -3.69115, 5.48005, -0.009074
19, 9.764000000000003, -3.691000000000001, 5.48, 9.764050000000001, -3.69115, 5.4801, -0.009095
19, 9.765000000000002, -3.691000000000001, 5.48, 9.764700000000001, -3.691, 5.4801, -0.009032
19, 9.766000000000002, -3.691000000000001, 5.48, 9.7657, -3.6908000000000003, 5.4801, -0.009042
19, 9.767000000000001, -3.691000000000001, 5.48, 9.767, -3.6908000000000003, 5.48005, -0.009032
19, 9.768, -3.691000000000001, 5.48, 9.7679, -3.6909, 5.48005, -0.009063
19, 9.769, -3.691000000000001, 5.48, 9.7688, -3.69105, 5.48, -0.009068
19, 9.77, -3.691000000000001, 5.48, 9.77, -3.69115, 5.4799500000000005, -0.009037
19, 9.770999999999999, -3.691000000000001, 5.48, 9.77105, -3.6911000000000005, 5.4799500000000005, -0.009058
19, 9.771999999999998, -3.691000000000001, 5.48, 9.7718, -3.69105, 5.4799500000000005, -0.009042
19, 9.772999999999998, -3.691000000000001, 5.48, 9.773050000000001, -3.6909500000000004, 5.479900000000001, -0.009053
19, 9.773999999999997, -3.691000000000001, 5.48, 9.773950000000001, -3.69085, 5.4799500000000005, -0.009032
19, 9.774999999999997, -3.691000000000001, 5.48, 9.774700000000001, -3.69085, 5.479900000000001, -0.009063
19, 9.775999999999996, -3.691000000000001, 5.48, 9.776, -3.6909500000000004, 5.479900000000001, -0.009084
19, 9.776999999999996, -3.691000000000001, 5.48, 9.776950000000001, -3.69105, 5.48, -0.009032
19, 9.777999999999995, -3.691000000000001, 5.48, 9.77795, -3.69115, 5.4799500000000005, -0.009042
19, 9.778999999999995, -3.691000000000001, 5.48, 9.77885, -3.6911000000000005, 5.48, -0.009063
19, 9.779999999999994, -3.691000000000001, 5.48, 9.7799, -3.6911000000000005, 5.48, -0.009095
19, 9.779999999999994, -3.692000000000001, 5.48, 9.7802, -3.6915500000000003, 5.48, -0.009032
19, 9.779999999999994, -3.693000000000001, 5.48, 9.780100000000001, -3.6928, 5.48005, -0.009037
19, 9.779999999999994, -3.694000000000001, 5.48, 9.78025, -3.6944, 5.4801, -0.009084
19, 9.779999999999994, -3.6950000000000007, 5.48, 9.78, -3.6953, 5.4801, -0.009074
19, 9.779999999999994, -3.6960000000000006, 5.48, 9.77985, -3.6956, 5.4801, -0.009032
19, 9.779999999999994, -3.6970000000000005, 5.48, 9.7799, -3.69715, 5.4801, -0.009042
19, 9.779999999999994, -3.6980000000000004, 5.48, 9.7799, -3.6975, 5.48, -0.009095
19, 9.779999999999994, -3.6990000000000003, 5.48, 9.7799, -3.69905, 5.48, -0.009105
19, 9.779999999999994, -3.7, 5.48, 9.78, -3.7004500000000005, 5.48, -0.009037
19, 9.779999999999994, -3.701, 5.48, 9.780100000000001, -3.70075, 5.48, -0.009095
19, 9.779999999999994, -3.702, 5.48, 9.780149999999999, -3.7023500000000005, 5.48, -0.009053
19, 9.779999999999994, -3.703, 5.48, 9.780100000000001, -3.7026000000000003, 5.48, -0.009032
19, 9.779999999999994, -3.7039999999999997, 5.48, 9.780149999999999, -3.70405, 5.48, -0.009084
19, 9.779999999999994, -3.7049999999999996, 5.48, 9.7799, -3.7054500000000004, 5.48, -0.009048
19, 9.779999999999994, -3.7059999999999995, 5.48, 9.77975, -3.70555, 5.4799500000000005, -0.009006
19, 9.779999999999994, -3.7069999999999994, 5.48, 9.77975, -3.7071000000000005, 5.479900000000001, -0.009063
19, 9.779999999999994, -3.7079999999999993, 5.48, 9.77985, -3.7076000000000002, 5.479900000000001, -0.009068
19, 9.779999999999994, -3.708999999999999, 5.48, 9.78, -3.7093000000000003, 5.479900000000001, -0.009021
19, 9.779999999999994, -3.709999999999999, 5.48, 9.7802, -3.70995, 5.4799500000000005, -0.009016
20, 9.778999999999995, -3.709999999999999, 5.48, 9.779300000000001, -3.7097, 5.48, -0.009016
20, 9.777999999999995, -3.709999999999999, 5.48, 9.77805, -3.7098, 5.4799500000000005, -0.009068
20, 9.776999999999996, -3.709999999999999, 5.48, 9.7773, -3.7101, 5.48, -0.009063
20, 9.775999999999996, -3.709999999999999, 5.48, 9.7759, -3.7103, 5.48005, -0.009037
20, 9.774999999999997, -3.709999999999999, 5.48, 9.775, -3.71025, 5.4801, -0.009058
20, 9.773999999999997, -3.709999999999999, 5.48, 9.7744, -3.7098500000000003, 5.4801, -0.009079
20, 9.772999999999998, -3.709999999999999, 5.48, 9.773100000000001, -3.70965, 5.4801, -0.009027
20, 9.771999999999998, -3.709999999999999, 5.48, 9.77195, -3.70995, 5.4801, -0.009021
20, 9.770999999999999, -3.709999999999999, 5.48, 9.7712, -3.71015, 5.4801, -0.009063
20, 9.77, -3.709999999999999, 5.48, 9.770050000000001, -3.7103, 5.48, -0.009016
20, 9.769, -3.709999999999999, 5.48, 9.7691, -3.71015, 5.48, -0.009027
20, 9.768, -3.709999999999999, 5.48, 9.76805, -3.7098500000000003, 5.48005, -0.009053
20, 9.767000000000001, -3.709999999999999, 5.48, 9.7672, -3.70965, 5.48, -0.009063
20, 9.766000000000002, -3.709999999999999, 5.48, 9.766050000000002, -3.70995, 5.48, -0.009011
20, 9.765000000000002, -3.709999999999999, 5.48, 9.765, -3.7102000000000004, 5.48, -0.009006
20, 9.764000000000003, -3.709999999999999, 5.48, 9.764149999999999, -3.7103500000000005, 5.48, -0.009058
20, 9.763000000000003, -3.709999999999999, 5.48, 9.76315, -3.71, 5.4799500000000005, -0.009053
20, 9.762000000000004, -3.709999999999999, 5.48, 9.762, -3.7098500000000003, 5.479900000000001, -0.009011
20, 9.761000000000005, -3.709999999999999, 5.48, 9.761050000000001, -3.7097, 5.4799500000000005, -0.009021
20, 9.760000000000005, -3.709999999999999, 5.48, 9.76025, -3.7099, 5.4799500000000005, -0.009058
20, 9.760000000000005, -3.708999999999999, 5.48, 9.7595, -3.70915, 5.4799500000000005, -0.009068
20, 9.760000000000005, -3.7079999999999993, 5.48, 9.75985, -3.7078, 5.48, -0.009021
20, 9.760000000000005, -3.7069999999999994, 5.48, 9.7599, -3.70725, 5.48, -0.009058
20, 9.760000000000005, -3.7059999999999995, 5.48, 9.76, -3.7059, 5.4799500000000005, -0.009068
20, 9.760000000000005, -3.7049999999999996, 5.48, 9.7601, -3.7047000000000003, 5.4799500000000005, -0.009053
20, 9.760000000000005, -3.7039999999999997, 5.48, 9.760200000000001, -3.7043000000000004, 5.48, -0.009058
20, 9.760000000000005, -3.703, 5.48, 9.76015, -3.70285, 5.48005, -0.009095
20, 9.760000000000005, -3.702, 5.48, 9.76025, -3.70165, 5.4801, -0.009032
20, 9.760000000000005, -3.701, 5.48, 9.76, -3.7012000000000005, 5.4801, -0.009063
20, 9.760000000000005, -3.7, 5.48, 9.7598, -3.69975, 5.4801, -0.009053
20, 9.760000000000005, -3.6990000000000003, 5.48, 9.759649999999999, -3.69925, 5.4801, -0.009074
20, 9.760000000000005, -3.6980000000000004, 5.48, 9.75975, -3.6979, 5.4801, -0.009042
20, 9.760000000000005, -3.6970000000000005, 5.48, 9.75995, -3.69665, 5.48005, -0.009027
20, 9.760000000000005, -3.6960000000000006, 5.48, 9.760050000000001, -3.6962, 5.48, -0.009058
20, 9.760000000000005, -3.6950000000000007, 5.48, 9.7601, -3.6947, 5.48, -0.009074
20, 9.760000000000005, -3.694000000000001, 5.48, 9.7601, -3.694, 5.4799500000000005, -0.009032
20, 9.760000000000005, -3.693000000000001, 5.48, 9.7601, -3.69295, 5.4799500000000005, -0.009032
20, 9.760000000000005, -3.692000000000001, 5.48, 9.7601, -3.69165, 5.4799500000000005, -0.009063
20, 9.760000000000005, -3.691000000000001, 5.48, 9.760050000000001, -3.6912000000000003, 5.4799500000000005, -0.009084
20, 9.760000000000005, -3.6900000000000013, 5.48, 9.76, -3.6897, 5.4799500000000005, -0.009027
21, 9.761000000000005, -3.6900000000000013, 5.48, 9.761, -3.6898, 5.4799500000000005, -0.009074
21, 9.762000000000004, -3.6900000000000013, 5.48, 9.76185, -3.6899, 5.48005, -0.009089
21, 9.763000000000003, -3.6900000000000013, 5.48, 9.76285, -3.69, 5.4801, -0.009063
21, 9.764000000000003, -3.6900000000000013, 5.48, 9.764, -3.6901, 5.4801, -0.009037
21, 9.765000000000002, -3.6900000000000013, 5.48, 9.76465, -3.69025, 5.4801, -0.009068
21, 9.766000000000002, -3.6900000000000013, 5.48, 9.766, -3.6902000000000004, 5.4801, -0.009084
21, 9.767000000000001, -3.6900000000000013, 5.48, 9.766950000000001, -3.69, 5.4801, -0.009095
21, 9.768, -3.6900000000000013, 5.48, 9.76795, -3.6898500000000003, 5.48005, -0.009063
21, 9.769, -3.6900000000000013, 5.48, 9.7687, -3.6898500000000003, 5.48, -0.009074
21, 9.77, -3.6900000000000013, 5.48, 9.770050000000001, -3.6899, 5.48, -0.009037
21, 9.770999999999999, -3.6900000000000013, 5.48, 9.770950000000001, -3.6900500000000003, 5.48, -0.009032
21, 9.771999999999998, -3.6900000000000013, 5.48, 9.7718, -3.6902000000000004, 5.48, -0.009074
21, 9.772999999999998, -3.6900000000000013, 5.48, 9.772950000000002, -3.6902000000000004, 5.48, -0.009063
21, 9.773999999999997, -3.6900000000000013, 5.48, 9.773950000000001, -3.6900500000000003, 5.48, -0.009048
21, 9.774999999999997, -3.6900000000000013, 5.48, 9.77495, -3.6899, 5.48, -0.009089
21, 9.775999999999996, -3.6900000000000013, 5.48, 9.77585, -3.6898, 5.4799500000000005, -0.009042
21, 9.776999999999996, -3.6900000000000013, 5.48, 9.7769, -3.6898500000000003, 5.4799500000000005, -0.009016
21, 9.777999999999995, -3.6900000000000013, 5.48, 9.7781, -3.68995, 5.4799500000000005, -0.009079
21, 9.778999999999995, -3.6900000000000013, 5.48, 9.7787, -3.6901, 5.4799500000000005, -0.009053
21, 9.779999999999994, -3.6900000000000013, 5.48, 9.779950000000001, -3.6902000000000004, 5.4799500000000005, -0.009037
21, 9.780999999999993, -3.6900000000000013, 5.48, 9.78105, -3.6902000000000004, 5.479900000000001, -0.009079
21, 9.780999999999993, -3.691000000000001, 5.48, 9.7811, -3.6908000000000003, 5.4799500000000005, -0.009084
21, 9.780999999999993, -3.692000000000001, 5.48, 9.781300000000002, -3.6925, 5.48, -0.009037
21, 9.780999999999993, -3.693000000000001, 5.48, 9.78105, -3.69255, 5.48005, -0.009042
21, 9.780999999999993, -3.694000000000001, 5.48, 9.78095, -3.69415, 5.48005, -0.009079
21, 9.780999999999993, -3.6950000000000007, 5.48, 9.78095, -3.6955, 5.48005, -0.009032
21, 9.780999999999993, -3.6960000000000006, 5.48, 9.780899999999999, -3.6958, 5.48005, -0.009027
21, 9.780999999999993, -3.6970000000000005, 5.48, 9.78095, -3.6972000000000005, 5.4801, -0.009079
21, 9.780999999999993, -3.6980000000000004, 5.48, 9.7811, -3.6984500000000002, 5.48005, -0.009037
21, 9.780999999999993, -3.6990000000000003, 5.48, 9.78115, -3.69865, 5.48, -0.009095
21, 9.780999999999993, -3.7, 5.48, 9.7812, -3.6999500000000003, 5.48, -0.009079
21, 9.780999999999993, -3.701, 5.48, 9.7812, -3.70065, 5.48, -0.009032
21, 9.780999999999993, -3.702, 5.48, 9.78105, -3.7023, 5.48, -0.009027
21, 9.780999999999993, -3.703, 5.48, 9.78095, -3.7034000000000002, 5.48, -0.009068
21, 9.780999999999993, -3.7039999999999997, 5.48, 9.780800000000001, -3.7038, 5.48, -0.009084
21, 9.780999999999993, -3.7049999999999996, 5.48, 9.780800000000001, -3.7053000000000003, 5.48, -0.009021
21, 9.780999999999993, -3.7059999999999995, 5.48, 9.780850000000001, -3.7056000000000004, 5.48, -0.009032
21, 9.780999999999993, -3.7069999999999994, 5.48, 9.78105, -3.7073500000000004, 5.48, -0.009068
21, 9.780999999999993, -3.7079999999999993, 5.48, 9.7812, -3.7083000000000004, 5.48, -0.009006
21, 9.780999999999993, -3.708999999999999, 5.48, 9.78105, -3.7086000000000006, 5.4799500000000005, -0.009011
21, 9.780999999999993, -3.709999999999999, 5.48, 9.780850000000001, -3.7102000000000004, 5.4799500000000005, -0.009058
21, 9.780999999999993, -3.710999999999999, 5.48, 9.780800000000001, -3.71055, 5.4799500000000005, -0.009048
22, 9.779999999999994, -3.710999999999999, 5.48, 9.78045, -3.71075, 5.4799500000000005, -0.009021
22, 9.778999999999995, -3.710999999999999, 5.48, 9.7788, -3.71085, 5.4799500000000005, -0.009016
22, 9.777999999999995, -3.710999999999999, 5.48, 9.777800000000001, -3.71085, 5.48005, -0.009068
22, 9.776999999999996, -3.710999999999999, 5.48, 9.7773, -3.7109500000000004, 5.4801, -0.009084
22, 9.775999999999996, -3.710999999999999, 5.48, 9.776, -3.711, 5.480150000000001, -0.009011
22, 9.774999999999997, -3.710999999999999, 5.48, 9.775, -3.711, 5.4801, -0.009058
22, 9.773999999999997, -3.710999999999999, 5.48, 9.7744, -3.71105, 5.4801, -0.009021
22, 9.772999999999998, -3.710999999999999, 5.48, 9.773100000000001, -3.7111000000000005, 5.4801, -0.009063
22, 9.771999999999998, -3.710999999999999, 5.48, 9.7719, -3.7111000000000005, 5.48005, -0.009016
22, 9.770999999999999, -3.710999999999999, 5.48, 9.771450000000002, -3.7111000000000005, 5.48, -0.009001
22, 9.77, -3.710999999999999, 5.48, 9.76985, -3.71105, 5.48, -0.009058
22, 9.769, -3.710999999999999, 5.48, 9.7691, -3.71105, 5.48, -0.009053
22, 9.768, -3.710999999999999, 5.48, 9.7681, -3.71105, 5.48, -0.009006
22, 9.767000000000001, -3.710999999999999, 5.48, 9.7672, -3.711, 5.48, -0.009048
22, 9.766000000000002, -3.710999999999999, 5.48, 9.766, -3.7109500000000004, 5.4799500000000005, -0.009021
22, 9.765000000000002, -3.710999999999999, 5.48, 9.76505, -3.7109, 5.4799500000000005, -0.009032
22, 9.764000000000003, -3.710999999999999, 5.48, 9.764050000000001, -3.7109500000000004, 5.4799500000000005, -0.009048
22, 9.763000000000003, -3.710999999999999, 5.48, 9.76315, -3.711, 5.4799500000000005, -0.009053
22, 9.762000000000004, -3.710999999999999, 5.48, 9.76205, -3.71105, 5.4799500000000005, -0.009058
22, 9.761000000000005, -3.710999999999999, 5.48, 9.7611, -3.71105, 5.48, -0.009016
22, 9.760000000000005, -3.710999999999999, 5.48, 9.760200000000001, -3.711, 5.48, -0.00899
22, 9.759000000000006, -3.710999999999999, 5.48, 9.75905, -3.711, 5.48005, -0.009053
22, 9.759000000000006, -3.709999999999999, 5.48, 9.75885, -3.7100500000000003, 5.4801, -0.009001
22, 9.759000000000006, -3.708999999999999, 5.48, 9.7588, -3.7090500000000004, 5.4801, -0.009027
22, 9.759000000000006, -3.7079999999999993, 5.48, 9.75875, -3.7077000000000004, 5.4801, -0.009068
22, 9.759000000000006, -3.7069999999999994, 5.48, 9.758899999999999, -3.7073, 5.4801, -0.009027
22, 9.759000000000006, -3.7059999999999995, 5.48, 9.75895, -3.7058, 5.48005, -0.009016
22, 9.759000000000006, -3.7049999999999996, 5.48, 9.75905, -3.7047000000000003, 5.4799500000000005, -0.009021
22, 9.759000000000006, -3.7039999999999997, 5.48, 9.75905, -3.70425, 5.479900000000001, -0.009011
22, 9.759000000000006, -3.703, 5.48, 9.75905, -3.7029, 5.479900000000001, -0.009058
22, 9.759000000000006, -3.702, 5.48, 9.75905, -3.7018, 5.4799500000000005, -0.009058
22, 9.759000000000006, -3.701, 5.48, 9.75905, -3.7012000000000005, 5.4799500000000005, -0.009016
22, 9.759000000000006, -3.7, 5.48, 9.75895, -3.69975, 5.4799500000000005, -0.009053
22, 9.759000000000006, -3.6990000000000003, 5.48, 9.758899999999999, -3.69925, 5.4799500000000005, -0.009068
22, 9.759000000000006, -3.6980000000000004, 5.48, 9.75885, -3.6978500000000003, 5.48005, -0.009027
22, 9.759000000000006, -3.6970000000000005, 5.48, 9.7588, -3.69665, 5.4801, -0.009021
22, 9.759000000000006, -3.6960000000000006, 5.48, 9.75885, -3.69625, 5.4801, -0.009074
22, 9.759000000000006, -3.6950000000000007, 5.48, 9.75905, -3.69465, 5.4801, -0.009084
22, 9.759000000000006, -3.694000000000001, 5.48, 9.7591, -3.69395, 5.4801, -0.009058
22, 9.759000000000006, -3.693000000000001, 5.48, 9.75925, -3.6929000000000003, 5.4801, -0.009074
22, 9.759000000000006, -3.692000000000001, 5.48, 9.75915, -3.6917000000000004, 5.48005, -0.009037
22, 9.759000000000006, -3.691000000000001, 5.48, 9.7591, -3.69125, 5.48, -0.009027
22, 9.759000000000006, -3.6900000000000013, 5.48, 9.759, -3.6898, 5.48, -0.009068
22, 9.759000000000006, -3.6890000000000014, 5.48, 9.75885, -3.68925, 5.48, -0.009079
23, 9.760000000000005, -3.6890000000000014, 5.48, 9.7599, -3.6885, 5.48, -0.009027
23, 9.761000000000005, -3.6890000000000014, 5.48, 9.760950000000001, -3.68925, 5.48, -0.009042
23, 9.762000000000004, -3.6890000000000014, 5.48, 9.76195, -3.6893000000000002, 5.4799500000000005, -0.009084
23, 9.763000000000003, -3.6890000000000014, 5.48, 9.76295, -3.689, 5.479900000000001, -0.009074
23, 9.764000000000003, -3.6890000000000014, 5.48, 9.763950000000001, -3.6888, 5.479900000000001, -0.009068
23, 9.765000000000002, -3.6890000000000014, 5.48, 9.764700000000001, -3.6887000000000003, 5.479900000000001, -0.009089
23, 9.766000000000002, -3.6890000000000014, 5.48, 9.76595, -3.6888500000000004, 5.4799500000000005, -0.009037
23, 9.767000000000001, -3.6890000000000014, 5.48, 9.766950000000001, -3.6890500000000004, 5.479900000000001, -0.009063
23, 9.768, -3.6890000000000014, 5.48, 9.768, -3.68915, 5.4799500000000005, -0.009079
23, 9.769, -3.6890000000000014, 5.48, 9.76865, -3.68915, 5.48, -0.009032
23, 9.77, -3.6890000000000014, 5.48, 9.769950000000001, -3.689, 5.48, -0.009027
23, 9.770999999999999, -3.6890000000000014, 5.48, 9.771, -3.6889000000000003, 5.48005, -0.009037
23, 9.771999999999998, -3.6890000000000014, 5.48, 9.7724, -3.6888, 5.4801, -0.009074
23, 9.772999999999998, -3.6890000000000014, 5.48, 9.772800000000002, -3.689, 5.4801, -0.009032
23, 9.773999999999997, -3.6890000000000014, 5.48, 9.77385, -3.6891000000000003, 5.4801, -0.009037
23, 9.774999999999997, -3.6890000000000014, 5.48, 9.774899999999999, -3.68915, 5.48005, -0.009079
23, 9.775999999999996, -3.6890000000000014, 5.48, 9.77585, -3.68915, 5.48, -0.009042
23, 9.776999999999996, -3.6890000000000014, 5.48, 9.776950000000001, -3.6890500000000004, 5.48, -0.009037
23, 9.777999999999995, -3.6890000000000014, 5.48, 9.778, -3.68895, 5.48, -0.009048
23, 9.778999999999995, -3.6890000000000014, 5.48, 9.7789, -3.6888500000000004, 5.48, -0.009089
23, 9.779999999999994, -3.6890000000000014, 5.48, 9.779950000000001, -3.6888500000000004, 5.48, -0.009021
23, 9.780999999999993, -3.6890000000000014, 5.48, 9.781, -3.68895, 5.48, -0.009037
23, 9.781999999999993, -3.6890000000000014, 5.48, 9.78185, -3.6890500000000004, 5.48, -0.009084
23, 9.781999999999993, -3.6900000000000013, 5.48, 9.78215, -3.68955, 5.48, -0.009053
23, 9.781999999999993, -3.691000000000001, 5.48, 9.782399999999999, -3.6909, 5.48, -0.009048
23, 9.781999999999993, -3.692000000000001, 5.48, 9.782300000000001, -3.69225, 5.48, -0.009074
23, 9.781999999999993, -3.693000000000001, 5.48, 9.782050000000002, -3.6925, 5.48, -0.009095
23, 9.781999999999993, -3.694000000000001, 5.48, 9.7819, -3.6943, 5.4799500000000005, -0.009032
23, 9.781999999999993, -3.6950000000000007, 5.48, 9.7818, -3.6954000000000002, 5.4799500000000005, -0.009074
23, 9.781999999999993, -3.6960000000000006, 5.48, 9.7819, -3.69565, 5.4799500000000005, -0.009079
23, 9.781999999999993, -3.6970000000000005, 5.48, 9.78215, -3.6972000000000005, 5.48, -0.009027
23, 9.781999999999993, -3.6980000000000004, 5.48, 9.782200000000001, -3.6975, 5.4799500000000005, -0.009068
23, 9.781999999999993, -3.6990000000000003, 5.48, 9.78225, -3.6989, 5.48, -0.009079
23, 9.781999999999993, -3.7, 5.48, 9.7818, -3.70025, 5.4799500000000005, -0.009006
23, 9.781999999999993, -3.701, 5.48, 9.7818, -3.7006000000000006, 5.48, -0.009058
23, 9.781999999999993, -3.702, 5.48, 9.782, -3.70225, 5.48, -0.009063
23, 9.781999999999993, -3.703, 5.48, 9.78225, -3.7034000000000002, 5.48, -0.009027
23, 9.781999999999993, -3.7039999999999997, 5.48, 9.782200000000001, -3.7035500000000003, 5.48, -0.009068
23, 9.781999999999993, -3.7049999999999996, 5.48, 9.7821, -3.7051000000000003, 5.48, -0.009032
23, 9.781999999999993, -3.7059999999999995, 5.48, 9.782, -3.7055, 5.48, -0.009016
23, 9.781999999999993, -3.7069999999999994, 5.48, 9.78195, -3.70725, 5.4799500000000005, -0.009037
23, 9.781999999999993, -3.7079999999999993, 5.48, 9.7818, -3.7083500000000003, 5.48, -0.009016
23, 9.781999999999993, -3.708999999999999, 5.48, 9.7818, -3.70865, 5.48, -0.009079
23, 9.781999999999993, -3.709999999999999, 5.48, 9.7819, -3.71015, 5.48, -0.009021
23, 9.781999999999993, -3.710999999999999, 5.48, 9.782, -3.7105, 5.48, -0.009016
23, 9.781999999999993, -3.711999999999999, 5.48, 9.7821, -3.7121500000000003, 5.4801, -0.009037
24, 9.780999999999993, -3.711999999999999, 5.48, 9.780700000000001, -3.71225, 5.4801, -0.009048
24, 9.779999999999994, -3.711999999999999, 5.48, 9.78035, -3.7121500000000003, 5.4801, -0.009063
24, 9.778999999999995, -3.711999999999999, 5.48, 9.779, -3.712, 5.480150000000001, -0.009027
24, 9.777999999999995, -3.711999999999999, 5.48, 9.77805, -3.7119500000000003, 5.4801, -0.009063
24, 9.776999999999996, -3.711999999999999, 5.48, 9.77655, -3.7119500000000003, 5.48, -0.009011
24, 9.775999999999996, -3.711999999999999, 5.48, 9.776050000000001, -3.7121500000000003, 5.4799500000000005, -0.009074
24, 9.774999999999997, -3.711999999999999, 5.48, 9.77505, -3.7121500000000003, 5.4799500000000005, -0.009027
24, 9.773999999999997, -3.711999999999999, 5.48, 9.77435, -3.7121000000000004, 5.4799500000000005, -0.009006
24, 9.772999999999998, -3.711999999999999, 5.48, 9.773, -3.712, 5.48, -0.009074
24, 9.771999999999998, -3.711999999999999, 5.48, 9.77195, -3.7118500000000005, 5.4799500000000005, -0.009063
24, 9.770999999999999, -3.711999999999999, 5.48, 9.77115, -3.7119, 5.4799500000000005, -0.009016
24, 9.77, -3.711999999999999, 5.48, 9.7702, -3.7119500000000003, 5.4799500000000005, -0.009032
24, 9.769, -3.711999999999999, 5.48, 9.769050000000002, -3.71205, 5.4799500000000005, -0.009063
24, 9.768, -3.711999999999999, 5.48, 9.768, -3.7121500000000003, 5.48, -0.009048
24, 9.767000000000001, -3.711999999999999, 5.48, 9.7672, -3.7121000000000004, 5.4799500000000005, -0.009032
24, 9.766000000000002, -3.711999999999999, 5.48, 9.766, -3.7121000000000004, 5.48, -0.009032
24, 9.765000000000002, -3.711999999999999, 5.48, 9.76505, -3.712, 5.48005, -0.009074
24, 9.764000000000003, -3.711999999999999, 5.48, 9.76425, -3.7119, 5.4801, -0.009053
24, 9.763000000000003, -3.711999999999999, 5.48, 9.763050000000002, -3.7119, 5.4801, -0.009016
24, 9.762000000000004, -3.711999999999999, 5.48, 9.762, -3.7119, 5.4801, -0.009011
24, 9.761000000000005, -3.711999999999999, 5.48, 9.7611, -3.7119500000000003, 5.4801, -0.009053
24, 9.760000000000005, -3.711999999999999, 5.48, 9.7601, -3.71205, 5.4801, -0.009016
24, 9.759000000000006, -3.711999999999999, 5.48, 9.759, -3.7121000000000004, 5.48005, -0.009021
24, 9.758000000000006, -3.711999999999999, 5.48, 9.7579, -3.7121000000000004, 5.48, -0.009053
24, 9.758000000000006, -3.710999999999999, 5.48, 9.757800000000001, -3.7109, 5.48, -0.009032
24, 9.758000000000006, -3.709999999999999, 5.48, 9.757800000000001, -3.7104500000000002, 5.48, -0.009027
24, 9.758000000000006, -3.708999999999999, 5.48, 9.757700000000002, -3.70895, 5.48, -0.009042
24, 9.758000000000006, -3.7079999999999993, 5.48, 9.75805, -3.7077000000000004, 5.48, -0.009063
24, 9.758000000000006, -3.7069999999999994, 5.48, 9.7582, -3.7073, 5.48, -0.009011
24, 9.758000000000006, -3.7059999999999995, 5.48, 9.7582, -3.7058, 5.48, -0.009027
24, 9.758000000000006, -3.7049999999999996, 5.48, 9.758149999999999, -3.7046000000000006, 5.48, -0.009068
24, 9.758000000000006, -3.7039999999999997, 5.48, 9.757950000000001, -3.70425, 5.48, -0.009032
24, 9.758000000000006, -3.703, 5.48, 9.757800000000001, -3.7029, 5.48, -0.009016
24, 9.758000000000006, -3.702, 5.48, 9.75775, -3.70215, 5.48, -0.009058
24, 9.758000000000006, -3.701, 5.48, 9.757800000000001, -3.70095, 5.48, -0.009063
24, 9.758000000000006, -3.7, 5.48, 9.757950000000001, -3.69975, 5.48, -0.009032
24, 9.758000000000006, -3.6990000000000003, 5.48, 9.75805, -3.69925, 5.48, -0.009021
24, 9.758000000000006, -3.6980000000000004, 5.48, 9.758149999999999, -3.6978, 5.48, -0.009068
24, 9.758000000000006, -3.6970000000000005, 5.48, 9.758149999999999, -3.6966000000000006, 5.48, -0.009063
24, 9.758000000000006, -3.6960000000000006, 5.48, 9.758149999999999, -3.69625, 5.48, -0.009016
24, 9.758000000000006, -3.6950000000000007, 5.48, 9.7579, -3.6947, 5.4799500000000005, -0.009063
24, 9.758000000000006, -3.694000000000001, 5.48, 9.75775, -3.69425, 5.4799500000000005, -0.009068
24, 9.758000000000006, -3.693000000000001, 5.48, 9.75775, -3.69275, 5.4799500000000005, -0.009027
24, 9.758000000000006, -3.692000000000001, 5.48, 9.7579, -3.6916, 5.479900000000001, -0.009016
24, 9.758000000000006, -3.691000000000001, 5.48, 9.75805, -3.6912000000000003, 5.4799500000000005, -0.009084
24, 9.758000000000006, -3.6900000000000013, 5.48, 9.758149999999999, -3.6898, 5.479900000000001, -0.009037
24, 9.758000000000006, -3.6890000000000014, 5.48, 9.758149999999999, -3.6893000000000002, 5.48, -0.009027
24, 9.758000000000006, -3.6880000000000015, 5.48, 9.758149999999999, -3.68765, 5.48, -0.009068
25, 9.759000000000006, -3.6880000000000015, 5.48, 9.75885, -3.6878, 5.48, -0.009074
25, 9.760000000000005, -3.6880000000000015, 5.48, 9.75995, -3.6879, 5.48, -0.009042
25, 9.761000000000005, -3.6880000000000015, 5.48, 9.761, -3.6879, 5.48, -0.009058
25, 9.762000000000004, -3.6880000000000015, 5.48, 9.76185, -3.6879500000000003, 5.48, -0.009084
25, 9.763000000000003, -3.6880000000000015, 5.48, 9.7629, -3.68805, 5.48, -0.009095
25, 9.764000000000003, -3.6880000000000015, 5.48, 9.764, -3.6882, 5.48, -0.009068
25, 9.765000000000002, -3.6880000000000015, 5.48, 9.764700000000001, -3.6881500000000003, 5.48, -0.009068
25, 9.766000000000002, -3.6880000000000015, 5.48, 9.7659, -3.6881000000000004, 5.48, -0.009021
25, 9.767000000000001, -3.6880000000000015, 5.48, 9.7669, -3.68805, 5.48, -0.009027
25, 9.768, -3.6880000000000015, 5.48, 9.768, -3.688, 5.48, -0.009089
25, 9.769, -3.6880000000000015, 5.48, 9.76865, -3.6879, 5.48, -0.009027
25, 9.77, -3.6880000000000015, 5.48, 9.769950000000001, -3.6878500000000005, 5.48, -0.009053
25, 9.770999999999999, -3.6880000000000015, 5.48, 9.771, -3.6879, 5.48, -0.009084
25, 9.771999999999998, -3.6880000000000015, 5.48, 9.771700000000001, -3.688, 5.48, -0.009089
25, 9.772999999999998, -3.6880000000000015, 5.48, 9.77285, -3.68805, 5.48, -0.009042
25, 9.773999999999997, -3.6880000000000015, 5.48, 9.773950000000001, -3.6881500000000003, 5.48, -0.009037
25, 9.774999999999997, -3.6880000000000015, 5.48, 9.77485, -3.6881500000000003, 5.48, -0.009079
25, 9.775999999999996, -3.6880000000000015, 5.48, 9.7759, -3.6881000000000004, 5.48005, -0.009095
25, 9.776999999999996, -3.6880000000000015, 5.48, 9.776950000000001, -3.68805, 5.48005, -0.009037
25, 9.777999999999995, -3.6880000000000015, 5.48, 9.77805, -3.6879500000000003, 5.4801, -0.009058
25, 9.778999999999995, -3.6880000000000015, 5.48, 9.7788, -3.6878500000000005, 5.4801, -0.009089
25, 9.779999999999994, -3.6880000000000015, 5.48, 9.779950000000001, -3.6878500000000005, 5.4801, -0.009048
25, 9.780999999999993, -3.6880000000000015, 5.48, 9.781, -3.6879500000000003, 5.4801, -0.009032
25, 9.781999999999993, -3.6880000000000015, 5.48, 9.7818, -3.688, 5.48, -0.009079
25, 9.782999999999992, -3.6880000000000015, 5.48, 9.782800000000002, -3.688, 5.48, -0.009105
25, 9.782999999999992, -3.6890000000000014, 5.48, 9.783, -3.6891000000000003, 5.48, -0.009042
25, 9.782999999999992, -3.6900000000000013, 5.48, 9.78315, -3.68955, 5.48, -0.009089
25, 9.782999999999992, -3.691000000000001, 5.48, 9.7833, -3.6908000000000003, 5.48, -0.009079
25, 9.782999999999992, -3.692000000000001, 5.48, 9.78335, -3.69225, 5.4799500000000005, -0.009042
25, 9.782999999999992, -3.693000000000001, 5.48, 9.783100000000001, -3.6931000000000003, 5.4799500000000005, -0.009079
25, 9.782999999999992, -3.694000000000001, 5.48, 9.783, -3.6939, 5.4799500000000005, -0.009089
25, 9.782999999999992, -3.6950000000000007, 5.48, 9.7829, -3.6954000000000002, 5.4799500000000005, -0.009027
25, 9.782999999999992, -3.6960000000000006, 5.48, 9.7829, -3.6957000000000004, 5.4799500000000005, -0.009079
25, 9.782999999999992, -3.6970000000000005, 5.48, 9.783, -3.69715, 5.48, -0.009089
25, 9.782999999999992, -3.6980000000000004, 5.48, 9.783, -3.6985, 5.48, -0.009068
25, 9.782999999999992, -3.6990000000000003, 5.48, 9.78315, -3.69875, 5.48005, -0.009032
25, 9.782999999999992, -3.7, 5.48, 9.78315, -3.7002, 5.4801, -0.009048
25, 9.782999999999992, -3.701, 5.48, 9.78315, -3.7005500000000002, 5.4801, -0.009058
25, 9.782999999999992, -3.702, 5.48, 9.783100000000001, -3.70215, 5.4801, -0.009042
25, 9.782999999999992, -3.703, 5.48, 9.782950000000001, -3.70345, 5.4801, -0.009027
25, 9.782999999999992, -3.7039999999999997, 5.48, 9.783, -3.70345, 5.4801, -0.009074
25, 9.782999999999992, -3.7049999999999996, 5.48, 9.7829, -3.7054, 5.48, -0.009027
25, 9.782999999999992, -3.7059999999999995, 5.48, 9.782950000000001, -3.70565, 5.48, -0.009068
25, 9.782999999999992, -3.7069999999999994, 5.48, 9.782950000000001, -3.7073500000000004, 5.48, -0.009068
25, 9.782999999999992, -3.7079999999999993, 5.48, 9.783100000000001, -3.7077000000000004, 5.48, -0.009068
25, 9.782999999999992, -3.708999999999999, 5.48, 9.78315, -3.7088500000000004, 5.4799500000000005, -0.009027
25, 9.782999999999992, -3.709999999999999, 5.48, 9.78315, -3.7103, 5.4799500000000005, -0.009021
25, 9.782999999999992, -3.710999999999999, 5.48, 9.78315, -3.7106000000000003, 5.4799500000000005, -0.009074
25, 9.782999999999992, -3.711999999999999, 5.48, 9.783050000000001, -3.7121500000000003, 5.4799500000000005, -0.009027
25, 9.782999999999992, -3.7129999999999987, 5.48, 9.782950000000001, -3.7134500000000004, 5.4799500000000005, -0.009063
26, 9.781999999999993, -3.7129999999999987, 5.48, 9.78195, -3.7135, 5.4799500000000005, -0.009048
26, 9.780999999999993, -3.7129999999999987, 5.48, 9.78125, -3.71265, 5.48, -0.009006
26, 9.779999999999994, -3.7129999999999987, 5.48, 9.780100000000001, -3.7126000000000006, 5.4799500000000005, -0.009032
26, 9.778999999999995, -3.7129999999999987, 5.48, 9.779050000000002, -3.7132, 5.48005, -0.009074
26, 9.777999999999995, -3.7129999999999987, 5.48, 9.777800000000001, -3.71275, 5.4801, -0.009006
26, 9.776999999999996, -3.7129999999999987, 5.48, 9.7773, -3.71265, 5.4801, -0.009027
26, 9.775999999999996, -3.7129999999999987, 5.48, 9.77595, -3.71295, 5.4801, -0.009074
26, 9.774999999999997, -3.7129999999999987, 5.48, 9.77505, -3.7134500000000004, 5.480150000000001, -0.009021
26, 9.773999999999997, -3.7129999999999987, 5.48, 9.7743, -3.7133000000000003, 5.48005, -0.009016
26, 9.772999999999998, -3.7129999999999987, 5.48, 9.7729, -3.7128500000000004, 5.4799500000000005, -0.009058
26, 9.771999999999998, -3.7129999999999987, 5.48, 9.77185, -3.7127000000000003, 5.4799500000000005, -0.009079
26, 9.770999999999999, -3.7129999999999987, 5.48, 9.7712, -3.71275, 5.4799500000000005, -0.009011
26, 9.77, -3.7129999999999987, 5.48, 9.77015, -3.71325, 5.4799500000000005, -0.009027
26, 9.769, -3.7129999999999987, 5.48, 9.76885, -3.7129000000000003, 5.479900000000001, -0.009068
26, 9.768, -3.7129999999999987, 5.48, 9.768, -3.71275, 5.479900000000001, -0.009016
26, 9.767000000000001, -3.7129999999999987, 5.48, 9.76725, -3.71275, 5.4799500000000005, -0.009042
26, 9.766000000000002, -3.7129999999999987, 5.48, 9.7661, -3.71305, 5.4799500000000005, -0.009063
26, 9.765000000000002, -3.7129999999999987, 5.48, 9.764850000000001, -3.71305, 5.48, -0.009032
26, 9.764000000000003, -3.7129999999999987, 5.48, 9.76375, -3.71275, 5.48, -0.009011
26, 9.763000000000003, -3.7129999999999987, 5.48, 9.763200000000001, -3.7128, 5.48005, -0.009048
26, 9.762000000000004, -3.7129999999999987, 5.48, 9.762, -3.7128, 5.48, -0.009053
26, 9.761000000000005, -3.7129999999999987, 5.48, 9.761050000000001, -3.7131000000000003, 5.48, -0.009006
26, 9.760000000000005, -3.7129999999999987, 5.48, 9.75975, -3.71305, 5.4801, -0.009048
26, 9.759000000000006, -3.7129999999999987, 5.48, 9.7591, -3.7129000000000003, 5.4801, -0.009048
26, 9.758000000000006, -3.7129999999999987, 5.48, 9.757850000000001, -3.7128, 5.4801, -0.009006
26, 9.757000000000007, -3.7129999999999987, 5.48, 9.7574, -3.7128, 5.4801, -0.009037
26, 9.757000000000007, -3.711999999999999, 5.48, 9.756450000000001, -3.7119500000000003, 5.48, -0.009048
26, 9.757000000000007, -3.710999999999999, 5.48, 9.756950000000002, -3.71075, 5.48, -0.009011
26, 9.757000000000007, -3.709999999999999, 5.48, 9.757050000000001, -3.7104, 5.48, -0.009053
26, 9.757000000000007, -3.708999999999999, 5.48, 9.75715, -3.7088, 5.48, -0.009063
26, 9.757000000000007, -3.7079999999999993, 5.48, 9.757100000000001, -3.7077000000000004, 5.48, -0.009021
26, 9.757000000000007, -3.7069999999999994, 5.48, 9.757100000000001, -3.70705, 5.48005, -0.009001
26, 9.757000000000007, -3.7059999999999995, 5.48, 9.757050000000001, -3.7059, 5.4799500000000005, -0.009058
26, 9.757000000000007, -3.7049999999999996, 5.48, 9.756950000000002, -3.7047000000000003, 5.479900000000001, -0.009063
26, 9.757000000000007, -3.7039999999999997, 5.48, 9.7569, -3.70425, 5.479900000000001, -0.009016
26, 9.757000000000007, -3.703, 5.48, 9.7569, -3.70285, 5.4799500000000005, -0.009027
26, 9.757000000000007, -3.702, 5.48, 9.7569, -3.70195, 5.479900000000001, -0.009042
26, 9.757000000000007, -3.701, 5.48, 9.7569, -3.7011000000000003, 5.4799500000000005, -0.009084
26, 9.757000000000007, -3.7, 5.48, 9.7569, -3.69965, 5.4799500000000005, -0.009016
26, 9.757000000000007, -3.6990000000000003, 5.48, 9.7569, -3.69925, 5.48, -0.009021
26, 9.757000000000007, -3.6980000000000004, 5.48, 9.756950000000002, -3.6978500000000003, 5.4799500000000005, -0.009058
26, 9.757000000000007, -3.6970000000000005, 5.48, 9.757, -3.6966000000000006, 5.48, -0.009058
26, 9.757000000000007, -3.6960000000000006, 5.48, 9.757050000000001, -3.69625, 5.48005, -0.009016
26, 9.757000000000007, -3.6950000000000007, 5.48, 9.75715, -3.69475, 5.48005, -0.009053
26, 9.757000000000007, -3.694000000000001, 5.48, 9.75715, -3.6941, 5.48005, -0.009042
26, 9.757000000000007, -3.693000000000001, 5.48, 9.757200000000001, -3.69275, 5.4801, -0.009037
26, 9.757000000000007, -3.692000000000001, 5.48, 9.757050000000001, -3.69165, 5.4801, -0.009032
26, 9.757000000000007, -3.691000000000001, 5.48, 9.75685, -3.69115, 5.48005, -0.009074
26, 9.757000000000007, -3.6900000000000013, 5.48, 9.75685, -3.6898, 5.4799500000000005, -0.009027
26, 9.757000000000007, -3.6890000000000014, 5.48, 9.756800000000002, -3.68925, 5.479900000000001, -0.009037
26, 9.757000000000007, -3.6880000000000015, 5.48, 9.75685, -3.6877000000000004, 5.4799500000000005, -0.009074
26, 9.757000000000007, -3.6870000000000016, 5.48, 9.756950000000002, -3.68655, 5.479900000000001, -0.009074
27, 9.758000000000006, -3.6870000000000016, 5.48, 9.758149999999999, -3.6874000000000002, 5.4799500000000005, -0.009048
27, 9.759000000000006, -3.6870000000000016, 5.48, 9.7588, -3.6874000000000002, 5.48, -0.009063
27, 9.760000000000005, -3.6870000000000016, 5.48, 9.75995, -3.6869500000000004, 5.4799500000000005, -0.009089
27, 9.761000000000005, -3.6870000000000016, 5.48, 9.761, -3.68655, 5.48, -0.009089
27, 9.762000000000004, -3.6870000000000016, 5.48, 9.761800000000001, -3.6869500000000004, 5.48, -0.009016
27, 9.763000000000003, -3.6870000000000016, 5.48, 9.7629, -3.68725, 5.4801, -0.009048
27, 9.764000000000003, -3.6870000000000016, 5.48, 9.764, -3.6873500000000003, 5.4801, -0.009074
27, 9.765000000000002, -3.6870000000000016, 5.48, 9.764850000000001, -3.68685, 5.4801, -0.009089
27, 9.766000000000002, -3.6870000000000016, 5.48, 9.76585, -3.68665, 5.4801, -0.009037
27, 9.767000000000001, -3.6870000000000016, 5.48, 9.767050000000001, -3.6869500000000004, 5.4801, -0.009074
27, 9.768, -3.6870000000000016, 5.48, 9.76795, -3.68725, 5.48005, -0.009084
27, 9.769, -3.6870000000000016, 5.48, 9.76875, -3.6873, 5.48, -0.009032
27, 9.77, -3.6870000000000016, 5.48, 9.769950000000001, -3.68715, 5.4799500000000005, -0.009079
27, 9.770999999999999, -3.6870000000000016, 5.48, 9.7709, -3.6869500000000004, 5.4799500000000005, -0.009079
27, 9.771999999999998, -3.6870000000000016, 5.48, 9.77195, -3.6868000000000003, 5.4799500000000005, -0.009048
27, 9.772999999999998, -3.6870000000000016, 5.48, 9.77285, -3.6868000000000003, 5.4799500000000005, -0.009037
27, 9.773999999999997, -3.6870000000000016, 5.48, 9.773950000000001, -3.6869500000000004, 5.4799500000000005, -0.009068
27, 9.774999999999997, -3.6870000000000016, 5.48, 9.77495, -3.6872000000000003, 5.4799500000000005, -0.009074
27, 9.775999999999996, -3.6870000000000016, 5.48, 9.7757, -3.68725, 5.4799500000000005, -0.009037
27, 9.776999999999996, -3.6870000000000016, 5.48, 9.777050000000001, -3.68705, 5.48005, -0.009032
27, 9.777999999999995, -3.6870000000000016, 5.48, 9.7781, -3.68685, 5.4801, -0.009084
27, 9.778999999999995, -3.6870000000000016, 5.48, 9.77875, -3.68675, 5.4801, -0.009068
27, 9.779999999999994, -3.6870000000000016, 5.48, 9.779950000000001, -3.6869500000000004, 5.4801, -0.009058
27, 9.780999999999993, -3.6870000000000016, 5.48, 9.7811, -3.68715, 5.4801, -0.009084
27, 9.781999999999993, -3.6870000000000016, 5.48, 9.7817, -3.68725, 5.48, -0.00911
27, 9.782999999999992, -3.6870000000000016, 5.48, 9.7829, -3.68705, 5.48005, -0.009042
27, 9.783999999999992, -3.6870000000000016, 5.48, 9.78415, -3.68685, 5.48, -0.009016
27, 9.783999999999992, -3.6880000000000015, 5.48, 9.78425, -3.68765, 5.48, -0.009095
27, 9.783999999999992, -3.6890000000000014, 5.48, 9.7841, -3.6892000000000005, 5.48, -0.009084
27, 9.783999999999992, -3.6900000000000013, 5.48, 9.7841, -3.6904, 5.48, -0.009032
27, 9.783999999999992, -3.691000000000001, 5.48, 9.7839, -3.6906000000000003, 5.48, -0.009084
27, 9.783999999999992, -3.692000000000001, 5.48, 9.783850000000001, -3.6921000000000004, 5.48, -0.009105
27, 9.783999999999992, -3.693000000000001, 5.48, 9.784, -3.69275, 5.48, -0.009032
27, 9.783999999999992, -3.694000000000001, 5.48, 9.78405, -3.6937, 5.48, -0.009084
27, 9.783999999999992, -3.6950000000000007, 5.48, 9.78405, -3.6952000000000003, 5.48, -0.009027
27, 9.783999999999992, -3.6960000000000006, 5.48, 9.7841, -3.69565, 5.48, -0.009037
27, 9.783999999999992, -3.6970000000000005, 5.48, 9.78415, -3.6971000000000003, 5.48, -0.009079
27, 9.783999999999992, -3.6980000000000004, 5.48, 9.7839, -3.6984500000000002, 5.48, -0.009027
27, 9.783999999999992, -3.6990000000000003, 5.48, 9.783700000000001, -3.69855, 5.48, -0.009032
27, 9.783999999999992, -3.7, 5.48, 9.78375, -3.70005, 5.48, -0.009068
27, 9.783999999999992, -3.701, 5.48, 9.78395, -3.7005, 5.4799500000000005, -0.009074
27, 9.783999999999992, -3.702, 5.48, 9.7841, -3.7023, 5.48, -0.009016
27, 9.783999999999992, -3.703, 5.48, 9.7841, -3.7031000000000005, 5.4799500000000005, -0.009074
27, 9.783999999999992, -3.7039999999999997, 5.48, 9.784, -3.70345, 5.4799500000000005, -0.009074
27, 9.783999999999992, -3.7049999999999996, 5.48, 9.78395, -3.7051000000000003, 5.4799500000000005, -0.009074
27, 9.783999999999992, -3.7059999999999995, 5.48, 9.783850000000001, -3.7054500000000004, 5.4799500000000005, -0.009058
27, 9.783999999999992, -3.7069999999999994, 5.48, 9.7839, -3.70725, 5.48, -0.009001
27, 9.783999999999992, -3.7079999999999993, 5.48, 9.7841, -3.7078500000000005, 5.48, -0.009079
27, 9.783999999999992, -3.708999999999999, 5.48, 9.78415, -3.70875, 5.48, -0.009032
27, 9.783999999999992, -3.709999999999999, 5.48, 9.78415, -3.71025, 5.4799500000000005, -0.009063
27, 9.783999999999992, -3.710999999999999, 5.48, 9.7841, -3.7105, 5.48005, -0.009068
27, 9.783999999999992, -3.711999999999999, 5.48, 9.7841, -3.7122, 5.4801, -0.009016
27, 9.783999999999992, -3.7129999999999987, 5.48, 9.783850000000001, -3.7133000000000003, 5.4801, -0.009063
27, 9.783999999999992, -3.7139999999999986, 5.48, 9.783800000000001, -3.7136000000000005, 5.4801, -0.009068
28, 9.782999999999992, -3.7139999999999986, 5.48, 9.7832, -3.7139, 5.4801, -0.009021
28, 9.781999999999993, -3.7139999999999986, 5.48, 9.7819, -3.714, 5.48, -0.009037
28, 9.780999999999993, -3.7139999999999986, 5.48, 9.78095, -3.7140500000000003, 5.4799500000000005, -0.009063
28, 9.779999999999994, -3.7139999999999986, 5.48, 9.7803, -3.7140500000000003, 5.4799500000000005, -0.009032
28, 9.778999999999995, -3.7139999999999986, 5.48, 9.779, -3.7141, 5.4799500000000005, -0.009016
28, 9.777999999999995, -3.7139999999999986, 5.48, 9.77795, -3.7140500000000003, 5.4799500000000005, -0.009063
28, 9.776999999999996, -3.7139999999999986, 5.48, 9.77675, -3.7141, 5.48, -0.009074
28, 9.775999999999996, -3.7139999999999986, 5.48, 9.7761, -3.714, 5.48, -0.009016
28, 9.774999999999997, -3.7139999999999986, 5.48, 9.775, -3.7140500000000003, 5.48, -0.009068
28, 9.773999999999997, -3.7139999999999986, 5.48, 9.77435, -3.71395, 5.48, -0.009074
28, 9.772999999999998, -3.7139999999999986, 5.48, 9.773100000000001, -3.7138500000000003, 5.48, -0.009011
28, 9.771999999999998, -3.7139999999999986, 5.48, 9.772, -3.7138500000000003, 5.48, -0.009058
28, 9.770999999999999, -3.7139999999999986, 5.48, 9.770950000000001, -3.71395, 5.48, -0.009063
28, 9.77, -3.7139999999999986, 5.48, 9.7702, -3.714, 5.48, -0.009032
28, 9.769, -3.7139999999999986, 5.48, 9.7691, -3.7140500000000003, 5.48005, -0.009063
28, 9.768, -3.7139999999999986, 5.48, 9.768, -3.7140500000000003, 5.48005, -0.009053
28, 9.767000000000001, -3.7139999999999986, 5.48, 9.76725, -3.7140500000000003, 5.48005, -0.009011
28, 9.766000000000002, -3.7139999999999986, 5.48, 9.76615, -3.714, 5.48005, -0.009011
28, 9.765000000000002, -3.7139999999999986, 5.48, 9.765, -3.714, 5.48005, -0.009058
28, 9.764000000000003, -3.7139999999999986, 5.48, 9.76425, -3.71395, 5.48005, -0.009011
28, 9.763000000000003, -3.7139999999999986, 5.48, 9.76325, -3.7139, 5.48, -0.009006
28, 9.762000000000004, -3.7139999999999986, 5.48, 9.762, -3.7139, 5.48, -0.009016
28, 9.761000000000005, -3.7139999999999986, 5.48, 9.761050000000001, -3.7139, 5.48, -0.009058
28, 9.760000000000005, -3.7139999999999986, 5.48, 9.76025, -3.71395, 5.48, -0.009058
28, 9.759000000000006, -3.7139999999999986, 5.48, 9.759, -3.714, 5.48, -0.009001
28, 9.758000000000006, -3.7139999999999986, 5.48, 9.758, -3.714, 5.48, -0.009048
28, 9.757000000000007, -3.7139999999999986, 5.48, 9.75735, -3.7140500000000003, 5.48, -0.009011
28, 9.756000000000007, -3.7139999999999986, 5.48, 9.7561, -3.714, 5.48, -0.009027
28, 9.756000000000007, -3.7129999999999987, 5.48, 9.75575, -3.7126000000000006, 5.48, -0.009074
28, 9.756000000000007, -3.711999999999999, 5.48, 9.7558, -3.71225, 5.48, -0.009001
28, 9.756000000000007, -3.710999999999999, 5.48, 9.75575, -3.7108000000000003, 5.48, -0.009042
28, 9.756000000000007, -3.709999999999999, 5.48, 9.75595, -3.7104500000000002, 5.48, -0.009053
28, 9.756000000000007, -3.708999999999999, 5.48, 9.756, -3.70895, 5.48, -0.009001
28, 9.756000000000007, -3.7079999999999993, 5.48, 9.756050000000002, -3.7076000000000002, 5.48, -0.009068
28, 9.756000000000007, -3.7069999999999994, 5.48, 9.756050000000002, -3.7073, 5.48, -0.009032
28, 9.756000000000007, -3.7059999999999995, 5.48, 9.756050000000002, -3.70575, 5.48, -0.009006
28, 9.756000000000007, -3.7049999999999996, 5.48, 9.756050000000002, -3.7045500000000002, 5.48, -0.009068
28, 9.756000000000007, -3.7039999999999997, 5.48, 9.756050000000002, -3.70425, 5.48, -0.009068
28, 9.756000000000007, -3.703, 5.48, 9.756, -3.70285, 5.48, -0.009027
28, 9.756000000000007, -3.702, 5.48, 9.75595, -3.70215, 5.48, -0.009074
28, 9.756000000000007, -3.701, 5.48, 9.7559, -3.70095, 5.479900000000001, -0.009011
28, 9.756000000000007, -3.7, 5.48, 9.7559, -3.69965, 5.4799500000000005, -0.009027
28, 9.756000000000007, -3.6990000000000003, 5.48, 9.7559, -3.69925, 5.4799500000000005, -0.009068
28, 9.756000000000007, -3.6980000000000004, 5.48, 9.7558, -3.6978, 5.4799500000000005, -0.009068
28, 9.756000000000007, -3.6970000000000005, 5.48, 9.75595, -3.6969000000000003, 5.4799500000000005, -0.009032
28, 9.756000000000007, -3.6960000000000006, 5.48, 9.756050000000002, -3.69605, 5.48, -0.009063
28, 9.756000000000007, -3.6950000000000007, 5.48, 9.75615, -3.69475, 5.48, -0.009079
28, 9.756000000000007, -3.694000000000001, 5.48, 9.7561, -3.6941, 5.48, -0.009027
28, 9.756000000000007, -3.693000000000001, 5.48, 9.7561, -3.69275, 5.48, -0.009048
28, 9.756000000000007, -3.692000000000001, 5.48, 9.7561, -3.69175, 5.4799500000000005, -0.009084
28, 9.756000000000007, -3.691000000000001, 5.48, 9.756050000000002, -3.6911000000000005, 5.48005, -0.009079
28, 9.756000000000007, -3.6900000000000013, 5.48, 9.7559, -3.6897, 5.4801, -0.009042
28, 9.756000000000007, -3.6890000000000014, 5.48, 9.75585, -3.6892000000000005, 5.4801, -0.009058
28, 9.756000000000007, -3.6880000000000015, 5.48, 9.7558, -3.6877000000000004, 5.4801, -0.009084
28, 9.756000000000007, -3.6870000000000016, 5.48, 9.7558, -3.68685, 5.4801, -0.009037
28, 9.756000000000007, -3.6860000000000017, 5.48, 9.7559, -3.6860500000000003, 5.4801, -0.009074
29, 9.757000000000007, -3.6860000000000017, 5.48, 9.757, -3.68595, 5.48005, -0.009084
29, 9.758000000000006, -3.6860000000000017, 5.48, 9.758, -3.6858500000000003, 5.48, -0.009027
29, 9.759000000000006, -3.6860000000000017, 5.48, 9.758700000000001, -3.6858500000000003, 5.48, -0.009042
29, 9.760000000000005, -3.6860000000000017, 5.48, 9.76, -3.6858500000000003, 5.48, -0.009084
29, 9.761000000000005, -3.6860000000000017, 5.48, 9.760950000000001, -3.6860500000000003, 5.48, -0.009079
29, 9.762000000000004, -3.6860000000000017, 5.48, 9.761800000000001, -3.6860500000000003, 5.48, -0.009027
29, 9.763000000000003, -3.6860000000000017, 5.48, 9.7629, -3.6860500000000003, 5.48, -0.009027
29, 9.764000000000003, -3.6860000000000017, 5.48, 9.7642, -3.6860500000000003, 5.48, -0.009089
29, 9.765000000000002, -3.6860000000000017, 5.48, 9.764700000000001, -3.6860500000000003, 5.48, -0.009048
29, 9.766000000000002, -3.6860000000000017, 5.48, 9.7659, -3.686, 5.48, -0.009021
29, 9.767000000000001, -3.6860000000000017, 5.48, 9.767, -3.68595, 5.48, -0.009074
29, 9.768, -3.6860000000000017, 5.48, 9.768, -3.6858, 5.48, -0.009105
29, 9.769, -3.6860000000000017, 5.48, 9.769200000000001, -3.6859, 5.48, -0.009079
29, 9.77, -3.6860000000000017, 5.48, 9.7699, -3.686, 5.48, -0.009079
29, 9.770999999999999, -3.6860000000000017, 5.48, 9.7709, -3.686, 5.48, -0.009027
29, 9.771999999999998, -3.6860000000000017, 5.48, 9.77185, -3.686, 5.48, -0.009084
29, 9.772999999999998, -3.6860000000000017, 5.48, 9.7727, -3.686, 5.48, -0.009074
29, 9.773999999999997, -3.6860000000000017, 5.48, 9.7739, -3.686, 5.48, -0.009089
29, 9.774999999999997, -3.6860000000000017, 5.48, 9.77485, -3.686, 5.48, -0.009063
29, 9.775999999999996, -3.6860000000000017, 5.48, 9.775649999999999, -3.68595, 5.48, -0.009048
29, 9.776999999999996, -3.6860000000000017, 5.48, 9.7769, -3.686, 5.48, -0.009027
29, 9.777999999999995, -3.6860000000000017, 5.48, 9.778, -3.6860500000000003, 5.48, -0.009084
29, 9.778999999999995, -3.6860000000000017, 5.48, 9.77875, -3.6861, 5.48, -0.009042
29, 9.779999999999994, -3.6860000000000017, 5.48, 9.7799, -3.6860500000000003, 5.48, -0.009058
29, 9.780999999999993, -3.6860000000000017, 5.48, 9.78105, -3.686, 5.48, -0.009089
29, 9.781999999999993, -3.6860000000000017, 5.48, 9.78185, -3.686, 5.48, -0.009053
29, 9.782999999999992, -3.6860000000000017, 5.48, 9.782800000000002, -3.68595, 5.48, -0.009089
29, 9.783999999999992, -3.6860000000000017, 5.48, 9.78395, -3.6859, 5.48, -0.0091
29, 9.784999999999991, -3.6860000000000017, 5.48, 9.785050000000002, -3.6858500000000003, 5.48, -0.009037
29, 9.784999999999991, -3.6870000000000016, 5.48, 9.78525, -3.68745, 5.48, -0.009095
29, 9.784999999999991, -3.6880000000000015, 5.48, 9.78515, -3.6877000000000004, 5.48, -0.009068
29, 9.784999999999991, -3.6890000000000014, 5.48, 9.78495, -3.68915, 5.48, -0.009042
29, 9.784999999999991, -3.6900000000000013, 5.48, 9.78485, -3.6903500000000005, 5.48, -0.009095
29, 9.784999999999991, -3.691000000000001, 5.48, 9.78475, -3.6906000000000003, 5.48, -0.009089
29, 9.784999999999991, -3.692000000000001, 5.48, 9.78485, -3.6921000000000004, 5.48, -0.009037
29, 9.784999999999991, -3.693000000000001, 5.48, 9.78495, -3.6933500000000006, 5.48, -0.009079
29, 9.784999999999991, -3.694000000000001, 5.48, 9.785200000000001, -3.69375, 5.48005, -0.009058
29, 9.784999999999991, -3.6950000000000007, 5.48, 9.785300000000001, -3.6954000000000002, 5.48, -0.009032
29, 9.784999999999991, -3.6960000000000006, 5.48, 9.785300000000001, -3.6955500000000003, 5.4799500000000005, -0.009084
29, 9.784999999999991, -3.6970000000000005, 5.48, 9.785, -3.697, 5.4799500000000005, -0.009084
29, 9.784999999999991, -3.6980000000000004, 5.48, 9.7848, -3.6984, 5.48, -0.009048
29, 9.784999999999991, -3.6990000000000003, 5.48, 9.78485, -3.69865, 5.48, -0.009027
29, 9.784999999999991, -3.7, 5.48, 9.785, -3.70025, 5.48, -0.009074
29, 9.784999999999991, -3.701, 5.48, 9.78515, -3.7005500000000002, 5.4799500000000005, -0.009032
29, 9.784999999999991, -3.702, 5.48, 9.785300000000001, -3.7023, 5.48, -0.009032
29, 9.784999999999991, -3.703, 5.48, 9.78495, -3.7034000000000002, 5.4799500000000005, -0.009079
29, 9.784999999999991, -3.7039999999999997, 5.48, 9.7848, -3.7035, 5.4799500000000005, -0.009068
29, 9.784999999999991, -3.7049999999999996, 5.48, 9.78485, -3.70515, 5.48, -0.009032
29, 9.784999999999991, -3.7059999999999995, 5.48, 9.7848, -3.7054500000000004, 5.48, -0.009053
29, 9.784999999999991, -3.7069999999999994, 5.48, 9.785050000000002, -3.7073, 5.48, -0.009074
29, 9.784999999999991, -3.7079999999999993, 5.48, 9.7851, -3.7078, 5.48, -0.009011
29, 9.784999999999991, -3.708999999999999, 5.48, 9.7851, -3.70875, 5.48, -0.009063
29, 9.784999999999991, -3.709999999999999, 5.48, 9.7849, -3.7103, 5.48, -0.009058
29, 9.784999999999991, -3.710999999999999, 5.48, 9.78485, -3.71055, 5.48, -0.009074
29, 9.784999999999991, -3.711999999999999, 5.48, 9.78485, -3.7122, 5.48, -0.009016
29, 9.784999999999991, -3.7129999999999987, 5.48, 9.78525, -3.7125, 5.4801, -0.009079
29, 9.784999999999991, -3.7139999999999986, 5.48, 9.785300000000001, -3.7138500000000003, 5.4801, -0.009042
29, 9.784999999999991, -3.7149999999999985, 5.48, 9.78515, -3.7153, 5.4801, -0.009011
30, 9.783999999999992, -3.7149999999999985, 5.48, 9.7842, -3.7153500000000004, 5.4801, -0.009063
30, 9.782999999999992, -3.7149999999999985, 5.48, 9.783100000000001, -3.71505, 5.4801, -0.009032
30, 9.781999999999993, -3.7149999999999985, 5.48, 9.7819, -3.7149, 5.48005, -0.009058
30, 9.780999999999993, -3.7149999999999985, 5.48, 9.781, -3.71475, 5.48, -0.009074
30, 9.779999999999994, -3.7149999999999985, 5.48, 9.7803, -3.7148000000000003, 5.48, -0.009016
30, 9.778999999999995, -3.7149999999999985, 5.48, 9.779, -3.71505, 5.48, -0.009011
30, 9.777999999999995, -3.7149999999999985, 5.48, 9.77795, -3.71525, 5.48, -0.009058
30, 9.776999999999996, -3.7149999999999985, 5.48, 9.77745, -3.7152000000000003, 5.48, -0.009084
30, 9.775999999999996, -3.7149999999999985, 5.48, 9.77585, -3.715, 5.48, -0.009011
30, 9.774999999999997, -3.7149999999999985, 5.48, 9.77505, -3.71475, 5.48, -0.009053
30, 9.773999999999997, -3.7149999999999985, 5.48, 9.7743, -3.71485, 5.48, -0.009058
30, 9.772999999999998, -3.7149999999999985, 5.48, 9.773050000000001, -3.71505, 5.48, -0.009006
30, 9.771999999999998, -3.7149999999999985, 5.48, 9.772, -3.71525, 5.48, -0.009042
30, 9.770999999999999, -3.7149999999999985, 5.48, 9.77105, -3.71515, 5.48, -0.009058
30, 9.77, -3.7149999999999985, 5.48, 9.77015, -3.7149500000000004, 5.48, -0.009042
30, 9.769, -3.7149999999999985, 5.48, 9.76895, -3.7148000000000003, 5.48, -0.009006
30, 9.768, -3.7149999999999985, 5.48, 9.7681, -3.7148000000000003, 5.48, -0.009058
30, 9.767000000000001, -3.7149999999999985, 5.48, 9.76735, -3.715, 5.48, -0.009053
30, 9.766000000000002, -3.7149999999999985, 5.48, 9.7661, -3.71515, 5.48, -0.008995
30, 9.765000000000002, -3.7149999999999985, 5.48, 9.76505, -3.7151000000000005, 5.48, -0.009037
30, 9.764000000000003, -3.7149999999999985, 5.48, 9.7642, -3.71505, 5.48, -0.009058
30, 9.763000000000003, -3.7149999999999985, 5.48, 9.7631, -3.7149500000000004, 5.48, -0.00898
30, 9.762000000000004, -3.7149999999999985, 5.48, 9.76195, -3.7148000000000003, 5.48, -0.009042
30, 9.761000000000005, -3.7149999999999985, 5.48, 9.760950000000001, -3.71485, 5.48, -0.009042
30, 9.760000000000005, -3.7149999999999985, 5.48, 9.760200000000001, -3.715, 5.48, -0.009011
30, 9.759000000000006, -3.7149999999999985, 5.48, 9.75895, -3.7152000000000003, 5.48, -0.009011
30, 9.758000000000006, -3.7149999999999985, 5.48, 9.758149999999999, -3.71525, 5.48, -0.009048
30, 9.757000000000007, -3.7149999999999985, 5.48, 9.75725, -3.7151000000000005, 5.48, -0.009016
30, 9.756000000000007, -3.7149999999999985, 5.48, 9.7559, -3.7149500000000004, 5.48, -0.009006
30, 9.755000000000008, -3.7149999999999985, 5.48, 9.755, -3.71485, 5.48, -0.009053
30, 9.755000000000008, -3.7139999999999986, 5.48, 9.7549, -3.71415, 5.48005, -0.009011
30, 9.755000000000008, -3.7129999999999987, 5.48, 9.754700000000001, -3.7129000000000003, 5.4799500000000005, -0.00899
30, 9.755000000000008, -3.711999999999999, 5.48, 9.754700000000001, -3.7122, 5.4799500000000005, -0.009053
30, 9.755000000000008, -3.710999999999999, 5.48, 9.754850000000001, -3.71075, 5.4799500000000005, -0.009058
30, 9.755000000000008, -3.709999999999999, 5.48, 9.754950000000001, -3.7104, 5.4799500000000005, -0.008995
30, 9.755000000000008, -3.708999999999999, 5.48, 9.7551, -3.7089000000000003, 5.4799500000000005, -0.009048
30, 9.755000000000008, -3.7079999999999993, 5.48, 9.7552, -3.70765, 5.4799500000000005, -0.009063
30, 9.755000000000008, -3.7069999999999994, 5.48, 9.75515, -3.70715, 5.48, -0.009027
30, 9.755000000000008, -3.7059999999999995, 5.48, 9.7552, -3.70575, 5.48, -0.009011
30, 9.755000000000008, -3.7049999999999996, 5.48, 9.755, -3.7045500000000002, 5.48, -0.009048
30, 9.755000000000008, -3.7039999999999997, 5.48, 9.754850000000001, -3.7042, 5.48, -0.009021
30, 9.755000000000008, -3.703, 5.48, 9.754800000000001, -3.7028000000000003, 5.48, -0.009006
30, 9.755000000000008, -3.702, 5.48, 9.754800000000001, -3.7023500000000005, 5.48, -0.009037
30, 9.755000000000008, -3.701, 5.48, 9.754800000000001, -3.7008500000000004, 5.48, -0.009063
30, 9.755000000000008, -3.7, 5.48, 9.754950000000001, -3.6997000000000004, 5.48, -0.009011
30, 9.755000000000008, -3.6990000000000003, 5.48, 9.7551, -3.6992000000000003, 5.48, -0.009021
30, 9.755000000000008, -3.6980000000000004, 5.48, 9.75515, -3.69775, 5.48, -0.009074
30, 9.755000000000008, -3.6970000000000005, 5.48, 9.7552, -3.6968500000000004, 5.48, -0.009063
30, 9.755000000000008, -3.6960000000000006, 5.48, 9.75515, -3.69605, 5.48, -0.009027
30, 9.755000000000008, -3.6950000000000007, 5.48, 9.75505, -3.69475, 5.48, -0.009011
30, 9.755000000000008, -3.694000000000001, 5.48, 9.7549, -3.69415, 5.48, -0.009079
30, 9.755000000000008, -3.693000000000001, 5.48, 9.754800000000001, -3.69275, 5.48, -0.009074
30, 9.755000000000008, -3.692000000000001, 5.48, 9.75475, -3.6917000000000004, 5.48, -0.009032
30, 9.755000000000008, -3.691000000000001, 5.48, 9.754850000000001, -3.6911000000000005, 5.48, -0.009053
30, 9.755000000000008, -3.6900000000000013, 5.48, 9.7549, -3.68975, 5.48, -0.009068
30, 9.755000000000008, -3.6890000000000014, 5.48, 9.75515, -3.6893000000000002, 5.48, -0.009053
30, 9.755000000000008, -3.6880000000000015, 5.48, 9.7552, -3.68765, 5.48, -0.009037
30, 9.755000000000008, -3.6870000000000016, 5.48, 9.7552, -3.6868000000000003, 5.48, -0.009068
30, 9.755000000000008, -3.6860000000000017, 5.48, 9.7551, -3.6861, 5.48, -0.009079
30, 9.755000000000008, -3.685000000000002, 5.48, 9.755, -3.68475, 5.48, -0.009042
